Total Number of Comms,Solution
16,"defaultdict(<class 'list'>, {'1040': ['1040', '1080', '1079', '1077', '1076', '1078', '1081', '1038', '1048', '1068', '1034', '1067'], '1095': ['1095', '1082', '1084', '1042', '1083', '1085', '1086', '1089', '1044', '1087', '1090', '1091'], '1096': ['1096', '1138', '1135', '1137', '1139', '1136', '1088', '1142', '1141', '1143', '1140'], '1041': ['1041', '1126', '1125', '1127', '1043', '1121', '1122', '1123', '1045', '1124'], '1128': ['1128', '1129', '1132', '1130', '1134', '1131', '1120', '1133'], '1032': ['1032', '1052', '1063', '1053', '1049', '1051', '1055', '1050', '1054'], '1160': ['1160', '1147', '1161', '1162', '1146'], '1057': ['1057', '1060', '1071', '1072'], '1148': ['1148', '1158', '1157', '1159', '1156', '1033', '1153', '1154', '1155', '1152', '1109'], '1066': ['1066', '1110', '1111', '1064', '1065', '1031'], '1056': ['1056', '1030', '1046', '1069', '1047', '1070'], '1061': ['1061', '1062', '1075', '1073', '1074'], '1101': ['1101', '1102', '1098', '1099', '1100', '1103', '1039', '1097', '1035', '1112'], '1105': ['1105', '1106', '1107', '1058', '1059', '1113', '1108', '1114', '1115'], '1104': ['1104', '1117', '1118', '1116', '1119'], '1036': ['1036', '1092', '1145', '1144', '1150', '1093', '1094', '1151', '1149', '1037']})"
17,"defaultdict(<class 'list'>, {'1040': ['1040', '1080', '1079', '1077', '1076', '1078', '1081'], '1095': ['1095', '1082', '1084', '1042', '1083', '1085', '1086', '1089', '1044', '1087', '1090', '1091'], '1096': ['1096', '1138', '1135', '1137', '1139', '1136', '1088', '1142', '1141', '1143', '1140'], '1041': ['1041', '1126', '1125', '1127', '1043', '1121', '1122', '1123', '1045', '1124'], '1128': ['1128', '1129', '1132', '1130', '1134', '1131', '1120', '1133'], '1032': ['1032', '1052', '1063', '1053', '1049', '1051', '1055', '1050', '1054'], '1160': ['1160', '1147', '1161', '1162', '1146'], '1057': ['1057', '1060', '1071', '1072'], '1148': ['1148', '1158', '1157', '1159', '1156', '1033', '1153', '1154', '1155', '1152', '1109'], '1066': ['1066', '1110', '1111', '1064', '1065', '1031'], '1056': ['1056', '1030', '1046', '1069', '1047', '1070'], '1061': ['1061', '1062', '1075', '1073', '1074'], '1101': ['1101', '1102', '1098', '1099', '1100', '1103', '1039', '1097', '1035', '1112'], '1105': ['1105', '1106', '1107', '1058', '1059', '1113', '1108', '1114', '1115'], '1104': ['1104', '1117', '1118', '1116', '1119'], '1038': ['1038', '1048', '1068', '1034', '1067'], '1036': ['1036', '1092', '1145', '1144', '1150', '1093', '1094', '1151', '1149', '1037']})"
17,"defaultdict(<class 'list'>, {'1040': ['1040', '1080', '1081', '1078', '1079', '1095', '1082', '1084', '1042', '1083', '1085'], '1096': ['1096', '1138', '1135', '1137', '1139', '1136', '1140'], '1041': ['1041', '1126', '1125', '1127', '1043', '1121', '1122', '1123', '1045', '1124', '1072'], '1128': ['1128', '1131', '1132', '1130', '1133', '1129', '1134'], '1032': ['1032', '1160', '1161', '1162', '1146'], '1052': ['1052', '1053', '1049', '1050', '1054', '1051', '1055', '1062'], '1063': ['1063', '1057', '1060', '1071', '1061'], '1147': ['1147', '1148', '1158', '1157', '1159', '1153', '1154', '1155', '1156', '1152'], '1066': ['1066', '1038', '1048', '1068', '1034', '1067'], '1056': ['1056', '1030', '1046', '1069', '1047', '1070', '1064', '1065', '1031'], '1033': ['1033', '1109', '1110', '1039', '1097', '1098', '1099', '1035', '1112', '1111'], '1101': ['1101', '1102', '1103', '1104', '1100'], '1105': ['1105', '1106', '1107', '1058', '1059', '1113', '1108', '1114', '1115'], '1086': ['1086', '1087', '1088', '1141', '1143', '1089', '1044', '1090', '1142'], '1036': ['1036', '1092', '1150', '1093', '1094', '1151', '1149', '1037', '1144', '1145', '1091'], '1077': ['1077', '1075', '1076', '1073', '1074'], '1117': ['1117', '1118', '1116', '1119', '1120']})"
18,"defaultdict(<class 'list'>, {'1040': ['1040', '1080', '1081', '1078', '1079', '1077', '1075', '1076', '1074'], '1095': ['1095', '1082', '1084', '1042', '1085', '1086', '1087', '1083', '1089', '1044', '1090', '1091'], '1096': ['1096', '1138', '1135', '1137', '1139', '1136', '1088', '1142', '1141', '1143', '1140'], '1041': ['1041', '1126', '1125', '1127', '1124', '1128', '1131', '1132', '1130', '1133', '1129', '1134'], '1032': ['1032', '1160', '1161', '1162', '1146', '1147', '1148', '1158', '1157', '1159', '1156', '1145'], '1052': ['1052', '1053', '1051', '1055', '1056', '1049', '1050', '1054'], '1063': ['1063', '1066', '1038', '1048', '1068', '1034', '1067'], '1057': ['1057', '1060', '1061', '1062', '1073', '1071', '1072'], '1033': ['1033', '1153', '1154', '1155', '1152'], '1101': ['1101', '1102', '1098', '1099', '1100'], '1109': ['1109', '1105', '1106', '1107', '1058', '1059', '1113'], '1103': ['1103', '1104', '1030', '1046', '1047'], '1108': ['1108', '1043', '1121', '1122', '1123', '1045'], '1110': ['1110', '1111', '1064', '1065', '1031'], '1114': ['1114', '1069', '1070'], '1039': ['1039', '1097', '1112', '1035', '1117'], '1036': ['1036', '1092', '1150', '1093', '1094', '1151', '1149', '1037', '1144'], '1115': ['1115', '1118', '1116', '1119', '1120']})"
18,"defaultdict(<class 'list'>, {'1040': ['1040', '1080', '1081', '1078', '1079', '1095', '1082', '1084', '1042', '1083', '1085'], '1096': ['1096', '1138', '1135', '1137', '1139', '1136', '1140'], '1041': ['1041', '1126', '1125', '1127', '1043', '1121', '1122', '1123', '1045', '1124'], '1128': ['1128', '1131', '1132', '1130', '1133', '1129', '1134'], '1032': ['1032', '1160', '1161', '1162', '1146'], '1052': ['1052', '1053', '1049', '1050', '1054', '1051', '1055', '1062'], '1063': ['1063', '1057', '1060', '1071', '1061'], '1147': ['1147', '1148', '1158', '1157', '1159', '1153', '1154', '1155', '1156', '1152'], '1066': ['1066', '1038', '1048', '1068', '1034', '1067'], '1056': ['1056', '1030', '1046', '1069', '1047', '1070', '1064', '1065', '1031'], '1072': ['1072'], '1033': ['1033', '1109', '1110', '1039', '1097', '1098', '1099', '1035', '1112', '1111'], '1101': ['1101', '1102', '1103', '1104', '1100'], '1105': ['1105', '1106', '1107', '1058', '1059', '1113', '1108', '1114', '1115'], '1086': ['1086', '1087', '1088', '1141', '1143', '1089', '1044', '1090', '1142'], '1036': ['1036', '1092', '1150', '1093', '1094', '1151', '1149', '1037', '1144', '1145', '1091'], '1077': ['1077', '1075', '1076', '1073', '1074'], '1117': ['1117', '1118', '1116', '1119', '1120']})"
18,"defaultdict(<class 'list'>, {'1040': ['1040', '1080', '1079', '1081', '1078', '1095', '1082', '1084', '1042', '1083', '1085', '1086'], '1096': ['1096', '1138', '1135', '1137', '1139', '1136', '1088', '1142', '1141', '1143', '1140'], '1041': ['1041', '1126', '1125', '1127', '1124', '1129', '1043', '1121', '1122', '1123', '1045'], '1128': ['1128', '1131', '1132', '1130', '1133'], '1032': ['1032', '1160', '1161', '1162', '1147', '1036', '1092', '1145', '1146'], '1052': ['1052', '1053', '1049', '1050', '1054', '1051', '1055'], '1063': ['1063', '1066', '1038', '1048', '1068', '1034', '1067'], '1057': ['1057', '1060', '1071', '1061', '1072', '1062', '1073'], '1148': ['1148', '1158', '1157', '1159', '1033', '1153', '1154', '1155', '1151', '1152', '1156', '1150'], '1056': ['1056', '1077', '1075', '1076', '1074'], '1101': ['1101', '1102', '1098', '1099', '1100', '1103', '1039', '1097', '1035', '1104'], '1109': ['1109', '1134'], '1105': ['1105', '1106', '1107', '1058', '1059', '1113', '1108', '1114', '1115'], '1110': ['1110', '1111', '1064', '1065', '1031', '1112'], '1030': ['1030', '1046', '1069', '1047', '1070'], '1089': ['1089', '1044', '1087', '1090', '1091'], '1093': ['1093', '1094', '1144', '1149', '1037'], '1117': ['1117', '1118', '1116', '1119', '1120']})"
18,"defaultdict(<class 'list'>, {'1040': ['1040', '1080', '1079', '1081', '1078', '1095', '1082', '1084', '1042', '1083', '1085', '1136'], '1096': ['1096', '1138', '1135', '1137', '1139'], '1041': ['1041', '1126', '1125', '1127', '1043', '1121', '1122', '1123', '1045', '1124', '1140'], '1128': ['1128', '1131', '1132', '1130', '1133', '1129', '1134'], '1032': ['1032', '1160', '1161', '1162'], '1052': ['1052', '1051', '1053', '1049', '1050', '1054'], '1063': ['1063', '1066'], '1055': ['1055', '1056'], '1057': ['1057', '1060', '1071', '1061', '1072', '1062', '1073'], '1147': ['1147', '1036', '1092', '1145', '1146', '1150', '1093', '1094', '1151', '1149', '1037', '1144'], '1148': ['1148', '1158', '1157', '1159', '1153', '1154', '1155', '1156', '1152', '1033', '1109'], '1101': ['1101', '1102', '1103', '1039', '1097', '1098', '1099', '1035', '1100'], '1105': ['1105', '1106', '1108', '1107', '1115', '1113', '1114', '1058', '1059'], '1110': ['1110', '1111', '1064', '1065', '1031', '1112'], '1104': ['1104', '1030', '1046', '1069', '1047', '1070'], '1038': ['1038', '1048', '1068', '1077', '1075', '1076', '1074', '1034', '1067'], '1086': ['1086', '1087', '1088', '1141', '1143', '1089', '1044', '1090', '1091', '1142'], '1117': ['1117', '1118', '1116', '1119', '1120']})"
18,"defaultdict(<class 'list'>, {'1040': ['1040', '1080', '1079', '1077', '1076', '1078', '1081', '1038', '1048', '1068', '1034', '1067'], '1095': ['1095', '1082', '1084', '1042', '1083', '1085', '1086', '1089', '1044', '1087', '1090'], '1096': ['1096', '1138', '1135', '1137', '1139', '1136', '1140', '1088', '1142', '1141', '1143'], '1041': ['1041', '1126', '1125', '1127', '1124', '1043', '1121', '1122', '1123', '1045', '1062'], '1128': ['1128', '1131', '1132', '1130', '1133', '1129', '1120', '1134'], '1032': ['1032', '1052', '1053', '1049', '1050', '1054', '1063', '1051', '1055'], '1160': ['1160', '1161', '1162', '1146'], '1057': ['1057', '1060', '1061', '1105', '1106', '1107', '1058', '1059', '1113'], '1071': ['1071'], '1147': ['1147', '1036', '1092', '1150', '1093', '1094', '1151', '1149', '1037', '1145', '1144', '1091'], '1148': ['1148', '1158', '1157', '1159', '1033', '1153', '1154', '1155', '1152', '1156', '1109'], '1066': ['1066', '1110', '1064', '1065', '1031'], '1056': ['1056', '1104', '1030', '1046', '1047'], '1072': ['1072', '1075', '1073', '1074'], '1101': ['1101', '1102', '1098', '1099', '1100', '1103'], '1108': ['1108', '1115', '1118', '1116', '1119'], '1114': ['1114', '1069', '1070'], '1039': ['1039', '1097', '1112', '1035', '1111', '1117']})"
18,"defaultdict(<class 'list'>, {'1040': ['1040', '1080', '1081', '1082', '1078', '1095', '1083'], '1079': ['1079', '1077', '1075', '1076', '1074'], '1084': ['1084', '1042', '1085', '1086', '1089', '1044', '1087', '1090', '1091'], '1096': ['1096', '1138', '1135', '1137', '1139', '1136', '1088', '1142', '1141', '1143', '1140'], '1041': ['1041', '1126', '1125', '1127', '1043', '1121', '1122', '1123', '1045', '1124', '1069', '1070'], '1128': ['1128', '1131', '1132', '1130', '1133', '1129', '1120', '1134'], '1032': ['1032', '1160', '1161', '1162', '1146', '1063', '1147', '1148', '1158', '1157', '1159', '1156'], '1052': ['1052', '1053', '1049', '1050', '1054', '1051', '1055', '1056'], '1057': ['1057', '1060', '1061', '1062', '1073', '1071', '1072'], '1066': ['1066', '1067', '1064', '1065', '1031', '1038', '1048', '1068', '1034'], '1033': ['1033', '1153', '1154', '1155', '1152'], '1101': ['1101', '1102', '1039', '1097', '1098', '1099', '1035', '1112', '1100', '1111', '1103'], '1109': ['1109', '1105', '1106', '1107', '1058', '1059', '1113'], '1108': ['1108'], '1110': ['1110'], '1104': ['1104', '1030', '1046', '1047', '1117'], '1114': ['1114', '1115', '1118', '1116', '1119'], '1036': ['1036', '1092', '1150', '1093', '1094', '1151', '1149', '1037', '1144', '1145']})"
18,"defaultdict(<class 'list'>, {'1040': ['1040', '1080', '1081', '1082', '1078', '1084', '1042', '1083', '1085', '1095'], '1079': ['1079', '1077', '1075', '1076', '1074'], '1096': ['1096', '1138', '1135', '1137', '1139', '1136', '1088', '1142', '1141', '1143', '1140'], '1041': ['1041', '1126', '1125', '1127', '1124', '1043', '1121', '1122', '1123', '1045'], '1128': ['1128', '1131', '1132', '1130', '1133', '1129', '1120', '1134', '1119'], '1032': ['1032', '1063', '1071', '1066', '1067'], '1052': ['1052', '1053', '1038', '1048', '1054', '1034', '1049', '1051', '1055', '1050', '1068'], '1160': ['1160', '1147', '1161', '1162', '1146', '1148', '1158', '1157', '1159', '1156'], '1057': ['1057', '1060', '1061', '1058', '1059'], '1056': ['1056', '1104', '1030', '1046', '1047'], '1072': ['1072', '1062', '1073'], '1033': ['1033', '1153', '1154', '1155', '1152', '1109'], '1101': ['1101', '1102', '1103', '1100'], '1105': ['1105', '1106', '1113', '1107', '1114', '1108', '1115', '1116'], '1110': ['1110', '1039', '1097', '1098', '1099', '1035', '1112', '1111', '1117', '1118'], '1069': ['1069', '1064', '1065', '1070', '1031'], '1086': ['1086', '1089', '1087', '1090', '1091', '1044'], '1036': ['1036', '1092', '1150', '1151', '1149', '1093', '1094', '1144', '1037', '1145']})"
19,"defaultdict(<class 'list'>, {'1040': ['1040', '1080', '1081', '1082', '1078', '1084', '1042', '1083', '1085', '1095'], '1079': ['1079', '1077', '1075', '1076', '1074'], '1096': ['1096', '1138', '1135', '1137', '1139', '1136', '1088', '1142', '1141', '1143', '1140'], '1041': ['1041', '1126', '1125', '1127', '1124', '1043', '1121', '1122', '1123', '1045'], '1128': ['1128', '1131', '1132', '1130', '1133', '1129', '1120', '1134', '1119'], '1032': ['1032', '1063', '1071', '1066', '1067'], '1052': ['1052', '1053', '1038', '1048', '1054', '1034', '1049', '1051', '1055', '1050', '1068'], '1160': ['1160', '1147', '1161', '1162', '1146', '1148', '1158', '1157', '1159', '1156'], '1057': ['1057', '1060', '1061', '1058', '1059'], '1056': ['1056', '1104', '1030', '1046', '1047'], '1072': ['1072', '1062', '1073'], '1033': ['1033', '1153', '1154', '1155', '1152', '1109'], '1101': ['1101', '1102', '1103', '1100'], '1105': ['1105', '1106', '1113', '1107', '1114', '1108', '1115', '1116'], '1110': ['1110'], '1039': ['1039', '1097', '1098', '1099', '1035', '1112', '1111', '1117', '1118'], '1069': ['1069', '1064', '1065', '1070', '1031'], '1086': ['1086', '1089', '1087', '1090', '1091', '1044'], '1036': ['1036', '1092', '1150', '1151', '1149', '1093', '1094', '1144', '1037', '1145']})"
19,"defaultdict(<class 'list'>, {'1040': ['1040', '1080', '1079', '1077', '1076', '1078', '1081', '1038', '1048', '1068', '1034', '1067'], '1095': ['1095', '1082', '1084', '1042', '1083', '1085', '1086', '1089', '1044', '1087', '1090'], '1096': ['1096', '1138', '1135', '1137', '1139', '1136', '1140', '1088', '1142', '1141', '1143'], '1041': ['1041', '1126', '1125', '1127', '1124', '1043', '1121', '1122', '1123', '1045'], '1128': ['1128', '1131', '1132', '1130', '1133', '1129', '1120', '1134'], '1032': ['1032', '1052', '1053', '1049', '1050', '1054', '1063', '1051', '1055'], '1160': ['1160', '1161', '1162', '1146'], '1057': ['1057', '1060', '1061', '1105', '1106', '1107', '1058', '1059', '1113'], '1071': ['1071'], '1147': ['1147', '1036', '1092', '1150', '1093', '1094', '1151', '1149', '1037', '1145', '1144', '1091'], '1148': ['1148', '1158', '1157', '1159', '1033', '1153', '1154', '1155', '1152', '1156', '1109'], '1066': ['1066', '1110', '1064', '1065', '1031'], '1056': ['1056', '1104', '1030', '1046', '1047'], '1072': ['1072', '1075', '1073', '1074'], '1101': ['1101', '1102', '1098', '1099', '1100', '1103'], '1108': ['1108', '1115', '1118', '1116', '1119'], '1114': ['1114', '1069', '1070'], '1039': ['1039', '1097', '1112', '1035', '1111', '1117'], '1062': ['1062']})"
19,"defaultdict(<class 'list'>, {'1040': ['1040', '1080', '1081', '1082', '1084', '1042', '1083', '1085', '1078', '1095'], '1079': ['1079', '1038', '1048', '1068', '1034', '1067', '1077', '1076'], '1096': ['1096', '1136', '1135', '1137', '1140', '1138', '1088', '1142', '1141', '1143', '1139'], '1041': ['1041', '1126', '1125', '1127', '1043', '1121', '1122', '1123', '1045', '1124', '1056'], '1128': ['1128', '1131', '1132', '1130', '1133', '1129', '1134'], '1032': ['1032', '1052', '1053', '1049', '1050', '1054', '1063', '1051', '1055'], '1160': ['1160', '1161', '1162', '1148', '1158', '1157', '1159', '1156', '1153', '1154', '1155', '1152'], '1057': ['1057', '1060', '1071', '1058', '1059', '1072'], '1147': ['1147', '1036', '1092', '1145', '1146', '1150', '1093', '1094', '1151', '1149', '1037', '1144'], '1066': ['1066'], '1061': ['1061', '1062', '1075', '1073', '1074'], '1033': ['1033', '1101', '1098', '1099', '1100'], '1109': ['1109', '1105', '1106', '1113', '1107'], '1102': ['1102', '1103', '1104', '1117', '1118'], '1108': ['1108'], '1110': ['1110', '1039', '1097', '1112', '1035', '1111'], '1114': ['1114', '1030', '1046', '1069', '1064', '1065', '1070', '1031', '1047'], '1086': ['1086', '1089', '1044', '1087', '1090', '1091'], '1115': ['1115', '1116', '1119', '1120']})"
19,"defaultdict(<class 'list'>, {'1040': ['1040', '1080', '1079', '1081', '1078', '1077', '1075', '1076', '1074'], '1095': ['1095', '1082', '1084', '1042', '1083', '1085', '1086', '1089', '1044', '1087', '1090'], '1096': ['1096', '1138', '1135', '1137', '1139', '1136', '1088', '1142', '1141', '1143', '1140'], '1041': ['1041', '1126', '1125', '1127', '1124', '1043', '1121', '1122', '1123', '1045', '1052', '1063'], '1128': ['1128', '1129', '1132', '1130', '1134', '1131', '1133'], '1032': ['1032', '1160', '1161', '1162', '1146', '1147', '1148', '1158', '1157', '1159', '1156', '1145'], '1051': ['1051', '1055', '1056', '1049', '1050'], '1057': ['1057', '1060', '1071', '1061', '1105', '1106', '1107', '1058', '1059'], '1053': ['1053', '1054', '1062'], '1066': ['1066', '1110', '1064', '1065'], '1072': ['1072', '1070', '1073'], '1033': ['1033', '1109', '1153', '1155', '1152', '1154'], '1101': ['1101', '1102', '1098', '1099', '1100', '1103', '1108'], '1113': ['1113', '1114', '1115'], '1104': ['1104', '1030', '1046', '1069', '1047', '1031'], '1038': ['1038', '1048', '1068', '1034', '1067'], '1039': ['1039', '1097', '1112', '1035', '1111'], '1036': ['1036', '1092', '1150', '1151', '1149', '1093', '1094', '1144', '1037', '1091'], '1117': ['1117', '1118', '1116', '1119', '1120']})"
19,"defaultdict(<class 'list'>, {'1040': ['1040', '1080', '1081', '1082', '1078', '1095', '1083'], '1079': ['1079', '1077', '1075', '1076', '1074'], '1084': ['1084', '1042', '1085', '1086', '1089', '1044', '1087', '1090', '1091'], '1096': ['1096', '1138', '1135', '1137', '1139', '1136', '1140', '1088', '1142', '1141', '1143'], '1041': ['1041', '1126', '1125', '1127', '1043', '1121', '1122', '1123', '1045', '1124', '1108'], '1128': ['1128', '1131', '1132', '1130', '1133', '1129', '1134'], '1032': ['1032', '1052', '1063', '1053', '1049', '1160', '1161', '1162', '1146'], '1051': ['1051', '1055', '1056', '1046', '1047'], '1057': ['1057', '1060', '1061', '1105', '1106', '1107', '1058', '1059', '1062'], '1071': ['1071', '1072', '1073'], '1147': ['1147', '1148', '1158', '1157', '1159', '1033', '1153', '1155', '1156'], '1066': ['1066', '1030', '1069', '1064', '1065', '1070', '1031'], '1101': ['1101', '1102', '1103', '1039', '1097', '1098', '1099', '1035', '1100', '1104'], '1109': ['1109', '1110', '1112', '1111'], '1113': ['1113', '1114', '1115'], '1154': ['1154', '1036', '1150', '1151', '1152', '1092', '1093', '1094', '1144', '1149', '1037', '1145'], '1038': ['1038', '1048', '1068', '1034', '1067', '1054'], '1050': ['1050'], '1117': ['1117', '1118', '1116', '1119', '1120']})"
19,"defaultdict(<class 'list'>, {'1040': ['1040', '1080', '1079', '1081', '1078', '1095', '1082', '1084', '1042', '1083', '1085', '1086'], '1096': ['1096', '1138', '1135', '1137', '1139', '1136', '1088', '1142', '1141', '1143', '1140'], '1041': ['1041', '1126', '1125', '1127', '1124', '1129', '1043', '1121', '1122', '1123', '1045'], '1128': ['1128', '1131', '1132', '1130', '1133'], '1032': ['1032', '1160', '1161', '1162', '1147', '1036', '1092', '1145', '1146'], '1052': ['1052', '1053', '1049', '1050', '1054', '1051', '1055'], '1063': ['1063', '1066', '1038', '1048', '1068', '1034', '1067'], '1057': ['1057', '1060', '1071', '1061', '1072', '1062', '1073'], '1148': ['1148', '1158', '1157', '1159', '1033', '1153', '1154', '1155', '1151', '1152', '1156', '1150'], '1056': ['1056', '1077', '1075', '1076', '1074'], '1101': ['1101', '1102', '1098', '1099', '1100', '1103', '1039', '1097', '1035', '1104'], '1109': ['1109'], '1105': ['1105', '1106', '1107', '1058', '1059', '1113', '1108', '1114', '1115'], '1110': ['1110', '1111', '1064', '1065', '1031', '1112'], '1030': ['1030', '1046', '1069', '1047', '1070'], '1089': ['1089', '1044', '1087', '1090', '1091'], '1093': ['1093', '1094', '1144', '1149', '1037'], '1117': ['1117', '1118', '1116', '1119', '1120'], '1134': ['1134']})"
19,"defaultdict(<class 'list'>, {'1040': ['1040', '1080', '1079', '1081', '1078', '1068', '1077'], '1095': ['1095', '1082', '1084', '1083', '1085', '1042', '1086', '1089', '1044', '1087', '1090', '1091'], '1096': ['1096', '1138', '1135', '1137', '1139', '1136', '1088', '1142', '1141', '1143', '1140'], '1041': ['1041', '1126', '1125', '1127', '1124', '1043', '1121', '1122', '1123', '1045', '1144'], '1128': ['1128', '1131', '1132', '1130', '1133', '1129', '1120', '1134'], '1032': ['1032', '1160', '1161', '1162', '1146', '1147', '1148', '1158', '1157', '1159', '1156', '1145'], '1052': ['1052', '1051', '1053', '1038', '1048', '1054', '1034', '1049', '1050', '1055', '1056'], '1063': ['1063', '1057', '1071', '1066', '1067'], '1060': ['1060', '1105', '1106', '1107', '1058', '1059', '1108'], '1061': ['1061', '1062', '1075', '1073', '1074', '1076'], '1072': ['1072'], '1033': ['1033', '1153', '1154', '1155', '1152', '1093', '1094', '1151', '1149', '1037'], '1101': ['1101', '1102', '1098', '1099', '1100'], '1109': ['1109', '1110', '1039', '1097', '1112', '1111', '1035'], '1103': ['1103', '1104', '1030', '1046', '1047'], '1113': ['1113', '1114'], '1069': ['1069', '1064', '1065', '1070', '1031'], '1036': ['1036', '1092', '1150'], '1115': ['1115', '1117', '1118', '1116', '1119']})"
19,"defaultdict(<class 'list'>, {'1040': ['1040', '1080', '1081', '1082', '1078', '1095', '1083'], '1079': ['1079', '1077', '1075', '1076', '1074'], '1084': ['1084', '1042', '1085', '1086', '1089', '1044', '1087', '1090', '1091'], '1096': ['1096', '1138', '1135', '1137', '1139', '1136', '1088', '1142', '1141', '1143', '1140'], '1041': ['1041', '1126', '1125', '1127', '1043', '1121', '1122', '1123', '1045', '1124'], '1128': ['1128', '1131', '1132', '1130', '1133', '1129', '1120', '1134'], '1032': ['1032', '1160', '1161', '1162', '1146', '1063', '1147', '1148', '1158', '1157', '1159', '1156'], '1052': ['1052', '1053', '1049', '1050', '1054', '1051', '1055', '1056'], '1057': ['1057', '1060', '1061', '1062', '1073', '1071', '1072'], '1066': ['1066', '1067', '1064', '1065', '1031', '1038', '1048', '1068', '1034'], '1033': ['1033', '1153', '1154', '1155', '1152'], '1101': ['1101', '1102', '1039', '1097', '1098', '1099', '1035', '1112', '1100', '1111', '1103'], '1109': ['1109', '1105', '1106', '1107', '1058', '1059', '1113'], '1108': ['1108'], '1110': ['1110'], '1104': ['1104', '1030', '1046', '1047', '1117'], '1114': ['1114', '1115', '1118', '1116', '1119'], '1069': ['1069', '1070'], '1036': ['1036', '1092', '1150', '1093', '1094', '1151', '1149', '1037', '1144', '1145']})"
19,"defaultdict(<class 'list'>, {'1040': ['1040', '1104'], '1080': ['1080', '1079', '1077', '1076', '1078', '1081', '1082', '1084', '1042', '1083', '1095', '1085'], '1096': ['1096', '1138', '1135', '1137', '1139', '1136', '1140', '1088', '1142', '1141', '1143'], '1041': ['1041', '1126', '1125', '1127', '1124', '1129', '1122', '1123', '1045', '1043', '1121', '1134'], '1128': ['1128', '1149'], '1131': ['1131', '1120', '1132', '1130', '1133'], '1032': ['1032', '1052', '1063', '1053', '1049', '1051', '1038', '1048', '1050', '1034', '1055', '1054'], '1160': ['1160', '1147', '1161', '1162', '1146', '1093', '1094', '1145', '1144', '1037'], '1057': ['1057', '1071', '1072', '1073', '1074', '1060', '1061', '1062'], '1148': ['1148', '1158', '1157', '1159', '1156', '1033', '1109', '1153', '1155', '1152'], '1066': ['1066', '1068', '1067'], '1056': ['1056', '1030', '1046', '1047', '1075'], '1101': ['1101', '1102', '1103', '1100'], '1105': ['1105', '1106', '1107', '1058', '1059', '1113', '1114'], '1154': ['1154', '1150', '1151'], '1108': ['1108', '1115', '1116', '1119'], '1110': ['1110', '1069', '1064', '1065', '1070', '1031'], '1039': ['1039', '1097', '1098', '1099', '1035', '1112', '1111', '1117', '1118'], '1086': ['1086', '1089', '1044', '1087', '1090', '1036', '1092', '1091']})"
19,"defaultdict(<class 'list'>, {'1040': ['1040', '1080', '1081', '1095', '1082', '1084', '1083', '1085', '1042', '1078'], '1079': ['1079', '1077', '1075', '1076', '1074'], '1096': ['1096', '1138', '1135', '1137', '1139', '1136', '1088', '1142', '1141', '1143', '1140'], '1041': ['1041', '1126', '1125', '1043', '1121', '1122', '1123', '1045', '1124', '1127'], '1128': ['1128', '1129', '1132', '1130', '1134', '1131', '1133'], '1032': ['1032', '1052', '1063', '1053', '1049', '1054'], '1160': ['1160', '1147', '1161', '1145', '1146', '1162'], '1051': ['1051', '1055', '1056', '1050'], '1057': ['1057', '1060', '1061', '1058', '1059', '1071', '1072', '1062', '1073'], '1148': ['1148', '1158', '1157', '1159', '1156', '1033', '1109', '1153', '1155', '1152', '1154'], '1066': ['1066', '1038', '1048', '1068', '1034', '1067'], '1101': ['1101', '1102', '1098', '1099', '1100', '1103', '1108'], '1105': ['1105', '1106', '1113', '1107', '1114'], '1110': ['1110', '1069', '1064', '1065', '1070', '1031'], '1104': ['1104', '1030', '1046', '1047', '1117'], '1039': ['1039', '1097', '1112', '1035', '1111'], '1086': ['1086', '1089', '1044', '1087', '1090'], '1036': ['1036', '1092', '1150', '1093', '1094', '1144', '1149', '1037', '1151', '1091'], '1115': ['1115', '1118', '1116', '1119', '1120']})"
19,"defaultdict(<class 'list'>, {'1040': ['1040', '1080', '1081', '1082', '1078', '1079', '1084', '1042', '1083', '1095'], '1096': ['1096', '1138', '1135', '1137', '1139', '1136', '1088', '1142', '1141', '1143', '1140'], '1041': ['1041', '1126', '1125', '1127', '1128', '1124', '1043', '1121', '1122', '1123', '1045', '1132'], '1129': ['1129', '1131', '1120', '1130', '1134'], '1032': ['1032', '1160', '1147', '1161', '1145', '1146', '1148', '1158', '1157', '1159', '1156', '1162'], '1052': ['1052', '1053', '1049', '1050', '1054', '1051', '1055', '1062'], '1063': ['1063', '1071', '1072'], '1057': ['1057', '1060', '1061', '1105', '1106', '1107', '1058', '1059', '1113'], '1066': ['1066', '1038', '1048', '1068', '1034', '1067'], '1056': ['1056', '1077', '1075', '1076', '1074'], '1033': ['1033', '1153', '1154', '1155', '1152', '1109'], '1101': ['1101', '1102', '1098', '1099', '1100', '1103', '1039', '1097', '1035', '1104'], '1108': ['1108', '1114', '1115'], '1110': ['1110', '1111', '1064', '1065', '1031', '1030', '1046', '1069', '1047', '1070'], '1112': ['1112', '1117', '1118', '1116', '1119'], '1085': ['1085', '1086', '1089', '1044', '1087', '1090', '1091'], '1036': ['1036', '1092', '1150', '1093', '1094', '1151', '1149', '1037', '1144'], '1073': ['1073'], '1133': ['1133']})"
19,"defaultdict(<class 'list'>, {'1040': ['1040', '1080', '1081', '1095', '1082', '1084', '1042', '1083', '1085', '1079', '1077', '1078'], '1096': ['1096', '1138', '1135', '1137', '1139', '1136', '1140'], '1041': ['1041', '1126', '1125', '1043', '1121', '1122', '1123', '1045', '1124', '1127', '1144'], '1128': ['1128', '1129', '1132', '1130', '1134', '1131', '1133'], '1032': ['1032', '1052', '1051', '1053', '1049', '1050', '1063', '1055', '1054'], '1160': ['1160', '1147', '1161', '1162', '1146', '1036', '1092', '1145'], '1057': ['1057', '1060', '1061', '1058', '1059', '1071', '1062'], '1148': ['1148', '1158', '1157', '1159', '1156', '1153', '1154', '1155', '1152'], '1066': ['1066', '1069', '1064', '1065', '1070', '1031'], '1056': ['1056'], '1072': ['1072', '1075', '1076', '1073', '1074'], '1033': ['1033', '1101', '1102', '1039', '1097', '1098', '1099', '1035', '1100'], '1109': ['1109', '1110', '1112', '1111'], '1103': ['1103', '1104', '1030', '1046', '1047'], '1105': ['1105', '1106', '1113', '1107', '1114', '1108', '1115'], '1038': ['1038', '1048', '1068', '1034', '1067'], '1086': ['1086', '1089', '1044', '1087', '1090', '1088', '1142', '1141', '1143', '1091'], '1150': ['1150', '1093', '1094', '1151', '1149', '1037'], '1117': ['1117', '1118', '1116', '1119', '1120']})"
19,"defaultdict(<class 'list'>, {'1040': ['1040', '1080', '1081', '1078', '1079', '1095', '1082', '1084', '1042', '1083', '1085'], '1096': ['1096', '1138', '1135', '1137', '1139', '1136', '1140'], '1041': ['1041', '1126', '1125', '1127', '1124', '1129', '1043', '1121', '1122', '1123', '1045', '1119'], '1128': ['1128', '1131', '1132', '1130', '1133', '1120', '1134'], '1032': ['1032', '1160', '1161', '1162', '1146'], '1052': ['1052', '1053', '1049', '1050', '1054', '1051', '1055', '1062'], '1063': ['1063', '1057', '1060', '1071', '1061'], '1147': ['1147', '1148', '1158', '1157', '1159', '1156', '1153', '1154', '1155', '1151', '1152'], '1066': ['1066', '1038', '1048', '1068', '1034', '1067', '1064', '1065', '1031'], '1056': ['1056'], '1072': ['1072', '1114', '1070'], '1033': ['1033', '1109', '1113', '1110', '1111'], '1101': ['1101', '1102', '1098', '1099', '1100', '1103', '1039', '1097', '1035', '1112'], '1105': ['1105', '1106', '1107', '1058', '1059', '1108', '1115', '1116'], '1104': ['1104', '1030', '1046', '1047', '1117', '1118'], '1069': ['1069'], '1086': ['1086', '1087', '1088', '1141', '1143', '1089', '1044', '1090', '1142', '1091'], '1036': ['1036', '1092', '1150', '1093', '1094', '1144', '1149', '1037', '1145'], '1077': ['1077', '1075', '1076', '1073', '1074']})"
19,"defaultdict(<class 'list'>, {'1040': ['1040'], '1080': ['1080', '1079', '1077', '1076', '1078'], '1081': ['1081'], '1095': ['1095', '1082', '1084', '1042', '1083', '1085', '1086', '1089', '1044', '1087', '1090', '1091'], '1096': ['1096', '1138', '1135', '1137', '1139', '1136', '1088', '1142', '1141', '1143', '1140'], '1041': ['1041', '1126', '1125', '1127', '1043', '1121', '1122', '1123', '1045', '1124'], '1128': ['1128', '1129', '1132', '1130', '1134', '1131', '1120', '1133'], '1032': ['1032', '1052', '1063', '1053', '1049', '1051', '1055', '1050', '1054'], '1160': ['1160', '1147', '1161', '1162', '1146'], '1057': ['1057', '1060', '1071', '1072'], '1148': ['1148', '1158', '1157', '1159', '1156', '1033', '1153', '1154', '1155', '1152', '1109'], '1066': ['1066', '1110', '1111', '1064', '1065', '1031'], '1056': ['1056', '1030', '1046', '1069', '1047', '1070'], '1061': ['1061', '1062', '1075', '1073', '1074'], '1101': ['1101', '1102', '1098', '1099', '1100', '1103', '1039', '1097', '1035', '1112'], '1105': ['1105', '1106', '1107', '1058', '1059', '1113', '1108', '1114', '1115'], '1104': ['1104', '1117', '1118', '1116', '1119'], '1038': ['1038', '1048', '1068', '1034', '1067'], '1036': ['1036', '1092', '1145', '1144', '1150', '1093', '1094', '1151', '1149', '1037']})"
19,"defaultdict(<class 'list'>, {'1040': ['1040', '1080', '1081', '1078', '1079', '1077', '1075', '1076', '1074'], '1095': ['1095', '1082', '1084', '1042', '1085', '1086', '1087', '1083', '1089', '1044', '1090', '1091'], '1096': ['1096', '1138', '1135', '1137', '1139', '1136', '1088', '1142', '1141', '1143', '1140'], '1041': ['1041', '1126', '1125', '1127', '1124', '1128', '1131', '1132', '1130', '1133', '1129', '1134'], '1032': ['1032', '1160', '1161', '1162', '1146', '1147', '1148', '1158', '1157', '1159', '1156', '1145'], '1052': ['1052', '1053', '1051', '1055', '1056', '1049', '1050', '1054'], '1063': ['1063', '1066', '1038', '1048', '1068', '1034', '1067'], '1057': ['1057', '1060', '1061', '1062', '1073', '1071', '1072'], '1033': ['1033', '1153', '1154', '1155', '1152'], '1101': ['1101', '1102', '1098', '1099', '1100'], '1109': ['1109', '1105', '1106', '1107', '1058', '1059', '1113'], '1103': ['1103', '1104', '1030', '1046', '1047'], '1108': ['1108'], '1110': ['1110', '1111', '1064', '1065', '1031'], '1114': ['1114', '1069', '1070'], '1039': ['1039', '1097', '1112', '1035', '1117'], '1043': ['1043', '1121', '1122', '1123', '1045'], '1036': ['1036', '1092', '1150', '1093', '1094', '1151', '1149', '1037', '1144'], '1115': ['1115', '1118', '1116', '1119', '1120']})"
19,"defaultdict(<class 'list'>, {'1040': ['1040', '1080', '1079', '1077', '1076', '1078', '1068', '1067'], '1081': ['1081', '1082', '1084', '1042', '1083', '1085', '1086', '1089', '1044', '1087', '1090', '1091'], '1095': ['1095', '1136'], '1096': ['1096', '1138', '1135', '1137', '1139'], '1041': ['1041', '1126', '1125', '1127', '1124', '1043', '1121', '1122', '1123', '1045', '1066'], '1128': ['1128', '1131', '1132', '1130', '1133', '1129', '1120', '1134'], '1032': ['1032', '1160', '1161', '1162', '1146', '1147', '1148', '1158', '1157', '1159', '1156', '1155'], '1052': ['1052', '1051', '1055', '1056', '1049', '1050', '1053', '1038', '1048', '1054', '1034'], '1063': ['1063', '1071', '1072'], '1057': ['1057', '1060', '1061', '1105', '1106', '1107', '1058', '1059', '1113'], '1033': ['1033', '1101', '1109', '1153', '1100'], '1102': ['1102', '1103', '1104', '1117', '1118'], '1154': ['1154', '1151', '1152', '1036', '1150', '1092', '1145', '1093', '1094', '1144', '1149', '1037'], '1108': ['1108'], '1110': ['1110', '1030', '1046', '1069', '1064', '1065', '1070', '1031', '1047'], '1114': ['1114', '1115', '1116', '1119'], '1039': ['1039', '1097', '1112', '1035', '1111', '1098', '1099'], '1088': ['1088', '1142', '1141', '1143', '1140'], '1062': ['1062', '1075', '1073', '1074']})"
19,"defaultdict(<class 'list'>, {'1040': ['1040', '1080', '1081', '1078', '1079', '1095', '1082', '1084', '1042', '1083', '1085'], '1096': ['1096', '1138', '1135', '1137', '1139', '1136', '1140'], '1041': ['1041', '1126', '1125', '1127', '1043', '1121', '1122', '1123', '1045', '1124'], '1128': ['1128', '1131', '1132', '1130', '1133', '1129', '1134'], '1032': ['1032', '1160', '1161', '1162', '1146'], '1052': ['1052', '1053', '1049', '1050', '1054', '1051', '1055', '1062'], '1063': ['1063', '1057', '1060', '1071', '1061'], '1147': ['1147', '1148', '1158', '1157', '1159'], '1066': ['1066', '1038', '1048', '1068', '1034', '1067'], '1056': ['1056', '1030', '1046', '1069', '1047', '1070', '1064', '1065', '1031'], '1072': ['1072'], '1033': ['1033', '1109', '1110', '1039', '1097', '1098', '1099', '1035', '1112', '1111'], '1101': ['1101', '1102', '1103', '1104', '1100'], '1153': ['1153', '1154', '1155', '1156', '1152'], '1105': ['1105', '1106', '1107', '1058', '1059', '1113', '1108', '1114', '1115'], '1086': ['1086', '1087', '1088', '1141', '1143', '1089', '1044', '1090', '1142'], '1036': ['1036', '1092', '1150', '1093', '1094', '1151', '1149', '1037', '1144', '1145', '1091'], '1077': ['1077', '1075', '1076', '1073', '1074'], '1117': ['1117', '1118', '1116', '1119', '1120']})"
19,"defaultdict(<class 'list'>, {'1040': ['1040', '1080', '1079', '1081', '1078', '1095', '1082', '1084', '1042', '1083', '1085', '1136'], '1096': ['1096', '1138', '1135', '1137', '1139'], '1041': ['1041', '1126', '1125', '1127', '1043', '1121', '1122', '1123', '1045', '1124'], '1128': ['1128', '1131', '1132', '1130', '1133', '1129', '1134'], '1032': ['1032', '1160', '1161', '1162'], '1052': ['1052', '1051', '1053', '1049', '1050', '1054'], '1063': ['1063', '1066'], '1055': ['1055', '1056'], '1057': ['1057', '1060', '1071', '1061', '1072', '1062', '1073'], '1147': ['1147', '1036', '1092', '1145', '1146', '1150', '1093', '1094', '1151', '1149', '1037', '1144'], '1148': ['1148', '1158', '1157', '1159', '1153', '1154', '1155', '1156', '1152', '1033', '1109'], '1101': ['1101', '1102', '1103', '1039', '1097', '1098', '1099', '1035', '1100'], '1105': ['1105', '1106', '1108', '1107', '1115', '1113', '1114', '1058', '1059'], '1110': ['1110', '1111', '1064', '1065', '1031', '1112'], '1104': ['1104', '1030', '1046', '1069', '1047', '1070'], '1038': ['1038', '1048', '1068', '1077', '1075', '1076', '1074', '1034', '1067'], '1086': ['1086', '1087', '1088', '1141', '1143', '1089', '1044', '1090', '1091', '1142'], '1117': ['1117', '1118', '1116', '1119', '1120'], '1140': ['1140']})"
19,"defaultdict(<class 'list'>, {'1040': ['1040', '1080', '1079', '1077', '1078'], '1081': ['1081', '1095', '1082', '1084', '1042', '1083', '1085', '1086', '1087'], '1096': ['1096', '1136', '1135', '1137', '1140', '1138', '1088', '1142', '1141', '1143', '1139'], '1041': ['1041', '1126', '1125', '1127', '1043', '1121', '1122', '1123', '1045', '1124', '1052'], '1128': ['1128', '1129', '1132', '1130', '1134', '1131', '1120', '1133'], '1032': ['1032', '1063', '1066', '1068', '1067'], '1160': ['1160', '1161', '1162', '1146', '1147', '1148', '1158', '1157', '1159', '1156', '1092', '1145'], '1051': ['1051', '1055', '1056', '1049', '1050'], '1057': ['1057', '1060', '1061', '1058', '1059', '1071', '1106'], '1053': ['1053', '1038', '1048', '1054', '1034', '1062'], '1072': ['1072', '1075', '1076', '1073', '1074'], '1033': ['1033', '1109', '1105', '1113', '1114'], '1101': ['1101', '1102', '1103', '1039', '1097', '1098', '1099', '1035', '1112', '1100'], '1153': ['1153', '1155', '1154', '1036', '1150', '1151', '1152'], '1108': ['1108', '1107', '1115', '1116', '1119', '1118'], '1110': ['1110', '1111', '1069', '1064', '1065', '1070', '1031'], '1104': ['1104', '1030', '1046', '1047', '1117'], '1089': ['1089', '1044', '1090', '1091'], '1093': ['1093', '1094', '1144', '1149', '1037']})"
19,"defaultdict(<class 'list'>, {'1040': ['1040', '1080', '1079', '1081', '1078', '1095', '1082', '1084', '1042', '1083', '1085', '1138'], '1096': ['1096', '1136', '1135', '1137', '1140'], '1041': ['1041', '1126', '1125', '1127', '1124', '1129', '1043', '1121', '1122', '1123', '1045'], '1128': ['1128', '1131', '1132', '1130', '1133', '1120', '1134'], '1032': ['1032', '1160', '1161', '1162', '1146', '1052', '1063', '1053', '1049'], '1051': ['1051', '1055', '1056', '1050'], '1057': ['1057', '1060', '1061', '1105', '1106', '1107', '1058', '1059', '1113'], '1071': ['1071', '1072', '1073'], '1147': ['1147', '1148', '1158', '1157', '1159', '1156', '1033', '1153', '1154', '1155', '1152', '1109'], '1066': ['1066', '1067', '1064', '1065', '1031', '1110'], '1101': ['1101'], '1102': ['1102', '1103', '1104', '1117', '1118', '1039', '1097', '1098', '1099', '1035', '1112', '1111'], '1108': ['1108', '1115', '1116', '1119'], '1114': ['1114', '1030', '1046', '1069', '1047', '1070'], '1038': ['1038', '1048', '1054', '1034', '1062'], '1068': ['1068', '1077', '1075', '1076', '1074'], '1100': ['1100', '1086', '1089', '1044', '1087', '1090', '1091'], '1036': ['1036', '1092', '1150', '1093', '1094', '1151', '1149', '1037', '1144', '1145'], '1088': ['1088', '1142', '1141', '1143', '1139']})"
19,"defaultdict(<class 'list'>, {'1040': ['1040', '1080', '1079', '1081', '1078', '1095', '1082', '1084', '1042', '1083', '1085', '1077'], '1096': ['1096', '1138', '1135', '1137', '1139', '1136', '1140', '1088', '1142', '1141', '1143'], '1041': ['1041', '1126', '1125', '1127', '1043', '1121', '1122', '1123', '1045', '1124'], '1128': ['1128', '1131', '1132', '1130', '1133', '1129', '1120', '1134'], '1032': ['1032', '1052', '1053', '1038', '1048', '1054', '1034', '1049', '1050', '1068'], '1063': ['1063', '1057', '1071', '1072'], '1160': ['1160', '1147', '1161', '1162', '1146'], '1051': ['1051', '1055', '1056', '1046', '1047'], '1060': ['1060', '1106', '1108', '1107', '1058', '1059'], '1148': ['1148', '1158', '1157', '1159', '1156', '1033', '1153', '1154', '1155', '1152', '1101'], '1066': ['1066', '1067', '1064', '1065', '1031'], '1061': ['1061', '1062', '1075', '1073', '1074', '1076'], '1109': ['1109', '1105', '1113', '1110'], '1102': ['1102', '1039', '1097', '1098', '1099', '1035', '1112', '1100', '1111'], '1103': ['1103', '1104', '1117'], '1114': ['1114', '1115', '1118', '1116', '1119'], '1030': ['1030', '1069', '1070'], '1086': ['1086', '1089', '1044', '1087', '1090', '1091'], '1036': ['1036', '1092', '1150', '1093', '1094', '1151', '1149', '1037', '1144', '1145']})"
20,"defaultdict(<class 'list'>, {'1040': ['1040', '1080', '1079', '1081', '1078', '1095', '1082', '1084', '1042', '1083', '1085', '1086'], '1096': ['1096', '1138', '1135', '1137', '1139', '1136', '1088', '1142', '1141', '1143', '1140'], '1041': ['1041', '1126', '1125', '1127', '1043', '1121', '1122', '1123', '1045', '1124', '1129', '1134'], '1128': ['1128', '1131', '1132', '1133'], '1032': ['1032', '1063', '1160', '1161', '1162', '1147', '1148', '1158', '1157', '1159', '1156', '1146'], '1052': ['1052', '1051', '1053', '1049', '1050', '1055', '1054', '1038', '1048', '1068', '1034', '1067'], '1057': ['1057', '1060', '1071', '1061', '1105', '1106', '1107', '1058', '1059'], '1066': ['1066', '1110', '1064', '1065', '1031'], '1056': ['1056', '1077', '1075', '1076', '1074'], '1072': ['1072', '1062', '1073'], '1033': ['1033', '1101', '1102', '1103', '1039', '1097', '1098', '1099', '1035', '1112', '1111', '1100'], '1109': ['1109', '1130'], '1153': ['1153', '1155', '1154', '1036', '1150', '1151', '1152'], '1113': ['1113', '1114', '1115'], '1108': ['1108', '1087'], '1104': ['1104', '1030', '1046', '1069', '1047', '1070'], '1089': ['1089', '1149', '1044', '1090', '1091'], '1092': ['1092'], '1093': ['1093', '1094', '1145', '1144', '1037'], '1117': ['1117', '1118', '1116', '1119', '1120']})"
20,"defaultdict(<class 'list'>, {'1040': ['1040', '1080', '1079', '1077', '1076', '1078', '1081'], '1095': ['1095', '1082', '1084', '1042', '1083', '1085', '1086', '1089', '1044', '1087', '1090'], '1096': ['1096', '1138', '1135', '1137', '1139', '1136', '1140', '1088', '1142', '1141', '1143'], '1041': ['1041', '1126', '1125', '1127', '1124', '1043', '1121', '1122', '1123', '1045'], '1128': ['1128', '1131', '1132', '1130', '1133', '1129', '1120', '1134'], '1032': ['1032', '1052', '1053', '1049', '1050', '1054', '1063', '1051', '1055'], '1160': ['1160', '1161', '1162', '1146'], '1057': ['1057', '1060', '1061', '1105', '1106', '1107', '1058', '1059', '1113'], '1071': ['1071'], '1147': ['1147', '1036', '1092', '1150', '1093', '1094', '1151', '1149', '1037', '1145', '1144', '1091'], '1148': ['1148', '1158', '1157', '1159', '1033', '1153', '1154', '1155', '1152', '1156', '1109'], '1066': ['1066', '1110', '1064', '1065', '1031'], '1056': ['1056', '1104', '1030', '1046', '1047'], '1072': ['1072', '1075', '1073', '1074'], '1101': ['1101', '1102', '1098', '1099', '1100', '1103'], '1108': ['1108', '1115', '1118', '1116', '1119'], '1114': ['1114', '1069', '1070'], '1038': ['1038', '1048', '1068', '1034', '1067'], '1039': ['1039', '1097', '1112', '1035', '1111', '1117'], '1062': ['1062']})"
20,"defaultdict(<class 'list'>, {'1040': ['1040', '1080', '1081', '1095', '1082', '1084', '1042', '1083', '1085', '1079', '1077', '1078'], '1096': ['1096', '1138', '1135', '1137', '1139', '1136', '1140'], '1041': ['1041', '1126', '1125', '1043', '1121', '1122', '1123', '1045', '1124', '1127'], '1128': ['1128', '1129', '1132', '1130', '1134', '1131', '1133'], '1032': ['1032', '1052', '1051', '1053', '1049', '1050', '1063', '1055', '1054'], '1160': ['1160', '1147', '1161', '1162', '1146', '1036', '1092', '1145'], '1057': ['1057', '1060', '1061', '1058', '1059', '1071', '1062'], '1148': ['1148', '1158', '1157', '1159', '1156', '1153', '1154', '1155', '1152'], '1066': ['1066', '1069', '1064', '1065', '1070', '1031'], '1056': ['1056'], '1072': ['1072', '1075', '1076', '1073', '1074'], '1033': ['1033', '1101', '1102', '1039', '1097', '1098', '1099', '1035', '1100'], '1109': ['1109', '1110', '1112', '1111'], '1103': ['1103', '1104', '1030', '1046', '1047'], '1105': ['1105', '1106', '1113', '1107', '1114', '1108', '1115'], '1038': ['1038', '1048', '1068', '1034', '1067'], '1086': ['1086', '1089', '1044', '1087', '1090', '1088', '1142', '1141', '1143', '1091'], '1150': ['1150', '1093', '1094', '1151', '1149', '1037'], '1144': ['1144'], '1117': ['1117', '1118', '1116', '1119', '1120']})"
20,"defaultdict(<class 'list'>, {'1040': ['1040', '1104'], '1080': ['1080', '1079', '1077', '1076', '1078', '1081', '1082', '1084', '1042', '1083', '1095', '1085'], '1096': ['1096', '1138', '1135', '1137', '1139', '1136', '1140', '1088', '1142', '1141', '1143'], '1041': ['1041', '1126', '1125', '1127', '1124', '1129', '1122', '1123', '1045', '1043', '1121', '1134'], '1128': ['1128'], '1131': ['1131', '1120', '1132', '1130', '1133'], '1032': ['1032', '1052', '1063', '1053', '1049', '1051', '1038', '1048', '1050', '1034', '1055', '1054'], '1160': ['1160', '1147', '1161', '1162', '1146', '1093', '1094', '1145', '1144', '1037'], '1057': ['1057', '1071', '1072', '1073', '1074', '1060', '1061', '1062'], '1148': ['1148', '1158', '1157', '1159', '1156', '1033', '1109', '1153', '1155', '1152'], '1066': ['1066', '1068', '1067'], '1056': ['1056', '1030', '1046', '1047', '1075'], '1101': ['1101', '1102', '1103', '1100'], '1105': ['1105', '1106', '1107', '1058', '1059', '1113', '1114'], '1154': ['1154', '1150', '1151'], '1108': ['1108', '1115', '1116', '1119'], '1110': ['1110', '1069', '1064', '1065', '1070', '1031'], '1039': ['1039', '1097', '1098', '1099', '1035', '1112', '1111', '1117', '1118'], '1086': ['1086', '1089', '1044', '1087', '1090', '1036', '1092', '1091'], '1149': ['1149']})"
20,"defaultdict(<class 'list'>, {'1040': ['1040', '1080', '1081', '1082', '1078', '1095', '1083'], '1079': ['1079', '1077', '1075', '1076', '1074'], '1084': ['1084', '1042', '1085', '1086', '1089', '1044', '1087', '1090', '1091'], '1096': ['1096', '1138', '1135', '1137', '1139', '1136', '1088', '1142', '1141', '1143', '1140'], '1041': ['1041', '1126', '1125', '1127', '1043', '1121', '1122', '1123', '1045', '1124'], '1128': ['1128', '1131', '1132', '1130', '1133', '1129', '1120', '1134'], '1032': ['1032', '1160', '1161', '1162', '1146', '1063', '1147', '1148', '1158', '1157', '1159', '1156'], '1052': ['1052', '1053', '1049', '1050', '1054'], '1051': ['1051', '1055', '1056'], '1057': ['1057', '1060', '1061', '1062', '1073', '1071', '1072'], '1066': ['1066', '1067', '1064', '1065', '1031', '1038', '1048', '1068', '1034'], '1033': ['1033', '1153', '1154', '1155', '1152'], '1101': ['1101', '1102', '1039', '1097', '1098', '1099', '1035', '1112', '1100', '1111', '1103'], '1109': ['1109', '1105', '1106', '1107', '1058', '1059', '1113'], '1108': ['1108'], '1110': ['1110'], '1104': ['1104', '1030', '1046', '1047', '1117'], '1114': ['1114', '1115', '1118', '1116', '1119'], '1069': ['1069', '1070'], '1036': ['1036', '1092', '1150', '1093', '1094', '1151', '1149', '1037', '1144', '1145']})"
20,"defaultdict(<class 'list'>, {'1040': ['1040', '1080', '1079', '1081', '1078'], '1095': ['1095', '1082', '1084', '1042', '1085', '1086', '1087', '1083', '1089', '1044'], '1096': ['1096', '1138', '1135', '1137', '1139', '1136', '1088', '1142', '1141', '1143', '1140'], '1041': ['1041', '1126', '1125', '1127', '1124', '1131', '1043', '1121', '1122', '1123', '1045', '1133'], '1128': ['1128', '1129', '1130', '1134'], '1032': ['1032', '1063', '1160', '1161', '1162', '1147', '1148', '1158', '1157', '1159', '1156', '1146'], '1052': ['1052', '1051', '1055', '1056', '1049', '1050', '1053', '1038', '1048', '1054', '1034'], '1057': ['1057', '1060', '1061', '1058', '1059', '1105', '1106', '1113', '1107'], '1071': ['1071', '1072', '1073', '1074'], '1066': ['1066', '1068', '1067', '1077', '1076'], '1033': ['1033', '1153', '1154', '1155', '1152'], '1101': ['1101', '1102', '1098', '1099', '1100', '1103', '1039', '1097', '1035'], '1109': ['1109', '1110', '1112', '1111'], '1108': ['1108', '1114', '1115'], '1104': ['1104', '1030', '1046', '1047', '1069', '1064', '1065', '1070', '1031'], '1036': ['1036', '1092', '1150', '1093', '1094', '1144', '1149', '1037', '1145', '1151', '1090', '1091'], '1062': ['1062'], '1117': ['1117', '1118', '1116', '1119', '1120'], '1075': ['1075'], '1132': ['1132']})"
20,"defaultdict(<class 'list'>, {'1040': ['1040', '1080', '1081', '1082', '1078', '1084', '1042', '1083', '1085', '1095'], '1079': ['1079', '1077', '1075', '1076', '1074'], '1096': ['1096', '1138', '1135', '1137', '1139', '1136', '1088', '1142', '1141', '1143', '1140'], '1041': ['1041', '1126', '1125', '1127', '1124', '1043', '1121', '1122', '1123', '1045'], '1128': ['1128', '1131', '1132', '1130', '1133', '1129', '1120', '1134', '1119'], '1032': ['1032', '1063', '1071', '1066', '1067'], '1052': ['1052', '1053', '1038', '1048', '1054', '1034', '1049', '1051', '1055', '1050', '1068'], '1160': ['1160', '1147', '1161', '1162', '1146', '1148', '1158', '1157', '1159', '1156'], '1057': ['1057', '1060', '1061', '1058', '1059'], '1056': ['1056', '1104', '1030', '1046', '1047'], '1072': ['1072', '1062', '1073'], '1033': ['1033', '1153', '1154', '1155', '1152'], '1101': ['1101', '1102', '1103', '1100'], '1109': ['1109'], '1105': ['1105', '1106', '1113', '1107', '1114', '1108', '1115', '1116'], '1110': ['1110'], '1039': ['1039', '1097', '1098', '1099', '1035', '1112', '1111', '1117', '1118'], '1069': ['1069', '1064', '1065', '1070', '1031'], '1086': ['1086', '1089', '1087', '1090', '1091', '1044'], '1036': ['1036', '1092', '1150', '1151', '1149', '1093', '1094', '1144', '1037', '1145']})"
20,"defaultdict(<class 'list'>, {'1040': ['1040', '1080', '1081', '1095', '1082', '1084', '1083', '1085', '1042', '1078'], '1079': ['1079', '1077', '1075', '1076', '1074'], '1096': ['1096', '1138', '1135', '1137', '1139', '1136', '1088', '1142', '1141', '1143', '1140'], '1041': ['1041', '1126', '1125', '1043', '1121', '1122', '1123', '1045', '1124', '1127'], '1128': ['1128', '1129', '1132', '1130', '1134'], '1131': ['1131', '1133'], '1032': ['1032', '1052', '1063', '1053', '1049', '1054'], '1160': ['1160', '1147', '1161', '1145', '1146', '1162'], '1051': ['1051', '1055', '1056', '1050'], '1057': ['1057', '1060', '1061', '1058', '1059', '1071', '1072', '1062', '1073'], '1148': ['1148', '1158', '1157', '1159', '1156', '1033', '1109', '1153', '1155', '1152', '1154'], '1066': ['1066', '1038', '1048', '1068', '1034', '1067'], '1101': ['1101', '1102', '1098', '1099', '1100', '1103', '1108'], '1105': ['1105', '1106', '1113', '1107', '1114'], '1110': ['1110', '1069', '1064', '1065', '1070', '1031'], '1104': ['1104', '1030', '1046', '1047', '1117'], '1039': ['1039', '1097', '1112', '1035', '1111'], '1086': ['1086', '1089', '1044', '1087', '1090'], '1036': ['1036', '1092', '1150', '1093', '1094', '1144', '1149', '1037', '1151', '1091'], '1115': ['1115', '1118', '1116', '1119', '1120']})"
20,"defaultdict(<class 'list'>, {'1040': ['1040', '1080', '1081', '1095', '1082', '1084', '1042', '1083', '1085', '1078'], '1079': ['1079', '1077', '1075', '1076', '1074'], '1096': ['1096', '1138', '1135', '1137', '1139', '1136', '1140'], '1041': ['1041', '1126', '1125', '1127', '1043', '1121', '1122', '1123', '1045', '1124', '1128', '1132'], '1129': ['1129', '1130', '1134'], '1131': ['1131', '1120', '1133'], '1032': ['1032', '1160', '1161', '1162', '1146', '1063', '1147', '1148', '1158', '1157', '1159', '1156'], '1052': ['1052', '1051', '1055', '1056', '1049', '1050', '1053', '1054'], '1057': ['1057', '1060', '1061', '1105', '1106', '1107', '1058', '1059', '1062'], '1071': ['1071', '1072', '1073'], '1066': ['1066', '1038', '1048', '1068', '1034', '1067'], '1033': ['1033', '1153', '1154', '1155', '1152', '1109'], '1101': ['1101', '1102', '1098', '1099', '1100'], '1103': ['1103', '1104', '1030', '1046', '1047'], '1113': ['1113', '1114'], '1108': ['1108', '1115', '1118', '1116', '1119'], '1110': ['1110', '1039', '1097', '1112', '1035', '1111', '1117'], '1069': ['1069', '1064', '1065', '1070', '1031'], '1086': ['1086', '1087', '1088', '1141', '1143', '1089', '1044', '1090', '1091', '1142'], '1036': ['1036', '1092', '1150', '1151', '1149', '1093', '1094', '1144', '1037', '1145']})"
20,"defaultdict(<class 'list'>, {'1040': ['1040', '1080', '1079', '1081', '1078', '1095', '1082', '1083'], '1084': ['1084', '1042', '1085', '1086', '1089', '1044', '1087', '1090', '1091'], '1096': ['1096', '1138', '1135', '1137', '1139', '1136', '1088', '1142', '1141', '1143', '1140'], '1041': ['1041', '1126', '1125', '1127', '1043', '1121', '1122', '1123', '1045', '1124', '1056'], '1128': ['1128', '1131', '1132', '1130', '1133', '1129', '1134'], '1032': ['1032', '1052', '1063', '1053', '1049', '1051', '1055', '1050', '1054'], '1160': ['1160', '1161', '1162'], '1057': ['1057', '1060', '1061', '1058', '1059', '1062', '1071'], '1147': ['1147', '1148', '1158', '1157', '1159', '1153', '1154', '1155', '1156', '1152'], '1066': ['1066'], '1072': ['1072'], '1033': ['1033', '1109', '1110', '1039', '1097', '1112', '1035', '1111'], '1101': ['1101', '1102', '1098', '1099', '1100', '1103', '1108'], '1105': ['1105', '1106', '1113', '1107', '1114'], '1104': ['1104', '1030', '1046', '1069', '1064', '1065', '1070', '1031', '1047'], '1038': ['1038', '1048', '1068', '1034', '1067'], '1036': ['1036', '1092', '1150', '1093', '1094', '1144', '1149', '1037', '1145', '1151', '1146'], '1115': ['1115'], '1077': ['1077', '1075', '1076', '1073', '1074'], '1117': ['1117', '1118', '1116', '1119', '1120']})"
20,"defaultdict(<class 'list'>, {'1040': ['1040', '1080', '1081', '1082', '1084', '1042', '1083', '1085', '1078', '1095'], '1079': ['1079', '1038', '1048', '1068', '1034', '1067', '1077', '1076'], '1096': ['1096', '1136', '1135', '1137', '1140', '1138', '1088', '1142', '1141', '1143', '1139'], '1041': ['1041', '1126', '1125', '1127', '1043', '1121', '1122', '1123', '1045', '1124', '1056'], '1128': ['1128', '1131', '1132', '1130', '1133', '1129', '1134'], '1032': ['1032', '1052', '1053', '1049', '1050', '1054', '1063', '1051', '1055'], '1160': ['1160', '1161', '1162'], '1057': ['1057', '1060', '1071', '1058', '1059', '1072'], '1147': ['1147', '1036', '1092', '1145', '1146', '1150', '1093', '1094', '1151', '1149', '1037', '1144'], '1148': ['1148', '1158', '1157', '1159', '1156', '1153', '1154', '1155', '1152'], '1066': ['1066'], '1061': ['1061', '1062', '1075', '1073', '1074'], '1033': ['1033', '1101', '1098', '1099', '1100'], '1109': ['1109', '1105', '1106', '1113', '1107'], '1102': ['1102', '1103', '1104', '1117', '1118'], '1108': ['1108'], '1110': ['1110', '1039', '1097', '1112', '1035', '1111'], '1114': ['1114', '1030', '1046', '1069', '1064', '1065', '1070', '1031', '1047'], '1086': ['1086', '1089', '1044', '1087', '1090', '1091'], '1115': ['1115', '1116', '1119', '1120']})"
20,"defaultdict(<class 'list'>, {'1040': ['1040', '1080', '1079', '1081', '1078', '1095', '1082', '1084', '1042', '1083', '1085', '1077'], '1096': ['1096', '1138', '1135', '1137', '1139', '1136', '1140', '1088', '1142', '1141', '1143'], '1041': ['1041'], '1126': ['1126', '1125', '1127', '1043', '1121', '1122', '1123', '1045', '1124'], '1128': ['1128', '1131', '1132', '1130', '1133', '1129', '1120', '1134'], '1032': ['1032', '1052', '1053', '1038', '1048', '1054', '1034', '1049', '1050', '1068'], '1063': ['1063', '1057', '1071', '1072'], '1160': ['1160', '1147', '1161', '1162', '1146'], '1051': ['1051', '1055', '1056', '1046', '1047'], '1060': ['1060', '1106', '1108', '1107', '1058', '1059'], '1148': ['1148', '1158', '1157', '1159', '1156', '1033', '1153', '1154', '1155', '1152', '1101'], '1066': ['1066', '1067', '1064', '1065', '1031'], '1061': ['1061', '1062', '1075', '1073', '1074', '1076'], '1109': ['1109', '1105', '1113', '1110'], '1102': ['1102', '1039', '1097', '1098', '1099', '1035', '1112', '1100', '1111'], '1103': ['1103', '1104', '1117'], '1114': ['1114', '1115', '1118', '1116', '1119'], '1030': ['1030', '1069', '1070'], '1086': ['1086', '1089', '1044', '1087', '1090', '1091'], '1036': ['1036', '1092', '1150', '1093', '1094', '1151', '1149', '1037', '1144', '1145']})"
20,"defaultdict(<class 'list'>, {'1040': ['1040', '1080', '1079', '1081', '1078', '1095', '1082', '1084', '1042', '1083', '1085', '1086'], '1096': ['1096', '1138', '1135', '1137', '1139', '1136', '1088', '1142', '1141', '1143', '1140'], '1041': ['1041', '1126', '1125', '1127', '1124', '1129', '1043', '1121', '1122', '1123', '1045'], '1128': ['1128', '1131', '1132', '1130', '1133'], '1032': ['1032', '1160', '1161', '1162'], '1052': ['1052', '1053', '1049', '1050', '1054', '1051', '1055'], '1063': ['1063', '1066', '1038', '1048', '1068', '1034', '1067'], '1057': ['1057', '1060', '1071', '1061', '1072', '1062', '1073'], '1147': ['1147', '1036', '1092', '1145', '1146'], '1148': ['1148', '1158', '1157', '1159', '1033', '1153', '1154', '1155', '1151', '1152', '1156', '1150'], '1056': ['1056', '1077', '1075', '1076', '1074'], '1101': ['1101', '1102', '1098', '1099', '1100', '1103', '1039', '1097', '1035', '1104'], '1109': ['1109'], '1105': ['1105', '1106', '1107', '1058', '1059', '1113', '1108', '1114', '1115'], '1110': ['1110', '1111', '1064', '1065', '1031', '1112'], '1030': ['1030', '1046', '1069', '1047', '1070'], '1089': ['1089', '1044', '1087', '1090', '1091'], '1093': ['1093', '1094', '1144', '1149', '1037'], '1117': ['1117', '1118', '1116', '1119', '1120'], '1134': ['1134']})"
20,"defaultdict(<class 'list'>, {'1040': ['1040', '1080', '1079', '1077', '1076', '1078', '1081', '1082', '1083', '1095'], '1084': ['1084', '1042', '1085', '1086', '1089', '1044', '1087', '1090', '1091'], '1096': ['1096', '1138', '1135', '1137', '1139', '1136', '1088', '1142', '1141', '1143', '1140'], '1041': ['1041', '1126', '1125', '1127', '1124', '1043', '1121', '1122', '1123', '1045', '1104'], '1128': ['1128', '1131', '1132', '1130', '1133', '1129', '1120', '1134'], '1032': ['1032', '1160', '1161', '1162', '1146', '1147', '1148', '1158', '1157', '1159', '1156', '1145'], '1052': ['1052'], '1063': ['1063', '1071', '1066', '1067'], '1051': ['1051', '1055', '1056', '1049', '1050'], '1057': ['1057', '1060', '1061', '1105', '1106', '1107', '1058', '1059', '1113'], '1053': ['1053', '1038', '1048', '1054', '1034', '1068'], '1072': ['1072', '1075', '1073', '1074'], '1033': ['1033', '1101', '1109', '1153', '1100', '1154', '1155', '1152'], '1102': ['1102', '1103'], '1108': ['1108', '1115', '1116'], '1110': ['1110', '1111', '1064', '1065', '1031'], '1114': ['1114', '1030', '1046', '1069', '1047', '1070'], '1039': ['1039', '1097', '1112', '1035', '1117', '1098', '1099', '1118', '1119'], '1036': ['1036', '1092', '1150', '1093', '1094', '1151', '1149', '1037', '1144'], '1062': ['1062']})"
20,"defaultdict(<class 'list'>, {'1040': ['1040', '1080', '1081', '1078', '1079', '1095', '1082', '1084', '1042', '1083', '1085'], '1096': ['1096', '1138', '1135', '1137', '1139', '1136', '1140'], '1041': ['1041', '1126', '1125', '1127', '1124', '1129', '1043', '1121', '1122', '1123', '1045', '1119'], '1128': ['1128', '1131', '1132', '1130', '1133', '1120', '1134'], '1032': ['1032', '1160', '1161', '1162', '1146'], '1052': ['1052', '1053', '1049', '1050', '1054', '1051', '1055', '1062'], '1063': ['1063', '1057', '1060', '1071', '1061'], '1147': ['1147', '1148', '1158', '1157', '1159', '1156', '1153', '1154', '1155', '1151', '1152'], '1066': ['1066', '1038', '1048', '1068', '1034', '1067', '1064', '1065', '1031'], '1056': ['1056'], '1072': ['1072', '1114', '1070'], '1033': ['1033', '1109', '1113', '1110', '1111'], '1101': ['1101', '1102', '1098', '1099', '1100', '1103', '1039', '1097', '1035', '1112'], '1105': ['1105', '1106', '1107', '1058', '1059'], '1108': ['1108', '1115', '1116'], '1104': ['1104', '1030', '1046', '1047', '1117', '1118'], '1069': ['1069'], '1086': ['1086', '1087', '1088', '1141', '1143', '1089', '1044', '1090', '1142', '1091'], '1036': ['1036', '1092', '1150', '1093', '1094', '1144', '1149', '1037', '1145'], '1077': ['1077', '1075', '1076', '1073', '1074']})"
20,"defaultdict(<class 'list'>, {'1040': ['1040', '1080', '1079', '1081', '1078', '1095', '1082', '1084', '1042', '1083', '1085', '1138'], '1096': ['1096', '1136', '1135', '1137', '1140'], '1041': ['1041', '1126', '1125', '1043', '1121', '1122', '1123', '1045', '1124', '1127', '1104'], '1128': ['1128', '1129', '1132', '1130', '1134', '1131', '1120', '1133'], '1032': ['1032', '1052', '1063', '1053', '1049', '1051', '1038', '1048', '1050', '1034', '1054'], '1160': ['1160', '1147', '1161', '1162', '1146', '1145', '1148', '1158', '1157', '1159', '1156'], '1055': ['1055', '1056', '1030', '1046', '1047'], '1057': ['1057', '1060', '1071', '1061', '1105', '1106', '1107', '1058', '1059'], '1066': ['1066', '1067', '1064', '1065', '1031', '1069'], '1072': ['1072', '1070', '1073'], '1033': ['1033', '1153', '1154', '1036', '1150', '1151', '1152', '1155'], '1101': ['1101', '1102', '1103', '1108', '1100'], '1109': ['1109', '1113'], '1110': ['1110', '1039', '1097', '1098', '1099', '1035', '1112', '1111', '1117'], '1114': ['1114', '1115', '1118', '1116', '1119'], '1068': ['1068', '1077', '1075', '1076', '1074'], '1086': ['1086', '1089', '1044', '1087', '1090', '1092', '1091'], '1093': ['1093', '1094', '1144', '1149', '1037'], '1088': ['1088', '1142', '1141', '1143', '1139'], '1062': ['1062']})"
20,"defaultdict(<class 'list'>, {'1040': ['1040', '1080', '1081', '1078', '1079', '1095', '1082', '1084', '1042', '1083', '1085'], '1096': ['1096', '1138', '1135', '1137', '1139', '1136', '1140'], '1041': ['1041'], '1126': ['1126', '1125', '1127', '1043', '1121', '1122', '1123', '1045', '1124'], '1128': ['1128', '1131', '1132', '1130', '1133', '1129', '1134'], '1032': ['1032', '1160', '1161', '1162', '1146'], '1052': ['1052', '1053', '1049', '1050', '1054', '1051', '1055', '1062'], '1063': ['1063', '1057', '1060', '1071', '1061'], '1147': ['1147', '1148', '1158', '1157', '1159'], '1066': ['1066', '1038', '1048', '1068', '1034', '1067'], '1056': ['1056', '1030', '1046', '1069', '1047', '1070', '1064', '1065', '1031'], '1072': ['1072'], '1033': ['1033', '1109', '1110', '1039', '1097', '1098', '1099', '1035', '1112', '1111'], '1101': ['1101', '1102', '1103', '1104', '1100'], '1153': ['1153', '1154', '1155', '1156', '1152'], '1105': ['1105', '1106', '1107', '1058', '1059', '1113', '1108', '1114', '1115'], '1086': ['1086', '1087', '1088', '1141', '1143', '1089', '1044', '1090', '1142'], '1036': ['1036', '1092', '1150', '1093', '1094', '1151', '1149', '1037', '1144', '1145', '1091'], '1077': ['1077', '1075', '1076', '1073', '1074'], '1117': ['1117', '1118', '1116', '1119', '1120']})"
20,"defaultdict(<class 'list'>, {'1040': ['1040', '1080', '1079', '1077', '1076', '1078', '1068', '1067'], '1081': ['1081', '1082', '1084', '1042', '1083', '1085', '1086', '1089', '1044', '1087', '1090', '1091'], '1095': ['1095', '1136'], '1096': ['1096', '1138', '1135', '1137', '1139'], '1041': ['1041', '1126', '1125', '1127', '1124', '1043', '1121', '1122', '1123', '1045'], '1128': ['1128', '1131', '1132', '1130', '1133', '1129', '1120', '1134'], '1032': ['1032', '1160', '1161', '1162', '1146', '1147', '1148', '1158', '1157', '1159', '1156', '1155'], '1052': ['1052', '1051', '1055', '1056', '1049', '1050', '1053', '1038', '1048', '1054', '1034'], '1063': ['1063', '1071', '1072'], '1057': ['1057', '1060', '1061', '1105', '1106', '1107', '1058', '1059', '1113'], '1066': ['1066'], '1033': ['1033', '1101', '1109', '1153', '1100'], '1102': ['1102', '1103', '1104', '1117', '1118'], '1154': ['1154', '1151', '1152', '1036', '1150', '1092', '1145', '1093', '1094', '1144', '1149', '1037'], '1108': ['1108'], '1110': ['1110', '1030', '1046', '1069', '1064', '1065', '1070', '1031', '1047'], '1114': ['1114', '1115', '1116', '1119'], '1039': ['1039', '1097', '1112', '1035', '1111', '1098', '1099'], '1088': ['1088', '1142', '1141', '1143', '1140'], '1062': ['1062', '1075', '1073', '1074']})"
20,"defaultdict(<class 'list'>, {'1040': ['1040', '1080', '1081', '1082', '1078', '1079', '1084', '1042', '1083', '1095'], '1096': ['1096', '1138', '1135', '1137', '1139', '1136', '1088', '1142', '1141', '1143', '1140'], '1041': ['1041', '1126', '1125', '1127', '1128', '1124', '1043', '1121', '1122', '1123', '1045', '1132'], '1129': ['1129', '1131', '1120', '1130', '1134'], '1032': ['1032', '1160', '1147', '1161', '1145', '1146', '1148', '1158', '1157', '1159', '1156', '1162'], '1052': ['1052', '1053', '1049', '1050', '1054', '1051', '1055', '1062'], '1063': ['1063', '1071', '1072'], '1057': ['1057', '1060', '1061', '1105', '1106', '1107', '1058', '1059', '1113'], '1066': ['1066', '1038', '1048', '1068', '1034', '1067'], '1056': ['1056', '1077', '1075', '1076', '1074'], '1033': ['1033', '1153', '1154', '1155', '1152'], '1101': ['1101', '1102', '1098', '1099', '1100', '1103', '1039', '1097', '1035', '1104'], '1109': ['1109'], '1108': ['1108', '1114', '1115'], '1110': ['1110', '1111', '1064', '1065', '1031', '1030', '1046', '1069', '1047', '1070'], '1112': ['1112', '1117', '1118', '1116', '1119'], '1085': ['1085', '1086', '1089', '1044', '1087', '1090', '1091'], '1036': ['1036', '1092', '1150', '1093', '1094', '1151', '1149', '1037', '1144'], '1073': ['1073'], '1133': ['1133']})"
20,"defaultdict(<class 'list'>, {'1040': ['1040', '1080', '1079', '1081', '1078', '1095', '1082', '1084', '1042', '1083', '1085', '1136'], '1096': ['1096', '1138', '1135', '1137', '1139'], '1041': ['1041'], '1126': ['1126', '1125', '1127', '1043', '1121', '1122', '1123', '1045', '1124'], '1128': ['1128', '1131', '1132', '1130', '1133', '1129', '1134'], '1032': ['1032', '1160', '1161', '1162'], '1052': ['1052', '1051', '1053', '1049', '1050', '1054'], '1063': ['1063', '1066'], '1055': ['1055', '1056'], '1057': ['1057', '1060', '1071', '1061', '1072', '1062', '1073'], '1147': ['1147', '1036', '1092', '1145', '1146', '1150', '1093', '1094', '1151', '1149', '1037', '1144'], '1148': ['1148', '1158', '1157', '1159', '1153', '1154', '1155', '1156', '1152', '1033', '1109'], '1101': ['1101', '1102', '1103', '1039', '1097', '1098', '1099', '1035', '1100'], '1105': ['1105', '1106', '1108', '1107', '1115', '1113', '1114', '1058', '1059'], '1110': ['1110', '1111', '1064', '1065', '1031', '1112'], '1104': ['1104', '1030', '1046', '1069', '1047', '1070'], '1038': ['1038', '1048', '1068', '1077', '1075', '1076', '1074', '1034', '1067'], '1086': ['1086', '1087', '1088', '1141', '1143', '1089', '1044', '1090', '1091', '1142'], '1117': ['1117', '1118', '1116', '1119', '1120'], '1140': ['1140']})"
20,"defaultdict(<class 'list'>, {'1040': ['1040'], '1080': ['1080', '1079', '1077', '1076', '1078'], '1081': ['1081'], '1095': ['1095', '1082', '1084', '1042', '1083', '1085', '1086', '1089', '1044', '1087', '1090', '1091'], '1096': ['1096', '1138', '1135', '1137', '1139', '1136', '1088', '1142', '1141', '1143', '1140'], '1041': ['1041'], '1126': ['1126', '1125', '1127', '1043', '1121', '1122', '1123', '1045', '1124'], '1128': ['1128', '1129', '1132', '1130', '1134', '1131', '1120', '1133'], '1032': ['1032', '1052', '1063', '1053', '1049', '1051', '1055', '1050', '1054'], '1160': ['1160', '1147', '1161', '1162', '1146'], '1057': ['1057', '1060', '1071', '1072'], '1148': ['1148', '1158', '1157', '1159', '1156', '1033', '1153', '1154', '1155', '1152', '1109'], '1066': ['1066', '1110', '1111', '1064', '1065', '1031'], '1056': ['1056', '1030', '1046', '1069', '1047', '1070'], '1061': ['1061', '1062', '1075', '1073', '1074'], '1101': ['1101', '1102', '1098', '1099', '1100', '1103', '1039', '1097', '1035', '1112'], '1105': ['1105', '1106', '1107', '1058', '1059', '1113', '1108', '1114', '1115'], '1104': ['1104', '1117', '1118', '1116', '1119'], '1038': ['1038', '1048', '1068', '1034', '1067'], '1036': ['1036', '1092', '1145', '1144', '1150', '1093', '1094', '1151', '1149', '1037']})"
20,"defaultdict(<class 'list'>, {'1040': ['1040', '1080', '1079', '1081', '1078', '1068', '1077'], '1095': ['1095', '1082', '1084', '1083', '1085', '1042', '1086', '1089', '1044', '1087', '1090', '1091'], '1096': ['1096', '1138', '1135', '1137', '1139', '1136', '1088', '1142', '1141', '1143', '1140'], '1041': ['1041', '1126', '1125', '1127', '1124', '1043', '1121', '1122', '1123', '1045'], '1128': ['1128', '1131', '1132', '1130', '1133', '1129', '1120', '1134'], '1032': ['1032', '1160', '1161', '1162', '1146', '1147', '1148', '1158', '1157', '1159', '1156', '1145'], '1052': ['1052', '1051', '1053', '1038', '1048', '1054', '1034', '1049', '1050', '1055', '1056'], '1063': ['1063', '1057', '1071', '1066', '1067'], '1060': ['1060', '1105', '1106', '1107', '1058', '1059', '1108'], '1061': ['1061', '1062', '1075', '1073', '1074', '1076'], '1072': ['1072'], '1033': ['1033', '1153', '1154', '1155', '1152', '1093', '1094', '1151', '1149', '1037'], '1101': ['1101', '1102', '1098', '1099', '1100'], '1109': ['1109', '1110', '1039', '1097', '1112', '1111', '1035'], '1103': ['1103', '1104', '1030', '1046', '1047'], '1113': ['1113', '1114'], '1069': ['1069', '1064', '1065', '1070', '1031'], '1036': ['1036', '1092', '1150'], '1144': ['1144'], '1115': ['1115', '1117', '1118', '1116', '1119']})"
20,"defaultdict(<class 'list'>, {'1040': ['1040', '1080', '1079', '1081', '1078', '1095', '1082', '1084', '1042', '1083', '1085', '1138'], '1096': ['1096', '1136', '1135', '1137', '1140'], '1041': ['1041', '1126', '1125', '1127', '1124', '1129', '1043', '1121', '1122', '1123', '1045'], '1128': ['1128', '1131', '1132', '1130', '1133', '1120', '1134'], '1032': ['1032', '1160', '1161', '1162', '1146', '1052', '1063', '1053', '1049'], '1051': ['1051', '1055', '1056', '1050'], '1057': ['1057', '1060', '1061', '1105', '1106', '1107', '1058', '1059', '1113'], '1071': ['1071', '1072', '1073'], '1147': ['1147', '1148', '1158', '1157', '1159', '1156', '1033', '1153', '1154', '1155', '1152', '1109'], '1066': ['1066', '1067', '1064', '1065', '1031', '1110'], '1101': ['1101'], '1102': ['1102', '1103', '1104', '1117', '1118', '1039', '1097', '1098', '1099', '1035', '1112', '1111'], '1108': ['1108', '1115', '1116', '1119'], '1114': ['1114', '1030', '1046', '1069', '1047', '1070'], '1038': ['1038', '1048', '1054', '1034', '1062'], '1068': ['1068', '1077', '1075', '1076', '1074'], '1100': ['1100'], '1086': ['1086', '1089', '1044', '1087', '1090', '1091'], '1036': ['1036', '1092', '1150', '1093', '1094', '1151', '1149', '1037', '1144', '1145'], '1088': ['1088', '1142', '1141', '1143', '1139']})"
20,"defaultdict(<class 'list'>, {'1040': ['1040', '1080', '1079', '1081', '1078', '1038', '1048', '1068', '1034', '1067', '1077'], '1095': ['1095', '1082', '1084', '1083', '1085', '1042'], '1096': ['1096', '1138', '1135', '1137', '1139', '1136', '1140'], '1041': ['1041', '1126', '1125', '1127', '1043', '1121', '1122', '1123', '1045', '1124', '1145'], '1128': ['1128', '1129', '1132', '1130', '1134', '1131', '1120', '1133'], '1032': ['1032', '1160', '1161', '1162', '1146', '1098', '1099'], '1052': ['1052', '1053', '1049', '1050', '1054', '1051', '1055', '1062'], '1063': ['1063', '1066', '1064', '1065', '1031'], '1057': ['1057', '1060', '1061', '1058', '1059', '1071'], '1147': ['1147', '1148', '1158', '1157', '1159', '1156', '1154', '1155'], '1056': ['1056', '1030', '1046', '1069', '1047', '1070'], '1072': ['1072', '1075', '1076', '1073', '1074'], '1033': ['1033', '1101', '1109', '1153', '1100', '1152'], '1102': ['1102', '1103', '1104', '1117', '1118'], '1105': ['1105', '1106', '1113', '1107', '1114'], '1108': ['1108', '1115', '1116', '1119'], '1110': ['1110', '1039', '1097', '1112', '1035', '1111'], '1086': ['1086', '1087', '1088', '1141', '1143', '1142'], '1089': ['1089', '1092', '1044', '1090', '1091', '1036'], '1150': ['1150', '1093', '1094', '1144', '1149', '1037', '1151']})"
20,"defaultdict(<class 'list'>, {'1040': ['1040', '1080', '1079', '1077', '1078'], '1081': ['1081', '1095', '1082', '1084', '1042', '1083', '1085', '1086', '1087'], '1096': ['1096', '1136', '1135', '1137', '1140', '1138', '1088', '1142', '1141', '1143', '1139'], '1041': ['1041', '1126', '1125', '1127', '1043', '1121', '1122', '1123', '1045', '1124'], '1128': ['1128', '1129', '1132', '1130', '1134', '1131', '1120', '1133'], '1032': ['1032', '1063', '1066', '1068', '1067'], '1052': ['1052'], '1160': ['1160', '1161', '1162', '1146', '1147', '1148', '1158', '1157', '1159', '1156', '1092', '1145'], '1051': ['1051', '1055', '1056', '1049', '1050'], '1057': ['1057', '1060', '1061', '1058', '1059', '1071', '1106'], '1053': ['1053', '1038', '1048', '1054', '1034', '1062'], '1072': ['1072', '1075', '1076', '1073', '1074'], '1033': ['1033', '1109', '1105', '1113', '1114'], '1101': ['1101', '1102', '1103', '1039', '1097', '1098', '1099', '1035', '1112', '1100'], '1153': ['1153', '1155', '1154', '1036', '1150', '1151', '1152'], '1108': ['1108', '1107', '1115', '1116', '1119', '1118'], '1110': ['1110', '1111', '1069', '1064', '1065', '1070', '1031'], '1104': ['1104', '1030', '1046', '1047', '1117'], '1089': ['1089', '1044', '1090', '1091'], '1093': ['1093', '1094', '1144', '1149', '1037']})"
20,"defaultdict(<class 'list'>, {'1040': ['1040', '1080', '1081', '1082', '1078', '1095', '1083'], '1079': ['1079', '1077', '1075', '1076', '1074'], '1084': ['1084', '1042', '1085', '1086', '1089', '1044', '1087', '1090', '1091'], '1096': ['1096', '1138', '1135', '1137', '1139', '1136', '1140', '1088', '1142', '1141', '1143'], '1041': ['1041', '1126', '1125', '1127', '1043', '1121', '1122', '1123', '1045', '1124'], '1128': ['1128', '1131', '1132', '1130', '1133', '1129', '1134'], '1032': ['1032', '1052', '1063', '1053', '1049', '1160', '1161', '1162', '1146'], '1051': ['1051', '1055', '1056', '1046', '1047'], '1057': ['1057', '1060', '1061', '1105', '1106', '1107', '1058', '1059', '1062'], '1071': ['1071', '1072', '1073'], '1147': ['1147', '1148', '1158', '1157', '1159', '1033', '1153', '1155', '1156'], '1066': ['1066', '1030', '1069', '1064', '1065', '1070', '1031'], '1101': ['1101', '1102', '1103', '1039', '1097', '1098', '1099', '1035', '1100', '1104'], '1109': ['1109', '1110', '1112', '1111'], '1113': ['1113', '1114', '1115'], '1154': ['1154', '1036', '1150', '1151', '1152', '1092', '1093', '1094', '1144', '1149', '1037', '1145'], '1108': ['1108'], '1038': ['1038', '1048', '1068', '1034', '1067', '1054'], '1050': ['1050'], '1117': ['1117', '1118', '1116', '1119', '1120']})"
20,"defaultdict(<class 'list'>, {'1040': ['1040', '1080', '1079', '1081', '1078'], '1095': ['1095', '1082', '1084', '1042', '1085', '1086', '1089', '1044', '1087', '1090', '1091', '1083'], '1096': ['1096', '1136', '1135', '1137', '1140', '1138', '1088', '1142', '1141', '1143', '1139'], '1041': ['1041', '1126', '1125', '1127', '1128', '1124', '1043', '1121', '1122', '1123', '1045', '1132'], '1129': ['1129', '1131', '1120', '1130', '1134'], '1032': ['1032', '1160', '1161', '1162', '1146'], '1052': ['1052', '1053', '1049', '1050', '1054', '1051', '1055', '1061', '1062'], '1063': ['1063', '1066', '1038', '1048', '1068', '1034', '1067'], '1057': ['1057', '1060', '1071', '1072'], '1147': ['1147', '1148', '1158', '1157', '1159', '1153', '1154', '1155', '1156', '1152'], '1056': ['1056'], '1033': ['1033', '1101', '1102', '1103', '1100'], '1109': ['1109', '1110', '1064', '1065', '1031'], '1105': ['1105', '1106', '1113', '1058', '1059', '1114'], '1108': ['1108', '1107', '1115', '1116', '1119'], '1104': ['1104', '1030', '1046', '1069', '1047', '1070'], '1039': ['1039', '1097', '1098', '1099', '1035', '1112', '1111', '1117', '1118'], '1036': ['1036', '1092', '1150', '1145', '1093', '1094', '1151', '1149', '1037', '1144'], '1077': ['1077', '1075', '1076', '1073', '1074'], '1133': ['1133']})"
21,"defaultdict(<class 'list'>, {'1040': ['1040', '1080', '1081', '1078', '1079', '1077', '1075', '1076', '1074'], '1095': ['1095', '1082', '1084', '1042', '1085', '1086', '1087', '1083', '1089', '1044', '1090', '1091'], '1096': ['1096', '1138', '1135', '1137', '1139', '1136', '1088', '1142', '1141', '1143', '1140'], '1041': ['1041', '1126', '1125', '1127', '1124', '1128', '1131', '1132', '1130', '1133', '1129', '1134'], '1032': ['1032', '1160', '1161', '1162', '1146', '1147', '1148', '1158', '1157', '1159', '1156', '1145'], '1052': ['1052', '1053'], '1063': ['1063', '1066', '1038', '1048', '1068', '1034', '1067'], '1051': ['1051', '1055', '1056', '1049', '1050'], '1057': ['1057', '1060', '1061', '1062', '1073', '1071', '1072'], '1033': ['1033', '1153', '1154', '1155', '1152'], '1101': ['1101', '1102', '1098', '1099', '1100'], '1109': ['1109', '1105', '1106', '1107', '1058', '1059', '1113'], '1103': ['1103', '1104', '1030', '1046', '1047'], '1108': ['1108'], '1110': ['1110', '1111', '1064', '1065', '1031'], '1114': ['1114', '1069', '1070'], '1054': ['1054'], '1039': ['1039', '1097', '1112', '1035', '1117'], '1043': ['1043', '1121', '1122', '1123', '1045'], '1036': ['1036', '1092', '1150', '1093', '1094', '1151', '1149', '1037', '1144'], '1115': ['1115', '1118', '1116', '1119', '1120']})"
21,"defaultdict(<class 'list'>, {'1040': ['1040', '1080', '1079', '1081', '1078'], '1095': ['1095', '1082', '1084', '1042', '1085', '1086', '1089', '1044', '1087', '1090', '1091', '1083'], '1096': ['1096', '1136', '1135', '1137', '1140', '1138', '1088', '1142', '1141', '1143', '1139'], '1041': ['1041', '1126', '1125', '1127', '1128', '1124', '1043', '1121', '1122', '1123', '1045', '1132'], '1129': ['1129', '1131', '1120', '1130', '1134'], '1032': ['1032', '1160', '1161', '1162', '1146'], '1052': ['1052', '1053', '1049', '1050', '1054', '1051', '1055', '1061', '1062'], '1063': ['1063', '1066', '1038', '1048', '1068', '1034', '1067'], '1057': ['1057', '1060', '1071', '1072'], '1147': ['1147', '1148', '1158', '1157', '1159', '1153', '1154', '1155', '1156', '1152'], '1056': ['1056'], '1033': ['1033', '1101', '1102', '1103', '1100'], '1109': ['1109', '1110', '1064', '1065', '1031'], '1105': ['1105', '1106', '1113', '1058', '1059'], '1108': ['1108', '1107', '1115', '1116', '1119'], '1104': ['1104', '1030', '1046', '1069', '1047', '1070'], '1114': ['1114'], '1039': ['1039', '1097', '1098', '1099', '1035', '1112', '1111', '1117', '1118'], '1036': ['1036', '1092', '1150', '1145', '1093', '1094', '1151', '1149', '1037', '1144'], '1077': ['1077', '1075', '1076', '1073', '1074'], '1133': ['1133']})"
21,"defaultdict(<class 'list'>, {'1040': ['1040', '1080', '1079', '1081', '1078', '1095', '1082', '1083'], '1084': ['1084', '1042', '1085', '1086', '1089', '1044', '1087', '1090', '1091'], '1096': ['1096', '1138', '1135', '1137', '1139', '1136', '1088', '1142', '1141', '1143', '1140'], '1041': ['1041', '1126', '1125', '1127', '1043', '1121', '1122', '1123', '1045', '1124'], '1128': ['1128', '1131', '1132', '1130', '1133', '1129', '1134'], '1032': ['1032', '1052', '1063', '1053', '1049', '1051', '1055', '1050', '1054'], '1160': ['1160', '1161', '1162'], '1057': ['1057', '1060', '1061', '1058', '1059', '1062', '1071'], '1147': ['1147', '1148', '1158', '1157', '1159', '1153', '1154', '1155', '1156', '1152'], '1066': ['1066'], '1056': ['1056'], '1072': ['1072'], '1033': ['1033', '1109', '1110', '1039', '1097', '1112', '1035', '1111'], '1101': ['1101', '1102', '1098', '1099', '1100', '1103', '1108'], '1105': ['1105', '1106', '1113', '1107', '1114'], '1104': ['1104', '1030', '1046', '1069', '1064', '1065', '1070', '1031', '1047'], '1038': ['1038', '1048', '1068', '1034', '1067'], '1036': ['1036', '1092', '1150', '1093', '1094', '1144', '1149', '1037', '1145', '1151', '1146'], '1115': ['1115'], '1077': ['1077', '1075', '1076', '1073', '1074'], '1117': ['1117', '1118', '1116', '1119', '1120']})"
21,"defaultdict(<class 'list'>, {'1040': ['1040', '1080', '1038', '1048', '1068', '1034', '1067', '1077', '1078'], '1079': ['1079', '1081', '1095', '1082', '1084', '1042', '1083', '1085'], '1096': ['1096', '1136', '1135', '1137', '1140', '1138', '1088', '1142', '1141', '1143', '1139'], '1041': ['1041', '1126', '1125', '1127', '1124', '1129', '1122', '1123', '1045', '1043', '1121', '1134'], '1128': ['1128', '1131', '1120', '1132', '1133'], '1032': ['1032', '1160', '1161', '1162', '1146'], '1052': ['1052', '1051', '1053', '1049', '1050', '1055', '1054', '1062'], '1063': ['1063', '1057', '1060', '1071', '1061'], '1147': ['1147', '1036', '1092', '1150', '1093', '1094', '1151', '1149', '1037', '1145', '1144', '1091'], '1148': ['1148', '1158', '1157', '1159', '1153', '1154', '1155', '1156', '1152', '1102'], '1066': ['1066', '1069', '1064', '1065', '1070', '1031'], '1056': ['1056'], '1072': ['1072', '1075', '1076', '1073', '1074'], '1033': ['1033', '1109', '1113', '1114'], '1101': ['1101', '1108', '1100'], '1103': ['1103', '1104', '1030', '1046', '1047'], '1105': ['1105', '1106', '1107', '1058', '1059'], '1110': ['1110', '1039', '1097', '1112', '1035', '1111', '1098', '1099', '1117', '1118'], '1086': ['1086', '1089', '1044', '1087', '1090'], '1115': ['1115', '1116', '1119'], '1130': ['1130']})"
21,"defaultdict(<class 'list'>, {'1040': ['1040'], '1080': ['1080', '1079', '1077', '1076', '1078', '1081', '1082', '1084', '1042', '1083', '1095', '1085'], '1096': ['1096', '1138', '1135', '1137', '1139', '1136', '1140', '1088', '1142', '1141', '1143'], '1041': ['1041', '1126', '1125', '1127', '1124', '1129', '1122', '1123', '1045', '1043', '1121', '1134'], '1128': ['1128'], '1131': ['1131', '1120', '1132', '1130', '1133'], '1032': ['1032', '1052', '1063', '1053', '1049', '1051', '1038', '1048', '1050', '1034', '1055', '1054'], '1160': ['1160', '1147', '1161', '1162', '1146', '1093', '1094', '1145', '1144', '1037'], '1057': ['1057', '1071', '1072', '1073', '1074', '1060', '1061', '1062'], '1148': ['1148', '1158', '1157', '1159', '1156', '1033', '1109', '1153', '1155', '1152'], '1066': ['1066', '1068', '1067'], '1056': ['1056', '1030', '1046', '1047', '1075'], '1101': ['1101', '1102', '1103', '1100'], '1105': ['1105', '1106', '1107', '1058', '1059', '1113', '1114'], '1154': ['1154', '1150', '1151'], '1108': ['1108', '1115', '1116', '1119'], '1110': ['1110', '1069', '1064', '1065', '1070', '1031'], '1104': ['1104'], '1039': ['1039', '1097', '1098', '1099', '1035', '1112', '1111', '1117', '1118'], '1086': ['1086', '1089', '1044', '1087', '1090', '1036', '1092', '1091'], '1149': ['1149']})"
21,"defaultdict(<class 'list'>, {'1040': ['1040', '1080', '1081', '1082', '1078', '1079', '1095', '1083', '1077'], '1084': ['1084', '1042', '1085', '1086', '1089', '1044', '1087', '1090', '1091'], '1096': ['1096', '1136', '1135', '1137', '1140', '1138', '1088', '1142', '1141', '1143', '1139'], '1041': ['1041', '1126', '1125', '1127', '1124', '1129', '1122', '1123', '1045', '1043', '1121', '1134'], '1128': ['1128', '1131', '1132', '1133'], '1032': ['1032', '1063', '1066', '1068', '1067'], '1052': ['1052', '1051', '1053', '1049', '1050', '1038', '1048', '1034'], '1160': ['1160', '1147', '1161', '1145', '1146', '1162'], '1055': ['1055', '1056'], '1057': ['1057', '1060', '1071', '1061', '1105', '1106', '1107', '1058', '1059'], '1148': ['1148', '1158', '1157', '1159', '1156', '1033', '1153', '1154', '1155', '1152', '1109'], '1072': ['1072', '1075', '1076', '1073', '1074'], '1101': ['1101', '1102', '1039', '1097', '1098', '1099', '1035', '1112', '1100', '1111'], '1103': ['1103', '1104'], '1113': ['1113', '1114', '1115'], '1108': ['1108'], '1110': ['1110', '1030', '1046', '1069', '1047', '1070', '1064', '1065', '1031'], '1054': ['1054', '1062'], '1036': ['1036', '1092', '1150', '1151', '1149', '1093', '1094', '1144', '1037'], '1117': ['1117', '1118', '1116', '1119', '1120'], '1130': ['1130']})"
21,"defaultdict(<class 'list'>, {'1040': ['1040', '1080', '1081', '1082', '1084', '1042', '1083', '1085', '1078', '1095'], '1079': ['1079', '1038', '1048', '1068', '1034', '1067', '1077', '1076'], '1096': ['1096', '1136', '1135', '1137', '1140', '1138', '1088', '1142', '1141', '1143', '1139'], '1041': ['1041', '1126', '1125', '1127', '1043', '1121', '1122', '1123', '1045', '1124'], '1128': ['1128', '1131', '1132', '1130', '1133', '1129', '1134'], '1032': ['1032', '1052', '1053', '1049', '1050', '1054', '1063', '1051', '1055'], '1160': ['1160', '1161', '1162'], '1057': ['1057', '1060', '1071', '1058', '1059', '1072'], '1147': ['1147', '1036', '1092', '1145', '1146', '1150', '1093', '1094', '1151', '1149', '1037', '1144'], '1148': ['1148', '1158', '1157', '1159', '1156', '1153', '1154', '1155', '1152'], '1066': ['1066'], '1056': ['1056'], '1061': ['1061', '1062', '1075', '1073', '1074'], '1033': ['1033', '1101', '1098', '1099', '1100'], '1109': ['1109', '1105', '1106', '1113', '1107'], '1102': ['1102', '1103', '1104', '1117', '1118'], '1108': ['1108'], '1110': ['1110', '1039', '1097', '1112', '1035', '1111'], '1114': ['1114', '1030', '1046', '1069', '1064', '1065', '1070', '1031', '1047'], '1086': ['1086', '1089', '1044', '1087', '1090', '1091'], '1115': ['1115', '1116', '1119', '1120']})"
21,"defaultdict(<class 'list'>, {'1040': ['1040', '1080', '1081', '1095', '1082', '1084', '1083', '1085', '1042'], '1079': ['1079', '1077', '1075', '1076', '1074'], '1096': ['1096', '1138', '1135', '1137', '1139', '1136', '1088', '1142', '1141', '1143', '1140'], '1041': ['1041', '1126', '1125', '1043', '1121', '1122', '1123', '1045', '1124', '1127'], '1128': ['1128', '1129', '1132', '1130', '1134'], '1131': ['1131', '1133'], '1032': ['1032', '1052', '1063', '1053', '1049', '1054'], '1160': ['1160', '1147', '1161', '1145', '1146', '1162'], '1051': ['1051', '1055', '1056', '1050'], '1057': ['1057', '1060', '1061', '1058', '1059', '1071', '1072', '1062', '1073'], '1148': ['1148', '1158', '1157', '1159', '1156', '1033', '1109', '1153', '1155', '1152', '1154'], '1066': ['1066', '1038', '1048', '1068', '1034', '1067'], '1101': ['1101', '1102', '1098', '1099', '1100', '1103', '1108'], '1105': ['1105', '1106', '1113', '1107', '1114'], '1110': ['1110', '1069', '1064', '1065', '1070', '1031'], '1104': ['1104', '1030', '1046', '1047', '1117'], '1039': ['1039', '1097', '1112', '1035', '1111'], '1086': ['1086', '1089', '1044', '1087', '1090'], '1036': ['1036', '1092', '1150', '1093', '1094', '1144', '1149', '1037', '1151', '1091'], '1115': ['1115', '1118', '1116', '1119', '1120'], '1078': ['1078']})"
21,"defaultdict(<class 'list'>, {'1040': ['1040', '1080', '1079', '1081', '1078', '1038', '1048', '1068', '1034', '1067', '1077'], '1095': ['1095', '1082', '1084', '1083', '1085', '1042'], '1096': ['1096', '1138', '1135', '1137', '1139', '1136', '1140'], '1041': ['1041', '1126', '1125', '1127', '1043', '1121', '1122', '1123', '1045', '1124'], '1128': ['1128', '1129', '1132', '1130', '1134', '1131', '1120', '1133'], '1032': ['1032', '1160', '1161', '1162', '1146', '1098', '1099'], '1052': ['1052', '1053', '1049', '1050', '1054', '1051', '1055', '1062'], '1063': ['1063', '1066', '1064', '1065', '1031'], '1057': ['1057', '1060', '1061', '1058', '1059', '1071'], '1147': ['1147', '1148', '1158', '1157', '1159', '1156', '1154', '1155'], '1056': ['1056', '1030', '1046', '1069', '1047', '1070'], '1072': ['1072', '1075', '1076', '1073', '1074'], '1033': ['1033', '1101', '1109', '1153', '1100', '1152'], '1102': ['1102', '1103', '1104', '1117', '1118'], '1105': ['1105', '1106', '1113', '1107', '1114'], '1108': ['1108', '1115', '1116', '1119'], '1110': ['1110', '1039', '1097', '1112', '1035', '1111'], '1086': ['1086', '1087', '1088', '1141', '1143', '1142'], '1089': ['1089', '1092', '1044', '1090', '1091', '1036'], '1150': ['1150', '1093', '1094', '1144', '1149', '1037', '1151'], '1145': ['1145']})"
21,"defaultdict(<class 'list'>, {'1040': ['1040', '1080', '1081', '1082', '1078', '1095', '1083'], '1079': ['1079', '1077', '1075', '1076', '1074'], '1084': ['1084', '1042', '1085', '1086', '1089', '1044', '1087', '1090', '1091'], '1096': ['1096', '1138', '1135', '1137', '1139', '1136', '1140'], '1041': ['1041', '1126', '1125', '1127', '1043', '1121', '1122', '1123', '1045', '1124'], '1128': ['1128', '1131', '1132', '1130', '1133', '1129', '1134'], '1032': ['1032', '1052', '1063', '1053', '1049', '1160', '1161', '1162', '1146'], '1051': ['1051', '1055', '1056', '1046', '1047'], '1057': ['1057', '1060', '1061', '1105', '1106', '1107', '1058', '1059', '1062'], '1071': ['1071', '1072', '1073'], '1147': ['1147', '1148', '1158', '1157', '1159', '1033', '1153', '1155', '1156'], '1066': ['1066', '1030', '1069', '1064', '1065', '1070', '1031'], '1101': ['1101', '1102', '1103', '1039', '1097', '1098', '1099', '1035', '1100', '1104'], '1109': ['1109', '1110', '1112', '1111'], '1113': ['1113', '1114', '1115'], '1154': ['1154', '1036', '1150', '1151', '1152', '1092', '1093', '1094', '1144', '1149', '1037', '1145'], '1108': ['1108'], '1038': ['1038', '1048', '1068', '1034', '1067', '1054'], '1050': ['1050'], '1088': ['1088', '1142', '1141', '1143'], '1117': ['1117', '1118', '1116', '1119', '1120']})"
21,"defaultdict(<class 'list'>, {'1040': ['1040', '1080', '1079', '1077', '1076', '1078', '1068', '1067'], '1081': ['1081', '1082', '1084', '1042', '1083', '1085', '1086', '1089', '1044', '1087', '1090', '1091'], '1095': ['1095', '1136'], '1096': ['1096', '1138', '1135', '1137', '1139'], '1041': ['1041', '1126', '1125', '1127', '1124', '1043', '1121', '1122', '1123', '1045'], '1128': ['1128', '1131', '1132', '1130', '1133', '1129', '1120', '1134'], '1032': ['1032', '1160', '1161', '1162', '1146', '1147', '1148', '1158', '1157', '1159', '1156', '1155'], '1052': ['1052', '1051', '1055', '1056', '1049', '1050', '1053', '1038', '1048', '1054', '1034'], '1063': ['1063', '1071', '1072'], '1057': ['1057', '1060', '1061', '1105', '1106', '1107', '1058', '1059', '1113'], '1066': ['1066'], '1033': ['1033', '1101', '1109', '1153', '1100'], '1102': ['1102', '1103', '1104', '1117', '1118'], '1154': ['1154', '1151', '1152', '1036', '1150', '1092', '1145', '1093', '1094', '1144', '1149', '1037'], '1108': ['1108'], '1110': ['1110', '1030', '1046', '1069', '1064', '1065', '1070', '1031', '1047'], '1114': ['1114', '1115', '1116', '1119'], '1039': ['1039', '1097', '1112', '1035', '1111', '1098', '1099'], '1088': ['1088', '1142', '1141', '1143'], '1062': ['1062', '1075', '1073', '1074'], '1140': ['1140']})"
21,"defaultdict(<class 'list'>, {'1040': ['1040', '1080', '1079', '1081', '1078'], '1095': ['1095', '1082', '1084', '1042', '1085', '1086', '1087', '1083', '1089', '1044'], '1096': ['1096', '1138', '1135', '1137', '1139', '1136', '1088', '1142', '1141', '1143', '1140'], '1041': ['1041', '1126', '1125', '1127', '1124', '1131', '1043', '1121', '1122', '1123', '1045', '1133'], '1128': ['1128', '1129', '1130', '1134'], '1032': ['1032', '1063', '1160', '1161', '1162', '1147', '1148', '1158', '1157', '1159', '1156', '1146'], '1052': ['1052', '1051', '1055', '1056', '1049', '1050', '1053', '1038', '1048', '1054', '1034'], '1057': ['1057', '1060', '1061', '1058', '1059', '1105', '1106', '1113', '1107'], '1071': ['1071', '1072', '1073', '1074'], '1066': ['1066', '1068', '1067', '1077', '1076'], '1033': ['1033', '1153', '1154', '1155', '1152'], '1101': ['1101', '1102', '1098', '1099', '1100', '1103', '1039', '1097', '1035'], '1109': ['1109', '1110', '1112', '1111'], '1108': ['1108', '1114', '1115'], '1104': ['1104', '1030', '1046', '1047'], '1069': ['1069', '1064', '1065', '1070', '1031'], '1036': ['1036', '1092', '1150', '1093', '1094', '1144', '1149', '1037', '1145', '1151', '1090', '1091'], '1062': ['1062'], '1117': ['1117', '1118', '1116', '1119', '1120'], '1075': ['1075'], '1132': ['1132']})"
21,"defaultdict(<class 'list'>, {'1040': ['1040', '1080', '1081', '1078', '1079', '1095', '1082', '1084', '1042', '1083', '1085'], '1096': ['1096', '1138', '1135', '1137', '1139', '1136', '1140'], '1041': ['1041', '1126', '1125', '1127', '1124', '1129', '1043', '1121', '1122', '1123', '1045', '1119'], '1128': ['1128', '1131', '1132', '1130', '1133', '1120', '1134'], '1032': ['1032', '1160', '1161', '1162', '1146'], '1052': ['1052', '1053', '1049', '1050', '1054', '1051', '1055', '1062'], '1063': ['1063', '1057', '1060', '1071', '1061'], '1147': ['1147', '1148', '1158', '1157', '1159', '1156', '1153', '1154', '1155', '1151', '1152'], '1066': ['1066', '1038', '1048', '1068', '1034', '1067', '1064', '1065', '1031'], '1056': ['1056'], '1072': ['1072', '1114', '1070'], '1033': ['1033', '1109', '1113', '1110', '1111'], '1101': ['1101', '1102', '1098', '1099', '1100', '1103', '1039', '1097', '1035', '1112'], '1105': ['1105', '1106', '1107', '1058', '1059'], '1108': ['1108', '1115', '1116'], '1104': ['1104', '1030', '1046', '1047', '1117', '1118'], '1069': ['1069'], '1086': ['1086', '1087', '1088', '1141', '1143', '1089', '1044', '1090', '1142'], '1036': ['1036', '1092', '1150', '1093', '1094', '1144', '1149', '1037', '1145'], '1091': ['1091'], '1077': ['1077', '1075', '1076', '1073', '1074']})"
21,"defaultdict(<class 'list'>, {'1040': ['1040', '1080', '1079', '1081', '1078', '1095', '1082', '1084', '1042', '1083', '1085', '1136'], '1096': ['1096', '1138', '1135', '1137', '1139'], '1041': ['1041', '1126', '1125', '1043', '1121', '1122', '1123', '1045', '1124', '1127', '1129', '1119'], '1128': ['1128', '1131', '1132', '1130', '1133', '1120', '1134'], '1032': ['1032', '1160', '1147', '1161', '1145', '1146', '1162', '1148', '1158', '1157', '1159', '1156'], '1052': ['1052', '1051', '1053', '1049', '1050', '1038', '1048', '1054', '1034', '1055', '1056'], '1063': ['1063', '1071', '1066', '1067'], '1057': ['1057', '1060', '1061', '1058', '1059', '1105', '1106', '1113', '1107'], '1072': ['1072', '1075', '1076', '1073', '1074'], '1033': ['1033', '1153', '1154', '1036', '1150', '1151', '1152', '1155'], '1101': ['1101', '1108', '1100'], '1109': ['1109', '1062'], '1102': ['1102', '1140'], '1103': ['1103', '1104'], '1110': ['1110', '1039', '1097', '1098', '1099', '1035', '1112', '1111', '1117', '1118'], '1114': ['1114', '1030', '1046', '1069', '1047', '1070', '1064', '1065', '1031'], '1068': ['1068', '1077'], '1086': ['1086', '1087', '1088', '1141', '1143', '1142'], '1089': ['1089', '1092', '1044', '1090', '1091'], '1093': ['1093', '1094', '1144', '1149', '1037'], '1115': ['1115', '1116']})"
21,"defaultdict(<class 'list'>, {'1040': ['1040', '1080', '1079', '1081', '1078', '1077', '1075', '1076', '1074'], '1095': ['1095', '1082', '1084', '1042', '1083', '1085', '1086', '1089', '1044', '1087', '1090'], '1096': ['1096', '1138', '1135', '1137', '1139', '1136', '1088', '1142', '1141', '1143', '1140'], '1041': ['1041', '1126', '1125', '1127', '1124', '1043', '1121', '1122', '1123', '1045'], '1128': ['1128', '1129', '1132', '1130', '1134', '1131', '1133'], '1032': ['1032', '1160', '1161', '1162', '1146', '1147', '1148', '1158', '1157', '1159', '1156', '1145'], '1052': ['1052'], '1063': ['1063'], '1051': ['1051', '1055', '1056', '1049', '1050'], '1057': ['1057', '1060', '1071', '1061', '1105', '1106', '1107', '1058', '1059'], '1053': ['1053', '1054', '1062'], '1066': ['1066', '1110', '1064', '1065'], '1072': ['1072', '1070', '1073'], '1033': ['1033', '1109', '1153', '1155', '1152', '1154'], '1101': ['1101', '1102', '1098', '1099', '1100', '1103', '1108'], '1113': ['1113', '1114', '1115'], '1104': ['1104', '1030', '1046', '1069', '1047', '1031'], '1038': ['1038', '1048', '1068', '1034', '1067'], '1039': ['1039', '1097', '1112', '1035', '1111'], '1036': ['1036', '1092', '1150', '1151', '1149', '1093', '1094', '1144', '1037', '1091'], '1117': ['1117', '1118', '1116', '1119', '1120']})"
21,"defaultdict(<class 'list'>, {'1040': ['1040', '1080', '1079', '1077', '1076', '1078', '1081', '1082', '1083', '1095'], '1084': ['1084', '1042', '1085', '1086', '1089', '1044', '1087', '1090', '1091'], '1096': ['1096', '1138', '1135', '1137', '1139', '1136', '1088', '1142', '1141', '1143', '1140'], '1041': ['1041', '1126', '1125', '1127', '1124', '1043', '1121', '1122', '1123', '1045'], '1128': ['1128', '1131', '1132', '1130', '1133', '1129', '1120', '1134'], '1032': ['1032', '1160', '1161', '1162', '1146', '1147', '1148', '1158', '1157', '1159', '1156', '1145'], '1052': ['1052'], '1063': ['1063', '1071', '1066', '1067'], '1051': ['1051', '1055', '1056', '1049', '1050'], '1057': ['1057', '1060', '1061', '1105', '1106', '1107', '1058', '1059', '1113'], '1053': ['1053', '1038', '1048', '1054', '1034', '1068'], '1072': ['1072', '1075', '1073', '1074'], '1033': ['1033', '1101', '1109', '1153', '1100', '1154', '1155', '1152'], '1102': ['1102', '1103'], '1108': ['1108', '1115', '1116'], '1110': ['1110', '1111', '1064', '1065', '1031'], '1104': ['1104'], '1114': ['1114', '1030', '1046', '1069', '1047', '1070'], '1039': ['1039', '1097', '1112', '1035', '1117', '1098', '1099', '1118', '1119'], '1036': ['1036', '1092', '1150', '1093', '1094', '1151', '1149', '1037', '1144'], '1062': ['1062']})"
21,"defaultdict(<class 'list'>, {'1040': ['1040', '1080', '1081', '1082', '1078', '1079', '1084', '1042', '1083', '1095'], '1096': ['1096', '1138', '1135', '1137', '1139', '1136', '1088', '1142', '1141', '1143', '1140'], '1041': ['1041', '1126', '1125', '1127', '1128', '1124', '1043', '1121', '1122', '1123', '1045', '1132'], '1129': ['1129', '1131', '1120', '1130', '1134'], '1032': ['1032', '1160', '1147', '1161', '1145', '1146', '1148', '1158', '1157', '1159', '1156', '1162'], '1052': ['1052', '1053', '1049', '1050', '1054', '1051', '1055', '1062'], '1063': ['1063', '1071', '1072'], '1057': ['1057', '1060', '1061', '1105', '1106', '1107', '1058', '1059', '1113'], '1066': ['1066'], '1056': ['1056', '1077', '1075', '1076', '1074'], '1033': ['1033', '1153', '1154', '1155', '1152'], '1101': ['1101', '1102', '1098', '1099', '1100', '1103', '1039', '1097', '1035', '1104'], '1109': ['1109'], '1108': ['1108', '1114', '1115'], '1110': ['1110', '1111', '1064', '1065', '1031', '1030', '1046', '1069', '1047', '1070'], '1038': ['1038', '1048', '1068', '1034', '1067'], '1112': ['1112', '1117', '1118', '1116', '1119'], '1085': ['1085', '1086', '1089', '1044', '1087', '1090', '1091'], '1036': ['1036', '1092', '1150', '1093', '1094', '1151', '1149', '1037', '1144'], '1073': ['1073'], '1133': ['1133']})"
21,"defaultdict(<class 'list'>, {'1040': ['1040', '1080', '1079', '1081', '1078', '1068', '1077'], '1095': ['1095', '1082', '1084', '1083', '1085', '1042', '1086', '1089', '1044', '1087', '1090', '1091'], '1096': ['1096', '1138', '1135', '1137', '1139', '1136', '1088', '1142', '1141', '1143', '1140'], '1041': ['1041', '1126', '1125', '1127', '1124'], '1128': ['1128', '1131', '1132', '1130', '1133', '1129', '1120', '1134'], '1032': ['1032', '1160', '1161', '1162', '1146', '1147', '1148', '1158', '1157', '1159', '1156', '1145'], '1052': ['1052', '1051', '1053', '1038', '1048', '1054', '1034', '1049', '1050', '1055', '1056'], '1063': ['1063', '1057', '1071', '1066', '1067'], '1060': ['1060', '1105', '1106', '1107', '1058', '1059', '1108'], '1061': ['1061', '1062', '1075', '1073', '1074', '1076'], '1072': ['1072'], '1033': ['1033', '1153', '1154', '1155', '1152', '1093', '1094', '1151', '1149', '1037'], '1101': ['1101', '1102', '1098', '1099', '1100'], '1109': ['1109', '1110', '1039', '1097', '1112', '1111', '1035'], '1103': ['1103', '1104', '1030', '1046', '1047'], '1113': ['1113', '1114'], '1069': ['1069', '1064', '1065', '1070', '1031'], '1043': ['1043', '1121', '1122', '1123', '1045'], '1036': ['1036', '1092', '1150'], '1144': ['1144'], '1115': ['1115', '1117', '1118', '1116', '1119']})"
21,"defaultdict(<class 'list'>, {'1040': ['1040', '1080', '1079', '1038', '1048', '1068', '1034', '1067', '1077', '1076', '1078', '1081'], '1095': ['1095', '1082', '1084', '1042', '1083', '1085', '1096'], '1136': ['1136', '1141', '1140'], '1138': ['1138', '1137', '1139'], '1041': ['1041', '1126', '1125', '1043', '1121', '1122', '1123', '1045', '1124', '1127', '1071'], '1128': ['1128', '1131', '1132', '1130', '1133', '1129', '1120', '1134', '1162'], '1032': ['1032', '1052', '1063', '1053', '1049', '1160', '1146'], '1051': ['1051', '1055', '1056', '1050'], '1057': ['1057', '1060', '1061', '1105', '1106', '1107', '1058', '1059', '1113'], '1147': ['1147', '1148', '1158', '1157', '1159', '1156', '1161', '1033', '1153', '1154', '1155', '1152'], '1066': ['1066'], '1072': ['1072', '1075', '1073', '1074'], '1101': ['1101', '1102', '1103', '1039', '1097', '1098', '1099', '1035', '1100', '1104'], '1109': ['1109', '1110'], '1108': ['1108', '1115', '1116'], '1114': ['1114', '1030', '1046', '1069', '1064', '1065', '1070', '1031', '1047'], '1054': ['1054', '1062'], '1112': ['1112', '1111', '1117', '1118', '1119'], '1086': ['1086', '1089', '1044', '1087', '1090', '1088', '1142', '1091'], '1036': ['1036', '1092', '1150', '1151', '1149', '1093', '1094', '1144', '1037', '1143', '1145'], '1135': ['1135']})"
21,"defaultdict(<class 'list'>, {'1040': ['1040', '1080', '1079', '1081', '1078', '1095', '1082', '1084', '1042', '1083', '1085', '1077'], '1096': ['1096', '1138', '1135', '1137', '1139', '1136', '1140', '1088', '1142', '1141', '1143'], '1041': ['1041'], '1126': ['1126', '1125', '1127', '1043', '1121', '1122', '1123', '1045', '1124'], '1128': ['1128', '1131', '1132', '1130', '1133', '1129', '1120', '1134'], '1032': ['1032', '1052', '1053', '1038', '1048', '1054', '1034', '1049', '1050', '1068'], '1063': ['1063', '1057', '1071', '1072'], '1160': ['1160', '1147', '1161', '1162', '1146'], '1051': ['1051', '1055', '1056', '1046', '1047'], '1060': ['1060'], '1148': ['1148', '1158', '1157', '1159', '1156', '1033', '1153', '1154', '1155', '1152', '1101'], '1066': ['1066', '1067', '1064', '1065', '1031'], '1061': ['1061', '1062', '1075', '1073', '1074', '1076'], '1109': ['1109', '1105', '1113', '1110'], '1102': ['1102', '1039', '1097', '1098', '1099', '1035', '1112', '1100', '1111'], '1103': ['1103', '1104', '1117'], '1106': ['1106', '1108', '1107', '1058', '1059'], '1114': ['1114', '1115', '1118', '1116', '1119'], '1030': ['1030', '1069', '1070'], '1086': ['1086', '1089', '1044', '1087', '1090', '1091'], '1036': ['1036', '1092', '1150', '1093', '1094', '1151', '1149', '1037', '1144', '1145']})"
21,"defaultdict(<class 'list'>, {'1040': ['1040', '1080', '1079', '1081', '1078', '1095', '1082', '1084', '1042', '1083', '1085', '1138'], '1096': ['1096', '1136', '1135', '1137', '1140'], '1041': ['1041', '1126', '1125', '1043', '1121', '1122', '1123', '1045', '1124', '1127'], '1128': ['1128', '1129', '1132', '1130', '1134', '1131', '1120', '1133'], '1032': ['1032', '1052', '1063', '1053', '1049', '1051', '1038', '1048', '1050', '1034', '1054'], '1160': ['1160', '1147', '1161', '1162', '1146', '1145', '1148', '1158', '1157', '1159', '1156'], '1055': ['1055', '1056', '1030', '1046', '1047'], '1057': ['1057', '1060', '1071', '1061', '1105', '1106', '1107', '1058', '1059'], '1066': ['1066', '1067', '1064', '1065', '1031', '1069'], '1072': ['1072', '1070', '1073'], '1033': ['1033', '1153', '1154', '1036', '1150', '1151', '1152', '1155'], '1101': ['1101', '1102', '1103', '1108', '1100'], '1109': ['1109', '1113'], '1110': ['1110', '1039', '1097', '1098', '1099', '1035', '1112', '1111', '1117'], '1104': ['1104'], '1114': ['1114', '1115', '1118', '1116', '1119'], '1068': ['1068', '1077', '1075', '1076', '1074'], '1086': ['1086', '1089', '1044', '1087', '1090', '1092', '1091'], '1093': ['1093', '1094', '1144', '1149', '1037'], '1088': ['1088', '1142', '1141', '1143', '1139'], '1062': ['1062']})"
21,"defaultdict(<class 'list'>, {'1040': ['1040', '1080', '1081', '1095', '1082', '1084', '1042', '1083', '1085', '1079', '1077', '1078'], '1096': ['1096', '1138', '1135', '1137', '1139'], '1136': ['1136', '1140'], '1041': ['1041', '1126', '1125', '1043', '1121', '1122', '1123', '1045', '1124', '1127'], '1128': ['1128', '1129', '1132', '1130', '1134', '1131', '1133'], '1032': ['1032', '1052', '1051', '1053', '1049', '1050', '1063', '1055', '1054'], '1160': ['1160', '1147', '1161', '1162', '1146', '1036', '1092', '1145'], '1057': ['1057', '1060', '1061', '1058', '1059', '1071', '1062'], '1148': ['1148', '1158', '1157', '1159', '1156', '1153', '1154', '1155', '1152'], '1066': ['1066', '1069', '1064', '1065', '1070', '1031'], '1056': ['1056'], '1072': ['1072', '1075', '1076', '1073', '1074'], '1033': ['1033', '1101', '1102', '1039', '1097', '1098', '1099', '1035', '1100'], '1109': ['1109', '1110', '1112', '1111'], '1103': ['1103', '1104', '1030', '1046', '1047'], '1105': ['1105', '1106', '1113', '1107', '1114', '1108', '1115'], '1038': ['1038', '1048', '1068', '1034', '1067'], '1086': ['1086', '1089', '1044', '1087', '1090', '1088', '1142', '1141', '1143', '1091'], '1150': ['1150', '1093', '1094', '1151', '1149', '1037'], '1144': ['1144'], '1117': ['1117', '1118', '1116', '1119', '1120']})"
21,"defaultdict(<class 'list'>, {'1040': ['1040', '1080', '1079', '1081', '1078', '1095', '1082', '1084', '1042', '1083', '1085', '1086'], '1096': ['1096', '1138', '1135', '1137', '1139', '1136', '1088', '1142', '1141', '1143', '1140'], '1041': ['1041', '1126', '1125', '1127', '1043', '1121', '1122', '1123', '1045', '1124', '1129', '1134'], '1128': ['1128', '1131', '1132', '1133'], '1032': ['1032', '1063', '1160', '1161', '1162', '1147', '1148', '1158', '1157', '1159', '1156', '1146'], '1052': ['1052', '1051', '1053', '1049', '1050', '1055', '1054', '1038', '1048', '1068', '1034', '1067'], '1057': ['1057', '1060', '1071', '1061', '1105', '1106', '1107', '1058', '1059'], '1066': ['1066', '1110', '1064', '1065', '1031'], '1056': ['1056', '1077', '1075', '1076', '1074'], '1072': ['1072', '1062', '1073'], '1033': ['1033', '1101', '1102', '1103', '1039', '1097', '1098', '1099', '1035', '1112', '1111', '1100'], '1109': ['1109', '1130'], '1153': ['1153', '1155', '1154', '1036', '1150', '1151', '1152'], '1113': ['1113', '1114', '1115'], '1108': ['1108'], '1104': ['1104', '1030', '1046', '1069', '1047', '1070'], '1089': ['1089', '1149', '1044', '1090', '1091'], '1092': ['1092'], '1093': ['1093', '1094', '1145', '1144', '1037'], '1087': ['1087'], '1117': ['1117', '1118', '1116', '1119', '1120']})"
21,"defaultdict(<class 'list'>, {'1040': ['1040', '1080', '1079', '1081', '1078', '1095', '1082', '1084', '1042', '1083', '1085', '1086'], '1096': ['1096', '1138', '1135', '1137', '1139', '1136', '1088', '1142', '1141', '1143', '1140'], '1041': ['1041', '1126', '1125', '1127', '1124', '1129', '1043', '1121', '1122', '1123', '1045'], '1128': ['1128', '1131', '1132', '1130', '1133'], '1032': ['1032', '1160', '1161', '1162'], '1052': ['1052', '1053', '1049', '1050', '1054', '1051', '1055'], '1063': ['1063', '1066', '1038', '1048', '1068', '1034', '1067'], '1057': ['1057', '1060', '1071', '1061', '1072', '1062', '1073'], '1147': ['1147', '1036', '1092', '1145', '1146'], '1148': ['1148', '1158', '1157', '1159', '1033', '1153', '1154', '1155', '1151', '1152', '1156'], '1056': ['1056', '1077', '1075', '1076', '1074'], '1101': ['1101', '1102', '1098', '1099', '1100', '1103', '1039', '1097', '1035', '1104'], '1109': ['1109'], '1105': ['1105', '1106', '1107', '1058', '1059', '1113', '1108', '1114', '1115'], '1110': ['1110', '1111', '1064', '1065', '1031', '1112'], '1030': ['1030', '1046', '1069', '1047', '1070'], '1089': ['1089', '1044', '1087', '1090', '1091'], '1150': ['1150'], '1093': ['1093', '1094', '1144', '1149', '1037'], '1117': ['1117', '1118', '1116', '1119', '1120'], '1134': ['1134']})"
21,"defaultdict(<class 'list'>, {'1040': ['1040', '1080', '1081', '1082', '1078', '1084', '1042', '1083', '1085'], '1079': ['1079', '1077', '1075', '1076', '1074'], '1095': ['1095'], '1096': ['1096', '1138', '1135', '1137', '1139', '1136', '1088', '1142', '1141', '1143', '1140'], '1041': ['1041', '1126', '1125', '1127', '1124', '1043', '1121', '1122', '1123', '1045'], '1128': ['1128', '1131', '1132', '1130', '1133', '1129', '1120', '1134', '1119'], '1032': ['1032', '1063', '1071', '1066', '1067'], '1052': ['1052', '1053', '1038', '1048', '1054', '1034', '1049', '1051', '1055', '1050', '1068'], '1160': ['1160', '1147', '1161', '1162', '1146', '1148', '1158', '1157', '1159', '1156'], '1057': ['1057', '1060', '1061', '1058', '1059'], '1056': ['1056', '1104', '1030', '1046', '1047'], '1072': ['1072', '1062', '1073'], '1033': ['1033', '1153', '1154', '1155', '1152'], '1101': ['1101', '1102', '1103', '1100'], '1109': ['1109'], '1105': ['1105', '1106', '1113', '1107', '1114', '1108', '1115', '1116'], '1110': ['1110'], '1039': ['1039', '1097', '1098', '1099', '1035', '1112', '1111', '1117', '1118'], '1069': ['1069', '1064', '1065', '1070', '1031'], '1086': ['1086', '1089', '1087', '1090', '1091', '1044'], '1036': ['1036', '1092', '1150', '1151', '1149', '1093', '1094', '1144', '1037', '1145']})"
21,"defaultdict(<class 'list'>, {'1040': ['1040', '1080', '1081', '1095', '1082', '1084', '1042', '1083', '1085', '1078'], '1079': ['1079', '1077', '1075', '1076', '1074'], '1096': ['1096', '1138', '1135', '1137', '1139', '1136', '1140'], '1041': ['1041', '1126', '1125', '1127', '1043', '1121', '1122', '1123', '1045', '1124', '1128', '1132'], '1129': ['1129', '1130', '1134'], '1131': ['1131', '1120', '1133'], '1032': ['1032', '1160', '1161', '1162', '1146', '1063', '1147', '1148', '1158', '1157', '1159', '1156'], '1052': ['1052', '1051', '1055', '1056', '1049', '1050', '1053', '1054'], '1057': ['1057', '1060', '1061', '1105', '1106', '1107', '1058', '1059', '1062'], '1071': ['1071', '1072', '1073'], '1066': ['1066', '1038', '1048', '1068', '1034', '1067'], '1033': ['1033', '1153', '1154', '1155', '1152', '1109'], '1101': ['1101', '1102', '1098', '1099', '1100'], '1103': ['1103', '1104', '1030', '1046', '1047'], '1113': ['1113'], '1108': ['1108', '1115', '1118', '1116', '1119'], '1110': ['1110', '1039', '1097', '1112', '1035', '1111', '1117'], '1114': ['1114'], '1069': ['1069', '1064', '1065', '1070', '1031'], '1086': ['1086', '1087', '1088', '1141', '1143', '1089', '1044', '1090', '1091', '1142'], '1036': ['1036', '1092', '1150', '1151', '1149', '1093', '1094', '1144', '1037', '1145']})"
21,"defaultdict(<class 'list'>, {'1040': ['1040', '1080', '1081', '1082', '1083', '1095'], '1079': ['1079', '1077', '1075', '1076', '1074', '1078'], '1084': ['1084', '1042', '1085', '1086', '1089', '1044', '1087', '1090', '1091', '1088'], '1096': ['1096', '1138', '1135', '1137', '1139'], '1136': ['1136', '1141', '1140'], '1041': ['1041', '1126', '1125', '1127', '1124', '1128', '1129', '1132', '1130', '1134', '1131', '1133'], '1032': ['1032', '1063', '1160', '1147', '1148', '1158', '1157', '1159', '1156', '1161', '1162', '1146'], '1052': ['1052', '1053', '1049', '1050', '1054', '1051', '1055', '1062'], '1057': ['1057', '1060', '1061', '1058', '1059'], '1071': ['1071', '1072', '1073'], '1066': ['1066', '1038', '1048', '1068', '1034', '1067', '1043', '1121', '1122', '1123', '1045'], '1056': ['1056'], '1033': ['1033', '1153', '1154', '1155', '1152', '1109'], '1101': ['1101', '1102', '1098', '1099', '1100', '1103', '1108'], '1105': ['1105', '1106', '1113', '1107', '1114'], '1110': ['1110', '1111', '1064', '1065', '1031', '1039', '1097', '1112', '1035'], '1104': ['1104', '1030', '1046', '1069', '1047', '1070'], '1036': ['1036', '1092', '1150', '1093', '1094', '1144', '1149', '1037', '1151', '1145', '1143'], '1142': ['1142'], '1115': ['1115', '1118', '1116', '1119', '1120'], '1117': ['1117']})"
21,"defaultdict(<class 'list'>, {'1040': ['1040', '1080', '1079', '1077', '1078'], '1081': ['1081', '1095', '1082', '1084', '1042', '1083', '1085', '1086', '1087'], '1096': ['1096', '1136', '1135', '1137', '1140', '1138', '1088', '1142', '1141', '1143', '1139'], '1041': ['1041', '1126', '1125', '1127', '1043', '1121', '1122', '1123', '1045', '1124'], '1128': ['1128', '1129', '1132', '1130', '1134', '1131', '1120', '1133'], '1032': ['1032', '1063', '1066', '1068', '1067'], '1052': ['1052'], '1160': ['1160', '1161', '1162', '1146', '1147', '1148', '1158', '1157', '1159', '1156', '1092', '1145'], '1051': ['1051', '1055', '1056', '1049', '1050'], '1057': ['1057', '1060', '1061', '1058', '1059', '1071', '1106'], '1053': ['1053', '1038', '1048', '1054', '1034', '1062'], '1072': ['1072', '1075', '1076', '1073', '1074'], '1033': ['1033', '1109', '1105', '1113', '1114'], '1101': ['1101', '1102', '1103', '1039', '1097', '1098', '1099', '1035', '1112', '1100'], '1153': ['1153', '1155'], '1154': ['1154', '1036', '1150', '1151', '1152'], '1108': ['1108', '1107', '1115', '1116', '1119', '1118'], '1110': ['1110', '1111', '1069', '1064', '1065', '1070', '1031'], '1104': ['1104', '1030', '1046', '1047', '1117'], '1089': ['1089', '1044', '1090', '1091'], '1093': ['1093', '1094', '1144', '1149', '1037']})"
21,"defaultdict(<class 'list'>, {'1040': ['1040', '1080', '1079', '1081', '1078', '1095', '1082', '1084', '1042', '1083', '1085', '1096'], '1136': ['1136', '1135', '1140'], '1138': ['1138', '1137', '1139'], '1041': ['1041', '1126', '1125', '1127', '1043', '1121', '1122', '1123', '1045', '1124', '1128', '1132'], '1129': ['1129', '1130', '1134'], '1131': ['1131', '1133'], '1032': ['1032', '1160', '1161', '1162', '1146', '1147', '1148', '1158', '1156', '1157', '1159'], '1052': ['1052', '1051', '1053', '1049', '1050', '1055', '1054', '1062'], '1063': ['1063', '1071', '1072'], '1057': ['1057', '1060', '1061', '1105', '1106', '1107', '1058', '1059', '1113'], '1066': ['1066', '1038', '1048', '1068', '1034', '1067'], '1056': ['1056', '1104'], '1033': ['1033', '1153', '1154', '1155', '1152'], '1101': ['1101', '1102', '1103', '1108', '1100'], '1109': ['1109', '1110'], '1114': ['1114', '1030', '1046', '1069', '1064', '1065', '1070', '1031', '1047'], '1039': ['1039', '1097', '1098', '1099', '1035', '1112', '1111', '1117', '1118'], '1086': ['1086', '1089', '1044', '1087', '1090', '1088', '1142', '1091', '1141', '1143'], '1036': ['1036', '1092', '1150', '1093', '1094', '1151', '1149', '1037', '1144', '1145'], '1115': ['1115', '1116', '1119', '1120'], '1077': ['1077', '1075', '1076', '1073', '1074']})"
22,"defaultdict(<class 'list'>, {'1040': ['1040', '1080', '1079', '1081', '1078', '1095', '1082', '1084', '1042', '1083', '1085', '1086'], '1096': ['1096', '1138', '1135', '1137', '1139', '1136', '1088', '1142', '1141', '1143', '1140'], '1041': ['1041', '1126', '1125', '1127', '1124', '1129', '1043', '1121', '1122', '1123', '1045'], '1128': ['1128', '1131', '1132', '1130', '1133'], '1032': ['1032', '1160', '1161', '1162'], '1052': ['1052', '1053', '1049', '1050', '1054', '1051', '1055'], '1063': ['1063', '1066', '1038', '1048', '1068', '1034', '1067'], '1057': ['1057', '1060', '1071', '1061', '1072', '1062', '1073'], '1147': ['1147', '1036', '1092', '1145', '1146'], '1148': ['1148', '1158', '1157', '1159', '1033', '1153', '1154', '1155', '1151', '1152', '1156'], '1056': ['1056', '1077', '1075', '1076', '1074'], '1101': ['1101', '1102', '1098', '1099', '1100', '1103', '1039', '1097', '1035', '1104'], '1109': ['1109'], '1105': ['1105', '1106', '1107', '1058', '1059', '1113', '1108', '1114', '1115'], '1110': ['1110', '1111', '1064', '1065', '1031'], '1112': ['1112'], '1030': ['1030', '1046', '1069', '1047', '1070'], '1089': ['1089', '1044', '1087', '1090', '1091'], '1150': ['1150'], '1093': ['1093', '1094', '1144', '1149', '1037'], '1117': ['1117', '1118', '1116', '1119', '1120'], '1134': ['1134']})"
22,"defaultdict(<class 'list'>, {'1040': ['1040', '1080', '1081', '1082', '1083', '1095'], '1079': ['1079', '1077', '1075', '1076', '1074', '1078'], '1084': ['1084', '1042', '1085', '1086', '1089', '1044', '1087', '1090', '1091', '1088'], '1096': ['1096', '1138', '1135', '1137', '1139'], '1136': ['1136', '1141', '1140'], '1041': ['1041', '1126', '1125', '1127', '1124', '1128', '1129', '1132', '1130', '1134', '1131', '1133'], '1032': ['1032', '1063', '1160', '1147', '1148', '1158', '1157', '1159', '1156', '1161', '1162', '1146'], '1052': ['1052', '1053', '1049', '1050', '1054', '1051', '1055', '1062'], '1057': ['1057', '1060', '1061', '1058', '1059'], '1071': ['1071', '1072', '1073'], '1066': ['1066', '1038', '1048', '1068', '1034', '1067'], '1056': ['1056'], '1033': ['1033', '1153', '1154', '1155', '1152', '1109'], '1101': ['1101', '1102', '1098', '1099', '1100', '1103', '1108'], '1105': ['1105', '1106', '1113', '1107', '1114'], '1110': ['1110', '1111', '1064', '1065', '1031', '1039', '1097', '1112', '1035'], '1104': ['1104', '1030', '1046', '1069', '1047', '1070'], '1043': ['1043', '1121', '1122', '1123', '1045'], '1036': ['1036', '1092', '1150', '1093', '1094', '1144', '1149', '1037', '1151', '1145', '1143'], '1142': ['1142'], '1115': ['1115', '1118', '1116', '1119', '1120'], '1117': ['1117']})"
22,"defaultdict(<class 'list'>, {'1040': ['1040', '1080', '1081', '1082', '1078', '1079', '1084', '1042', '1083', '1095'], '1096': ['1096', '1138', '1135', '1137', '1139', '1136', '1088', '1142', '1141', '1143', '1140'], '1041': ['1041', '1126', '1125', '1127', '1128', '1124', '1043', '1121', '1122', '1123', '1045', '1132'], '1129': ['1129', '1131', '1120', '1130', '1134'], '1032': ['1032', '1160', '1147', '1161', '1145', '1146', '1148', '1158', '1157', '1159', '1156', '1162'], '1052': ['1052', '1053', '1049', '1050', '1054', '1051', '1055', '1062'], '1063': ['1063', '1071', '1072'], '1057': ['1057', '1060', '1061', '1105', '1106', '1107', '1058', '1059', '1113'], '1066': ['1066'], '1056': ['1056', '1077', '1075', '1076', '1074'], '1033': ['1033', '1153', '1154', '1155', '1152'], '1101': ['1101', '1102', '1098', '1099', '1100', '1103', '1039', '1097', '1035'], '1109': ['1109'], '1108': ['1108', '1114', '1115'], '1110': ['1110', '1111', '1064', '1065', '1031', '1030', '1046', '1069', '1047', '1070'], '1104': ['1104'], '1038': ['1038', '1048', '1068', '1034', '1067'], '1112': ['1112', '1117', '1118', '1116', '1119'], '1085': ['1085', '1086', '1089', '1044', '1087', '1090', '1091'], '1036': ['1036', '1092', '1150', '1093', '1094', '1151', '1149', '1037', '1144'], '1073': ['1073'], '1133': ['1133']})"
22,"defaultdict(<class 'list'>, {'1040': ['1040', '1080', '1081', '1078', '1079', '1095', '1082', '1084', '1042', '1083', '1085'], '1096': ['1096', '1138', '1135', '1137', '1139', '1136', '1140'], '1041': ['1041'], '1126': ['1126', '1125', '1127', '1043', '1121', '1122', '1123', '1045', '1124'], '1128': ['1128', '1131', '1132', '1130', '1133', '1129', '1134'], '1032': ['1032', '1160', '1161', '1162', '1146'], '1052': ['1052', '1053', '1049', '1050', '1054', '1051', '1055', '1062'], '1063': ['1063', '1057', '1060', '1071', '1061'], '1147': ['1147', '1148', '1158', '1157', '1159'], '1066': ['1066', '1038', '1048', '1068', '1034', '1067'], '1056': ['1056', '1030', '1046', '1069', '1047', '1070', '1064', '1065', '1031'], '1072': ['1072'], '1033': ['1033', '1109', '1110', '1039', '1097', '1098', '1099', '1035', '1112', '1111'], '1101': ['1101', '1102', '1103', '1104', '1100'], '1153': ['1153', '1154', '1155', '1156', '1152'], '1105': ['1105', '1106', '1107', '1058', '1059', '1113', '1108', '1114', '1115'], '1086': ['1086', '1087', '1088', '1141', '1143', '1089', '1044', '1090', '1142'], '1036': ['1036', '1092', '1150', '1093', '1094', '1151', '1149', '1037', '1144'], '1145': ['1145'], '1091': ['1091'], '1077': ['1077', '1075', '1076', '1073', '1074'], '1117': ['1117', '1118', '1116', '1119', '1120']})"
22,"defaultdict(<class 'list'>, {'1040': ['1040', '1080', '1079', '1081', '1078'], '1095': ['1095', '1082', '1084', '1042', '1085', '1086', '1089', '1044', '1087', '1090', '1091', '1083'], '1096': ['1096', '1138', '1135', '1137', '1139'], '1136': ['1136', '1133'], '1041': ['1041', '1126', '1125', '1127', '1043', '1121', '1122', '1123', '1045', '1124', '1131'], '1128': ['1128', '1129', '1132', '1130', '1134'], '1032': ['1032', '1160', '1161', '1162', '1146', '1147', '1148', '1158', '1156', '1157', '1159'], '1052': ['1052', '1051', '1055', '1056', '1049', '1050', '1053', '1054'], '1063': ['1063', '1057', '1071', '1066'], '1060': ['1060', '1061', '1062'], '1072': ['1072'], '1033': ['1033', '1153', '1154', '1155', '1152', '1109'], '1101': ['1101', '1102', '1098', '1099', '1100'], '1103': ['1103', '1104', '1030', '1046', '1047'], '1105': ['1105', '1106', '1107', '1058', '1059', '1113', '1108', '1114', '1115'], '1110': ['1110', '1039', '1097', '1112', '1035', '1111'], '1038': ['1038', '1048', '1068', '1034', '1067'], '1069': ['1069', '1064', '1065', '1070', '1031'], '1036': ['1036', '1092', '1150', '1093', '1094', '1151', '1149', '1037', '1144', '1145'], '1088': ['1088', '1142', '1141', '1143', '1140'], '1077': ['1077', '1075', '1076', '1073', '1074'], '1117': ['1117', '1118', '1116', '1119', '1120']})"
22,"defaultdict(<class 'list'>, {'1040': ['1040', '1080', '1079', '1081', '1078', '1095', '1082', '1084', '1042', '1083', '1085', '1138'], '1096': ['1096', '1136', '1135', '1137', '1140'], '1041': ['1041', '1126', '1125', '1127', '1124', '1129', '1043', '1121', '1122', '1123', '1045'], '1128': ['1128', '1131', '1132', '1130', '1133', '1120', '1134'], '1032': ['1032', '1160', '1161', '1162', '1146', '1052', '1063', '1053', '1049'], '1051': ['1051', '1055', '1056', '1050'], '1057': ['1057', '1060', '1061', '1105', '1106', '1107', '1058', '1059', '1113'], '1071': ['1071'], '1147': ['1147', '1148', '1158', '1157', '1159', '1156', '1033', '1153', '1154', '1155', '1152', '1109'], '1066': ['1066', '1067', '1064', '1065', '1031', '1110'], '1072': ['1072'], '1101': ['1101'], '1102': ['1102', '1103', '1104', '1117', '1118', '1039', '1097', '1098', '1099', '1035', '1112', '1111'], '1108': ['1108', '1115', '1116', '1119'], '1114': ['1114', '1030', '1046', '1069', '1047', '1070'], '1038': ['1038', '1048', '1054', '1034', '1062'], '1068': ['1068', '1077', '1075', '1076', '1074'], '1100': ['1100'], '1086': ['1086', '1089', '1044', '1087', '1090', '1091'], '1036': ['1036', '1092', '1150', '1093', '1094', '1151', '1149', '1037', '1144', '1145'], '1088': ['1088', '1142', '1141', '1143', '1139'], '1073': ['1073']})"
22,"defaultdict(<class 'list'>, {'1040': ['1040', '1080', '1081', '1082', '1078', '1079', '1095', '1083'], '1084': ['1084', '1042', '1085', '1086', '1089', '1087', '1090', '1091', '1044'], '1096': ['1096', '1136', '1135', '1137', '1140'], '1138': ['1138', '1134'], '1041': ['1041', '1126', '1125', '1127', '1124', '1129', '1043', '1121', '1122', '1123', '1045'], '1128': ['1128', '1131', '1132', '1130', '1133'], '1032': ['1032', '1160', '1161', '1162'], '1052': ['1052', '1053', '1049', '1050', '1054', '1051', '1055'], '1063': ['1063', '1066', '1038', '1048', '1068', '1067', '1034'], '1057': ['1057', '1060', '1061', '1058', '1059', '1105', '1106', '1107', '1062'], '1071': ['1071', '1072', '1073'], '1147': ['1147', '1145', '1144', '1146', '1036', '1092', '1150', '1093', '1094', '1151', '1149', '1037'], '1148': ['1148', '1158', '1157', '1159', '1033', '1109', '1153', '1154', '1155', '1156', '1152'], '1056': ['1056', '1077', '1075', '1076', '1074'], '1101': ['1101', '1039', '1097', '1098', '1099', '1035', '1112', '1100', '1111'], '1102': ['1102', '1103', '1104', '1117', '1118'], '1113': ['1113'], '1108': ['1108'], '1110': ['1110'], '1114': ['1114', '1030', '1046', '1069', '1064', '1065', '1070', '1031', '1047'], '1088': ['1088', '1142', '1141', '1143', '1139'], '1115': ['1115', '1116', '1119', '1120']})"
22,"defaultdict(<class 'list'>, {'1040': ['1040'], '1080': ['1080', '1079', '1077', '1076', '1078'], '1081': ['1081'], '1095': ['1095', '1082', '1084', '1042', '1083', '1085', '1086', '1089', '1044', '1087', '1090', '1091'], '1096': ['1096', '1138', '1135', '1137', '1139', '1136', '1088', '1142', '1141', '1143', '1140'], '1041': ['1041'], '1126': ['1126', '1125', '1127', '1043', '1121', '1122', '1123', '1045', '1124'], '1128': ['1128', '1129', '1132', '1130', '1134', '1131', '1120', '1133'], '1032': ['1032', '1052', '1063', '1053', '1049', '1051', '1055', '1050', '1054'], '1160': ['1160', '1147', '1161', '1162', '1146'], '1057': ['1057', '1060', '1071', '1072'], '1148': ['1148', '1158', '1157', '1159', '1156', '1033', '1153', '1154', '1155', '1152', '1109'], '1066': ['1066', '1110', '1111', '1064', '1065', '1031'], '1056': ['1056', '1030', '1046', '1069', '1047', '1070'], '1061': ['1061', '1062', '1075', '1073', '1074'], '1101': ['1101', '1102', '1098', '1099', '1100', '1103', '1039', '1097', '1035', '1112'], '1105': ['1105', '1106', '1107', '1058', '1059', '1113', '1108', '1114', '1115'], '1104': ['1104', '1117', '1118', '1116', '1119'], '1038': ['1038', '1048', '1068', '1034', '1067'], '1036': ['1036', '1092', '1145', '1144'], '1150': ['1150'], '1093': ['1093', '1094', '1151', '1149', '1037']})"
22,"defaultdict(<class 'list'>, {'1040': ['1040'], '1080': ['1080', '1079', '1077', '1076', '1078', '1081', '1082', '1084', '1042', '1083', '1095', '1085'], '1096': ['1096', '1138', '1135', '1137', '1139', '1136', '1140', '1088', '1142', '1141', '1143'], '1041': ['1041', '1126', '1125', '1127', '1124', '1129', '1122', '1123', '1045', '1043', '1121', '1134'], '1128': ['1128'], '1131': ['1131', '1120', '1132', '1130', '1133'], '1032': ['1032', '1052', '1063', '1053', '1049', '1051', '1038', '1048', '1050', '1034', '1055', '1054'], '1160': ['1160', '1147', '1161', '1162', '1146', '1093', '1094', '1145', '1144', '1037'], '1057': ['1057', '1071', '1072', '1073', '1074', '1060', '1061', '1062'], '1148': ['1148', '1158', '1157', '1159', '1156'], '1066': ['1066', '1068', '1067'], '1056': ['1056', '1030', '1046', '1047', '1075'], '1033': ['1033', '1109', '1153', '1155', '1152'], '1101': ['1101', '1102', '1103', '1100'], '1105': ['1105', '1106', '1107', '1058', '1059', '1113', '1114'], '1154': ['1154', '1150', '1151'], '1108': ['1108', '1115', '1116', '1119'], '1110': ['1110', '1069', '1064', '1065', '1070', '1031'], '1104': ['1104'], '1039': ['1039', '1097', '1098', '1099', '1035', '1112', '1111', '1117', '1118'], '1086': ['1086', '1089', '1044', '1087', '1090', '1036', '1092', '1091'], '1149': ['1149']})"
22,"defaultdict(<class 'list'>, {'1040': ['1040', '1080', '1079', '1081', '1078', '1095', '1082', '1084', '1042', '1083', '1085', '1096'], '1136': ['1136', '1135', '1140'], '1138': ['1138'], '1041': ['1041', '1126', '1125', '1127', '1124', '1131', '1122', '1123', '1045', '1043', '1121'], '1128': ['1128', '1129', '1132', '1130', '1134'], '1032': ['1032', '1052', '1063', '1053', '1049', '1160', '1161', '1162', '1146'], '1051': ['1051', '1055', '1056', '1050'], '1057': ['1057', '1060', '1071', '1061', '1072'], '1147': ['1147', '1148', '1158', '1157', '1159', '1156', '1145'], '1066': ['1066', '1038', '1048', '1068', '1034', '1067'], '1033': ['1033', '1109', '1153', '1155', '1152', '1101', '1154', '1100'], '1102': ['1102', '1039', '1097', '1098', '1099', '1035', '1112'], '1103': ['1103', '1104'], '1105': ['1105', '1106', '1107', '1058', '1059', '1113', '1108', '1114', '1115'], '1110': ['1110', '1111', '1064', '1065', '1031', '1030', '1046', '1069', '1047', '1070'], '1054': ['1054', '1062'], '1086': ['1086', '1089', '1092', '1044', '1090', '1091', '1036', '1087'], '1150': ['1150', '1093', '1094', '1151', '1149', '1037', '1144'], '1088': ['1088', '1142', '1141', '1143', '1139'], '1077': ['1077', '1075', '1076', '1073', '1074'], '1117': ['1117', '1118', '1116', '1119', '1120'], '1137': ['1137', '1133']})"
22,"defaultdict(<class 'list'>, {'1040': ['1040', '1080', '1079', '1077', '1076', '1078', '1081', '1082', '1083', '1095'], '1084': ['1084', '1042', '1085', '1086', '1089', '1044', '1087', '1090', '1091'], '1096': ['1096', '1138', '1135', '1137', '1139', '1136', '1088', '1142', '1141', '1143', '1140'], '1041': ['1041', '1126', '1125', '1127', '1124'], '1128': ['1128', '1131', '1132', '1130', '1133', '1129', '1120', '1134'], '1032': ['1032', '1160', '1161', '1162', '1146', '1147', '1148', '1158', '1157', '1159', '1156', '1145'], '1052': ['1052'], '1063': ['1063', '1071', '1066', '1067'], '1051': ['1051', '1055', '1056', '1049', '1050'], '1057': ['1057', '1060', '1061', '1105', '1106', '1107', '1058', '1059', '1113'], '1053': ['1053', '1038', '1048', '1054', '1034', '1068'], '1072': ['1072', '1075', '1073', '1074'], '1033': ['1033', '1101', '1109', '1153', '1100', '1154', '1155', '1152'], '1102': ['1102', '1103'], '1108': ['1108', '1115', '1116'], '1110': ['1110', '1111', '1064', '1065', '1031'], '1104': ['1104'], '1114': ['1114', '1030', '1046', '1069', '1047', '1070'], '1039': ['1039', '1097', '1112', '1035', '1117', '1098', '1099', '1118', '1119'], '1043': ['1043', '1121', '1122', '1123', '1045'], '1036': ['1036', '1092', '1150', '1093', '1094', '1151', '1149', '1037', '1144'], '1062': ['1062']})"
22,"defaultdict(<class 'list'>, {'1040': ['1040', '1080', '1079', '1081', '1078', '1095', '1082', '1084', '1042', '1083', '1085', '1086'], '1096': ['1096', '1138', '1135', '1137', '1139', '1136', '1088', '1142', '1141', '1143', '1140'], '1041': ['1041', '1126', '1125', '1127', '1043', '1121', '1122', '1123', '1045', '1124', '1129', '1134'], '1128': ['1128', '1131', '1132', '1133'], '1032': ['1032', '1063', '1160', '1161', '1162', '1147', '1148', '1158', '1157', '1159', '1156', '1146'], '1052': ['1052', '1051', '1053', '1049', '1050', '1055', '1054', '1038', '1048', '1068', '1034', '1067'], '1057': ['1057', '1060', '1071', '1061', '1105', '1106', '1107', '1058', '1059'], '1066': ['1066', '1110', '1064', '1065', '1031'], '1056': ['1056', '1077', '1075', '1076', '1074'], '1072': ['1072', '1062', '1073'], '1033': ['1033', '1101', '1102', '1103', '1039', '1097', '1098', '1099', '1035', '1112', '1111', '1100'], '1109': ['1109'], '1153': ['1153', '1155', '1154', '1036', '1150', '1151', '1152'], '1113': ['1113', '1114', '1115'], '1108': ['1108'], '1104': ['1104', '1030', '1046', '1069', '1047', '1070'], '1089': ['1089', '1149', '1044', '1090', '1091'], '1092': ['1092'], '1093': ['1093', '1094', '1145', '1144', '1037'], '1087': ['1087'], '1117': ['1117', '1118', '1116', '1119', '1120'], '1130': ['1130']})"
22,"defaultdict(<class 'list'>, {'1040': ['1040', '1080', '1081', '1095', '1082', '1084', '1083', '1085', '1042'], '1079': ['1079', '1077', '1075', '1076', '1074'], '1096': ['1096', '1138', '1135', '1137', '1139', '1136', '1088', '1142', '1141', '1143', '1140'], '1041': ['1041', '1126', '1125', '1043', '1121', '1122', '1123', '1045', '1124'], '1127': ['1127'], '1128': ['1128', '1129', '1132', '1130', '1134'], '1131': ['1131', '1133'], '1032': ['1032', '1052', '1063', '1053', '1049', '1054'], '1160': ['1160', '1147', '1161', '1145', '1146', '1162'], '1051': ['1051', '1055', '1056', '1050'], '1057': ['1057', '1060', '1061', '1058', '1059', '1071', '1072', '1062', '1073'], '1148': ['1148', '1158', '1157', '1159', '1156', '1033', '1109', '1153', '1155', '1152', '1154'], '1066': ['1066', '1038', '1048', '1068', '1034', '1067'], '1101': ['1101', '1102', '1098', '1099', '1100', '1103', '1108'], '1105': ['1105', '1106', '1113', '1107', '1114'], '1110': ['1110', '1069', '1064', '1065', '1070', '1031'], '1104': ['1104', '1030', '1046', '1047', '1117'], '1039': ['1039', '1097', '1112', '1035', '1111'], '1086': ['1086', '1089', '1044', '1087', '1090'], '1036': ['1036', '1092', '1150', '1093', '1094', '1144', '1149', '1037', '1151', '1091'], '1115': ['1115', '1118', '1116', '1119', '1120'], '1078': ['1078']})"
22,"defaultdict(<class 'list'>, {'1040': ['1040', '1080', '1079', '1077', '1076', '1078', '1081'], '1095': ['1095'], '1082': ['1082', '1084', '1042', '1083', '1085'], '1096': ['1096', '1138', '1135', '1137', '1139', '1136', '1140', '1088', '1142', '1141', '1143'], '1041': ['1041', '1126', '1125', '1127', '1124', '1043', '1121', '1122', '1123', '1045'], '1128': ['1128', '1131', '1132', '1130', '1133', '1129', '1120', '1134'], '1032': ['1032', '1052', '1053', '1049', '1050', '1054', '1063', '1051', '1055'], '1160': ['1160', '1161', '1162', '1146'], '1057': ['1057', '1060', '1061', '1105', '1106', '1107', '1058', '1059', '1113'], '1071': ['1071'], '1147': ['1147', '1036', '1092', '1150', '1093', '1094', '1151', '1149', '1037', '1145', '1144', '1091'], '1148': ['1148', '1158', '1157', '1159', '1033', '1153', '1154', '1155', '1152', '1156', '1109'], '1066': ['1066', '1110', '1064', '1065', '1031'], '1056': ['1056', '1104', '1030', '1046', '1047'], '1072': ['1072', '1075', '1073', '1074'], '1101': ['1101', '1102', '1098', '1099', '1100', '1103'], '1108': ['1108', '1115', '1118', '1116', '1119'], '1114': ['1114', '1069', '1070'], '1038': ['1038', '1048', '1068', '1034', '1067'], '1039': ['1039', '1097', '1112', '1035', '1111', '1117'], '1086': ['1086', '1089', '1044', '1087', '1090'], '1062': ['1062']})"
22,"defaultdict(<class 'list'>, {'1040': ['1040', '1080', '1079', '1081', '1078', '1095', '1082', '1083'], '1084': ['1084', '1042', '1085', '1086', '1089', '1044', '1087', '1090', '1091'], '1096': ['1096', '1138', '1135', '1137', '1139', '1136', '1088', '1142', '1141', '1143', '1140'], '1041': ['1041'], '1126': ['1126', '1125', '1127', '1043', '1121', '1122', '1123', '1045', '1124'], '1128': ['1128', '1131', '1132', '1130', '1133', '1129', '1134'], '1032': ['1032', '1052', '1063', '1053', '1049', '1051', '1055', '1050', '1054'], '1160': ['1160', '1161', '1162'], '1057': ['1057', '1060', '1061', '1058', '1059', '1062', '1071'], '1147': ['1147', '1148', '1158', '1157', '1159', '1153', '1154', '1155', '1156', '1152'], '1066': ['1066'], '1056': ['1056'], '1072': ['1072'], '1033': ['1033', '1109', '1110', '1039', '1097', '1112', '1035', '1111'], '1101': ['1101', '1102', '1098', '1099', '1100', '1103', '1108'], '1105': ['1105', '1106', '1113', '1107', '1114'], '1104': ['1104', '1030', '1046', '1069', '1064', '1065', '1070', '1031', '1047'], '1038': ['1038', '1048', '1068', '1034', '1067'], '1036': ['1036', '1092', '1150', '1093', '1094', '1144', '1149', '1037', '1145', '1151', '1146'], '1115': ['1115'], '1077': ['1077', '1075', '1076', '1073', '1074'], '1117': ['1117', '1118', '1116', '1119', '1120']})"
22,"defaultdict(<class 'list'>, {'1040': ['1040', '1080', '1081', '1082', '1078', '1079', '1095', '1096', '1083'], '1084': ['1084', '1042', '1085', '1086', '1089', '1044', '1087', '1090', '1091'], '1136': ['1136', '1088', '1141', '1140'], '1138': ['1138', '1135'], '1041': ['1041', '1126', '1125', '1127', '1124', '1131', '1043', '1121', '1122', '1123', '1045', '1120'], '1128': ['1128', '1129', '1132', '1130', '1134'], '1032': ['1032', '1160', '1147', '1161', '1145', '1146', '1162', '1063'], '1052': ['1052', '1053', '1049', '1050', '1054', '1051', '1055', '1062'], '1057': ['1057', '1060', '1071', '1061', '1072'], '1148': ['1148', '1158', '1157', '1159', '1153', '1154', '1155', '1156', '1152'], '1066': ['1066', '1038', '1048', '1068', '1034', '1067', '1064', '1065', '1031'], '1056': ['1056', '1077', '1075', '1076', '1074'], '1033': ['1033', '1109', '1105', '1106', '1107', '1058', '1059', '1113'], '1101': ['1101', '1102', '1098', '1099', '1100', '1103', '1039', '1097', '1035', '1108'], '1110': ['1110', '1112', '1111', '1117'], '1104': ['1104', '1030', '1046', '1069', '1047', '1070'], '1114': ['1114', '1115', '1118', '1116', '1119'], '1036': ['1036', '1092', '1150', '1093', '1094', '1151', '1149', '1037', '1144'], '1142': ['1142', '1137', '1139'], '1143': ['1143'], '1073': ['1073'], '1133': ['1133']})"
22,"defaultdict(<class 'list'>, {'1040': ['1040', '1080', '1079', '1038', '1048', '1068', '1034', '1067', '1077', '1076', '1078', '1081'], '1095': ['1095', '1082', '1084', '1042', '1083', '1085', '1096'], '1136': ['1136', '1141', '1140'], '1138': ['1138', '1137', '1139'], '1041': ['1041', '1126', '1125', '1043', '1121', '1122', '1123', '1045', '1124', '1127'], '1128': ['1128', '1131', '1132', '1130', '1133', '1129', '1120', '1134', '1162'], '1032': ['1032', '1052', '1063', '1053', '1049', '1160', '1146'], '1051': ['1051', '1055', '1056', '1050'], '1057': ['1057', '1060', '1061', '1105', '1106', '1107', '1058', '1059', '1113'], '1071': ['1071'], '1147': ['1147', '1148', '1158', '1157', '1159', '1156', '1161', '1033', '1153', '1154', '1155', '1152'], '1066': ['1066'], '1072': ['1072', '1075', '1073', '1074'], '1101': ['1101', '1102', '1103', '1039', '1097', '1098', '1099', '1035', '1100', '1104'], '1109': ['1109', '1110'], '1108': ['1108', '1115', '1116'], '1114': ['1114', '1030', '1046', '1069', '1064', '1065', '1070', '1031', '1047'], '1054': ['1054', '1062'], '1112': ['1112', '1111', '1117', '1118', '1119'], '1086': ['1086', '1089', '1044', '1087', '1090', '1088', '1142', '1091'], '1036': ['1036', '1092', '1150', '1151', '1149', '1093', '1094', '1144', '1037', '1143', '1145'], '1135': ['1135']})"
22,"defaultdict(<class 'list'>, {'1040': ['1040', '1080', '1079', '1081', '1078', '1095', '1082', '1084', '1042', '1083', '1085', '1077'], '1096': ['1096', '1138', '1135', '1137', '1139', '1136', '1140', '1088', '1142', '1141', '1143'], '1041': ['1041'], '1126': ['1126', '1125', '1127', '1043', '1121', '1122', '1123', '1045', '1124'], '1128': ['1128', '1131', '1132', '1130', '1133', '1129', '1120', '1134'], '1032': ['1032', '1052', '1053', '1038', '1048', '1054', '1034', '1049', '1050', '1068'], '1063': ['1063', '1057', '1071', '1072'], '1160': ['1160', '1147', '1161', '1162', '1146'], '1051': ['1051', '1055', '1056', '1046', '1047'], '1060': ['1060'], '1148': ['1148', '1158', '1157', '1159', '1156', '1033', '1153', '1154', '1155', '1152', '1101'], '1066': ['1066', '1067', '1064', '1065', '1031'], '1061': ['1061', '1062', '1075', '1073', '1074', '1076'], '1109': ['1109', '1105', '1113', '1110'], '1102': ['1102', '1039', '1097', '1098', '1099', '1035', '1112', '1100', '1111'], '1103': ['1103', '1104', '1117'], '1106': ['1106', '1108', '1107', '1058', '1059'], '1114': ['1114', '1115', '1118', '1116', '1119'], '1030': ['1030', '1069', '1070'], '1086': ['1086', '1089', '1044', '1087', '1090', '1091'], '1036': ['1036', '1092', '1150', '1093', '1094', '1151', '1149', '1037', '1144'], '1145': ['1145']})"
22,"defaultdict(<class 'list'>, {'1040': ['1040', '1080', '1081', '1095', '1082', '1084', '1042', '1083', '1085', '1078'], '1079': ['1079', '1077', '1075', '1076', '1074'], '1096': ['1096', '1138', '1135', '1137', '1139', '1136', '1140'], '1041': ['1041', '1126', '1125', '1127', '1043', '1121', '1122', '1123', '1045', '1124', '1128', '1132'], '1129': ['1129', '1130', '1134'], '1131': ['1131', '1120', '1133'], '1032': ['1032', '1160', '1161', '1162', '1146', '1063', '1147', '1148', '1158', '1157', '1159', '1156'], '1052': ['1052', '1051', '1055', '1056', '1049', '1050', '1053', '1054'], '1057': ['1057', '1060', '1061', '1105', '1106', '1107', '1058', '1059', '1062'], '1071': ['1071', '1072', '1073'], '1066': ['1066'], '1033': ['1033', '1153', '1154', '1155', '1152', '1109'], '1101': ['1101', '1102', '1098', '1099', '1100'], '1103': ['1103', '1104', '1030', '1046', '1047'], '1113': ['1113'], '1108': ['1108', '1115', '1118', '1116', '1119'], '1110': ['1110', '1039', '1097', '1112', '1035', '1111', '1117'], '1114': ['1114'], '1038': ['1038', '1048', '1068', '1034', '1067'], '1069': ['1069', '1064', '1065', '1070', '1031'], '1086': ['1086', '1087', '1088', '1141', '1143', '1089', '1044', '1090', '1091', '1142'], '1036': ['1036', '1092', '1150', '1151', '1149', '1093', '1094', '1144', '1037', '1145']})"
22,"defaultdict(<class 'list'>, {'1040': ['1040', '1080', '1079', '1081', '1078', '1095', '1082', '1084', '1042', '1083', '1085', '1138'], '1096': ['1096', '1136', '1135', '1137', '1140'], '1041': ['1041', '1126', '1125', '1043', '1121', '1122', '1123', '1045', '1124', '1127'], '1128': ['1128', '1129', '1132', '1130', '1134', '1131', '1120', '1133'], '1032': ['1032', '1052', '1063', '1053', '1049', '1051', '1038', '1048', '1050', '1034', '1054'], '1160': ['1160', '1147', '1161', '1162', '1146', '1145'], '1055': ['1055', '1056', '1030', '1046', '1047'], '1057': ['1057', '1060', '1071', '1061', '1105', '1106', '1107', '1058', '1059'], '1148': ['1148', '1158', '1157', '1159', '1156'], '1066': ['1066', '1067', '1064', '1065', '1031', '1069'], '1072': ['1072', '1070', '1073'], '1033': ['1033', '1153', '1154', '1036', '1150', '1151', '1152', '1155'], '1101': ['1101', '1102', '1103', '1108', '1100'], '1109': ['1109', '1113'], '1110': ['1110', '1039', '1097', '1098', '1099', '1035', '1112', '1111', '1117'], '1104': ['1104'], '1114': ['1114', '1115', '1118', '1116', '1119'], '1068': ['1068', '1077', '1075', '1076', '1074'], '1086': ['1086', '1089', '1044', '1087', '1090', '1092', '1091'], '1093': ['1093', '1094', '1144', '1149', '1037'], '1088': ['1088', '1142', '1141', '1143', '1139'], '1062': ['1062']})"
22,"defaultdict(<class 'list'>, {'1040': ['1040', '1080', '1079', '1081', '1078', '1038', '1048', '1068', '1034', '1067', '1077'], '1095': ['1095', '1082', '1084', '1083', '1085', '1042'], '1096': ['1096', '1138', '1135', '1137', '1139', '1136', '1140'], '1041': ['1041', '1126', '1125', '1127', '1043', '1121', '1122', '1123', '1045', '1124'], '1128': ['1128', '1129', '1132', '1130', '1134', '1131', '1120', '1133'], '1032': ['1032', '1160', '1161', '1162', '1146'], '1052': ['1052', '1053', '1049', '1050', '1054', '1051', '1055', '1062'], '1063': ['1063', '1066', '1064', '1065', '1031'], '1057': ['1057', '1060', '1061', '1058', '1059', '1071'], '1147': ['1147', '1148', '1158', '1157', '1159', '1156', '1154', '1155'], '1056': ['1056', '1030', '1046', '1069', '1047', '1070'], '1072': ['1072', '1075', '1076', '1073', '1074'], '1033': ['1033', '1101', '1109', '1153', '1100', '1152'], '1102': ['1102', '1103', '1104', '1117', '1118'], '1105': ['1105', '1106', '1113', '1107', '1114'], '1108': ['1108', '1115', '1116', '1119'], '1110': ['1110', '1039', '1097', '1112', '1035', '1111'], '1098': ['1098', '1099'], '1086': ['1086', '1087', '1088', '1141', '1143', '1142'], '1089': ['1089', '1092', '1044', '1090', '1091', '1036'], '1150': ['1150', '1093', '1094', '1144', '1149', '1037', '1151'], '1145': ['1145']})"
22,"defaultdict(<class 'list'>, {'1040': ['1040', '1080', '1079', '1081', '1078', '1095', '1082', '1084', '1042', '1083', '1085', '1096'], '1136': ['1136', '1135', '1140'], '1138': ['1138', '1137', '1139'], '1041': ['1041', '1126', '1125', '1127', '1043', '1121', '1122', '1123', '1045', '1124', '1128', '1132'], '1129': ['1129', '1130', '1134'], '1131': ['1131', '1133'], '1032': ['1032', '1160', '1161', '1162', '1146', '1147', '1148', '1158', '1156', '1157', '1159'], '1052': ['1052', '1051', '1053', '1049', '1050', '1055', '1054', '1062'], '1063': ['1063', '1071', '1072'], '1057': ['1057', '1060', '1061', '1105', '1106', '1107', '1058', '1059', '1113'], '1066': ['1066', '1038', '1048', '1068', '1034', '1067'], '1056': ['1056'], '1033': ['1033', '1153', '1154', '1155', '1152'], '1101': ['1101', '1102', '1103', '1108', '1100'], '1109': ['1109', '1110'], '1104': ['1104'], '1114': ['1114', '1030', '1046', '1069', '1064', '1065', '1070', '1031', '1047'], '1039': ['1039', '1097', '1098', '1099', '1035', '1112', '1111', '1117', '1118'], '1086': ['1086', '1089', '1044', '1087', '1090', '1088', '1142', '1091', '1141', '1143'], '1036': ['1036', '1092', '1150', '1093', '1094', '1151', '1149', '1037', '1144', '1145'], '1115': ['1115', '1116', '1119', '1120'], '1077': ['1077', '1075', '1076', '1073', '1074']})"
22,"defaultdict(<class 'list'>, {'1040': ['1040', '1080', '1079', '1081', '1078', '1077', '1075', '1076', '1074'], '1095': ['1095', '1082', '1084', '1042', '1083', '1085'], '1096': ['1096', '1138', '1135', '1137', '1139', '1136', '1088', '1142', '1141', '1143', '1140'], '1041': ['1041', '1126', '1125', '1127', '1124', '1043', '1121', '1122', '1123', '1045'], '1128': ['1128', '1129', '1132', '1130', '1134', '1131', '1133'], '1032': ['1032', '1160', '1161', '1162', '1146', '1147', '1148', '1158', '1157', '1159', '1156', '1145'], '1052': ['1052'], '1063': ['1063'], '1051': ['1051', '1055', '1056', '1049', '1050'], '1057': ['1057', '1060', '1071', '1061', '1105', '1106', '1107', '1058', '1059'], '1053': ['1053', '1054', '1062'], '1066': ['1066', '1110', '1064', '1065'], '1072': ['1072', '1070', '1073'], '1033': ['1033', '1109', '1153', '1155', '1152', '1154'], '1101': ['1101', '1102', '1098', '1099', '1100', '1103', '1108'], '1113': ['1113', '1114', '1115'], '1104': ['1104', '1030', '1046', '1069', '1047', '1031'], '1038': ['1038', '1048', '1068', '1034', '1067'], '1039': ['1039', '1097', '1112', '1035', '1111'], '1086': ['1086', '1089', '1044', '1087', '1090'], '1036': ['1036', '1092', '1150', '1151', '1149', '1093', '1094', '1144', '1037', '1091'], '1117': ['1117', '1118', '1116', '1119', '1120']})"
22,"defaultdict(<class 'list'>, {'1040': ['1040', '1080', '1038', '1048', '1068', '1034', '1067', '1077', '1078'], '1079': ['1079', '1081', '1095', '1082', '1084', '1042', '1083', '1085'], '1096': ['1096', '1136', '1135', '1137', '1140', '1138', '1088', '1142', '1141', '1143', '1139'], '1041': ['1041', '1126', '1125', '1127', '1124', '1129', '1122', '1123', '1045', '1043', '1121', '1134'], '1128': ['1128', '1131', '1120', '1132', '1133'], '1032': ['1032', '1160', '1161', '1162', '1146'], '1052': ['1052', '1051', '1053', '1049', '1050', '1055', '1054', '1062'], '1063': ['1063', '1057', '1060', '1071', '1061'], '1147': ['1147', '1036', '1092', '1150', '1093', '1094', '1151', '1149', '1037', '1145', '1144', '1091'], '1148': ['1148', '1158', '1157', '1159', '1153', '1154', '1155', '1156', '1152'], '1066': ['1066', '1069', '1064', '1065', '1070', '1031'], '1056': ['1056'], '1072': ['1072', '1075', '1076', '1073', '1074'], '1033': ['1033', '1109', '1113', '1114'], '1101': ['1101', '1108', '1100'], '1102': ['1102'], '1103': ['1103', '1104', '1030', '1046', '1047'], '1105': ['1105', '1106', '1107', '1058', '1059'], '1110': ['1110', '1039', '1097', '1112', '1035', '1111', '1098', '1099', '1117', '1118'], '1086': ['1086', '1089', '1044', '1087', '1090'], '1115': ['1115', '1116', '1119'], '1130': ['1130']})"
22,"defaultdict(<class 'list'>, {'1040': ['1040', '1080', '1079', '1081', '1078'], '1095': ['1095', '1082', '1084', '1042', '1083', '1085', '1086', '1089', '1087', '1090', '1091', '1044'], '1096': ['1096', '1104'], '1136': ['1136', '1135', '1140'], '1138': ['1138', '1063'], '1041': ['1041', '1126', '1125', '1127', '1043', '1121', '1122', '1123', '1045', '1124', '1128', '1132'], '1129': ['1129', '1131', '1120', '1130', '1134'], '1032': ['1032', '1160', '1147', '1148', '1158', '1157', '1159', '1161', '1162', '1155', '1156', '1146'], '1052': ['1052', '1053', '1049', '1050', '1054', '1051', '1055', '1062'], '1057': ['1057', '1060', '1061', '1058', '1059', '1071', '1106'], '1066': ['1066', '1038', '1048', '1068', '1034', '1067', '1077', '1076'], '1056': ['1056'], '1072': ['1072', '1075', '1073', '1074'], '1033': ['1033', '1109', '1105', '1113'], '1101': ['1101', '1102', '1103', '1100'], '1153': ['1153'], '1154': ['1154', '1036', '1092', '1150', '1093', '1094', '1151', '1149', '1037', '1144', '1145', '1152'], '1108': ['1108', '1107', '1115', '1116', '1119'], '1110': ['1110', '1039', '1097', '1098', '1099', '1035', '1112', '1111', '1117', '1118'], '1114': ['1114', '1030', '1046', '1069', '1047', '1070', '1064', '1065', '1031'], '1088': ['1088', '1142', '1141', '1143', '1139'], '1137': ['1137', '1133']})"
22,"defaultdict(<class 'list'>, {'1040': ['1040', '1080', '1079', '1081', '1078', '1095', '1082', '1084', '1042', '1083', '1085', '1136'], '1096': ['1096', '1138', '1135', '1137', '1139'], '1041': ['1041', '1126', '1125', '1043', '1121', '1122', '1123', '1045', '1124', '1127', '1129', '1119'], '1128': ['1128', '1131', '1132', '1130', '1133', '1120', '1134'], '1032': ['1032', '1160', '1147', '1161', '1145', '1146', '1162', '1148', '1158', '1157', '1159', '1156'], '1052': ['1052', '1051', '1053', '1049', '1050', '1038', '1048', '1054', '1034', '1055', '1056'], '1063': ['1063', '1071', '1066', '1067'], '1057': ['1057', '1060', '1061', '1058', '1059', '1105', '1106', '1113', '1107'], '1072': ['1072', '1075', '1076', '1073', '1074'], '1033': ['1033', '1153', '1154', '1036', '1150', '1151', '1152', '1155'], '1101': ['1101', '1108', '1100'], '1109': ['1109', '1062'], '1102': ['1102'], '1103': ['1103', '1104'], '1110': ['1110', '1039', '1097', '1098', '1099', '1035', '1112', '1111', '1117', '1118'], '1114': ['1114', '1030', '1046', '1069', '1047', '1070', '1064', '1065', '1031'], '1068': ['1068', '1077'], '1086': ['1086', '1087', '1088', '1141', '1143', '1142'], '1089': ['1089', '1092', '1044', '1090', '1091'], '1093': ['1093', '1094', '1144', '1149', '1037'], '1115': ['1115', '1116'], '1140': ['1140']})"
22,"defaultdict(<class 'list'>, {'1040': ['1040', '1080', '1079', '1077', '1076', '1078', '1075', '1074'], '1081': ['1081', '1082', '1084', '1042', '1083', '1095', '1096', '1085'], '1136': ['1136', '1137'], '1138': ['1138', '1142', '1139'], '1041': ['1041', '1119'], '1126': ['1126', '1125', '1127', '1128', '1131', '1132', '1130', '1133', '1129', '1120', '1134', '1124'], '1032': ['1032', '1160', '1161', '1162', '1146', '1063', '1147', '1145'], '1052': ['1052', '1053', '1049', '1050', '1054', '1051', '1055', '1061', '1062'], '1057': ['1057', '1071', '1072', '1073'], '1060': ['1060'], '1148': ['1148', '1158', '1157', '1159', '1156', '1153', '1154', '1155', '1152'], '1066': ['1066', '1038', '1048', '1068', '1067', '1034', '1043', '1121', '1122', '1123', '1045'], '1056': ['1056'], '1033': ['1033', '1109', '1113', '1110', '1111', '1105'], '1101': ['1101', '1102', '1098', '1099', '1100', '1103', '1039', '1097', '1035', '1112'], '1106': ['1106', '1108', '1107', '1058', '1059', '1115', '1116'], '1104': ['1104', '1030', '1046', '1047', '1117', '1118'], '1114': ['1114', '1069', '1064', '1065', '1070', '1031'], '1086': ['1086', '1089', '1044', '1087', '1090', '1091'], '1036': ['1036', '1092', '1150', '1151', '1149'], '1093': ['1093', '1094', '1144', '1037', '1143'], '1088': ['1088', '1141', '1135', '1140']})"
22,"defaultdict(<class 'list'>, {'1040': ['1040', '1080', '1081', '1082', '1078', '1079', '1095', '1083'], '1084': ['1084', '1042', '1085', '1086', '1089', '1044', '1087', '1090', '1091'], '1096': ['1096', '1136', '1135', '1137', '1140', '1138', '1088', '1142', '1141', '1143', '1139'], '1041': ['1041', '1126', '1125', '1127', '1124', '1129', '1122', '1123', '1045', '1043', '1121', '1134'], '1128': ['1128', '1131', '1132', '1133'], '1032': ['1032', '1063', '1066', '1068', '1067'], '1052': ['1052', '1051', '1053', '1049', '1050', '1038', '1048', '1034'], '1160': ['1160', '1147', '1161', '1145', '1146', '1162'], '1055': ['1055', '1056'], '1057': ['1057', '1060', '1071', '1061', '1105', '1106', '1107', '1058', '1059'], '1148': ['1148', '1158', '1157', '1159', '1156', '1033', '1153', '1154', '1155', '1152', '1109'], '1072': ['1072', '1075', '1076', '1073', '1074'], '1101': ['1101', '1102', '1039', '1097', '1098', '1099', '1035', '1112', '1100', '1111'], '1103': ['1103', '1104'], '1113': ['1113', '1114', '1115'], '1108': ['1108'], '1110': ['1110', '1030', '1046', '1069', '1047', '1070', '1064', '1065', '1031'], '1054': ['1054', '1062'], '1036': ['1036', '1092', '1150', '1151', '1149', '1093', '1094', '1144', '1037'], '1077': ['1077'], '1117': ['1117', '1118', '1116', '1119', '1120'], '1130': ['1130']})"
23,"defaultdict(<class 'list'>, {'1040': ['1040', '1080', '1081', '1082', '1078', '1079', '1095', '1096', '1083'], '1084': ['1084', '1042', '1085', '1086', '1087'], '1136': ['1136', '1133'], '1138': ['1138', '1137', '1139'], '1041': ['1041', '1126', '1125', '1127', '1131', '1124', '1128', '1043', '1121', '1122', '1123', '1045'], '1129': ['1129', '1132'], '1032': ['1032', '1160', '1161', '1162', '1146', '1147', '1093', '1094', '1145', '1144', '1037'], '1052': ['1052', '1051', '1053', '1049', '1050', '1054'], '1063': ['1063', '1057', '1060', '1071', '1061'], '1055': ['1055', '1056', '1075', '1076', '1074'], '1148': ['1148', '1158', '1157', '1159', '1153', '1154', '1155', '1156', '1152'], '1066': ['1066', '1038', '1048', '1068', '1034', '1067', '1077'], '1072': ['1072', '1062', '1073'], '1033': ['1033', '1101', '1102', '1098', '1099', '1100', '1103', '1039', '1097', '1035', '1112'], '1109': ['1109', '1130'], '1105': ['1105', '1106', '1113', '1107', '1114', '1108', '1058', '1059', '1115'], '1110': ['1110', '1111', '1064', '1065', '1031', '1030', '1046', '1069', '1047', '1070'], '1104': ['1104'], '1089': ['1089', '1149', '1044', '1090', '1091'], '1036': ['1036', '1092', '1150', '1151'], '1088': ['1088', '1142', '1141', '1143', '1140'], '1117': ['1117', '1118', '1116', '1119', '1120'], '1135': ['1135', '1134']})"
23,"defaultdict(<class 'list'>, {'1040': ['1040', '1080', '1081', '1082', '1078', '1095', '1083'], '1079': ['1079', '1077', '1075', '1076', '1074'], '1084': ['1084', '1042', '1085', '1086', '1089', '1044', '1087', '1090', '1091'], '1096': ['1096', '1138', '1135', '1137', '1139', '1136', '1088', '1142', '1141', '1143', '1140'], '1041': ['1041', '1126', '1125', '1127', '1043', '1121', '1122', '1123', '1045', '1124'], '1128': ['1128', '1131', '1132', '1130', '1133', '1129', '1120', '1134'], '1032': ['1032', '1160', '1161', '1162', '1146'], '1052': ['1052', '1053', '1049', '1050', '1054'], '1063': ['1063'], '1051': ['1051', '1055', '1056'], '1057': ['1057', '1060', '1061', '1062', '1073', '1071', '1072'], '1147': ['1147', '1148', '1158', '1157', '1159'], '1066': ['1066', '1067', '1064', '1065', '1031', '1038', '1048', '1068', '1034'], '1033': ['1033', '1153', '1154', '1155', '1152'], '1101': ['1101', '1102', '1039', '1097', '1098', '1099', '1035', '1112', '1100', '1111', '1103'], '1109': ['1109', '1105', '1106', '1107', '1058', '1059', '1113'], '1108': ['1108'], '1110': ['1110'], '1104': ['1104', '1030', '1046', '1047', '1117'], '1114': ['1114', '1115', '1118', '1116', '1119'], '1156': ['1156'], '1069': ['1069', '1070'], '1036': ['1036', '1092', '1150', '1093', '1094', '1151', '1149', '1037', '1144', '1145']})"
23,"defaultdict(<class 'list'>, {'1040': ['1040', '1080', '1081', '1078', '1079', '1077', '1075', '1076', '1074'], '1095': ['1095', '1082', '1084', '1042', '1085', '1086', '1087', '1083', '1089', '1044', '1090', '1091'], '1096': ['1096', '1138', '1135', '1137', '1139', '1136', '1088', '1142', '1141', '1143', '1140'], '1041': ['1041', '1126', '1125', '1127', '1124', '1128', '1131', '1132', '1130', '1133', '1129', '1134'], '1032': ['1032', '1160', '1161', '1162', '1146', '1147', '1148', '1158', '1157', '1159', '1156', '1145'], '1052': ['1052', '1053'], '1063': ['1063', '1066', '1038', '1048', '1068', '1034', '1067'], '1051': ['1051', '1055', '1056', '1049', '1050'], '1057': ['1057', '1060', '1061', '1062', '1073', '1071', '1072'], '1033': ['1033', '1153', '1154', '1155', '1152'], '1101': ['1101', '1102', '1098', '1099', '1100'], '1109': ['1109'], '1103': ['1103', '1104', '1030', '1046', '1047'], '1105': ['1105', '1106', '1107', '1058', '1059'], '1113': ['1113'], '1108': ['1108'], '1110': ['1110', '1111', '1064', '1065', '1031'], '1114': ['1114', '1069', '1070'], '1054': ['1054'], '1039': ['1039', '1097', '1112', '1035', '1117'], '1043': ['1043', '1121', '1122', '1123', '1045'], '1036': ['1036', '1092', '1150', '1093', '1094', '1151', '1149', '1037', '1144'], '1115': ['1115', '1118', '1116', '1119', '1120']})"
23,"defaultdict(<class 'list'>, {'1040': ['1040', '1080', '1079', '1081', '1078', '1068', '1077'], '1095': ['1095', '1082', '1084', '1083', '1085', '1042', '1086', '1089', '1044', '1087', '1090', '1091'], '1096': ['1096', '1138', '1135', '1137', '1139', '1136', '1088', '1142', '1141', '1143', '1140'], '1041': ['1041', '1126', '1125', '1127', '1124'], '1128': ['1128', '1131', '1132', '1130', '1133', '1129', '1120', '1134'], '1032': ['1032', '1160', '1161', '1162', '1146', '1147', '1148', '1158', '1157', '1159', '1156', '1145'], '1052': ['1052', '1051', '1053', '1038', '1048', '1054', '1034', '1049', '1050', '1055', '1056'], '1063': ['1063', '1057', '1071', '1066', '1067'], '1060': ['1060', '1105', '1106', '1107', '1058', '1059', '1108'], '1061': ['1061', '1062', '1075', '1073', '1074', '1076'], '1072': ['1072'], '1033': ['1033', '1153', '1154', '1155', '1152', '1093', '1094', '1151', '1149', '1037'], '1101': ['1101', '1102', '1098', '1099', '1100'], '1109': ['1109', '1110', '1039', '1097', '1112', '1111', '1035'], '1103': ['1103', '1104', '1030', '1046', '1047'], '1113': ['1113', '1114'], '1069': ['1069', '1064', '1065', '1070', '1031'], '1043': ['1043', '1121', '1122', '1123', '1045'], '1036': ['1036'], '1092': ['1092'], '1150': ['1150'], '1144': ['1144'], '1115': ['1115', '1117', '1118', '1116', '1119']})"
23,"defaultdict(<class 'list'>, {'1040': ['1040', '1080', '1079', '1081', '1078', '1038', '1048', '1068', '1034', '1067', '1077'], '1095': ['1095', '1082', '1084', '1083', '1085', '1042'], '1096': ['1096', '1138', '1135', '1137', '1139', '1136', '1140'], '1041': ['1041', '1126', '1125', '1127', '1043', '1121', '1122', '1123', '1045', '1124'], '1128': ['1128', '1129', '1132', '1130', '1134', '1131', '1120', '1133'], '1032': ['1032', '1160', '1161', '1162', '1146'], '1052': ['1052', '1053', '1049', '1050', '1054', '1051', '1055', '1062'], '1063': ['1063', '1066', '1064', '1065', '1031'], '1057': ['1057', '1060', '1061', '1058', '1059', '1071'], '1147': ['1147', '1148', '1158', '1157', '1159', '1156', '1154', '1155'], '1056': ['1056', '1030', '1046', '1069', '1047', '1070'], '1072': ['1072', '1075', '1076', '1073', '1074'], '1033': ['1033', '1101', '1109', '1153', '1100', '1152'], '1102': ['1102', '1103', '1104', '1117', '1118'], '1105': ['1105', '1106', '1113', '1107', '1114'], '1108': ['1108', '1115', '1116', '1119'], '1110': ['1110', '1039', '1097', '1112', '1035', '1111'], '1098': ['1098', '1099'], '1086': ['1086', '1087', '1088', '1141', '1143'], '1089': ['1089', '1092', '1044', '1090', '1091', '1036'], '1150': ['1150', '1093', '1094', '1144', '1149', '1037', '1151'], '1145': ['1145'], '1142': ['1142']})"
23,"defaultdict(<class 'list'>, {'1040': ['1040', '1080', '1079', '1081', '1078', '1077', '1075', '1076', '1074'], '1095': ['1095'], '1082': ['1082', '1084', '1042', '1083', '1085'], '1096': ['1096', '1138', '1135', '1137', '1139', '1136', '1088', '1142', '1141', '1143', '1140'], '1041': ['1041', '1126', '1125', '1127', '1124', '1043', '1121', '1122', '1123', '1045'], '1128': ['1128', '1129', '1132', '1130', '1134', '1131', '1133'], '1032': ['1032', '1160', '1161', '1162', '1146', '1147', '1148', '1158', '1157', '1159', '1156', '1145'], '1052': ['1052'], '1063': ['1063'], '1051': ['1051', '1055', '1056', '1049', '1050'], '1057': ['1057', '1060', '1071', '1061', '1105', '1106', '1107', '1058', '1059'], '1053': ['1053', '1054', '1062'], '1066': ['1066', '1110', '1064', '1065'], '1072': ['1072', '1070', '1073'], '1033': ['1033', '1109', '1153', '1155', '1152', '1154'], '1101': ['1101', '1102', '1098', '1099', '1100', '1103', '1108'], '1113': ['1113', '1114', '1115'], '1104': ['1104', '1030', '1046', '1069', '1047', '1031'], '1038': ['1038', '1048', '1068', '1034', '1067'], '1039': ['1039', '1097', '1112', '1035', '1111'], '1086': ['1086', '1089', '1044', '1087', '1090'], '1036': ['1036', '1092', '1150', '1151', '1149', '1093', '1094', '1144', '1037', '1091'], '1117': ['1117', '1118', '1116', '1119', '1120']})"
23,"defaultdict(<class 'list'>, {'1040': ['1040', '1080', '1079', '1081', '1078', '1095', '1082', '1084', '1042', '1083', '1085', '1136'], '1096': ['1096', '1138', '1135', '1137', '1139'], '1041': ['1041', '1126', '1125', '1043', '1121', '1122', '1123', '1045', '1124', '1127', '1129', '1119'], '1128': ['1128', '1131', '1132', '1130', '1133', '1120', '1134'], '1032': ['1032', '1160', '1147', '1161', '1145', '1146', '1162', '1148', '1158', '1157', '1159', '1156'], '1052': ['1052', '1051', '1053', '1049', '1050', '1038', '1048', '1054', '1034', '1055', '1056'], '1063': ['1063', '1071', '1066', '1067'], '1057': ['1057', '1060', '1061', '1058', '1059', '1105', '1106', '1113', '1107'], '1072': ['1072', '1075', '1076', '1073', '1074'], '1033': ['1033', '1153', '1154', '1036', '1150', '1151', '1152', '1155'], '1101': ['1101', '1108', '1100'], '1109': ['1109'], '1102': ['1102'], '1103': ['1103', '1104'], '1110': ['1110', '1039', '1097', '1098', '1099', '1035', '1112', '1111', '1117', '1118'], '1114': ['1114', '1030', '1046', '1069', '1047', '1070', '1064', '1065', '1031'], '1068': ['1068', '1077'], '1086': ['1086', '1087', '1088', '1141', '1143', '1142'], '1089': ['1089', '1092', '1044', '1090', '1091'], '1093': ['1093', '1094', '1144', '1149', '1037'], '1115': ['1115', '1116'], '1062': ['1062'], '1140': ['1140']})"
23,"defaultdict(<class 'list'>, {'1040': ['1040', '1080', '1079', '1081', '1078', '1095', '1082', '1084', '1042', '1083', '1085', '1138'], '1096': ['1096', '1136', '1135', '1137', '1140'], '1041': ['1041', '1126', '1125', '1043', '1121', '1122', '1123', '1045', '1124', '1127'], '1128': ['1128', '1129', '1132', '1130', '1134', '1131', '1120', '1133'], '1032': ['1032', '1052', '1063', '1053', '1049', '1051', '1038', '1048', '1050', '1034', '1054'], '1160': ['1160', '1147', '1161', '1162', '1146', '1145'], '1055': ['1055', '1056', '1030', '1046', '1047'], '1057': ['1057', '1060', '1071', '1061', '1105', '1106', '1107', '1058', '1059'], '1148': ['1148', '1158', '1157', '1159', '1156'], '1066': ['1066', '1067', '1064', '1065', '1031'], '1072': ['1072', '1070', '1073'], '1033': ['1033', '1153', '1154', '1036', '1150', '1151', '1152', '1155'], '1101': ['1101', '1102', '1103', '1108', '1100'], '1109': ['1109', '1113'], '1110': ['1110', '1039', '1097', '1098', '1099', '1035', '1112', '1111', '1117'], '1104': ['1104'], '1114': ['1114', '1115', '1118', '1116', '1119'], '1068': ['1068', '1077', '1075', '1076', '1074'], '1069': ['1069'], '1086': ['1086', '1089', '1044', '1087', '1090', '1092', '1091'], '1093': ['1093', '1094', '1144', '1149', '1037'], '1088': ['1088', '1142', '1141', '1143', '1139'], '1062': ['1062']})"
23,"defaultdict(<class 'list'>, {'1040': ['1040', '1080', '1079', '1038', '1048', '1068', '1034', '1067', '1077', '1076', '1078', '1081'], '1095': ['1095', '1082', '1084', '1042', '1083', '1085', '1096'], '1136': ['1136', '1141', '1140'], '1138': ['1138', '1137', '1139'], '1041': ['1041', '1126', '1125', '1043', '1121', '1122', '1123', '1045', '1124', '1127'], '1128': ['1128', '1131', '1132', '1130', '1133', '1129', '1120', '1134'], '1032': ['1032', '1052', '1063', '1053', '1049', '1160', '1146'], '1051': ['1051', '1055', '1056', '1050'], '1057': ['1057', '1060', '1061', '1105', '1106', '1107', '1058', '1059', '1113'], '1071': ['1071'], '1147': ['1147', '1148', '1158', '1157', '1159', '1156', '1161', '1033', '1153', '1154', '1155', '1152'], '1066': ['1066'], '1072': ['1072', '1075', '1073', '1074'], '1162': ['1162'], '1101': ['1101', '1102', '1103', '1039', '1097', '1098', '1099', '1035', '1100', '1104'], '1109': ['1109', '1110'], '1108': ['1108', '1115', '1116'], '1114': ['1114', '1030', '1046', '1069', '1064', '1065', '1070', '1031', '1047'], '1054': ['1054', '1062'], '1112': ['1112', '1111', '1117', '1118', '1119'], '1086': ['1086', '1089', '1044', '1087', '1090', '1088', '1142', '1091'], '1036': ['1036', '1092', '1150', '1151', '1149', '1093', '1094', '1144', '1037', '1143', '1145'], '1135': ['1135']})"
23,"defaultdict(<class 'list'>, {'1040': ['1040', '1080', '1079', '1081', '1078'], '1095': ['1095', '1082', '1084', '1042', '1085', '1086', '1087', '1083', '1089', '1044'], '1096': ['1096', '1138', '1135', '1137', '1139', '1136', '1088', '1142', '1141', '1143', '1140'], '1041': ['1041', '1126', '1125', '1127', '1124', '1131', '1043', '1121', '1122', '1123', '1045', '1133'], '1128': ['1128', '1129', '1130', '1134'], '1032': ['1032', '1063', '1160', '1161', '1162', '1147', '1148', '1158', '1157', '1159', '1156', '1146'], '1052': ['1052', '1051', '1055', '1056', '1049', '1050', '1053', '1038', '1048', '1054', '1034'], '1057': ['1057', '1060', '1061', '1058', '1059', '1105', '1106', '1113', '1107'], '1071': ['1071', '1072', '1073', '1074'], '1066': ['1066', '1068', '1067', '1077', '1076'], '1033': ['1033', '1153', '1154', '1155', '1152'], '1101': ['1101', '1102', '1098', '1099', '1100', '1103', '1039', '1097', '1035'], '1109': ['1109', '1110', '1112', '1111'], '1108': ['1108'], '1104': ['1104', '1030', '1046', '1047'], '1114': ['1114'], '1069': ['1069', '1064', '1065', '1070', '1031'], '1036': ['1036', '1092', '1150', '1093', '1094', '1144', '1149', '1037', '1145', '1151', '1090', '1091'], '1115': ['1115'], '1062': ['1062'], '1117': ['1117', '1118', '1116', '1119', '1120'], '1075': ['1075'], '1132': ['1132']})"
23,"defaultdict(<class 'list'>, {'1040': ['1040', '1080', '1079', '1081', '1078', '1095', '1082', '1084', '1042', '1083', '1085', '1086'], '1096': ['1096', '1138', '1135', '1137', '1139', '1136', '1088', '1142', '1141', '1143', '1140'], '1041': ['1041', '1126', '1125', '1127', '1124', '1129', '1043', '1121', '1122', '1123', '1045'], '1128': ['1128', '1131', '1132', '1130', '1133'], '1032': ['1032', '1160', '1161', '1162'], '1052': ['1052', '1053', '1049', '1050', '1054', '1051', '1055'], '1063': ['1063', '1066', '1038', '1048', '1068', '1034', '1067'], '1057': ['1057', '1060', '1071', '1061', '1072', '1062', '1073'], '1147': ['1147', '1036', '1092', '1145', '1146'], '1148': ['1148', '1158', '1157', '1159', '1033', '1153', '1154', '1155', '1151', '1152', '1156'], '1056': ['1056', '1077', '1075', '1076', '1074'], '1101': ['1101', '1102', '1098', '1099', '1100', '1103', '1039', '1097', '1035'], '1109': ['1109'], '1105': ['1105', '1106', '1107', '1058', '1059', '1113', '1108', '1114', '1115'], '1110': ['1110', '1111', '1064', '1065', '1031'], '1104': ['1104'], '1112': ['1112'], '1030': ['1030', '1046', '1069', '1047', '1070'], '1089': ['1089', '1044', '1087', '1090', '1091'], '1150': ['1150'], '1093': ['1093', '1094', '1144', '1149', '1037'], '1117': ['1117', '1118', '1116', '1119', '1120'], '1134': ['1134']})"
23,"defaultdict(<class 'list'>, {'1040': ['1040', '1080', '1081', '1082', '1083', '1095'], '1079': ['1079', '1077', '1075', '1076', '1074', '1078'], '1084': ['1084', '1042', '1085', '1086', '1089', '1044', '1087', '1090', '1091', '1088'], '1096': ['1096', '1138', '1135', '1137', '1139'], '1136': ['1136', '1141', '1140'], '1041': ['1041', '1126', '1125', '1127', '1124', '1128', '1129', '1132', '1130', '1134', '1131', '1133'], '1032': ['1032', '1063', '1160', '1147', '1148', '1158', '1157', '1159', '1156', '1161', '1162', '1146'], '1052': ['1052', '1053', '1049', '1050', '1054', '1051', '1055', '1062'], '1057': ['1057', '1060', '1061', '1058', '1059'], '1071': ['1071', '1072', '1073'], '1066': ['1066', '1038', '1048', '1068', '1034', '1067'], '1056': ['1056'], '1033': ['1033', '1153', '1154', '1155', '1152'], '1101': ['1101', '1102', '1098', '1099', '1100', '1103', '1108'], '1109': ['1109'], '1105': ['1105', '1106', '1113', '1107', '1114'], '1110': ['1110', '1111', '1064', '1065', '1031', '1039', '1097', '1112', '1035'], '1104': ['1104', '1030', '1046', '1069', '1047', '1070'], '1043': ['1043', '1121', '1122', '1123', '1045'], '1036': ['1036', '1092', '1150', '1093', '1094', '1144', '1149', '1037', '1151', '1145', '1143'], '1142': ['1142'], '1115': ['1115', '1118', '1116', '1119', '1120'], '1117': ['1117']})"
23,"defaultdict(<class 'list'>, {'1040': ['1040', '1080', '1081', '1082', '1078', '1079', '1084', '1042', '1083', '1095'], '1096': ['1096', '1138', '1135', '1137', '1139', '1136', '1088', '1142', '1141', '1143', '1140'], '1041': ['1041', '1126', '1125', '1127', '1128', '1124', '1043', '1121', '1122', '1123', '1045', '1132'], '1129': ['1129', '1131', '1120', '1130', '1134'], '1032': ['1032', '1160', '1147', '1161', '1145', '1146', '1148', '1158', '1157', '1159', '1156', '1162'], '1052': ['1052', '1053', '1049', '1050', '1054', '1051', '1055', '1062'], '1063': ['1063', '1071', '1072'], '1057': ['1057', '1060', '1061', '1105', '1106', '1107', '1058', '1059', '1113'], '1066': ['1066'], '1056': ['1056', '1077', '1075', '1076', '1074'], '1033': ['1033', '1153', '1154', '1155', '1152'], '1101': ['1101', '1102', '1098', '1099', '1100', '1103', '1039', '1097', '1035'], '1109': ['1109'], '1108': ['1108', '1114', '1115'], '1110': ['1110', '1111', '1064', '1065', '1031'], '1104': ['1104'], '1038': ['1038', '1048', '1068', '1034', '1067'], '1112': ['1112', '1117', '1118', '1116', '1119'], '1030': ['1030', '1046', '1069', '1047', '1070'], '1085': ['1085', '1086', '1089', '1044', '1087', '1090', '1091'], '1036': ['1036', '1092', '1150', '1093', '1094', '1151', '1149', '1037', '1144'], '1073': ['1073'], '1133': ['1133']})"
23,"defaultdict(<class 'list'>, {'1040': ['1040', '1080', '1081', '1082', '1078', '1095', '1083'], '1079': ['1079', '1077', '1075', '1076', '1074'], '1084': ['1084', '1042', '1085', '1086', '1089', '1044', '1087', '1090', '1091'], '1096': ['1096', '1138', '1135', '1137', '1139', '1136', '1140'], '1041': ['1041', '1126', '1125', '1127', '1043', '1121', '1122', '1123', '1045', '1124'], '1128': ['1128', '1131', '1132', '1130', '1133', '1129', '1134'], '1032': ['1032', '1052', '1063', '1053', '1049', '1160', '1161', '1162', '1146'], '1051': ['1051', '1055', '1056', '1046', '1047'], '1057': ['1057', '1060', '1061', '1105', '1106', '1107', '1058', '1059', '1062'], '1071': ['1071', '1072', '1073'], '1147': ['1147', '1148', '1158', '1157', '1159', '1033', '1153', '1155', '1156'], '1066': ['1066', '1030', '1069', '1064', '1065', '1070', '1031'], '1101': ['1101', '1102', '1103', '1039', '1097', '1098', '1099', '1035', '1100', '1104'], '1109': ['1109', '1110', '1112', '1111'], '1113': ['1113'], '1154': ['1154', '1036', '1150', '1151', '1152', '1092', '1093', '1094', '1144', '1149', '1037', '1145'], '1108': ['1108'], '1114': ['1114'], '1038': ['1038', '1048', '1068', '1034', '1067', '1054'], '1050': ['1050'], '1088': ['1088', '1142', '1141', '1143'], '1115': ['1115'], '1117': ['1117', '1118', '1116', '1119', '1120']})"
23,"defaultdict(<class 'list'>, {'1040': ['1040', '1080', '1079', '1081', '1078', '1095', '1082', '1084', '1042', '1083', '1085', '1096'], '1136': ['1136', '1135', '1140'], '1138': ['1138', '1134'], '1041': ['1041', '1126', '1125', '1127', '1124', '1128', '1131', '1132', '1130', '1133', '1129', '1120'], '1032': ['1032', '1063', '1160', '1161', '1162'], '1052': ['1052', '1051', '1053', '1049', '1050', '1055', '1054', '1062'], '1057': ['1057', '1060', '1061', '1105', '1106', '1107', '1058', '1059', '1108'], '1071': ['1071'], '1147': ['1147', '1036', '1092', '1145', '1146'], '1148': ['1148', '1158', '1157', '1159', '1156', '1153', '1154', '1155', '1151', '1152', '1150'], '1066': ['1066', '1038', '1048', '1068', '1034', '1067'], '1056': ['1056'], '1072': ['1072', '1030', '1046', '1069', '1047', '1070', '1031'], '1033': ['1033', '1109', '1110', '1064', '1065'], '1101': ['1101', '1102', '1098', '1099', '1100', '1103', '1039', '1097', '1035'], '1113': ['1113'], '1104': ['1104', '1112', '1111', '1117'], '1114': ['1114', '1115', '1118', '1116', '1119'], '1086': ['1086', '1089', '1044', '1087', '1090', '1043', '1121', '1122', '1123', '1045'], '1093': ['1093', '1094', '1144', '1149', '1037', '1091'], '1088': ['1088', '1142', '1141', '1143', '1139'], '1077': ['1077', '1075', '1076', '1073', '1074'], '1137': ['1137']})"
23,"defaultdict(<class 'list'>, {'1040': ['1040', '1080', '1081', '1082', '1084', '1042', '1083', '1085', '1078', '1079', '1095', '1136'], '1096': ['1096', '1138', '1135', '1137', '1139'], '1041': ['1041', '1126', '1125', '1127', '1128', '1124', '1131', '1043', '1121', '1122', '1123', '1045'], '1129': ['1129', '1130', '1134'], '1032': ['1032', '1052', '1063', '1053', '1049'], '1160': ['1160', '1147', '1148', '1158', '1157', '1159', '1156', '1161', '1162'], '1051': ['1051', '1055', '1056', '1075', '1076'], '1057': ['1057', '1060', '1071', '1072', '1061', '1062', '1073', '1074'], '1066': ['1066', '1067'], '1033': ['1033', '1153', '1154', '1155', '1152'], '1101': ['1101', '1102', '1103', '1104', '1098', '1099', '1100'], '1109': ['1109', '1105', '1106', '1107', '1058', '1059', '1113'], '1108': ['1108', '1115'], '1110': ['1110', '1039', '1097', '1112', '1035', '1111'], '1114': ['1114', '1030', '1046', '1069', '1064', '1065', '1070', '1031', '1047'], '1038': ['1038', '1048', '1054', '1068', '1034'], '1050': ['1050'], '1086': ['1086', '1089', '1087', '1090', '1091', '1044'], '1036': ['1036', '1092', '1150', '1151', '1149', '1093', '1094', '1144', '1037', '1145', '1146'], '1088': ['1088', '1142', '1141', '1143', '1140'], '1077': ['1077'], '1117': ['1117', '1118', '1116', '1119', '1120'], '1132': ['1132', '1133']})"
23,"defaultdict(<class 'list'>, {'1040': ['1040', '1080', '1079', '1077', '1076', '1078', '1075', '1074'], '1081': ['1081', '1082', '1084', '1042', '1083', '1095', '1096', '1085'], '1136': ['1136', '1137'], '1138': ['1138', '1142', '1139'], '1041': ['1041'], '1126': ['1126', '1125', '1127', '1128', '1131', '1132', '1130', '1133', '1129', '1120', '1134', '1124'], '1032': ['1032', '1160', '1161', '1162', '1146', '1063', '1147', '1145'], '1052': ['1052', '1053', '1049', '1050', '1054', '1051', '1055', '1061', '1062'], '1057': ['1057', '1071', '1072', '1073'], '1060': ['1060'], '1148': ['1148', '1158', '1157', '1159', '1156', '1153', '1154', '1155', '1152'], '1066': ['1066', '1038', '1048', '1068', '1067', '1034', '1043', '1121', '1122', '1123', '1045'], '1056': ['1056'], '1033': ['1033', '1109', '1113', '1110', '1111', '1105'], '1101': ['1101', '1102', '1098', '1099', '1100', '1103', '1039', '1097', '1035', '1112'], '1106': ['1106', '1108', '1107', '1058', '1059', '1115', '1116'], '1104': ['1104', '1030', '1046', '1047', '1117', '1118'], '1114': ['1114', '1069', '1064', '1065', '1070', '1031'], '1086': ['1086', '1089', '1044', '1087', '1090', '1091'], '1036': ['1036', '1092', '1150', '1151', '1149'], '1093': ['1093', '1094', '1144', '1037', '1143'], '1088': ['1088', '1141', '1135', '1140'], '1119': ['1119']})"
23,"defaultdict(<class 'list'>, {'1040': ['1040', '1080', '1079', '1081', '1078', '1095', '1082', '1096', '1083'], '1084': ['1084', '1042', '1085', '1086', '1087'], '1136': ['1136'], '1138': ['1138', '1137', '1139'], '1041': ['1041', '1126', '1125', '1127', '1124', '1129', '1043', '1121', '1122', '1123', '1045', '1119'], '1128': ['1128', '1131', '1132', '1130', '1133', '1120'], '1032': ['1032', '1052', '1063', '1053', '1049', '1160', '1161', '1162', '1146'], '1051': ['1051', '1038', '1048', '1050', '1034'], '1055': ['1055', '1056'], '1057': ['1057', '1060', '1071', '1061', '1072'], '1147': ['1147', '1093', '1094', '1145', '1144', '1037'], '1148': ['1148', '1158', '1157', '1159', '1156', '1153', '1154', '1155', '1152', '1118'], '1066': ['1066', '1068', '1067'], '1033': ['1033', '1109', '1113', '1110', '1111'], '1101': ['1101', '1102', '1039', '1097', '1098', '1099', '1035', '1112', '1100', '1117', '1103', '1104'], '1105': ['1105', '1106', '1107', '1058', '1059', '1108', '1115', '1116'], '1114': ['1114', '1030', '1046', '1069', '1064', '1065', '1070', '1031', '1047'], '1054': ['1054', '1062'], '1089': ['1089', '1149', '1044', '1090', '1091'], '1036': ['1036', '1092', '1150', '1151'], '1088': ['1088', '1142', '1141', '1143', '1140'], '1077': ['1077', '1075', '1076', '1073', '1074'], '1135': ['1135', '1134']})"
23,"defaultdict(<class 'list'>, {'1040': ['1040', '1080', '1079', '1081', '1078', '1095', '1082', '1084', '1042', '1083', '1085', '1077'], '1096': ['1096', '1138', '1135', '1137', '1139', '1136', '1140', '1088', '1142', '1141', '1143'], '1041': ['1041'], '1126': ['1126', '1125', '1127', '1043', '1121', '1122', '1123', '1045', '1124'], '1128': ['1128', '1131', '1132', '1130', '1133', '1129', '1120', '1134'], '1032': ['1032', '1052', '1053', '1038', '1048', '1054', '1034', '1049', '1050', '1068'], '1063': ['1063', '1057', '1071', '1072'], '1160': ['1160', '1147', '1161', '1162', '1146'], '1051': ['1051', '1055', '1056', '1046', '1047'], '1060': ['1060'], '1148': ['1148', '1158', '1157', '1159', '1156', '1033', '1153', '1154', '1155', '1152', '1101'], '1066': ['1066', '1067', '1064', '1065', '1031'], '1061': ['1061', '1062', '1075', '1073', '1074', '1076'], '1109': ['1109', '1105', '1113', '1110'], '1102': ['1102', '1039', '1097', '1098', '1099', '1035', '1112', '1100', '1111'], '1103': ['1103', '1104', '1117'], '1106': ['1106', '1108', '1107', '1058', '1059'], '1114': ['1114', '1115', '1118', '1116', '1119'], '1030': ['1030', '1069', '1070'], '1086': ['1086', '1089', '1044', '1087', '1090'], '1036': ['1036', '1092', '1150', '1093', '1094', '1151', '1149', '1037', '1144'], '1145': ['1145'], '1091': ['1091']})"
23,"defaultdict(<class 'list'>, {'1040': ['1040', '1080', '1079', '1077', '1078'], '1081': ['1081', '1095', '1082', '1084', '1042', '1083', '1085', '1086', '1087'], '1096': ['1096', '1136', '1135', '1137', '1140', '1138', '1088', '1142', '1141', '1143', '1139'], '1041': ['1041', '1126', '1125', '1127', '1043', '1121', '1122', '1123', '1045', '1124'], '1128': ['1128', '1129', '1132', '1130', '1134', '1131', '1120', '1133'], '1032': ['1032', '1063', '1066', '1068', '1067'], '1052': ['1052'], '1160': ['1160', '1161', '1162', '1146', '1147', '1148', '1158', '1157', '1159', '1156', '1092', '1145'], '1051': ['1051', '1055', '1056', '1049', '1050'], '1057': ['1057', '1060', '1061', '1058', '1059'], '1071': ['1071'], '1053': ['1053', '1038', '1048', '1054', '1034', '1062'], '1072': ['1072', '1075', '1076', '1073', '1074'], '1033': ['1033', '1109', '1105', '1113', '1114'], '1101': ['1101', '1102', '1103', '1039', '1097', '1098', '1099', '1035', '1112', '1100'], '1153': ['1153', '1155'], '1106': ['1106'], '1154': ['1154', '1036', '1150', '1151', '1152'], '1108': ['1108', '1107', '1115', '1116', '1119', '1118'], '1110': ['1110', '1111', '1069', '1064', '1065', '1070', '1031'], '1104': ['1104', '1030', '1046', '1047', '1117'], '1089': ['1089', '1044', '1090', '1091'], '1093': ['1093', '1094', '1144', '1149', '1037']})"
23,"defaultdict(<class 'list'>, {'1040': ['1040', '1080', '1079', '1081', '1078', '1095', '1082', '1084', '1083', '1085', '1042'], '1096': ['1096', '1138', '1135', '1137', '1139', '1136', '1140'], '1041': ['1041', '1126', '1125', '1127', '1124', '1129', '1043', '1121', '1122', '1123', '1045', '1134'], '1128': ['1128', '1131', '1132', '1133'], '1032': ['1032', '1052', '1063', '1053', '1049', '1160', '1161', '1162', '1146'], '1051': ['1051', '1055', '1050'], '1057': ['1057', '1060', '1061', '1058', '1059', '1071', '1072', '1062', '1073'], '1147': ['1147', '1148', '1158', '1157', '1159', '1156', '1154', '1155', '1033', '1153'], '1066': ['1066', '1067', '1100'], '1056': ['1056', '1077', '1075', '1076', '1074'], '1101': ['1101', '1108'], '1109': ['1109', '1105', '1106', '1113', '1107'], '1102': ['1102', '1103', '1104', '1098', '1099', '1039', '1097', '1035'], '1110': ['1110', '1112', '1111', '1117'], '1114': ['1114', '1030', '1046', '1069', '1047', '1070', '1064', '1065', '1031'], '1038': ['1038', '1048', '1054', '1068', '1034'], '1086': ['1086', '1087', '1088', '1141', '1143', '1142'], '1089': ['1089', '1149', '1044', '1090', '1091'], '1036': ['1036', '1150', '1151', '1152'], '1092': ['1092'], '1093': ['1093', '1094', '1145', '1144', '1037'], '1115': ['1115', '1118', '1116', '1119', '1120'], '1130': ['1130']})"
23,"defaultdict(<class 'list'>, {'1040': ['1040', '1080', '1079', '1081', '1078', '1095', '1082', '1083'], '1084': ['1084', '1042', '1085', '1086', '1089', '1044', '1087', '1090', '1091'], '1096': ['1096', '1138', '1135', '1137', '1139', '1136', '1088', '1142', '1141', '1143', '1140'], '1041': ['1041'], '1126': ['1126', '1125', '1127', '1043', '1121', '1122', '1123', '1045', '1124'], '1128': ['1128', '1131', '1132', '1130', '1133', '1129', '1134'], '1032': ['1032', '1052', '1063', '1053', '1049', '1051', '1055', '1050', '1054'], '1160': ['1160', '1161', '1162'], '1057': ['1057', '1060', '1061', '1058', '1059', '1062', '1071'], '1147': ['1147', '1148', '1158', '1157', '1159'], '1066': ['1066'], '1056': ['1056'], '1072': ['1072'], '1033': ['1033', '1109', '1110', '1039', '1097', '1112', '1035', '1111'], '1101': ['1101', '1102', '1098', '1099', '1100', '1103', '1108'], '1153': ['1153', '1154', '1155', '1156', '1152'], '1105': ['1105', '1106', '1113', '1107', '1114'], '1104': ['1104', '1030', '1046', '1069', '1064', '1065', '1070', '1031', '1047'], '1038': ['1038', '1048', '1068', '1034', '1067'], '1036': ['1036', '1092', '1150', '1093', '1094', '1144', '1149', '1037', '1145', '1151', '1146'], '1115': ['1115'], '1077': ['1077', '1075', '1076', '1073', '1074'], '1117': ['1117', '1118', '1116', '1119', '1120']})"
23,"defaultdict(<class 'list'>, {'1040': ['1040', '1080', '1081', '1082', '1084', '1042', '1083', '1085', '1078', '1095'], '1079': ['1079', '1038', '1048', '1068', '1034', '1067', '1077', '1076'], '1096': ['1096', '1136', '1135', '1137', '1140', '1138', '1088', '1142', '1141', '1143', '1139'], '1041': ['1041', '1126', '1125', '1127', '1043', '1121', '1122', '1123', '1045', '1124'], '1128': ['1128', '1131', '1132', '1130', '1133', '1129', '1134'], '1032': ['1032', '1052', '1053', '1049', '1050', '1054', '1063', '1051', '1055'], '1160': ['1160'], '1057': ['1057', '1060', '1071', '1058', '1059', '1072'], '1147': ['1147', '1036', '1092', '1145', '1146', '1150', '1093', '1094', '1151', '1149', '1037', '1144'], '1148': ['1148', '1158', '1157', '1159', '1156', '1153', '1154', '1155', '1152'], '1161': ['1161'], '1066': ['1066'], '1056': ['1056'], '1061': ['1061', '1062', '1075', '1073', '1074'], '1162': ['1162'], '1033': ['1033', '1101', '1098', '1099', '1100'], '1109': ['1109', '1105', '1106', '1113', '1107'], '1102': ['1102', '1103', '1104', '1117', '1118'], '1108': ['1108'], '1110': ['1110', '1039', '1097', '1112', '1035', '1111'], '1114': ['1114', '1030', '1046', '1069', '1064', '1065', '1070', '1031', '1047'], '1086': ['1086', '1089', '1044', '1087', '1090', '1091'], '1115': ['1115', '1116', '1119', '1120']})"
23,"defaultdict(<class 'list'>, {'1040': ['1040', '1080', '1079', '1081', '1078'], '1095': ['1095', '1082', '1084', '1042', '1083', '1085', '1086', '1089', '1087', '1090', '1091', '1044'], '1096': ['1096', '1104'], '1136': ['1136', '1135', '1140'], '1138': ['1138'], '1041': ['1041', '1126', '1125', '1127', '1043', '1121', '1122', '1123', '1045', '1124', '1128', '1132'], '1129': ['1129', '1131', '1120', '1130', '1134'], '1032': ['1032', '1160', '1147', '1148', '1158', '1157', '1159', '1161', '1162', '1155', '1156', '1146'], '1052': ['1052', '1053', '1049', '1050', '1054', '1051', '1055', '1062'], '1063': ['1063'], '1057': ['1057', '1060', '1061', '1058', '1059', '1071', '1106'], '1066': ['1066', '1038', '1048', '1068', '1034', '1067', '1077', '1076'], '1056': ['1056'], '1072': ['1072', '1075', '1073', '1074'], '1033': ['1033', '1109', '1105', '1113'], '1101': ['1101', '1102', '1103', '1100'], '1153': ['1153'], '1154': ['1154', '1036', '1092', '1150', '1093', '1094', '1151', '1149', '1037', '1144', '1145', '1152'], '1108': ['1108', '1107', '1115', '1116', '1119'], '1110': ['1110', '1039', '1097', '1098', '1099', '1035', '1112', '1111', '1117', '1118'], '1114': ['1114', '1030', '1046', '1069', '1047', '1070', '1064', '1065', '1031'], '1088': ['1088', '1142', '1141', '1143', '1139'], '1137': ['1137', '1133']})"
23,"defaultdict(<class 'list'>, {'1040': ['1040', '1080', '1081', '1078', '1079', '1095', '1082', '1084', '1042', '1083', '1085'], '1096': ['1096', '1138', '1135', '1137', '1139', '1136', '1140'], '1041': ['1041', '1126', '1125', '1127', '1124', '1129', '1043', '1121', '1122', '1123', '1045', '1119'], '1128': ['1128', '1131', '1132', '1130', '1133', '1120', '1134'], '1032': ['1032', '1160', '1161', '1162', '1146'], '1052': ['1052', '1053', '1049', '1050', '1054', '1051', '1055', '1062'], '1063': ['1063', '1057', '1060', '1071', '1061'], '1147': ['1147', '1148', '1158', '1157', '1159', '1156', '1153', '1154', '1155', '1151', '1152'], '1066': ['1066', '1038', '1048', '1068', '1034', '1067', '1064', '1065', '1031'], '1056': ['1056'], '1072': ['1072', '1114', '1070'], '1033': ['1033', '1109', '1113', '1110', '1111'], '1101': ['1101', '1102', '1098', '1099', '1100', '1103', '1039', '1097', '1035', '1112'], '1105': ['1105', '1106', '1107', '1058', '1059'], '1108': ['1108'], '1104': ['1104', '1030', '1046', '1047', '1117', '1118'], '1069': ['1069'], '1086': ['1086', '1087', '1088', '1141', '1143', '1089', '1044', '1090', '1142'], '1036': ['1036', '1092', '1150', '1093', '1094', '1144', '1149', '1037', '1145'], '1091': ['1091'], '1115': ['1115'], '1077': ['1077', '1075', '1076', '1073', '1074'], '1116': ['1116']})"
23,"defaultdict(<class 'list'>, {'1040': ['1040', '1080', '1081', '1078', '1079', '1095', '1082', '1084', '1042', '1083', '1085'], '1096': ['1096', '1138', '1135', '1137', '1139', '1136', '1140'], '1041': ['1041'], '1126': ['1126', '1125', '1127', '1043', '1121', '1122', '1123', '1045', '1124'], '1128': ['1128', '1131', '1132', '1130', '1133', '1129', '1134'], '1032': ['1032', '1160', '1161', '1162', '1146'], '1052': ['1052', '1053', '1049', '1050', '1054', '1051', '1055', '1062'], '1063': ['1063', '1057', '1060', '1071', '1061'], '1147': ['1147', '1148', '1158', '1157', '1159'], '1066': ['1066'], '1056': ['1056', '1030', '1046', '1069', '1047', '1070', '1064', '1065', '1031'], '1072': ['1072'], '1033': ['1033', '1109', '1110', '1039', '1097', '1098', '1099', '1035', '1112', '1111'], '1101': ['1101', '1102', '1103', '1104', '1100'], '1153': ['1153', '1154', '1155', '1156', '1152'], '1105': ['1105', '1106', '1107', '1058', '1059', '1113', '1108', '1114', '1115'], '1038': ['1038', '1048', '1068', '1034', '1067'], '1086': ['1086', '1087', '1088', '1141', '1143', '1089', '1044', '1090', '1142'], '1036': ['1036', '1092', '1150', '1093', '1094', '1151', '1149', '1037', '1144'], '1145': ['1145'], '1091': ['1091'], '1077': ['1077', '1075', '1076', '1073', '1074'], '1117': ['1117', '1118', '1116', '1119', '1120']})"
23,"defaultdict(<class 'list'>, {'1040': ['1040'], '1080': ['1080', '1079', '1077', '1076', '1078', '1081', '1082', '1084', '1042', '1083', '1095', '1085'], '1096': ['1096', '1138', '1135', '1137', '1139', '1136', '1140', '1088', '1142', '1141', '1143'], '1041': ['1041', '1126', '1125', '1127', '1124', '1129', '1122', '1123', '1045', '1043', '1121', '1134'], '1128': ['1128'], '1131': ['1131', '1120', '1132', '1130', '1133'], '1032': ['1032', '1052', '1063', '1053', '1049', '1051', '1038', '1048', '1050', '1034', '1055', '1054'], '1160': ['1160', '1147', '1161', '1162', '1146', '1093', '1094', '1145', '1144', '1037'], '1057': ['1057', '1071', '1072', '1073', '1074', '1060', '1061', '1062'], '1148': ['1148', '1158', '1157', '1159', '1156'], '1066': ['1066', '1068', '1067'], '1056': ['1056', '1030', '1046', '1047', '1075'], '1033': ['1033', '1109', '1153', '1155', '1152'], '1101': ['1101', '1102', '1103', '1100'], '1105': ['1105', '1106', '1107', '1058', '1059', '1113', '1114'], '1154': ['1154', '1150', '1151'], '1108': ['1108', '1115', '1116', '1119'], '1110': ['1110'], '1104': ['1104'], '1039': ['1039', '1097', '1098', '1099', '1035', '1112', '1111', '1117', '1118'], '1069': ['1069', '1064', '1065', '1070', '1031'], '1086': ['1086', '1089', '1044', '1087', '1090', '1036', '1092', '1091'], '1149': ['1149']})"
23,"defaultdict(<class 'list'>, {'1040': ['1040', '1080', '1081', '1082', '1078'], '1079': ['1079', '1077', '1075', '1076', '1074'], '1095': ['1095'], '1084': ['1084', '1042', '1085', '1086', '1089', '1044', '1087', '1090', '1091', '1083'], '1096': ['1096', '1138', '1135', '1137', '1139', '1136', '1140', '1088', '1142', '1141', '1143'], '1041': ['1041', '1126', '1125', '1127', '1043', '1121', '1122', '1123', '1045', '1124', '1131', '1133'], '1128': ['1128', '1129', '1130', '1134'], '1032': ['1032', '1052', '1063', '1053', '1049', '1051', '1038', '1048', '1050', '1034'], '1160': ['1160', '1147', '1161', '1145', '1146', '1162', '1148', '1158', '1157', '1159', '1156'], '1055': ['1055', '1056'], '1057': ['1057', '1071', '1072', '1073'], '1060': ['1060'], '1066': ['1066', '1068', '1067'], '1061': ['1061', '1054', '1062'], '1033': ['1033', '1101', '1109', '1153', '1100', '1154', '1155', '1152'], '1102': ['1102', '1103'], '1105': ['1105', '1106', '1107', '1058', '1059', '1113', '1108'], '1110': ['1110'], '1104': ['1104', '1039', '1097', '1098', '1099', '1035', '1112', '1111', '1117', '1118'], '1114': ['1114', '1030', '1046', '1069', '1064', '1065', '1070', '1031', '1047'], '1036': ['1036', '1092', '1150', '1093', '1094', '1151', '1149', '1037', '1144'], '1115': ['1115', '1116', '1119', '1120'], '1132': ['1132']})"
23,"defaultdict(<class 'list'>, {'1040': ['1040', '1080', '1079', '1081', '1078', '1095', '1082', '1084', '1042', '1083', '1085', '1086'], '1096': ['1096', '1138', '1135', '1137', '1139', '1136', '1088', '1142', '1141', '1143', '1140'], '1041': ['1041', '1126', '1125', '1127', '1043', '1121', '1122', '1123', '1045', '1124', '1129', '1134'], '1128': ['1128', '1131', '1132', '1133'], '1032': ['1032', '1063', '1160', '1161', '1162', '1147', '1148', '1158', '1157', '1159', '1156', '1146'], '1052': ['1052', '1051', '1053', '1049', '1050', '1055', '1054', '1038', '1048', '1068', '1034', '1067'], '1057': ['1057', '1060', '1071', '1061', '1105', '1106', '1107', '1058', '1059'], '1066': ['1066', '1110', '1064', '1065', '1031'], '1056': ['1056', '1077', '1075', '1076', '1074'], '1072': ['1072', '1062', '1073'], '1033': ['1033', '1101', '1102', '1103', '1039', '1097', '1098', '1099', '1035', '1112', '1111', '1100'], '1109': ['1109'], '1153': ['1153', '1155'], '1113': ['1113', '1114', '1115'], '1154': ['1154', '1036', '1150', '1151', '1152'], '1108': ['1108'], '1104': ['1104', '1030', '1046', '1069', '1047', '1070'], '1089': ['1089', '1149', '1044', '1090', '1091'], '1092': ['1092'], '1093': ['1093', '1094', '1145', '1144', '1037'], '1087': ['1087'], '1117': ['1117', '1118', '1116', '1119', '1120'], '1130': ['1130']})"
23,"defaultdict(<class 'list'>, {'1040': ['1040', '1080', '1081', '1082', '1078', '1079', '1095', '1083'], '1084': ['1084', '1042', '1085', '1086', '1089', '1044', '1087', '1090', '1091'], '1096': ['1096', '1136', '1135', '1137', '1140', '1138', '1088', '1142', '1141', '1143', '1139'], '1041': ['1041', '1126', '1125', '1127', '1124', '1129', '1122', '1123', '1045', '1043', '1121', '1134'], '1128': ['1128', '1131', '1132', '1133'], '1032': ['1032', '1063', '1066', '1068', '1067'], '1052': ['1052', '1051', '1053', '1049', '1050', '1038', '1048', '1034'], '1160': ['1160', '1147', '1161', '1145', '1146'], '1055': ['1055', '1056'], '1057': ['1057', '1060', '1071', '1061', '1105', '1106', '1107', '1058', '1059'], '1148': ['1148', '1158', '1157', '1159', '1156', '1033', '1153', '1154', '1155', '1152', '1109'], '1072': ['1072', '1075', '1076', '1073', '1074'], '1162': ['1162'], '1101': ['1101', '1102', '1039', '1097', '1098', '1099', '1035', '1112', '1100', '1111'], '1103': ['1103', '1104'], '1113': ['1113', '1114', '1115'], '1108': ['1108'], '1110': ['1110', '1030', '1046', '1069', '1047', '1070', '1064', '1065', '1031'], '1054': ['1054', '1062'], '1036': ['1036', '1092', '1150', '1151', '1149', '1093', '1094', '1144', '1037'], '1077': ['1077'], '1117': ['1117', '1118', '1116', '1119', '1120'], '1130': ['1130']})"
23,"defaultdict(<class 'list'>, {'1040': ['1040', '1080', '1079', '1081', '1078', '1095', '1082', '1084', '1042', '1083', '1085', '1096'], '1136': ['1136', '1135', '1140'], '1138': ['1138'], '1041': ['1041', '1126', '1125', '1127', '1124', '1131', '1122', '1123', '1045', '1043', '1121'], '1128': ['1128', '1129', '1132', '1130', '1134'], '1032': ['1032', '1052', '1063', '1053', '1049', '1160', '1161', '1162', '1146'], '1051': ['1051', '1055', '1056', '1050'], '1057': ['1057', '1060', '1071', '1061', '1072'], '1147': ['1147', '1148', '1158', '1157', '1159', '1156', '1145'], '1066': ['1066', '1038', '1048', '1068', '1034', '1067'], '1033': ['1033', '1109', '1153', '1155', '1152', '1101', '1154', '1100'], '1102': ['1102', '1039', '1097', '1098', '1099', '1035', '1112'], '1103': ['1103', '1104'], '1105': ['1105', '1106', '1107', '1058', '1059', '1113', '1108', '1114', '1115'], '1110': ['1110', '1111', '1064', '1065', '1031'], '1054': ['1054', '1062'], '1030': ['1030', '1046', '1069', '1047', '1070'], '1086': ['1086', '1089', '1092', '1044', '1090', '1091', '1036', '1087'], '1150': ['1150', '1093', '1094', '1151', '1149', '1037', '1144'], '1088': ['1088', '1142', '1141', '1143', '1139'], '1077': ['1077', '1075', '1076', '1073', '1074'], '1117': ['1117', '1118', '1116', '1119', '1120'], '1137': ['1137', '1133']})"
23,"defaultdict(<class 'list'>, {'1040': ['1040', '1080', '1079', '1077', '1076', '1078', '1081', '1082', '1083', '1095'], '1084': ['1084', '1042', '1085', '1086', '1089', '1044', '1087', '1090', '1091'], '1096': ['1096', '1138', '1135', '1137', '1139', '1136', '1088', '1142', '1141', '1143', '1140'], '1041': ['1041', '1126', '1125', '1127', '1124'], '1128': ['1128', '1131', '1132', '1130', '1133', '1129', '1120', '1134'], '1032': ['1032', '1160', '1161', '1162', '1146', '1147', '1148', '1158', '1157', '1159', '1156', '1145'], '1052': ['1052'], '1063': ['1063', '1071', '1066', '1067'], '1051': ['1051', '1055', '1056', '1049', '1050'], '1057': ['1057', '1060', '1061', '1105', '1106', '1107', '1058', '1059', '1113'], '1053': ['1053', '1038', '1048', '1054', '1034'], '1072': ['1072', '1075', '1073', '1074'], '1033': ['1033', '1101', '1109', '1153', '1100', '1154', '1155', '1152'], '1102': ['1102', '1103'], '1108': ['1108', '1115', '1116'], '1110': ['1110', '1111', '1064', '1065', '1031'], '1104': ['1104'], '1114': ['1114', '1030', '1046', '1069', '1047', '1070'], '1068': ['1068'], '1039': ['1039', '1097', '1112', '1035', '1117', '1098', '1099', '1118', '1119'], '1043': ['1043', '1121', '1122', '1123', '1045'], '1036': ['1036', '1092', '1150', '1093', '1094', '1151', '1149', '1037', '1144'], '1062': ['1062']})"
23,"defaultdict(<class 'list'>, {'1040': ['1040', '1080', '1079', '1081', '1078', '1095', '1082', '1084', '1042', '1083', '1085', '1138'], '1096': ['1096', '1136', '1135', '1137', '1140'], '1041': ['1041', '1126', '1125', '1127', '1124', '1129', '1043', '1121', '1122', '1123', '1045'], '1128': ['1128', '1131', '1132', '1130', '1133', '1120', '1134'], '1032': ['1032', '1160', '1161', '1162', '1146', '1052', '1063', '1053', '1049'], '1051': ['1051', '1055', '1056', '1050'], '1057': ['1057', '1060', '1061', '1105', '1106', '1107', '1058', '1059', '1113'], '1071': ['1071'], '1147': ['1147', '1148', '1158', '1157', '1159', '1156', '1033', '1153', '1154', '1155', '1152', '1109'], '1066': ['1066', '1067', '1064', '1065', '1031', '1110'], '1072': ['1072'], '1101': ['1101'], '1102': ['1102', '1103', '1104', '1117', '1118', '1039', '1097', '1098', '1099', '1035', '1112', '1111'], '1108': ['1108', '1115', '1116', '1119'], '1114': ['1114', '1030', '1046', '1069', '1047', '1070'], '1038': ['1038', '1048', '1054', '1034', '1062'], '1068': ['1068', '1077', '1075', '1076', '1074'], '1100': ['1100'], '1086': ['1086', '1089', '1044', '1087', '1090', '1091'], '1036': ['1036', '1092', '1150', '1093', '1094', '1151', '1149', '1037', '1144'], '1145': ['1145'], '1088': ['1088', '1142', '1141', '1143', '1139'], '1073': ['1073']})"
23,"defaultdict(<class 'list'>, {'1040': ['1040', '1080', '1081', '1082', '1078', '1079', '1095', '1096', '1083'], '1084': ['1084', '1042', '1085', '1086', '1089', '1044', '1087', '1090', '1091'], '1136': ['1136', '1088', '1141', '1140'], '1138': ['1138'], '1041': ['1041', '1126', '1125', '1127', '1124', '1131', '1043', '1121', '1122', '1123', '1045', '1120'], '1128': ['1128', '1129', '1132', '1130', '1134'], '1032': ['1032', '1160', '1147', '1161', '1145', '1146', '1162', '1063'], '1052': ['1052', '1053', '1049', '1050', '1054', '1051', '1055', '1062'], '1057': ['1057', '1060', '1071', '1061', '1072'], '1148': ['1148', '1158', '1157', '1159', '1153', '1154', '1155', '1156', '1152'], '1066': ['1066', '1038', '1048', '1068', '1034', '1067', '1064', '1065', '1031'], '1056': ['1056', '1077', '1075', '1076', '1074'], '1033': ['1033', '1109', '1105', '1106', '1107', '1058', '1059', '1113'], '1101': ['1101', '1102', '1098', '1099', '1100', '1103', '1039', '1097', '1035', '1108'], '1110': ['1110', '1112', '1111', '1117'], '1104': ['1104', '1030', '1046', '1069', '1047', '1070'], '1114': ['1114', '1115', '1118', '1116', '1119'], '1036': ['1036', '1092', '1150', '1093', '1094', '1151', '1149', '1037', '1144'], '1142': ['1142', '1137', '1139'], '1143': ['1143'], '1073': ['1073'], '1135': ['1135'], '1133': ['1133']})"
23,"defaultdict(<class 'list'>, {'1040': ['1040', '1080', '1038', '1048', '1068', '1034', '1067', '1077', '1078'], '1079': ['1079', '1081', '1095', '1082', '1084', '1042', '1083', '1085'], '1096': ['1096', '1136', '1135', '1137', '1140', '1138', '1088', '1142', '1141', '1143', '1139'], '1041': ['1041', '1126', '1125', '1127', '1124', '1129', '1122', '1123', '1045', '1043', '1121', '1134'], '1128': ['1128', '1131', '1120', '1132', '1133'], '1032': ['1032', '1160', '1161', '1162', '1146'], '1052': ['1052', '1051', '1053', '1049', '1050', '1055', '1054', '1062'], '1063': ['1063', '1057', '1060', '1071', '1061'], '1147': ['1147', '1036', '1092', '1150', '1093', '1094', '1151', '1149', '1037', '1145', '1144', '1091'], '1148': ['1148', '1158', '1157', '1159', '1153', '1154', '1155', '1156', '1152'], '1066': ['1066', '1069', '1064', '1065', '1070', '1031'], '1056': ['1056'], '1072': ['1072', '1075', '1076', '1073', '1074'], '1033': ['1033', '1109', '1113', '1114'], '1101': ['1101', '1108', '1100'], '1102': ['1102'], '1103': ['1103', '1104', '1030', '1046', '1047'], '1105': ['1105', '1106', '1107', '1058', '1059'], '1110': ['1110'], '1039': ['1039', '1097', '1112', '1035', '1111', '1098', '1099', '1117', '1118'], '1086': ['1086', '1089', '1044', '1087', '1090'], '1115': ['1115', '1116', '1119'], '1130': ['1130']})"
23,"defaultdict(<class 'list'>, {'1040': ['1040', '1080', '1079', '1077', '1076', '1078', '1068', '1067'], '1081': ['1081', '1082', '1084', '1042', '1083', '1085', '1086', '1089', '1044', '1087', '1090', '1091'], '1095': ['1095', '1136'], '1096': ['1096', '1138', '1135', '1137', '1139'], '1041': ['1041', '1126', '1125', '1127', '1124', '1043', '1121', '1122', '1123', '1045'], '1128': ['1128', '1131', '1132', '1130', '1133', '1129', '1120', '1134'], '1032': ['1032', '1160', '1161', '1162', '1146', '1147', '1148', '1158', '1157', '1159', '1156', '1155'], '1052': ['1052', '1051', '1055', '1056', '1049', '1050', '1053', '1038', '1048', '1054', '1034'], '1063': ['1063', '1071', '1072'], '1057': ['1057', '1060', '1061', '1105', '1106', '1107', '1058', '1059', '1113'], '1066': ['1066'], '1033': ['1033', '1101', '1109', '1153', '1100'], '1102': ['1102', '1103', '1104', '1117', '1118'], '1154': ['1154', '1151', '1152', '1036', '1150'], '1108': ['1108'], '1110': ['1110', '1030', '1046', '1069', '1064', '1065', '1070', '1031', '1047'], '1114': ['1114', '1115', '1116', '1119'], '1039': ['1039', '1097', '1112', '1035', '1111', '1098', '1099'], '1092': ['1092', '1145'], '1093': ['1093', '1094', '1144', '1149', '1037'], '1088': ['1088', '1142', '1141', '1143'], '1062': ['1062', '1075', '1073', '1074'], '1140': ['1140']})"
23,"defaultdict(<class 'list'>, {'1040': ['1040', '1080', '1081', '1095', '1082', '1084', '1042', '1083', '1085', '1079', '1077', '1078'], '1096': ['1096', '1138', '1135', '1137', '1139'], '1136': ['1136', '1140'], '1041': ['1041', '1126', '1125', '1043', '1121', '1122', '1123', '1045', '1124', '1127'], '1128': ['1128', '1129', '1132', '1130', '1134', '1131', '1133'], '1032': ['1032', '1052', '1051', '1053', '1049', '1050', '1063', '1055', '1054'], '1160': ['1160', '1147', '1161', '1162', '1146', '1036', '1092', '1145'], '1057': ['1057', '1060', '1061', '1058', '1059'], '1071': ['1071'], '1148': ['1148', '1158', '1157', '1159', '1156', '1153', '1154', '1155', '1152'], '1066': ['1066', '1069', '1064', '1065', '1070', '1031'], '1056': ['1056'], '1072': ['1072', '1075', '1076', '1073', '1074'], '1033': ['1033', '1101', '1102', '1039', '1097', '1098', '1099', '1035', '1100'], '1109': ['1109', '1110', '1112', '1111'], '1103': ['1103', '1104', '1030', '1046', '1047'], '1105': ['1105', '1106', '1113', '1107', '1114', '1108', '1115'], '1038': ['1038', '1048', '1068', '1034', '1067'], '1086': ['1086', '1089', '1044', '1087', '1090', '1088', '1142', '1141', '1143', '1091'], '1150': ['1150', '1093', '1094', '1151', '1149', '1037'], '1144': ['1144'], '1062': ['1062'], '1117': ['1117', '1118', '1116', '1119', '1120']})"
23,"defaultdict(<class 'list'>, {'1040': ['1040'], '1080': ['1080', '1079', '1077', '1076', '1078'], '1081': ['1081'], '1095': ['1095', '1082', '1084', '1042', '1083', '1085', '1086', '1089', '1044', '1087', '1090', '1091'], '1096': ['1096', '1138', '1135', '1137', '1139', '1136', '1088', '1142', '1141', '1143', '1140'], '1041': ['1041'], '1126': ['1126', '1125', '1127', '1043', '1121', '1122', '1123', '1045', '1124'], '1128': ['1128', '1129', '1132', '1130', '1134', '1131', '1120', '1133'], '1032': ['1032', '1052', '1063', '1053', '1049', '1051', '1055', '1050', '1054'], '1160': ['1160', '1147', '1161', '1162', '1146'], '1057': ['1057', '1060', '1071', '1072'], '1148': ['1148', '1158', '1157', '1159', '1156', '1033', '1153', '1154', '1155', '1152', '1109'], '1066': ['1066', '1110', '1111', '1064', '1065', '1031'], '1056': ['1056', '1030', '1046', '1069', '1047', '1070'], '1061': ['1061', '1062', '1075', '1073', '1074'], '1101': ['1101', '1102', '1098', '1099', '1100', '1103', '1039', '1097', '1035'], '1105': ['1105', '1106', '1107', '1058', '1059', '1113', '1108', '1114', '1115'], '1104': ['1104', '1117', '1118', '1116', '1119'], '1038': ['1038', '1048', '1068', '1034', '1067'], '1112': ['1112'], '1036': ['1036', '1092', '1145', '1144'], '1150': ['1150'], '1093': ['1093', '1094', '1151', '1149', '1037']})"
24,"defaultdict(<class 'list'>, {'1040': ['1040', '1080', '1079', '1081', '1078', '1095', '1082', '1084', '1042', '1083', '1085', '1096'], '1136': ['1136', '1135', '1140'], '1138': ['1138'], '1041': ['1041', '1126', '1125', '1127', '1124', '1131', '1122', '1123', '1045', '1043', '1121'], '1128': ['1128', '1129', '1132', '1130', '1134'], '1032': ['1032', '1052', '1063', '1053', '1049', '1160', '1161', '1162', '1146'], '1051': ['1051', '1055', '1056', '1050'], '1057': ['1057', '1060', '1071', '1061', '1072'], '1147': ['1147', '1148', '1158', '1157', '1159', '1156', '1145'], '1066': ['1066', '1038', '1048', '1068', '1034', '1067'], '1033': ['1033', '1109', '1153', '1155', '1152', '1101', '1154', '1100'], '1102': ['1102', '1039', '1097', '1098', '1099', '1035', '1112'], '1103': ['1103', '1104'], '1105': ['1105', '1106', '1107', '1058', '1059', '1113', '1108', '1114', '1115'], '1110': ['1110', '1111', '1064', '1065', '1031'], '1054': ['1054', '1062'], '1030': ['1030', '1046', '1069', '1047', '1070'], '1086': ['1086', '1089', '1092', '1044', '1090', '1091', '1036', '1087'], '1150': ['1150', '1093', '1094', '1151', '1149', '1037', '1144'], '1088': ['1088', '1142', '1141', '1143', '1139'], '1077': ['1077', '1075', '1076', '1073', '1074'], '1117': ['1117', '1118', '1116', '1119', '1120'], '1137': ['1137'], '1133': ['1133']})"
24,"defaultdict(<class 'list'>, {'1040': ['1040', '1080', '1079', '1081', '1078', '1038', '1048', '1068', '1034', '1067', '1077'], '1095': ['1095', '1082', '1084', '1083', '1085', '1042'], '1096': ['1096', '1138', '1135', '1137', '1139', '1136', '1140'], '1041': ['1041'], '1126': ['1126', '1125', '1127', '1043', '1121', '1122', '1123', '1045', '1124'], '1128': ['1128', '1129', '1132', '1130', '1134', '1131', '1120', '1133'], '1032': ['1032', '1160', '1161', '1162', '1146'], '1052': ['1052', '1053', '1049', '1050', '1054', '1051', '1055', '1062'], '1063': ['1063', '1066', '1064', '1065', '1031'], '1057': ['1057', '1060', '1061', '1058', '1059', '1071'], '1147': ['1147', '1148', '1158', '1157', '1159', '1156', '1154', '1155'], '1056': ['1056', '1030', '1046', '1069', '1047', '1070'], '1072': ['1072', '1075', '1076', '1073', '1074'], '1033': ['1033', '1101', '1109', '1153', '1100', '1152'], '1102': ['1102', '1103', '1104', '1117', '1118'], '1105': ['1105', '1106', '1113', '1107', '1114'], '1108': ['1108', '1115', '1116', '1119'], '1110': ['1110', '1039', '1097', '1112', '1035', '1111'], '1098': ['1098', '1099'], '1086': ['1086', '1087', '1088', '1141', '1143'], '1089': ['1089', '1092', '1044', '1090', '1091', '1036'], '1150': ['1150', '1093', '1094', '1144', '1149', '1037', '1151'], '1145': ['1145'], '1142': ['1142']})"
24,"defaultdict(<class 'list'>, {'1040': ['1040', '1080', '1079', '1081', '1078'], '1095': ['1095', '1082', '1084', '1042', '1085', '1086', '1087', '1083'], '1096': ['1096', '1136', '1135', '1137', '1140'], '1138': ['1138', '1134'], '1041': ['1041', '1126', '1125', '1127', '1043', '1121', '1122', '1123', '1045', '1124', '1129'], '1128': ['1128', '1131', '1132', '1130', '1133'], '1032': ['1032', '1052', '1063', '1053', '1049', '1051', '1055', '1050', '1054'], '1160': ['1160', '1147', '1161', '1162', '1146'], '1057': ['1057', '1060', '1061', '1058', '1059', '1071', '1072'], '1148': ['1148', '1158', '1157', '1159', '1153', '1154', '1155', '1156', '1152', '1151'], '1066': ['1066'], '1056': ['1056', '1104'], '1033': ['1033', '1101', '1102', '1098', '1099', '1100', '1103', '1108', '1107'], '1109': ['1109', '1062'], '1105': ['1105', '1113', '1114', '1115'], '1106': ['1106'], '1110': ['1110', '1030', '1046', '1069', '1047', '1070', '1064', '1065', '1031'], '1038': ['1038', '1048', '1068', '1034', '1067'], '1039': ['1039', '1097', '1112', '1035', '1111'], '1089': ['1089', '1149', '1044', '1090', '1091', '1093', '1094', '1037'], '1036': ['1036', '1092', '1150', '1145', '1144'], '1088': ['1088', '1142', '1141', '1143', '1139'], '1077': ['1077', '1075', '1076', '1073', '1074'], '1117': ['1117', '1118', '1116', '1119', '1120']})"
24,"defaultdict(<class 'list'>, {'1040': ['1040', '1080', '1079', '1081', '1078', '1077', '1075', '1076', '1074'], '1095': ['1095'], '1082': ['1082', '1084', '1042', '1083', '1085'], '1096': ['1096', '1138', '1135', '1137', '1139', '1136', '1088', '1142', '1141', '1143', '1140'], '1041': ['1041', '1126', '1125', '1127', '1124'], '1128': ['1128', '1129', '1132', '1130', '1134', '1131', '1133'], '1032': ['1032', '1160', '1161', '1162', '1146', '1147', '1148', '1158', '1157', '1159', '1156', '1145'], '1052': ['1052'], '1063': ['1063'], '1051': ['1051', '1055', '1056', '1049', '1050'], '1057': ['1057', '1060', '1071', '1061', '1105', '1106', '1107', '1058', '1059'], '1053': ['1053', '1054', '1062'], '1066': ['1066', '1110', '1064', '1065'], '1072': ['1072', '1070', '1073'], '1033': ['1033', '1109', '1153', '1155', '1152', '1154'], '1101': ['1101', '1102', '1098', '1099', '1100', '1103', '1108'], '1113': ['1113', '1114', '1115'], '1104': ['1104', '1030', '1046', '1069', '1047', '1031'], '1038': ['1038', '1048', '1068', '1034', '1067'], '1039': ['1039', '1097', '1112', '1035', '1111'], '1086': ['1086', '1089', '1044', '1087', '1090'], '1043': ['1043', '1121', '1122', '1123', '1045'], '1036': ['1036', '1092', '1150', '1151', '1149', '1093', '1094', '1144', '1037', '1091'], '1117': ['1117', '1118', '1116', '1119', '1120']})"
24,"defaultdict(<class 'list'>, {'1040': ['1040', '1080', '1081', '1082', '1083'], '1079': ['1079', '1077', '1075', '1076', '1074', '1078'], '1095': ['1095'], '1084': ['1084', '1042', '1085', '1086', '1089', '1044', '1087', '1090', '1091', '1088'], '1096': ['1096', '1138', '1135', '1137', '1139'], '1136': ['1136', '1141', '1140'], '1041': ['1041', '1126', '1125', '1127', '1124', '1128', '1129', '1132', '1130', '1134', '1131', '1133'], '1032': ['1032', '1063', '1160', '1147', '1148', '1158', '1157', '1159', '1156', '1161', '1162', '1146'], '1052': ['1052', '1053', '1049', '1050', '1054', '1051', '1055', '1062'], '1057': ['1057', '1060', '1061', '1058', '1059'], '1071': ['1071', '1072', '1073'], '1066': ['1066', '1038', '1048', '1068', '1034', '1067'], '1056': ['1056'], '1033': ['1033', '1153', '1154', '1155', '1152'], '1101': ['1101', '1102', '1098', '1099', '1100', '1103', '1108'], '1109': ['1109'], '1105': ['1105', '1106', '1113', '1107', '1114'], '1110': ['1110', '1111', '1064', '1065', '1031', '1039', '1097', '1112', '1035'], '1104': ['1104', '1030', '1046', '1069', '1047', '1070'], '1043': ['1043', '1121', '1122', '1123', '1045'], '1036': ['1036', '1092', '1150', '1093', '1094', '1144', '1149', '1037', '1151', '1145', '1143'], '1142': ['1142'], '1115': ['1115', '1118', '1116', '1119', '1120'], '1117': ['1117']})"
24,"defaultdict(<class 'list'>, {'1040': ['1040', '1080', '1079', '1081', '1078', '1095', '1082', '1096', '1083'], '1084': ['1084', '1042', '1085', '1086', '1087'], '1136': ['1136'], '1138': ['1138', '1137', '1139'], '1041': ['1041', '1126', '1125', '1127', '1124', '1129', '1043', '1121', '1122', '1123', '1045', '1119'], '1128': ['1128', '1131', '1132', '1130', '1133', '1120'], '1032': ['1032', '1052', '1063', '1053', '1049', '1160', '1161', '1162', '1146'], '1051': ['1051', '1038', '1048', '1050', '1034'], '1055': ['1055', '1056'], '1057': ['1057', '1060', '1071', '1061', '1072'], '1147': ['1147', '1093', '1094', '1145', '1144', '1037'], '1148': ['1148', '1158', '1157', '1159', '1156', '1153', '1154', '1155', '1152'], '1066': ['1066', '1068', '1067'], '1033': ['1033', '1109', '1113', '1110', '1111'], '1101': ['1101', '1102', '1039', '1097', '1098', '1099', '1035', '1112', '1100', '1117', '1103', '1104'], '1105': ['1105', '1106', '1107', '1058', '1059', '1108', '1115', '1116'], '1114': ['1114', '1030', '1046', '1069', '1064', '1065', '1070', '1031', '1047'], '1054': ['1054', '1062'], '1089': ['1089', '1149', '1044', '1090', '1091'], '1036': ['1036', '1092', '1150', '1151'], '1088': ['1088', '1142', '1141', '1143', '1140'], '1077': ['1077', '1075', '1076', '1073', '1074'], '1118': ['1118'], '1135': ['1135', '1134']})"
24,"defaultdict(<class 'list'>, {'1040': ['1040', '1080', '1079', '1081', '1078', '1095', '1082', '1084', '1042', '1083', '1085', '1096'], '1136': ['1136', '1133'], '1138': ['1138', '1137', '1139'], '1041': ['1041', '1126', '1125', '1127', '1128', '1124', '1122', '1123', '1045', '1043', '1121', '1132'], '1129': ['1129'], '1131': ['1131', '1130'], '1032': ['1032', '1160', '1161', '1162', '1146', '1052', '1053'], '1063': ['1063', '1071', '1072'], '1051': ['1051', '1055', '1056', '1049', '1050'], '1057': ['1057', '1060', '1061', '1058', '1059'], '1147': ['1147', '1148', '1158', '1157', '1159', '1156', '1033', '1153', '1154', '1155', '1152', '1109'], '1066': ['1066', '1038', '1048', '1068', '1034', '1067'], '1101': ['1101', '1102', '1098', '1099', '1100'], '1103': ['1103', '1104', '1117'], '1105': ['1105', '1106', '1113', '1108', '1107'], '1110': ['1110', '1039', '1097', '1112', '1035', '1111'], '1114': ['1114', '1030', '1046', '1069', '1064', '1065', '1070', '1031', '1047'], '1054': ['1054', '1062'], '1086': ['1086', '1089', '1044', '1087', '1090'], '1036': ['1036', '1092', '1145', '1144', '1150', '1093', '1094', '1151', '1149', '1037', '1091'], '1088': ['1088', '1142', '1141', '1143', '1140'], '1115': ['1115', '1118', '1116', '1119', '1120'], '1077': ['1077', '1075', '1076', '1073', '1074'], '1135': ['1135', '1134']})"
24,"defaultdict(<class 'list'>, {'1040': ['1040', '1080', '1079', '1081', '1078'], '1095': ['1095'], '1082': ['1082', '1084', '1042', '1085', '1086', '1087', '1083', '1089', '1044'], '1096': ['1096', '1138', '1135', '1137', '1139', '1136', '1088', '1142', '1141', '1143', '1140'], '1041': ['1041', '1126', '1125', '1127', '1124', '1131', '1043', '1121', '1122', '1123', '1045', '1133'], '1128': ['1128', '1129', '1130', '1134'], '1032': ['1032', '1063', '1160', '1161', '1162', '1147', '1148', '1158', '1157', '1159', '1156', '1146'], '1052': ['1052', '1051', '1055', '1056', '1049', '1050', '1053', '1038', '1048', '1054', '1034'], '1057': ['1057', '1060', '1061', '1058', '1059', '1105', '1106', '1113', '1107'], '1071': ['1071', '1072', '1073', '1074'], '1066': ['1066', '1068', '1067', '1077', '1076'], '1033': ['1033', '1153', '1154', '1155', '1152'], '1101': ['1101', '1102', '1098', '1099', '1100', '1103', '1039', '1097', '1035'], '1109': ['1109', '1110', '1112', '1111'], '1108': ['1108'], '1104': ['1104', '1030', '1046', '1047'], '1114': ['1114'], '1069': ['1069', '1064', '1065', '1070', '1031'], '1036': ['1036', '1092', '1150', '1093', '1094', '1144', '1149', '1037', '1145', '1151', '1090', '1091'], '1115': ['1115'], '1062': ['1062'], '1117': ['1117', '1118', '1116', '1119', '1120'], '1075': ['1075'], '1132': ['1132']})"
24,"defaultdict(<class 'list'>, {'1040': ['1040', '1080', '1079', '1081', '1078'], '1095': ['1095', '1082', '1084', '1042', '1085', '1086', '1089', '1044', '1087', '1090', '1091', '1083'], '1096': ['1096', '1138', '1135', '1137', '1139'], '1136': ['1136', '1133'], '1041': ['1041'], '1126': ['1126', '1125', '1127', '1043', '1121', '1122', '1123', '1045', '1124'], '1128': ['1128', '1129', '1132', '1130', '1134'], '1131': ['1131'], '1032': ['1032', '1160', '1161', '1162', '1146', '1147', '1148', '1158', '1156', '1157', '1159'], '1052': ['1052', '1051', '1055', '1056', '1049', '1050', '1053', '1054'], '1063': ['1063', '1057', '1071', '1066'], '1060': ['1060', '1061', '1062'], '1072': ['1072'], '1033': ['1033', '1153', '1154', '1155', '1152', '1109'], '1101': ['1101', '1102', '1098', '1099', '1100'], '1103': ['1103', '1104', '1030', '1046', '1047'], '1105': ['1105', '1106', '1107', '1058', '1059', '1113', '1108', '1114', '1115'], '1110': ['1110', '1039', '1097', '1112', '1035', '1111'], '1038': ['1038', '1048', '1068', '1034', '1067'], '1069': ['1069', '1064', '1065', '1070', '1031'], '1036': ['1036', '1092', '1150', '1093', '1094', '1151', '1149', '1037', '1144', '1145'], '1088': ['1088', '1142', '1141', '1143', '1140'], '1077': ['1077', '1075', '1076', '1073', '1074'], '1117': ['1117', '1118', '1116', '1119', '1120']})"
24,"defaultdict(<class 'list'>, {'1040': ['1040', '1080', '1081', '1095', '1082', '1084', '1042', '1083', '1085', '1078'], '1079': ['1079', '1077', '1075', '1076', '1074'], '1096': ['1096', '1138', '1135', '1137', '1139', '1136', '1140'], '1041': ['1041', '1126', '1125', '1127', '1043', '1121', '1122', '1123', '1045', '1124', '1128', '1132'], '1129': ['1129', '1130', '1134'], '1131': ['1131', '1120', '1133'], '1032': ['1032', '1160', '1161', '1162', '1146', '1063', '1147', '1148', '1158', '1157', '1159', '1156'], '1052': ['1052', '1051', '1055', '1056', '1049', '1050', '1053', '1054'], '1057': ['1057', '1060', '1061', '1105', '1106', '1107', '1058', '1059', '1062'], '1071': ['1071', '1072', '1073'], '1066': ['1066'], '1033': ['1033', '1153', '1154', '1155', '1152', '1109'], '1101': ['1101', '1102', '1098', '1099', '1100'], '1103': ['1103', '1104', '1030', '1046', '1047'], '1113': ['1113'], '1108': ['1108', '1115', '1118', '1116', '1119'], '1110': ['1110', '1039', '1097', '1112', '1035', '1111', '1117'], '1114': ['1114'], '1038': ['1038', '1048', '1068', '1034', '1067'], '1069': ['1069', '1064', '1065', '1070', '1031'], '1086': ['1086', '1087', '1088', '1141', '1143', '1089', '1044', '1090', '1091', '1142'], '1036': ['1036', '1092', '1150', '1151', '1149'], '1093': ['1093', '1094', '1144', '1037'], '1145': ['1145']})"
24,"defaultdict(<class 'list'>, {'1040': ['1040', '1080', '1079', '1081', '1078', '1095', '1082', '1084', '1042', '1083', '1085', '1086'], '1096': ['1096', '1138', '1135', '1137', '1139', '1136', '1088', '1142', '1141', '1143', '1140'], '1041': ['1041', '1126', '1125', '1127', '1043', '1121', '1122', '1123', '1045', '1124', '1129', '1134'], '1128': ['1128', '1131', '1132', '1133'], '1032': ['1032', '1063', '1160', '1161', '1162', '1147', '1148', '1158', '1157', '1159', '1156', '1146'], '1052': ['1052', '1051', '1053', '1049', '1050', '1055', '1054'], '1057': ['1057', '1060', '1071', '1061', '1105', '1106', '1107', '1058', '1059'], '1066': ['1066', '1110', '1064', '1065', '1031'], '1056': ['1056', '1077', '1075', '1076', '1074'], '1072': ['1072', '1062', '1073'], '1033': ['1033', '1101', '1102', '1103', '1039', '1097', '1098', '1099', '1035', '1112', '1111', '1100'], '1109': ['1109'], '1153': ['1153', '1155'], '1113': ['1113', '1114', '1115'], '1154': ['1154', '1036', '1150', '1151', '1152'], '1108': ['1108'], '1104': ['1104', '1030', '1046', '1069', '1047', '1070'], '1038': ['1038', '1048', '1068', '1034', '1067'], '1089': ['1089', '1149', '1044', '1090', '1091'], '1092': ['1092'], '1093': ['1093', '1094', '1145', '1144', '1037'], '1087': ['1087'], '1117': ['1117', '1118', '1116', '1119', '1120'], '1130': ['1130']})"
24,"defaultdict(<class 'list'>, {'1040': ['1040', '1080', '1079', '1077', '1076', '1078', '1075', '1074'], '1081': ['1081', '1082', '1084', '1042', '1083', '1095', '1096', '1085'], '1136': ['1136', '1137'], '1138': ['1138', '1142', '1139'], '1041': ['1041'], '1126': ['1126', '1125', '1127', '1128', '1131', '1132', '1130', '1133', '1129', '1120', '1134', '1124'], '1032': ['1032', '1160', '1161', '1162', '1146', '1063', '1147', '1145'], '1052': ['1052', '1053', '1049', '1050', '1054', '1051', '1055', '1061', '1062'], '1057': ['1057', '1071', '1072', '1073'], '1060': ['1060'], '1148': ['1148', '1158', '1157', '1159', '1156', '1153', '1154', '1155', '1152'], '1066': ['1066', '1038', '1048', '1068', '1067', '1034'], '1056': ['1056'], '1033': ['1033', '1109', '1113', '1110', '1111', '1105'], '1101': ['1101', '1102', '1098', '1099', '1100', '1103', '1039', '1097', '1035', '1112'], '1106': ['1106', '1108', '1107', '1058', '1059', '1115', '1116'], '1104': ['1104', '1030', '1046', '1047', '1117', '1118'], '1114': ['1114', '1069', '1064', '1065', '1070', '1031'], '1086': ['1086', '1089', '1044', '1087', '1090', '1091'], '1043': ['1043', '1121', '1122', '1123', '1045'], '1036': ['1036', '1092', '1150', '1151', '1149'], '1093': ['1093', '1094', '1144', '1037', '1143'], '1088': ['1088', '1141', '1135', '1140'], '1119': ['1119']})"
24,"defaultdict(<class 'list'>, {'1040': ['1040', '1080', '1079', '1081', '1078', '1095', '1082', '1084', '1042', '1083', '1085', '1138'], '1096': ['1096', '1136', '1135', '1137', '1140'], '1041': ['1041', '1126', '1125', '1043', '1121', '1122', '1123', '1045', '1124', '1127'], '1128': ['1128', '1129', '1132', '1130', '1134', '1131', '1120', '1133'], '1032': ['1032', '1052', '1063', '1053', '1049', '1051', '1038', '1048', '1050', '1034', '1054'], '1160': ['1160', '1147', '1161', '1162', '1146'], '1055': ['1055', '1056', '1030', '1046', '1047'], '1057': ['1057', '1060', '1071', '1061', '1105', '1106', '1107', '1058', '1059'], '1148': ['1148', '1158', '1157', '1159', '1156'], '1066': ['1066', '1067', '1064', '1065', '1031'], '1072': ['1072', '1070', '1073'], '1033': ['1033', '1153', '1154', '1036', '1150', '1151', '1152', '1155'], '1101': ['1101', '1102', '1103', '1108', '1100'], '1109': ['1109', '1113'], '1110': ['1110', '1039', '1097', '1098', '1099', '1035', '1112', '1111', '1117'], '1104': ['1104'], '1114': ['1114', '1115', '1118', '1116', '1119'], '1068': ['1068', '1077', '1075', '1076', '1074'], '1069': ['1069'], '1086': ['1086', '1089', '1044', '1087', '1090', '1092', '1091'], '1093': ['1093', '1094', '1144', '1149', '1037'], '1145': ['1145'], '1088': ['1088', '1142', '1141', '1143', '1139'], '1062': ['1062']})"
24,"defaultdict(<class 'list'>, {'1040': ['1040', '1080', '1081', '1082', '1078'], '1079': ['1079', '1077', '1075', '1076', '1074'], '1095': ['1095'], '1084': ['1084', '1042', '1085', '1086', '1089', '1044', '1087', '1090', '1091', '1083'], '1096': ['1096', '1138', '1135', '1137', '1139', '1136', '1140', '1088', '1142', '1141', '1143'], '1041': ['1041', '1126', '1125', '1127', '1043', '1121', '1122', '1123', '1045', '1124', '1131', '1133'], '1128': ['1128', '1129', '1130', '1134'], '1032': ['1032', '1052', '1063', '1053', '1049', '1051', '1038', '1048', '1050', '1034'], '1160': ['1160', '1147', '1161', '1145', '1146', '1162'], '1055': ['1055', '1056'], '1057': ['1057', '1071', '1072', '1073'], '1060': ['1060'], '1148': ['1148', '1158', '1157', '1159', '1156'], '1066': ['1066', '1068', '1067'], '1061': ['1061', '1054', '1062'], '1033': ['1033', '1101', '1109', '1153', '1100', '1154', '1155', '1152'], '1102': ['1102', '1103'], '1105': ['1105', '1106', '1107', '1058', '1059', '1113', '1108'], '1110': ['1110'], '1104': ['1104', '1039', '1097', '1098', '1099', '1035', '1112', '1111', '1117', '1118'], '1114': ['1114', '1030', '1046', '1069', '1064', '1065', '1070', '1031', '1047'], '1036': ['1036', '1092', '1150', '1093', '1094', '1151', '1149', '1037', '1144'], '1115': ['1115', '1116', '1119', '1120'], '1132': ['1132']})"
24,"defaultdict(<class 'list'>, {'1040': ['1040', '1080', '1079', '1081', '1078', '1095', '1082', '1084', '1042', '1083', '1085', '1138'], '1096': ['1096', '1136', '1135', '1137', '1140'], '1041': ['1041', '1126', '1125', '1127', '1124', '1129', '1043', '1121', '1122', '1123', '1045'], '1128': ['1128', '1131', '1132', '1130', '1133', '1120', '1134'], '1032': ['1032', '1160', '1161', '1162', '1146', '1052', '1063', '1053', '1049'], '1051': ['1051', '1055', '1056', '1050'], '1057': ['1057', '1060', '1061', '1105', '1106', '1107', '1058', '1059', '1113'], '1071': ['1071'], '1147': ['1147', '1148', '1158', '1157', '1159', '1156', '1033', '1153', '1154', '1155', '1152', '1109'], '1066': ['1066', '1067', '1064', '1065', '1031', '1110'], '1072': ['1072'], '1101': ['1101'], '1102': ['1102', '1103', '1104', '1117', '1118', '1039', '1097', '1098', '1099', '1035', '1112', '1111'], '1108': ['1108', '1115', '1116', '1119'], '1114': ['1114', '1030', '1046', '1069', '1047', '1070'], '1038': ['1038', '1048', '1054', '1034', '1062'], '1068': ['1068', '1077', '1075', '1076', '1074'], '1100': ['1100'], '1086': ['1086', '1089', '1044', '1087', '1090'], '1036': ['1036', '1092', '1150', '1093', '1094', '1151', '1149', '1037', '1144'], '1145': ['1145'], '1088': ['1088', '1142', '1141', '1143', '1139'], '1091': ['1091'], '1073': ['1073']})"
24,"defaultdict(<class 'list'>, {'1040': ['1040', '1080', '1079', '1081', '1078', '1095', '1082', '1084', '1083', '1085', '1042'], '1096': ['1096', '1138', '1135', '1137', '1139', '1136', '1140'], '1041': ['1041', '1126', '1125', '1127', '1124', '1129', '1043', '1121', '1122', '1123', '1045', '1134'], '1128': ['1128', '1131', '1132', '1133'], '1032': ['1032', '1052', '1063', '1053', '1049', '1160', '1161', '1162', '1146'], '1051': ['1051', '1055', '1050'], '1057': ['1057', '1060', '1061', '1058', '1059', '1071', '1072', '1062', '1073'], '1147': ['1147', '1148', '1158', '1157', '1159', '1156', '1154', '1155', '1033', '1153'], '1066': ['1066', '1067'], '1056': ['1056', '1077', '1075', '1076', '1074'], '1101': ['1101', '1108'], '1109': ['1109', '1105', '1106', '1113', '1107'], '1102': ['1102', '1103', '1104', '1098', '1099', '1039', '1097', '1035'], '1110': ['1110', '1112', '1111', '1117'], '1114': ['1114', '1030', '1046', '1069', '1047', '1070', '1064', '1065', '1031'], '1038': ['1038', '1048', '1054', '1068', '1034'], '1100': ['1100'], '1086': ['1086', '1087', '1088', '1141', '1143', '1142'], '1089': ['1089', '1149', '1044', '1090', '1091'], '1036': ['1036', '1150', '1151', '1152'], '1092': ['1092'], '1093': ['1093', '1094', '1145', '1144', '1037'], '1115': ['1115', '1118', '1116', '1119', '1120'], '1130': ['1130']})"
24,"defaultdict(<class 'list'>, {'1040': ['1040', '1080', '1079', '1081', '1078', '1095', '1082', '1084', '1042', '1083', '1085', '1136'], '1096': ['1096', '1138', '1135', '1137', '1139'], '1041': ['1041', '1126', '1125', '1043', '1121', '1122', '1123', '1045', '1124', '1127', '1129', '1119'], '1128': ['1128', '1131', '1132', '1130', '1133', '1120', '1134'], '1032': ['1032', '1160', '1147', '1161', '1145', '1146', '1162', '1148', '1158', '1157', '1159', '1156'], '1052': ['1052', '1051', '1053', '1049', '1050', '1038', '1048', '1054', '1034'], '1063': ['1063', '1071', '1066', '1067'], '1055': ['1055', '1056'], '1057': ['1057', '1060', '1061', '1058', '1059', '1105', '1106', '1113', '1107'], '1072': ['1072', '1075', '1076', '1073', '1074'], '1033': ['1033', '1153', '1154', '1036', '1150', '1151', '1152', '1155'], '1101': ['1101', '1108', '1100'], '1109': ['1109'], '1102': ['1102'], '1103': ['1103', '1104'], '1110': ['1110', '1039', '1097', '1098', '1099', '1035', '1112', '1111', '1117', '1118'], '1114': ['1114', '1030', '1046', '1069', '1047', '1070', '1064', '1065', '1031'], '1068': ['1068', '1077'], '1086': ['1086', '1087', '1088', '1141', '1143', '1142'], '1089': ['1089', '1092', '1044', '1090', '1091'], '1093': ['1093', '1094', '1144', '1149', '1037'], '1115': ['1115', '1116'], '1062': ['1062'], '1140': ['1140']})"
24,"defaultdict(<class 'list'>, {'1040': ['1040', '1080', '1079', '1081', '1078'], '1095': ['1095', '1082', '1084', '1042', '1083', '1085', '1086', '1089', '1087', '1090', '1091', '1044'], '1096': ['1096'], '1136': ['1136', '1135', '1140'], '1138': ['1138'], '1041': ['1041', '1126', '1125', '1127', '1043', '1121', '1122', '1123', '1045', '1124', '1128', '1132'], '1129': ['1129', '1131', '1120', '1130', '1134'], '1032': ['1032', '1160', '1147', '1148', '1158', '1157', '1159', '1161', '1162', '1155', '1156', '1146'], '1052': ['1052', '1053', '1049', '1050', '1054', '1051', '1055', '1062'], '1063': ['1063'], '1057': ['1057', '1060', '1061', '1058', '1059', '1071', '1106'], '1066': ['1066', '1038', '1048', '1068', '1034', '1067', '1077', '1076'], '1056': ['1056'], '1072': ['1072', '1075', '1073', '1074'], '1033': ['1033', '1109', '1105', '1113'], '1101': ['1101', '1102', '1103', '1100'], '1153': ['1153'], '1154': ['1154', '1036', '1092', '1150', '1093', '1094', '1151', '1149', '1037', '1144', '1145', '1152'], '1108': ['1108', '1107', '1115', '1116', '1119'], '1110': ['1110', '1039', '1097', '1098', '1099', '1035', '1112', '1111', '1117', '1118'], '1104': ['1104'], '1114': ['1114', '1030', '1046', '1069', '1047', '1070', '1064', '1065', '1031'], '1088': ['1088', '1142', '1141', '1143', '1139'], '1137': ['1137', '1133']})"
24,"defaultdict(<class 'list'>, {'1040': ['1040', '1080', '1081', '1095', '1082', '1084', '1042', '1083', '1085', '1079', '1077', '1078'], '1096': ['1096', '1138', '1135', '1137', '1139'], '1136': ['1136', '1140'], '1041': ['1041', '1126', '1125', '1043', '1121', '1122', '1123', '1045', '1124', '1127'], '1128': ['1128', '1129', '1132', '1130', '1134', '1131', '1133'], '1032': ['1032', '1052', '1051', '1053', '1049', '1050', '1063', '1055', '1054'], '1160': ['1160', '1147', '1161', '1162', '1146', '1036', '1092', '1145'], '1057': ['1057', '1060', '1061', '1058', '1059'], '1071': ['1071'], '1148': ['1148', '1158', '1157', '1159', '1156', '1153', '1154', '1155', '1152'], '1066': ['1066'], '1056': ['1056'], '1072': ['1072', '1075', '1076', '1073', '1074'], '1033': ['1033', '1101', '1102', '1039', '1097', '1098', '1099', '1035', '1100'], '1109': ['1109', '1110', '1112', '1111'], '1103': ['1103', '1104', '1030', '1046', '1047'], '1105': ['1105', '1106', '1113', '1107', '1114', '1108', '1115'], '1038': ['1038', '1048', '1068', '1034', '1067'], '1069': ['1069', '1064', '1065', '1070', '1031'], '1086': ['1086', '1089', '1044', '1087', '1090', '1088', '1142', '1141', '1143', '1091'], '1150': ['1150', '1093', '1094', '1151', '1149', '1037'], '1144': ['1144'], '1062': ['1062'], '1117': ['1117', '1118', '1116', '1119', '1120']})"
24,"defaultdict(<class 'list'>, {'1040': ['1040', '1080', '1079', '1077', '1076', '1078', '1081', '1082', '1083'], '1095': ['1095'], '1084': ['1084', '1042', '1085', '1086', '1089', '1044', '1087', '1090', '1091'], '1096': ['1096', '1138', '1135', '1137', '1139', '1136', '1088', '1142', '1141', '1143', '1140'], '1041': ['1041', '1126', '1125', '1127', '1124'], '1128': ['1128', '1131', '1132', '1130', '1133', '1129', '1120', '1134'], '1032': ['1032', '1160', '1161', '1162', '1146', '1147', '1148', '1158', '1157', '1159', '1156', '1145'], '1052': ['1052'], '1063': ['1063', '1071', '1066', '1067'], '1051': ['1051', '1055', '1056', '1049', '1050'], '1057': ['1057', '1060', '1061', '1105', '1106', '1107', '1058', '1059', '1113'], '1053': ['1053', '1038', '1048', '1054', '1034'], '1072': ['1072', '1075', '1073', '1074'], '1033': ['1033', '1101', '1109', '1153', '1100', '1154', '1155', '1152'], '1102': ['1102', '1103'], '1108': ['1108', '1115', '1116'], '1110': ['1110', '1111', '1064', '1065', '1031'], '1104': ['1104'], '1114': ['1114', '1030', '1046', '1069', '1047', '1070'], '1068': ['1068'], '1039': ['1039', '1097', '1112', '1035', '1117', '1098', '1099', '1118', '1119'], '1043': ['1043', '1121', '1122', '1123', '1045'], '1036': ['1036', '1092', '1150', '1093', '1094', '1151', '1149', '1037', '1144'], '1062': ['1062']})"
24,"defaultdict(<class 'list'>, {'1040': ['1040', '1080', '1081', '1082', '1078', '1079', '1095', '1096', '1083'], '1084': ['1084', '1042', '1085', '1086', '1087'], '1136': ['1136', '1133'], '1138': ['1138', '1137', '1139'], '1041': ['1041', '1126', '1125', '1127', '1131', '1124', '1128', '1043', '1121', '1122', '1123', '1045'], '1129': ['1129', '1132'], '1032': ['1032', '1160', '1161', '1162', '1146', '1147', '1093', '1094', '1145', '1144', '1037'], '1052': ['1052', '1051', '1053', '1049', '1050', '1054'], '1063': ['1063', '1057', '1060', '1071', '1061'], '1055': ['1055', '1056', '1075', '1076', '1074'], '1148': ['1148', '1158', '1157', '1159', '1153', '1154', '1155', '1156', '1152'], '1066': ['1066', '1038', '1048', '1068', '1034', '1067', '1077'], '1072': ['1072', '1062', '1073'], '1033': ['1033', '1101', '1102', '1098', '1099', '1100', '1103', '1039', '1097', '1035', '1112'], '1109': ['1109'], '1105': ['1105', '1106', '1113', '1107', '1114', '1108', '1058', '1059', '1115'], '1110': ['1110', '1111', '1064', '1065', '1031', '1030', '1046', '1069', '1047', '1070'], '1104': ['1104'], '1089': ['1089', '1149', '1044', '1090', '1091'], '1036': ['1036', '1092', '1150', '1151'], '1088': ['1088', '1142', '1141', '1143', '1140'], '1117': ['1117', '1118', '1116', '1119', '1120'], '1135': ['1135', '1134'], '1130': ['1130']})"
24,"defaultdict(<class 'list'>, {'1040': ['1040', '1080', '1079', '1038', '1048', '1068', '1034', '1067', '1077', '1076', '1078', '1081'], '1095': ['1095', '1082', '1084', '1042', '1083', '1085', '1096'], '1136': ['1136', '1141', '1140'], '1138': ['1138', '1137', '1139'], '1041': ['1041', '1126', '1125', '1043', '1121', '1122', '1123', '1045', '1124', '1127'], '1128': ['1128', '1131', '1132', '1130', '1133', '1129', '1120', '1134'], '1032': ['1032', '1052', '1063', '1053', '1049', '1160', '1146'], '1051': ['1051', '1055', '1056', '1050'], '1057': ['1057', '1060', '1061', '1105', '1106', '1107', '1058', '1059', '1113'], '1071': ['1071'], '1147': ['1147', '1148', '1158', '1157', '1159', '1156', '1161', '1033', '1153', '1154', '1155', '1152'], '1066': ['1066'], '1072': ['1072', '1075', '1073', '1074'], '1162': ['1162'], '1101': ['1101', '1102', '1103', '1039', '1097', '1098', '1099', '1035', '1100'], '1109': ['1109', '1110'], '1108': ['1108', '1115', '1116'], '1104': ['1104'], '1114': ['1114', '1030', '1046', '1069', '1064', '1065', '1070', '1031', '1047'], '1054': ['1054', '1062'], '1112': ['1112', '1111', '1117', '1118', '1119'], '1086': ['1086', '1089', '1044', '1087', '1090', '1088', '1142', '1091'], '1036': ['1036', '1092', '1150', '1151', '1149', '1093', '1094', '1144', '1037', '1143', '1145'], '1135': ['1135']})"
24,"defaultdict(<class 'list'>, {'1040': ['1040', '1080', '1081', '1082', '1078', '1079', '1095', '1096', '1083'], '1084': ['1084', '1042', '1085', '1086', '1089', '1044', '1087', '1090', '1091'], '1136': ['1136', '1088', '1141', '1140'], '1138': ['1138'], '1041': ['1041', '1126', '1125', '1127', '1124', '1131', '1043', '1121', '1122', '1123', '1045', '1120'], '1128': ['1128', '1129', '1132', '1130', '1134'], '1032': ['1032', '1160', '1147', '1161', '1145', '1146', '1162', '1063'], '1052': ['1052', '1053', '1049', '1050', '1054', '1051', '1055', '1062'], '1057': ['1057', '1060', '1071', '1061', '1072'], '1148': ['1148', '1158', '1157', '1159', '1153', '1154', '1155', '1156', '1152'], '1066': ['1066', '1038', '1048', '1068', '1034', '1067', '1064', '1065', '1031'], '1056': ['1056', '1077', '1075', '1076', '1074'], '1033': ['1033', '1109', '1105', '1106', '1107', '1058', '1059', '1113'], '1101': ['1101', '1102', '1098', '1099', '1100', '1103', '1039', '1097', '1035'], '1108': ['1108'], '1110': ['1110', '1112', '1111', '1117'], '1104': ['1104', '1030', '1046', '1069', '1047', '1070'], '1114': ['1114', '1115', '1118', '1116', '1119'], '1036': ['1036', '1092', '1150', '1093', '1094', '1151', '1149', '1037', '1144'], '1142': ['1142', '1137', '1139'], '1143': ['1143'], '1073': ['1073'], '1135': ['1135'], '1133': ['1133']})"
24,"defaultdict(<class 'list'>, {'1040': ['1040', '1080', '1079', '1081', '1078'], '1095': ['1095'], '1082': ['1082'], '1084': ['1084', '1042', '1085', '1086', '1089', '1044', '1087', '1090', '1091'], '1096': ['1096', '1136', '1135', '1137', '1140', '1138', '1088', '1142', '1141', '1143', '1139'], '1041': ['1041', '1126', '1125', '1127', '1128', '1124', '1043', '1121', '1122', '1123', '1045', '1132'], '1129': ['1129', '1131', '1120', '1130', '1134'], '1032': ['1032', '1160', '1161', '1162', '1146'], '1052': ['1052', '1053', '1049', '1050', '1054', '1051', '1055', '1061', '1062'], '1063': ['1063', '1066', '1038', '1048', '1068', '1034', '1067'], '1057': ['1057', '1060', '1071', '1072'], '1147': ['1147', '1148', '1158', '1157', '1159', '1153', '1154', '1155', '1156', '1152'], '1056': ['1056'], '1033': ['1033', '1101', '1102', '1103', '1100'], '1109': ['1109', '1110', '1064', '1065', '1031'], '1105': ['1105', '1106', '1113', '1058', '1059'], '1108': ['1108', '1107', '1115', '1116', '1119'], '1104': ['1104', '1030', '1046', '1069', '1047', '1070'], '1114': ['1114'], '1039': ['1039', '1097', '1098', '1099', '1035', '1112', '1111', '1117', '1118'], '1083': ['1083'], '1036': ['1036', '1092', '1150', '1145', '1093', '1094', '1151', '1149', '1037', '1144'], '1077': ['1077', '1075', '1076', '1073', '1074'], '1133': ['1133']})"
24,"defaultdict(<class 'list'>, {'1040': ['1040', '1080', '1079', '1077', '1078'], '1081': ['1081', '1095', '1082', '1084', '1042', '1083', '1085', '1086', '1087'], '1096': ['1096', '1136', '1135', '1137', '1140', '1138', '1088', '1142', '1141', '1143', '1139'], '1041': ['1041', '1126', '1125', '1127', '1043', '1121', '1122', '1123', '1045', '1124'], '1128': ['1128', '1129', '1132', '1130', '1134', '1131', '1120', '1133'], '1032': ['1032', '1063', '1066', '1068', '1067'], '1052': ['1052'], '1160': ['1160', '1161', '1162', '1146', '1147', '1148', '1158', '1157', '1159', '1156', '1092', '1145'], '1051': ['1051', '1055', '1056', '1049', '1050'], '1057': ['1057', '1060', '1061', '1058', '1059'], '1071': ['1071'], '1053': ['1053', '1038', '1048', '1054', '1034', '1062'], '1072': ['1072', '1075', '1076', '1073', '1074'], '1033': ['1033', '1109', '1105', '1113', '1114'], '1101': ['1101', '1102', '1103', '1039', '1097', '1098', '1099', '1035', '1112', '1100'], '1153': ['1153', '1155'], '1106': ['1106'], '1154': ['1154', '1036', '1150', '1151', '1152'], '1108': ['1108', '1107', '1115', '1116', '1119'], '1110': ['1110', '1111', '1069', '1064', '1065', '1070', '1031'], '1104': ['1104', '1030', '1046', '1047', '1117'], '1089': ['1089', '1044', '1090', '1091'], '1093': ['1093', '1094', '1144', '1149', '1037'], '1118': ['1118']})"
24,"defaultdict(<class 'list'>, {'1040': ['1040', '1080', '1081', '1082', '1084', '1042', '1083', '1085', '1078', '1095'], '1079': ['1079', '1038', '1048', '1068', '1034', '1067', '1077', '1076'], '1096': ['1096', '1136', '1135', '1137', '1140', '1138', '1088', '1142', '1141', '1143', '1139'], '1041': ['1041', '1126', '1125', '1127', '1043', '1121', '1122', '1123', '1045', '1124'], '1128': ['1128', '1131', '1132', '1130', '1133', '1129', '1134'], '1032': ['1032', '1052', '1053', '1049', '1050', '1054', '1063', '1051', '1055'], '1160': ['1160'], '1057': ['1057', '1060', '1071', '1058', '1059', '1072'], '1147': ['1147', '1036', '1092', '1145', '1146', '1150', '1093', '1094', '1151', '1149', '1037', '1144'], '1148': ['1148', '1158', '1157', '1159', '1156', '1153', '1154', '1155', '1152'], '1161': ['1161'], '1066': ['1066'], '1056': ['1056'], '1061': ['1061', '1062', '1075', '1073', '1074'], '1162': ['1162'], '1033': ['1033', '1101', '1098', '1099', '1100'], '1109': ['1109', '1105', '1106', '1113', '1107'], '1102': ['1102', '1103', '1104', '1117', '1118'], '1108': ['1108'], '1110': ['1110'], '1114': ['1114', '1030', '1046', '1069', '1064', '1065', '1070', '1031', '1047'], '1039': ['1039', '1097', '1112', '1035', '1111'], '1086': ['1086', '1089', '1044', '1087', '1090', '1091'], '1115': ['1115', '1116', '1119', '1120']})"
24,"defaultdict(<class 'list'>, {'1040': ['1040', '1080', '1079', '1077', '1076', '1078', '1068', '1067'], '1081': ['1081', '1082', '1084', '1042', '1083', '1085', '1086', '1089', '1044', '1087', '1090', '1091'], '1095': ['1095', '1136'], '1096': ['1096', '1138', '1135', '1137', '1139'], '1041': ['1041', '1126', '1125', '1127', '1124', '1043', '1121', '1122', '1123', '1045'], '1128': ['1128', '1131', '1132', '1130', '1133', '1129', '1120', '1134'], '1032': ['1032', '1160', '1161', '1162', '1146', '1147', '1148', '1158', '1157', '1159', '1156', '1155'], '1052': ['1052', '1051', '1055', '1056', '1049', '1050', '1053', '1038', '1048', '1054', '1034'], '1063': ['1063', '1071', '1072'], '1057': ['1057', '1060', '1061', '1105', '1106', '1107', '1058', '1059', '1113'], '1066': ['1066'], '1033': ['1033', '1101', '1109', '1153', '1100'], '1102': ['1102', '1103', '1104', '1117', '1118'], '1154': ['1154', '1151', '1152', '1036', '1150'], '1108': ['1108'], '1110': ['1110', '1030', '1046', '1069', '1064', '1065', '1070', '1031', '1047'], '1114': ['1114', '1115', '1116', '1119'], '1039': ['1039', '1097', '1112', '1035', '1111', '1098', '1099'], '1092': ['1092'], '1093': ['1093', '1094', '1144', '1149', '1037'], '1145': ['1145'], '1088': ['1088', '1142', '1141', '1143'], '1062': ['1062', '1075', '1073', '1074'], '1140': ['1140']})"
24,"defaultdict(<class 'list'>, {'1040': ['1040', '1080', '1081', '1078'], '1079': ['1079', '1077', '1075', '1076', '1074'], '1095': ['1095', '1082', '1084', '1042', '1085', '1086', '1087', '1083', '1089', '1044', '1090', '1091'], '1096': ['1096', '1138', '1135', '1137', '1139', '1136', '1088', '1142', '1141', '1143', '1140'], '1041': ['1041', '1126', '1125', '1127', '1124', '1128', '1131', '1132', '1130', '1133', '1129', '1134'], '1032': ['1032', '1160', '1161', '1162', '1146', '1147', '1148', '1158', '1157', '1159', '1156', '1145'], '1052': ['1052', '1053'], '1063': ['1063', '1066', '1038', '1048', '1068', '1034', '1067'], '1051': ['1051', '1055', '1056', '1049', '1050'], '1057': ['1057', '1060', '1061', '1062', '1073', '1071', '1072'], '1033': ['1033', '1153', '1154', '1155', '1152'], '1101': ['1101', '1102', '1098', '1099', '1100'], '1109': ['1109'], '1103': ['1103', '1104', '1030', '1046', '1047'], '1105': ['1105', '1106', '1107', '1058', '1059'], '1113': ['1113'], '1108': ['1108'], '1110': ['1110', '1111', '1064', '1065', '1031'], '1114': ['1114', '1069', '1070'], '1054': ['1054'], '1039': ['1039', '1097', '1112', '1035', '1117'], '1043': ['1043', '1121', '1122', '1123', '1045'], '1036': ['1036', '1092', '1150', '1093', '1094', '1151', '1149', '1037', '1144'], '1115': ['1115', '1118', '1116', '1119', '1120']})"
24,"defaultdict(<class 'list'>, {'1040': ['1040', '1080', '1081', '1082', '1084', '1042', '1083', '1085', '1078', '1079', '1095', '1136'], '1096': ['1096', '1138', '1135', '1137', '1139'], '1041': ['1041', '1126', '1125', '1127', '1128', '1124', '1131', '1043', '1121', '1122', '1123', '1045'], '1129': ['1129', '1130', '1134'], '1032': ['1032', '1052', '1063', '1053', '1049'], '1160': ['1160', '1147', '1148', '1158', '1157', '1159', '1156', '1161', '1162'], '1051': ['1051', '1055', '1056', '1075', '1076'], '1057': ['1057', '1060', '1071', '1072', '1061', '1062', '1073', '1074'], '1066': ['1066'], '1033': ['1033', '1153', '1154', '1155', '1152'], '1101': ['1101', '1102', '1103', '1104', '1098', '1099', '1100'], '1109': ['1109', '1105', '1106', '1107', '1058', '1059', '1113'], '1108': ['1108', '1115'], '1110': ['1110', '1039', '1097', '1112', '1035', '1111'], '1114': ['1114', '1030', '1046', '1069', '1064', '1065', '1070', '1031', '1047'], '1038': ['1038', '1048', '1054', '1068', '1034'], '1050': ['1050'], '1067': ['1067'], '1086': ['1086', '1089', '1087', '1090', '1091', '1044'], '1036': ['1036', '1092', '1150', '1151', '1149', '1093', '1094', '1144', '1037', '1145', '1146'], '1088': ['1088', '1142', '1141', '1143', '1140'], '1077': ['1077'], '1117': ['1117', '1118', '1116', '1119', '1120'], '1132': ['1132', '1133']})"
24,"defaultdict(<class 'list'>, {'1040': ['1040', '1080', '1079', '1081', '1078', '1095', '1082', '1084', '1042', '1083', '1085', '1136'], '1096': ['1096', '1138', '1135', '1137', '1139'], '1041': ['1041'], '1126': ['1126'], '1125': ['1125'], '1127': ['1127'], '1128': ['1128', '1131', '1132', '1130', '1133', '1129', '1134'], '1032': ['1032', '1160', '1161', '1162'], '1052': ['1052', '1051', '1053', '1049', '1050', '1054'], '1063': ['1063', '1066'], '1055': ['1055', '1056'], '1057': ['1057', '1060', '1071', '1061', '1072', '1062', '1073'], '1147': ['1147', '1036', '1092', '1145', '1146', '1150', '1093', '1094', '1151', '1149', '1037', '1144'], '1148': ['1148', '1158', '1157', '1159', '1153', '1154', '1155', '1156', '1152', '1033', '1109'], '1101': ['1101', '1102', '1103', '1039', '1097', '1098', '1099', '1035', '1100'], '1105': ['1105', '1106', '1108', '1107', '1115', '1113', '1114', '1058', '1059'], '1110': ['1110', '1111', '1064', '1065', '1031', '1112'], '1104': ['1104', '1030', '1046', '1069', '1047', '1070'], '1038': ['1038', '1048', '1068', '1077', '1075', '1076', '1074', '1034', '1067'], '1086': ['1086', '1087', '1088', '1141', '1143', '1089', '1044', '1090', '1091', '1142'], '1043': ['1043', '1121', '1122', '1123', '1045'], '1124': ['1124'], '1117': ['1117', '1118', '1116', '1119', '1120'], '1140': ['1140']})"
24,"defaultdict(<class 'list'>, {'1040': ['1040', '1080', '1079', '1081', '1078', '1095', '1082', '1084', '1042', '1083', '1085', '1096'], '1136': ['1136', '1135', '1140'], '1138': ['1138', '1134'], '1041': ['1041', '1126', '1125', '1127', '1124', '1128', '1131', '1132', '1130', '1133', '1129', '1120'], '1032': ['1032', '1063', '1160', '1161', '1162'], '1052': ['1052', '1051', '1053', '1049', '1050', '1055', '1054', '1062'], '1057': ['1057', '1060', '1061', '1105', '1106', '1107', '1058', '1059', '1108'], '1071': ['1071'], '1147': ['1147', '1036', '1092', '1145', '1146'], '1148': ['1148', '1158', '1157', '1159', '1156', '1153', '1154', '1155', '1151', '1152', '1150'], '1066': ['1066', '1038', '1048', '1068', '1034', '1067'], '1056': ['1056'], '1072': ['1072', '1030', '1046', '1069', '1047', '1070', '1031'], '1033': ['1033', '1109', '1110', '1064', '1065'], '1101': ['1101', '1102', '1098', '1099', '1100', '1103', '1039', '1097', '1035'], '1113': ['1113'], '1104': ['1104', '1112', '1111', '1117'], '1114': ['1114', '1115', '1118', '1116', '1119'], '1086': ['1086', '1089', '1044', '1087', '1090'], '1043': ['1043', '1121', '1122', '1123', '1045'], '1093': ['1093', '1094', '1144', '1149', '1037', '1091'], '1088': ['1088', '1142', '1141', '1143', '1139'], '1077': ['1077', '1075', '1076', '1073', '1074'], '1137': ['1137']})"
24,"defaultdict(<class 'list'>, {'1040': ['1040', '1080', '1079', '1077', '1076', '1078', '1081'], '1095': ['1095'], '1082': ['1082', '1084', '1042', '1083', '1085'], '1096': ['1096', '1138', '1135', '1137', '1139'], '1136': ['1136', '1140'], '1041': ['1041', '1126', '1125', '1127', '1124', '1043', '1121', '1122', '1123', '1045'], '1128': ['1128', '1131', '1132', '1130', '1133', '1129', '1120', '1134'], '1032': ['1032', '1052', '1053', '1049', '1050', '1054', '1063', '1051', '1055'], '1160': ['1160', '1161', '1162', '1146'], '1057': ['1057', '1060', '1061', '1105', '1106', '1107', '1058', '1059', '1113'], '1071': ['1071'], '1147': ['1147', '1036', '1092', '1150', '1093', '1094', '1151', '1149', '1037', '1145', '1144', '1091'], '1148': ['1148', '1158', '1157', '1159', '1033', '1153', '1154', '1155', '1152', '1156', '1109'], '1066': ['1066', '1110', '1064', '1065', '1031'], '1056': ['1056', '1104', '1030', '1046', '1047'], '1072': ['1072', '1075', '1073', '1074'], '1101': ['1101', '1102', '1098', '1099', '1100', '1103'], '1108': ['1108', '1115', '1118', '1116', '1119'], '1114': ['1114', '1069', '1070'], '1038': ['1038', '1048', '1068', '1034', '1067'], '1039': ['1039', '1097', '1112', '1035', '1111', '1117'], '1086': ['1086', '1089', '1044', '1087', '1090'], '1088': ['1088', '1142', '1141', '1143'], '1062': ['1062']})"
24,"defaultdict(<class 'list'>, {'1040': ['1040', '1080', '1081', '1082', '1078', '1079', '1095', '1083'], '1084': ['1084', '1042', '1085', '1086', '1089', '1044', '1087', '1090', '1091'], '1096': ['1096', '1136', '1135', '1137', '1140', '1138', '1088', '1142', '1141', '1143', '1139'], '1041': ['1041', '1126', '1125', '1127', '1124', '1129', '1122', '1123', '1045', '1043', '1121', '1134'], '1128': ['1128', '1131', '1132', '1133'], '1032': ['1032', '1063', '1066', '1068', '1067'], '1052': ['1052', '1051', '1053', '1049', '1050', '1038', '1048', '1034'], '1160': ['1160', '1147', '1161', '1145', '1146'], '1055': ['1055'], '1057': ['1057', '1060', '1071', '1061', '1105', '1106', '1107', '1058', '1059'], '1148': ['1148', '1158', '1157', '1159', '1156', '1033', '1153', '1154', '1155', '1152', '1109'], '1056': ['1056'], '1072': ['1072', '1075', '1076', '1073', '1074'], '1162': ['1162'], '1101': ['1101', '1102', '1039', '1097', '1098', '1099', '1035', '1112', '1100', '1111'], '1103': ['1103', '1104'], '1113': ['1113', '1114', '1115'], '1108': ['1108'], '1110': ['1110', '1030', '1046', '1069', '1047', '1070', '1064', '1065', '1031'], '1054': ['1054', '1062'], '1036': ['1036', '1092', '1150', '1151', '1149', '1093', '1094', '1144', '1037'], '1077': ['1077'], '1117': ['1117', '1118', '1116', '1119', '1120'], '1130': ['1130']})"
24,"defaultdict(<class 'list'>, {'1040': ['1040', '1080', '1081', '1095', '1082', '1084', '1083', '1085', '1042'], '1079': ['1079', '1077', '1075', '1076', '1074'], '1096': ['1096', '1138', '1135', '1137', '1139', '1136', '1088', '1142', '1141', '1143', '1140'], '1041': ['1041', '1126', '1125', '1043', '1121', '1122', '1123', '1045', '1124'], '1127': ['1127'], '1128': ['1128', '1129', '1132', '1130', '1134'], '1131': ['1131', '1133'], '1032': ['1032', '1052', '1063', '1053', '1049', '1054'], '1160': ['1160', '1147', '1161', '1145', '1146', '1162'], '1051': ['1051', '1055', '1056', '1050'], '1057': ['1057', '1060', '1061', '1058', '1059', '1071', '1072', '1062', '1073'], '1148': ['1148', '1158', '1157', '1159', '1156'], '1066': ['1066', '1038', '1048', '1068', '1034', '1067'], '1033': ['1033', '1109', '1153', '1155', '1152'], '1101': ['1101', '1102', '1098', '1099', '1100', '1103', '1108'], '1105': ['1105', '1106', '1113', '1107', '1114'], '1154': ['1154'], '1110': ['1110', '1069', '1064', '1065', '1070', '1031'], '1104': ['1104', '1030', '1046', '1047', '1117'], '1039': ['1039', '1097', '1112', '1035', '1111'], '1086': ['1086', '1089', '1044', '1087', '1090'], '1036': ['1036', '1092', '1150', '1093', '1094', '1144', '1149', '1037', '1151', '1091'], '1115': ['1115', '1118', '1116', '1119', '1120'], '1078': ['1078']})"
25,"defaultdict(<class 'list'>, {'1040': ['1040', '1080', '1079', '1081', '1078', '1095', '1082', '1084', '1042', '1083', '1085', '1136'], '1096': ['1096', '1138', '1135', '1137', '1139'], '1041': ['1041'], '1126': ['1126'], '1125': ['1125'], '1127': ['1127'], '1128': ['1128', '1131', '1132', '1130', '1133', '1129', '1134'], '1032': ['1032', '1160', '1161', '1162'], '1052': ['1052', '1051', '1053', '1049', '1050'], '1063': ['1063', '1066'], '1055': ['1055', '1056'], '1057': ['1057', '1060', '1071', '1061', '1072', '1062', '1073'], '1147': ['1147', '1036', '1092', '1145', '1146', '1150', '1093', '1094', '1151', '1149', '1037', '1144'], '1148': ['1148', '1158', '1157', '1159', '1153', '1154', '1155', '1156', '1152', '1033', '1109'], '1101': ['1101', '1102', '1103', '1039', '1097', '1098', '1099', '1035', '1100'], '1105': ['1105', '1106', '1108', '1107', '1115', '1113', '1114', '1058', '1059'], '1110': ['1110', '1111', '1064', '1065', '1031', '1112'], '1104': ['1104', '1030', '1046', '1069', '1047', '1070'], '1038': ['1038', '1048', '1068', '1077', '1075', '1076', '1074', '1034', '1067'], '1054': ['1054'], '1086': ['1086', '1087', '1088', '1141', '1143', '1089', '1044', '1090', '1091', '1142'], '1043': ['1043', '1121', '1122', '1123', '1045'], '1124': ['1124'], '1117': ['1117', '1118', '1116', '1119', '1120'], '1140': ['1140']})"
25,"defaultdict(<class 'list'>, {'1040': ['1040', '1080', '1079', '1077', '1076', '1078'], '1081': ['1081', '1095', '1082', '1084', '1042', '1083', '1085', '1096'], '1136': ['1136', '1135', '1140'], '1138': ['1138', '1137', '1139'], '1041': ['1041', '1126', '1125', '1127', '1124', '1129', '1122', '1123', '1045', '1043', '1121'], '1128': ['1128', '1131', '1132', '1130', '1133', '1120', '1134'], '1032': ['1032', '1160', '1161', '1162', '1146', '1147', '1148', '1158', '1157', '1159', '1155', '1156'], '1052': ['1052', '1053', '1054', '1051', '1038', '1048', '1068', '1034', '1067', '1049', '1050', '1055'], '1063': ['1063', '1092'], '1057': ['1057', '1060', '1071', '1058', '1059', '1105', '1106', '1107'], '1066': ['1066', '1110', '1064', '1065', '1031'], '1056': ['1056'], '1061': ['1061', '1062', '1075', '1073', '1074'], '1072': ['1072', '1030', '1046', '1069', '1047', '1070'], '1033': ['1033', '1101', '1102', '1103', '1104', '1098', '1099', '1100'], '1109': ['1109', '1113'], '1153': ['1153'], '1154': ['1154', '1036', '1150', '1151', '1152'], '1108': ['1108'], '1114': ['1114', '1115', '1118', '1116', '1119'], '1039': ['1039', '1097', '1112', '1035', '1111'], '1086': ['1086', '1087', '1088', '1141', '1143', '1142'], '1089': ['1089', '1149', '1044', '1090', '1091'], '1093': ['1093', '1094', '1145', '1144', '1037'], '1117': ['1117']})"
25,"defaultdict(<class 'list'>, {'1040': ['1040', '1080', '1081', '1082', '1078', '1079', '1095', '1096', '1083'], '1084': ['1084', '1042', '1085', '1086', '1089', '1044', '1087', '1090', '1091'], '1136': ['1136', '1088', '1141', '1140'], '1138': ['1138'], '1041': ['1041', '1126', '1125', '1127', '1124', '1131', '1043', '1121', '1122', '1123', '1045', '1120'], '1128': ['1128', '1129', '1132', '1130', '1134'], '1032': ['1032', '1160', '1147', '1161', '1145', '1146', '1162', '1063'], '1052': ['1052', '1053', '1049', '1050', '1054', '1051', '1055', '1062'], '1057': ['1057', '1060', '1071', '1061', '1072'], '1148': ['1148', '1158', '1157', '1159', '1153', '1154', '1155', '1156', '1152'], '1066': ['1066', '1038', '1048', '1068', '1034', '1067', '1064', '1065', '1031'], '1056': ['1056', '1077', '1075', '1076', '1074'], '1033': ['1033', '1109', '1105', '1106', '1107', '1058', '1059', '1113'], '1101': ['1101', '1102', '1098', '1099', '1100', '1103', '1039', '1097', '1035'], '1108': ['1108'], '1110': ['1110', '1112', '1111', '1117'], '1104': ['1104', '1030', '1046', '1069', '1047'], '1114': ['1114', '1115', '1118', '1116', '1119'], '1070': ['1070'], '1036': ['1036', '1092', '1150', '1093', '1094', '1151', '1149', '1037', '1144'], '1142': ['1142', '1137', '1139'], '1143': ['1143'], '1073': ['1073'], '1135': ['1135'], '1133': ['1133']})"
25,"defaultdict(<class 'list'>, {'1040': ['1040', '1080', '1079', '1081', '1078', '1095', '1082', '1084', '1042', '1083', '1085', '1096'], '1136': ['1136', '1135', '1140'], '1138': ['1138', '1137', '1139'], '1041': ['1041', '1126', '1125', '1127', '1043', '1121', '1122', '1123', '1045', '1124', '1128', '1132'], '1129': ['1129', '1130', '1134'], '1131': ['1131', '1133'], '1032': ['1032', '1160', '1161', '1162', '1146', '1147', '1148', '1158', '1156', '1157', '1159'], '1052': ['1052', '1051', '1053', '1049', '1050'], '1063': ['1063', '1071', '1072'], '1055': ['1055'], '1057': ['1057', '1060', '1061', '1105', '1106', '1107', '1058', '1059', '1113'], '1066': ['1066', '1038', '1048', '1068', '1034', '1067'], '1056': ['1056'], '1033': ['1033', '1153', '1154', '1155', '1152'], '1101': ['1101', '1102', '1103', '1108', '1100'], '1109': ['1109', '1110'], '1104': ['1104'], '1114': ['1114', '1030', '1046', '1069', '1064', '1065', '1070', '1031', '1047'], '1054': ['1054'], '1039': ['1039', '1097', '1098', '1099', '1035', '1112', '1111', '1117', '1118'], '1086': ['1086', '1089', '1044', '1087', '1090', '1088', '1142', '1091', '1141', '1143'], '1036': ['1036', '1092', '1150', '1093', '1094', '1151', '1149', '1037', '1144', '1145'], '1115': ['1115', '1116', '1119', '1120'], '1062': ['1062'], '1077': ['1077', '1075', '1076', '1073', '1074']})"
25,"defaultdict(<class 'list'>, {'1040': ['1040', '1080', '1079', '1081', '1078', '1095', '1082', '1084', '1042', '1083', '1085', '1077'], '1096': ['1096', '1138', '1135', '1137', '1139'], '1136': ['1136', '1140'], '1041': ['1041'], '1126': ['1126', '1125', '1127', '1043', '1121', '1122', '1123', '1045', '1124'], '1128': ['1128', '1131', '1132', '1130', '1133', '1129', '1120', '1134'], '1032': ['1032', '1052', '1053', '1038', '1048', '1054', '1034', '1049', '1050', '1068'], '1063': ['1063', '1057', '1071', '1072'], '1160': ['1160', '1147', '1161', '1162', '1146'], '1051': ['1051', '1055', '1056', '1046', '1047'], '1060': ['1060'], '1148': ['1148', '1158', '1157', '1159', '1156', '1033', '1153', '1154', '1155', '1152', '1101'], '1066': ['1066', '1067', '1064', '1065', '1031'], '1061': ['1061', '1062', '1075', '1073', '1074', '1076'], '1109': ['1109', '1105', '1113', '1110'], '1102': ['1102', '1039', '1097', '1098', '1099', '1035', '1112', '1100', '1111'], '1103': ['1103', '1104', '1117'], '1106': ['1106', '1108', '1107', '1058', '1059'], '1114': ['1114', '1115', '1118', '1116', '1119'], '1030': ['1030', '1069', '1070'], '1086': ['1086', '1089', '1044', '1087', '1090'], '1036': ['1036', '1092', '1150', '1093', '1094', '1151', '1149', '1037', '1144'], '1145': ['1145'], '1088': ['1088', '1142', '1141', '1143'], '1091': ['1091']})"
25,"defaultdict(<class 'list'>, {'1040': ['1040', '1080', '1081', '1082', '1078', '1079', '1095', '1096', '1083'], '1084': ['1084', '1042', '1085', '1086', '1087'], '1136': ['1136', '1133'], '1138': ['1138', '1137', '1139'], '1041': ['1041', '1126', '1125', '1127', '1131', '1124', '1128', '1043', '1121', '1122', '1123', '1045'], '1129': ['1129'], '1032': ['1032', '1160', '1161', '1162', '1146', '1147', '1093', '1094', '1145', '1144', '1037'], '1052': ['1052', '1051', '1053', '1049', '1050', '1054'], '1063': ['1063', '1057', '1060', '1071', '1061'], '1055': ['1055', '1056', '1075', '1076', '1074'], '1148': ['1148', '1158', '1157', '1159', '1153', '1154', '1155', '1156', '1152'], '1066': ['1066', '1038', '1048', '1068', '1034', '1067', '1077'], '1072': ['1072', '1062', '1073'], '1033': ['1033', '1101', '1102', '1098', '1099', '1100', '1103', '1039', '1097', '1035', '1112'], '1109': ['1109'], '1105': ['1105', '1106', '1113', '1107', '1114', '1108', '1058', '1059', '1115'], '1110': ['1110', '1111', '1064', '1065', '1031', '1030', '1046', '1069', '1047', '1070'], '1104': ['1104'], '1089': ['1089', '1149', '1044', '1090', '1091'], '1036': ['1036', '1092', '1150', '1151'], '1088': ['1088', '1142', '1141', '1143', '1140'], '1117': ['1117', '1118', '1116', '1119', '1120'], '1135': ['1135', '1134'], '1132': ['1132'], '1130': ['1130']})"
25,"defaultdict(<class 'list'>, {'1040': ['1040', '1080', '1081', '1078', '1079', '1095', '1082', '1084', '1042', '1083', '1085'], '1096': ['1096', '1138', '1135', '1137', '1139', '1136', '1140'], '1041': ['1041', '1126', '1125', '1127', '1124', '1129', '1043', '1121', '1122', '1123', '1045', '1119'], '1128': ['1128', '1131', '1132', '1130', '1133'], '1032': ['1032', '1160', '1161', '1162', '1146'], '1052': ['1052', '1053', '1049', '1050', '1054', '1051', '1055', '1062'], '1063': ['1063', '1057', '1060', '1071', '1061'], '1147': ['1147', '1148', '1158', '1157', '1159', '1156', '1153', '1154', '1155', '1151', '1152'], '1066': ['1066', '1038', '1048', '1068', '1034', '1067', '1064', '1065', '1031'], '1056': ['1056'], '1072': ['1072', '1114', '1070'], '1033': ['1033', '1109', '1113', '1110', '1111'], '1101': ['1101', '1102', '1098', '1099', '1100', '1103', '1039', '1097', '1035', '1112'], '1105': ['1105', '1106', '1107', '1058', '1059'], '1108': ['1108'], '1104': ['1104', '1030', '1046', '1047', '1117', '1118'], '1069': ['1069'], '1086': ['1086', '1087', '1088', '1141', '1143', '1089', '1044', '1090', '1142'], '1036': ['1036', '1092', '1150', '1093', '1094', '1144', '1149', '1037', '1145'], '1091': ['1091'], '1115': ['1115'], '1077': ['1077', '1075', '1076', '1073', '1074'], '1116': ['1116'], '1120': ['1120'], '1134': ['1134']})"
25,"defaultdict(<class 'list'>, {'1040': ['1040', '1080', '1079', '1081', '1078', '1095', '1082', '1084', '1042', '1083', '1085', '1138'], '1096': ['1096', '1136', '1135', '1137', '1140'], '1041': ['1041', '1126', '1125', '1127', '1124', '1129', '1043', '1121', '1122', '1123', '1045'], '1128': ['1128', '1131', '1132', '1130', '1133', '1120', '1134'], '1032': ['1032', '1160', '1161', '1162', '1146', '1052', '1063', '1053', '1049'], '1051': ['1051', '1055', '1056', '1050'], '1057': ['1057', '1060', '1061', '1105', '1106', '1107', '1058', '1059', '1113'], '1071': ['1071'], '1147': ['1147', '1148', '1158', '1157', '1159', '1156', '1033', '1153', '1154', '1155', '1152', '1109'], '1066': ['1066', '1067', '1064', '1065', '1031', '1110'], '1072': ['1072'], '1101': ['1101'], '1102': ['1102', '1103', '1104', '1117', '1118', '1039', '1097', '1098', '1099', '1035', '1112', '1111'], '1108': ['1108', '1115', '1116', '1119'], '1114': ['1114'], '1038': ['1038', '1048', '1054', '1034', '1062'], '1068': ['1068', '1077', '1075', '1076', '1074'], '1100': ['1100'], '1030': ['1030', '1046', '1069', '1047', '1070'], '1086': ['1086', '1089', '1044', '1087', '1090'], '1036': ['1036', '1092', '1150', '1093', '1094', '1151', '1149', '1037', '1144'], '1145': ['1145'], '1088': ['1088', '1142', '1141', '1143', '1139'], '1091': ['1091'], '1073': ['1073']})"
25,"defaultdict(<class 'list'>, {'1040': ['1040', '1080', '1079', '1081', '1078'], '1095': ['1095'], '1082': ['1082'], '1084': ['1084', '1042', '1085', '1086', '1089', '1044', '1087', '1090', '1091'], '1096': ['1096', '1136', '1135', '1137', '1140', '1138', '1088', '1142', '1141', '1143', '1139'], '1041': ['1041', '1126', '1125', '1127', '1128', '1124', '1043', '1121', '1122', '1123', '1045', '1132'], '1129': ['1129', '1131', '1120', '1130', '1134'], '1032': ['1032', '1160', '1161', '1162', '1146'], '1052': ['1052', '1053', '1049', '1050', '1054', '1051', '1055', '1061', '1062'], '1063': ['1063', '1066', '1038', '1048', '1068', '1034', '1067'], '1057': ['1057', '1060', '1071', '1072'], '1147': ['1147', '1148', '1158', '1157', '1159', '1153', '1154', '1155', '1156', '1152'], '1056': ['1056'], '1033': ['1033', '1101', '1102', '1103', '1100'], '1109': ['1109', '1110', '1064', '1065', '1031'], '1105': ['1105', '1106', '1113', '1058', '1059'], '1108': ['1108', '1107', '1115', '1116', '1119'], '1104': ['1104'], '1114': ['1114'], '1039': ['1039', '1097', '1098', '1099', '1035', '1112', '1111', '1117', '1118'], '1030': ['1030', '1046', '1069', '1047', '1070'], '1083': ['1083'], '1036': ['1036', '1092', '1150', '1145', '1093', '1094', '1151', '1149', '1037', '1144'], '1077': ['1077', '1075', '1076', '1073', '1074'], '1133': ['1133']})"
25,"defaultdict(<class 'list'>, {'1040': ['1040', '1080', '1081', '1082', '1078'], '1079': ['1079'], '1095': ['1095'], '1084': ['1084', '1042', '1085', '1086', '1089', '1087', '1090', '1091', '1044'], '1096': ['1096', '1136', '1135', '1137', '1140'], '1138': ['1138', '1134'], '1041': ['1041', '1126', '1125', '1127', '1124', '1129', '1043', '1121', '1122', '1123', '1045'], '1128': ['1128', '1131', '1132', '1130', '1133'], '1032': ['1032', '1160', '1161', '1162'], '1052': ['1052', '1053', '1049', '1050', '1054', '1051', '1055'], '1063': ['1063', '1066', '1038', '1048', '1068', '1067', '1034'], '1057': ['1057', '1060', '1061', '1058', '1059', '1105', '1106', '1107', '1062'], '1071': ['1071', '1072', '1073'], '1147': ['1147', '1145', '1144', '1146', '1036', '1092', '1150', '1093', '1094', '1151', '1149', '1037'], '1148': ['1148', '1158', '1157', '1159', '1033', '1109', '1153', '1154', '1155', '1156', '1152'], '1056': ['1056', '1077', '1075', '1076', '1074'], '1101': ['1101', '1039', '1097', '1098', '1099', '1035', '1112', '1100', '1111'], '1102': ['1102', '1103', '1104', '1117', '1118'], '1113': ['1113'], '1108': ['1108'], '1110': ['1110'], '1114': ['1114', '1030', '1046', '1069', '1064', '1065', '1070', '1031', '1047'], '1083': ['1083'], '1088': ['1088', '1142', '1141', '1143', '1139'], '1115': ['1115', '1116', '1119', '1120']})"
25,"defaultdict(<class 'list'>, {'1040': ['1040', '1080', '1079', '1077', '1076', '1078', '1081'], '1095': ['1095'], '1082': ['1082', '1084', '1042', '1083', '1085'], '1096': ['1096', '1138', '1135', '1137', '1139'], '1136': ['1136', '1140'], '1041': ['1041', '1126', '1125', '1127', '1124', '1043', '1121', '1122', '1123', '1045'], '1128': ['1128', '1131', '1132', '1130', '1133', '1129', '1120', '1134'], '1032': ['1032', '1052', '1053', '1049', '1050', '1054', '1063', '1051', '1055'], '1160': ['1160', '1161', '1162', '1146'], '1057': ['1057', '1060', '1061', '1105', '1106', '1107', '1058', '1059', '1113'], '1071': ['1071'], '1147': ['1147', '1036', '1092', '1150', '1093', '1094', '1151', '1149', '1037', '1145', '1144', '1091'], '1148': ['1148', '1158', '1157', '1159', '1033', '1153', '1154', '1155', '1152', '1156', '1109'], '1066': ['1066', '1110', '1064', '1065', '1031'], '1056': ['1056', '1104', '1030', '1046', '1047'], '1072': ['1072', '1075', '1073', '1074'], '1101': ['1101', '1102', '1098', '1099', '1100'], '1103': ['1103'], '1108': ['1108', '1115', '1118', '1116', '1119'], '1114': ['1114', '1069', '1070'], '1038': ['1038', '1048', '1068', '1034', '1067'], '1039': ['1039', '1097', '1112', '1035', '1111', '1117'], '1086': ['1086', '1089', '1044', '1087', '1090'], '1088': ['1088', '1142', '1141', '1143'], '1062': ['1062']})"
25,"defaultdict(<class 'list'>, {'1040': ['1040', '1080', '1079', '1081', '1078', '1095', '1082', '1084', '1042', '1083', '1085', '1086'], '1096': ['1096', '1138', '1135', '1137', '1139', '1136', '1088', '1142', '1141', '1143', '1140'], '1041': ['1041', '1126', '1125', '1127', '1043', '1121', '1122', '1123', '1045', '1124', '1129', '1134'], '1128': ['1128', '1131', '1132', '1133'], '1032': ['1032', '1063', '1160', '1161', '1162', '1147', '1148', '1158', '1157', '1159', '1156', '1146'], '1052': ['1052', '1051', '1053', '1049', '1050', '1055', '1054'], '1057': ['1057', '1060', '1071', '1061', '1105', '1106', '1107', '1058', '1059'], '1066': ['1066', '1110', '1064', '1065', '1031'], '1056': ['1056', '1077', '1075', '1076', '1074'], '1072': ['1072', '1062', '1073'], '1033': ['1033', '1101', '1102', '1103', '1039', '1097', '1098', '1099', '1035', '1112', '1111', '1100'], '1109': ['1109'], '1153': ['1153', '1155'], '1113': ['1113', '1114', '1115'], '1154': ['1154', '1036', '1150', '1151', '1152'], '1108': ['1108'], '1104': ['1104'], '1038': ['1038', '1048', '1068', '1034', '1067'], '1030': ['1030', '1046', '1069', '1047', '1070'], '1089': ['1089', '1149', '1044', '1090', '1091'], '1092': ['1092'], '1093': ['1093', '1094', '1145', '1144', '1037'], '1087': ['1087'], '1117': ['1117', '1118', '1116', '1119', '1120'], '1130': ['1130']})"
25,"defaultdict(<class 'list'>, {'1040': ['1040', '1080', '1079', '1081', '1078', '1095', '1082', '1084', '1042', '1083', '1085', '1096'], '1136': ['1136', '1135', '1140'], '1138': ['1138'], '1041': ['1041', '1126', '1125', '1127', '1124', '1131', '1122', '1123', '1045', '1043', '1121'], '1128': ['1128', '1129', '1132', '1130', '1134'], '1032': ['1032', '1052', '1063', '1053', '1049', '1160', '1161', '1162', '1146'], '1051': ['1051', '1055', '1056', '1050'], '1057': ['1057', '1060', '1071', '1061', '1072'], '1147': ['1147', '1148', '1158', '1157', '1159', '1156', '1145'], '1066': ['1066', '1038', '1048', '1068', '1034', '1067'], '1033': ['1033', '1109', '1153', '1155', '1152', '1101', '1154', '1100'], '1102': ['1102', '1039', '1097', '1098', '1099', '1035', '1112'], '1103': ['1103'], '1105': ['1105', '1106', '1107', '1058', '1059', '1113', '1108', '1114', '1115'], '1110': ['1110', '1111', '1064', '1065', '1031'], '1104': ['1104'], '1054': ['1054', '1062'], '1030': ['1030', '1046', '1069', '1047', '1070'], '1086': ['1086', '1089', '1092', '1044', '1090', '1091', '1036', '1087'], '1150': ['1150', '1093', '1094', '1151', '1149', '1037', '1144'], '1088': ['1088', '1142', '1141', '1143', '1139'], '1077': ['1077', '1075', '1076', '1073', '1074'], '1117': ['1117', '1118', '1116', '1119', '1120'], '1137': ['1137'], '1133': ['1133']})"
25,"defaultdict(<class 'list'>, {'1040': ['1040', '1080', '1079', '1077', '1076', '1078', '1068', '1067'], '1081': ['1081', '1082', '1084', '1042', '1083', '1085', '1086', '1089', '1044', '1087', '1090', '1091'], '1095': ['1095'], '1096': ['1096', '1138', '1135', '1137', '1139'], '1136': ['1136'], '1041': ['1041', '1126', '1125', '1127', '1124', '1043', '1121', '1122', '1123', '1045'], '1128': ['1128', '1131', '1132', '1130', '1133', '1129', '1120', '1134'], '1032': ['1032', '1160', '1161', '1162', '1146', '1147', '1148', '1158', '1157', '1159', '1156', '1155'], '1052': ['1052', '1051', '1055', '1056', '1049', '1050', '1053', '1038', '1048', '1054', '1034'], '1063': ['1063', '1071', '1072'], '1057': ['1057', '1060', '1061', '1105', '1106', '1107', '1058', '1059', '1113'], '1066': ['1066'], '1033': ['1033', '1101', '1109', '1153', '1100'], '1102': ['1102', '1103', '1104', '1117', '1118'], '1154': ['1154', '1151', '1152', '1036', '1150'], '1108': ['1108'], '1110': ['1110', '1030', '1046', '1069', '1064', '1065', '1070', '1031', '1047'], '1114': ['1114', '1115', '1116', '1119'], '1039': ['1039', '1097', '1112', '1035', '1111', '1098', '1099'], '1092': ['1092'], '1093': ['1093', '1094', '1144', '1149', '1037'], '1145': ['1145'], '1088': ['1088', '1142', '1141', '1143'], '1062': ['1062', '1075', '1073', '1074'], '1140': ['1140']})"
25,"defaultdict(<class 'list'>, {'1040': ['1040', '1080', '1079', '1077', '1076', '1078', '1075', '1074'], '1081': ['1081', '1082', '1084', '1042', '1083', '1095', '1096', '1085'], '1136': ['1136'], '1138': ['1138', '1142', '1139'], '1041': ['1041'], '1126': ['1126', '1125', '1127', '1128', '1131', '1132', '1130', '1133', '1129', '1120', '1134', '1124'], '1032': ['1032', '1160', '1161', '1162', '1146', '1063', '1147', '1145'], '1052': ['1052', '1053', '1049', '1050', '1054', '1051', '1055', '1061', '1062'], '1057': ['1057', '1071', '1072', '1073'], '1060': ['1060'], '1148': ['1148', '1158', '1157', '1159', '1156', '1153', '1154', '1155', '1152'], '1066': ['1066', '1038', '1048', '1068', '1067', '1034'], '1056': ['1056'], '1033': ['1033', '1109', '1113', '1110', '1111', '1105'], '1101': ['1101', '1102', '1098', '1099', '1100', '1103', '1039', '1097', '1035', '1112'], '1106': ['1106', '1108', '1107', '1058', '1059', '1115', '1116'], '1104': ['1104', '1030', '1046', '1047', '1117', '1118'], '1114': ['1114', '1069', '1064', '1065', '1070', '1031'], '1086': ['1086', '1089', '1044', '1087', '1090', '1091'], '1043': ['1043', '1121', '1122', '1123', '1045'], '1036': ['1036', '1092', '1150', '1151', '1149'], '1093': ['1093', '1094', '1144', '1037', '1143'], '1088': ['1088', '1141', '1135', '1140'], '1137': ['1137'], '1119': ['1119']})"
25,"defaultdict(<class 'list'>, {'1040': ['1040', '1080', '1079', '1081', '1078', '1095', '1082', '1084', '1042', '1083', '1085', '1086'], '1096': ['1096', '1138', '1135', '1137', '1139', '1136', '1088', '1142', '1141', '1143', '1140'], '1041': ['1041', '1126', '1125', '1127', '1124', '1129', '1043', '1121', '1122', '1123', '1045'], '1128': ['1128', '1131', '1132', '1130', '1133'], '1032': ['1032', '1160', '1161', '1162'], '1052': ['1052', '1053', '1049', '1050', '1054'], '1063': ['1063', '1066', '1038', '1048', '1068', '1034', '1067'], '1051': ['1051'], '1055': ['1055'], '1057': ['1057', '1060', '1071', '1061', '1072', '1062', '1073'], '1147': ['1147', '1036', '1092', '1145', '1146'], '1148': ['1148', '1158', '1157', '1159', '1033', '1153', '1154', '1155', '1151', '1152', '1156'], '1056': ['1056', '1077', '1075', '1076', '1074'], '1101': ['1101', '1102', '1098', '1099', '1100', '1103', '1039', '1097', '1035'], '1109': ['1109'], '1105': ['1105', '1106', '1107', '1058', '1059', '1113', '1108', '1114', '1115'], '1110': ['1110', '1111', '1064', '1065', '1031'], '1104': ['1104'], '1112': ['1112'], '1030': ['1030', '1046', '1069', '1047', '1070'], '1089': ['1089', '1044', '1087', '1090', '1091'], '1150': ['1150'], '1093': ['1093', '1094', '1144', '1149', '1037'], '1117': ['1117', '1118', '1116', '1119', '1120'], '1134': ['1134']})"
25,"defaultdict(<class 'list'>, {'1040': ['1040', '1080', '1081', '1082', '1084', '1042', '1083', '1085', '1078', '1095'], '1079': ['1079', '1038', '1048', '1068', '1034', '1067', '1077', '1076'], '1096': ['1096', '1136', '1135', '1137', '1140', '1138', '1088', '1142', '1141', '1143', '1139'], '1041': ['1041'], '1126': ['1126', '1125', '1127', '1043', '1121', '1122', '1123', '1045', '1124'], '1128': ['1128', '1131', '1132', '1130', '1133', '1129', '1134'], '1032': ['1032', '1052', '1053', '1049', '1050', '1054', '1063', '1051', '1055'], '1160': ['1160'], '1057': ['1057', '1060', '1071', '1058', '1059', '1072'], '1147': ['1147', '1036', '1092', '1145', '1146', '1150', '1093', '1094', '1151', '1149', '1037', '1144'], '1148': ['1148', '1158', '1157', '1159', '1156', '1153', '1154', '1155', '1152'], '1161': ['1161'], '1066': ['1066'], '1056': ['1056'], '1061': ['1061', '1062', '1075', '1073', '1074'], '1162': ['1162'], '1033': ['1033', '1101', '1098', '1099', '1100'], '1109': ['1109', '1105', '1106', '1113', '1107'], '1102': ['1102', '1103', '1104', '1117', '1118'], '1108': ['1108'], '1110': ['1110'], '1114': ['1114', '1030', '1046', '1069', '1064', '1065', '1070', '1031', '1047'], '1039': ['1039', '1097', '1112', '1035', '1111'], '1086': ['1086', '1089', '1044', '1087', '1090', '1091'], '1115': ['1115', '1116', '1119', '1120']})"
25,"defaultdict(<class 'list'>, {'1040': ['1040', '1080', '1079', '1081', '1078', '1095', '1082', '1084', '1042', '1083', '1085', '1096'], '1136': ['1136', '1133'], '1138': ['1138', '1137', '1139'], '1041': ['1041', '1126', '1125', '1127', '1128', '1124', '1122', '1123', '1045', '1043', '1121', '1132'], '1129': ['1129'], '1131': ['1131'], '1032': ['1032', '1160', '1161', '1162', '1146', '1052', '1053'], '1063': ['1063', '1071', '1072'], '1051': ['1051', '1055', '1056', '1049', '1050'], '1057': ['1057', '1060', '1061', '1058', '1059'], '1147': ['1147', '1148', '1158', '1157', '1159', '1156', '1033', '1153', '1154', '1155', '1152', '1109'], '1066': ['1066', '1038', '1048', '1068', '1034', '1067'], '1101': ['1101', '1102', '1098', '1099', '1100'], '1103': ['1103', '1104', '1117'], '1105': ['1105', '1106', '1113', '1108', '1107'], '1110': ['1110', '1039', '1097', '1112', '1035', '1111'], '1114': ['1114', '1030', '1046', '1069', '1064', '1065', '1070', '1031', '1047'], '1054': ['1054', '1062'], '1086': ['1086', '1089', '1044', '1087', '1090'], '1036': ['1036', '1092', '1145', '1144', '1150', '1093', '1094', '1151', '1149', '1037', '1091'], '1088': ['1088', '1142', '1141', '1143', '1140'], '1115': ['1115', '1118', '1116', '1119', '1120'], '1077': ['1077', '1075', '1076', '1073', '1074'], '1135': ['1135', '1134'], '1130': ['1130']})"
25,"defaultdict(<class 'list'>, {'1040': ['1040', '1080', '1081', '1082', '1078', '1084', '1042', '1083', '1085'], '1079': ['1079', '1077', '1075', '1076', '1074'], '1095': ['1095'], '1096': ['1096', '1138', '1135', '1137', '1139', '1136', '1088', '1142', '1141', '1143', '1140'], '1041': ['1041', '1126', '1125', '1127', '1124', '1043', '1121', '1122', '1123', '1045'], '1128': ['1128', '1131', '1132', '1130', '1133', '1129', '1120', '1134', '1119'], '1032': ['1032', '1063', '1071', '1066', '1067'], '1052': ['1052', '1053', '1038', '1048', '1054', '1034', '1049'], '1160': ['1160', '1147', '1161', '1162', '1146', '1148', '1158', '1157', '1159', '1156'], '1051': ['1051'], '1055': ['1055'], '1057': ['1057', '1060', '1061', '1058', '1059'], '1056': ['1056', '1104', '1030', '1046', '1047'], '1072': ['1072', '1062', '1073'], '1033': ['1033', '1153', '1154', '1155', '1152'], '1101': ['1101', '1102', '1103', '1100'], '1109': ['1109'], '1105': ['1105', '1106', '1113', '1107', '1114', '1108', '1115', '1116'], '1110': ['1110'], '1050': ['1050'], '1068': ['1068'], '1039': ['1039', '1097', '1098', '1099', '1035', '1112', '1111', '1117', '1118'], '1069': ['1069', '1064', '1065', '1070', '1031'], '1086': ['1086', '1089', '1087', '1090', '1091', '1044'], '1036': ['1036', '1092', '1150', '1151', '1149', '1093', '1094', '1144', '1037', '1145']})"
25,"defaultdict(<class 'list'>, {'1040': ['1040', '1080', '1081', '1082', '1078', '1079', '1095', '1083'], '1084': ['1084', '1042', '1085', '1086', '1089', '1044', '1087', '1090', '1091'], '1096': ['1096', '1136', '1135', '1137', '1140', '1138', '1088', '1142', '1141', '1143', '1139'], '1041': ['1041', '1126', '1125', '1127', '1124', '1129', '1122', '1123', '1045', '1043', '1121', '1134'], '1128': ['1128', '1131', '1132', '1133'], '1032': ['1032', '1063', '1066', '1068', '1067'], '1052': ['1052', '1051', '1053', '1049', '1050', '1038', '1048', '1034'], '1160': ['1160', '1147', '1161', '1145', '1146'], '1055': ['1055'], '1057': ['1057', '1060', '1071', '1061', '1105', '1106', '1107', '1058', '1059'], '1148': ['1148', '1158', '1157', '1159', '1156', '1033', '1153', '1154', '1155', '1152', '1109'], '1056': ['1056'], '1072': ['1072', '1075', '1076', '1073', '1074'], '1162': ['1162'], '1101': ['1101'], '1102': ['1102', '1039', '1097', '1098', '1099', '1035', '1112', '1100', '1111'], '1103': ['1103', '1104'], '1113': ['1113', '1114', '1115'], '1108': ['1108'], '1110': ['1110', '1030', '1046', '1069', '1047', '1070', '1064', '1065', '1031'], '1054': ['1054', '1062'], '1036': ['1036', '1092', '1150', '1151', '1149', '1093', '1094', '1144', '1037'], '1077': ['1077'], '1117': ['1117', '1118', '1116', '1119', '1120'], '1130': ['1130']})"
25,"defaultdict(<class 'list'>, {'1040': ['1040', '1080', '1038', '1048', '1068', '1034', '1067', '1077', '1078'], '1079': ['1079', '1081', '1095', '1082', '1084', '1042', '1083', '1085'], '1096': ['1096', '1136', '1135', '1137', '1140', '1138', '1088', '1142', '1141', '1143', '1139'], '1041': ['1041', '1126', '1125', '1127', '1124', '1129', '1122', '1123', '1045', '1043', '1121', '1134'], '1128': ['1128', '1131', '1120', '1132', '1133'], '1032': ['1032', '1160', '1161', '1162', '1146'], '1052': ['1052', '1051', '1053', '1049', '1050', '1055', '1054', '1062'], '1063': ['1063', '1057', '1060', '1071', '1061'], '1147': ['1147', '1036', '1092', '1150', '1093', '1094', '1151', '1149', '1037', '1145', '1144', '1091'], '1148': ['1148', '1158', '1157', '1159', '1153', '1154', '1155', '1156', '1152'], '1066': ['1066', '1069', '1064', '1065', '1070', '1031'], '1056': ['1056'], '1072': ['1072', '1075', '1076', '1073', '1074'], '1033': ['1033', '1109', '1113', '1114'], '1101': ['1101'], '1102': ['1102'], '1103': ['1103', '1104', '1030', '1046', '1047'], '1105': ['1105', '1106', '1107', '1058', '1059'], '1108': ['1108'], '1110': ['1110'], '1039': ['1039', '1097', '1112', '1035', '1111', '1098', '1099', '1117', '1118'], '1100': ['1100'], '1086': ['1086', '1089', '1044', '1087', '1090'], '1115': ['1115', '1116', '1119'], '1130': ['1130']})"
25,"defaultdict(<class 'list'>, {'1040': ['1040', '1080', '1079', '1081', '1078', '1095', '1082', '1083'], '1084': ['1084', '1042', '1085', '1086', '1089', '1044', '1087', '1090', '1091'], '1096': ['1096', '1138', '1135', '1137', '1139', '1136', '1088', '1142', '1141', '1143', '1140'], '1041': ['1041'], '1126': ['1126', '1125', '1127', '1043', '1121', '1122', '1123', '1045', '1124'], '1128': ['1128', '1131', '1132', '1130', '1133', '1129', '1134'], '1032': ['1032', '1052', '1063', '1053', '1049', '1051', '1055', '1050', '1054'], '1160': ['1160'], '1057': ['1057', '1060', '1061', '1058', '1059', '1062', '1071'], '1147': ['1147', '1148', '1158', '1157', '1159'], '1161': ['1161'], '1066': ['1066'], '1056': ['1056'], '1072': ['1072'], '1162': ['1162'], '1033': ['1033', '1109', '1110', '1039', '1097', '1112', '1035', '1111'], '1101': ['1101', '1102', '1098', '1099', '1100', '1103', '1108'], '1153': ['1153', '1154', '1155', '1156', '1152'], '1105': ['1105', '1106', '1113', '1107', '1114'], '1104': ['1104', '1030', '1046', '1069', '1064', '1065', '1070', '1031', '1047'], '1038': ['1038', '1048', '1068', '1034', '1067'], '1036': ['1036', '1092', '1150', '1093', '1094', '1144', '1149', '1037', '1145', '1151', '1146'], '1115': ['1115'], '1077': ['1077', '1075', '1076', '1073', '1074'], '1117': ['1117', '1118', '1116', '1119', '1120']})"
25,"defaultdict(<class 'list'>, {'1040': ['1040', '1080', '1081', '1082', '1084', '1042', '1083', '1085', '1078', '1079', '1095', '1136'], '1096': ['1096', '1138', '1135', '1137', '1139'], '1041': ['1041', '1126', '1125', '1127', '1128', '1124', '1131', '1043', '1121', '1122', '1123', '1045'], '1129': ['1129', '1130', '1134'], '1032': ['1032', '1052', '1063', '1053', '1049'], '1160': ['1160', '1147', '1148', '1158', '1157', '1159', '1156', '1161', '1162'], '1051': ['1051', '1055', '1056', '1075', '1076'], '1057': ['1057', '1060', '1071', '1072', '1061', '1062', '1073', '1074'], '1066': ['1066'], '1033': ['1033', '1153', '1154', '1155', '1152'], '1101': ['1101', '1102', '1103', '1104', '1098', '1099', '1100'], '1109': ['1109', '1105', '1106', '1107', '1058', '1059', '1113'], '1108': ['1108', '1115'], '1110': ['1110', '1039', '1097', '1112', '1035', '1111'], '1114': ['1114', '1030', '1046', '1069', '1064', '1065', '1070', '1031', '1047'], '1038': ['1038', '1048', '1054', '1068', '1034'], '1050': ['1050'], '1067': ['1067'], '1086': ['1086', '1089', '1087', '1090', '1091', '1044'], '1036': ['1036', '1092', '1150', '1151', '1149', '1093', '1094', '1144', '1037', '1145', '1146'], '1088': ['1088', '1142', '1141', '1143', '1140'], '1077': ['1077'], '1117': ['1117', '1118', '1116', '1119', '1120'], '1132': ['1132'], '1133': ['1133']})"
25,"defaultdict(<class 'list'>, {'1040': ['1040', '1080', '1079', '1081', '1078', '1038', '1048', '1068', '1034', '1067', '1077'], '1095': ['1095', '1082', '1084', '1083', '1085', '1042'], '1096': ['1096', '1138', '1135', '1137', '1139', '1136', '1140'], '1041': ['1041'], '1126': ['1126', '1125', '1127', '1043', '1121', '1122', '1123', '1045', '1124'], '1128': ['1128', '1129', '1132', '1130', '1134', '1131', '1120', '1133'], '1032': ['1032', '1160', '1161', '1162', '1146'], '1052': ['1052', '1053', '1049', '1050', '1054', '1051', '1055', '1062'], '1063': ['1063', '1066', '1064', '1065', '1031'], '1057': ['1057', '1060', '1061', '1058', '1059', '1071'], '1147': ['1147', '1148', '1158', '1157', '1159', '1156', '1154', '1155'], '1056': ['1056'], '1072': ['1072', '1075', '1076', '1073', '1074'], '1033': ['1033', '1101', '1109', '1153', '1100', '1152'], '1102': ['1102', '1103', '1104', '1117', '1118'], '1105': ['1105', '1106', '1113', '1107', '1114'], '1108': ['1108', '1115', '1116', '1119'], '1110': ['1110', '1039', '1097', '1112', '1035', '1111'], '1098': ['1098', '1099'], '1030': ['1030', '1046', '1069', '1047', '1070'], '1086': ['1086', '1087', '1088', '1141', '1143'], '1089': ['1089', '1092', '1044', '1090', '1091', '1036'], '1150': ['1150', '1093', '1094', '1144', '1149', '1037', '1151'], '1145': ['1145'], '1142': ['1142']})"
25,"defaultdict(<class 'list'>, {'1040': ['1040', '1080', '1081', '1082', '1078'], '1079': ['1079', '1077', '1075', '1076', '1074'], '1095': ['1095'], '1084': ['1084', '1042', '1085', '1086', '1089', '1044', '1087', '1090', '1091'], '1096': ['1096', '1138', '1135', '1137', '1139', '1136', '1140', '1088', '1142', '1141', '1143'], '1041': ['1041', '1126', '1125', '1127', '1043', '1121', '1122', '1123', '1045', '1124', '1131', '1133'], '1128': ['1128', '1129', '1130', '1134'], '1032': ['1032', '1052', '1063', '1053', '1049', '1051', '1038', '1048', '1050', '1034'], '1160': ['1160', '1147', '1161', '1145', '1146', '1162'], '1055': ['1055', '1056'], '1057': ['1057', '1071', '1072', '1073'], '1060': ['1060'], '1148': ['1148', '1158', '1157', '1159', '1156'], '1066': ['1066', '1068', '1067'], '1061': ['1061', '1054', '1062'], '1033': ['1033', '1101', '1109', '1153', '1100', '1154', '1155', '1152'], '1102': ['1102', '1103'], '1105': ['1105', '1106', '1107', '1058', '1059', '1113', '1108'], '1110': ['1110'], '1104': ['1104', '1039', '1097', '1098', '1099', '1035', '1112', '1111', '1117', '1118'], '1114': ['1114', '1030', '1046', '1069', '1064', '1065', '1070', '1031', '1047'], '1083': ['1083'], '1036': ['1036', '1092', '1150', '1093', '1094', '1151', '1149', '1037', '1144'], '1115': ['1115', '1116', '1119', '1120'], '1132': ['1132']})"
25,"defaultdict(<class 'list'>, {'1040': ['1040', '1080', '1079', '1081', '1078', '1095', '1082', '1096', '1083'], '1084': ['1084', '1042', '1085', '1086', '1087'], '1136': ['1136'], '1138': ['1138', '1137', '1139'], '1041': ['1041', '1126', '1125', '1127', '1124', '1129', '1043', '1121', '1122', '1123', '1045', '1119'], '1128': ['1128', '1131', '1132', '1130', '1133', '1120'], '1032': ['1032', '1052', '1063', '1053', '1049', '1160', '1161', '1162', '1146'], '1051': ['1051', '1038', '1048', '1050', '1034'], '1055': ['1055', '1056'], '1057': ['1057', '1060', '1071', '1061', '1072'], '1147': ['1147', '1093', '1094', '1145', '1144', '1037'], '1148': ['1148', '1158', '1157', '1159', '1156', '1153', '1154', '1155', '1152'], '1066': ['1066', '1068', '1067'], '1033': ['1033', '1109', '1113', '1110', '1111'], '1101': ['1101', '1102', '1039', '1097', '1098', '1099', '1035', '1112', '1100', '1117', '1103', '1104'], '1105': ['1105', '1106', '1107', '1058', '1059'], '1108': ['1108', '1115', '1116'], '1114': ['1114', '1030', '1046', '1069', '1064', '1065', '1070', '1031', '1047'], '1054': ['1054', '1062'], '1089': ['1089', '1149', '1044', '1090', '1091'], '1036': ['1036', '1092', '1150', '1151'], '1088': ['1088', '1142', '1141', '1143', '1140'], '1077': ['1077', '1075', '1076', '1073', '1074'], '1118': ['1118'], '1135': ['1135', '1134']})"
25,"defaultdict(<class 'list'>, {'1040': ['1040', '1080', '1081', '1095', '1082', '1084', '1042', '1083', '1085', '1079', '1077', '1078'], '1096': ['1096', '1138', '1135', '1137', '1139'], '1136': ['1136', '1140'], '1041': ['1041', '1126', '1125', '1043', '1121', '1122', '1123', '1045', '1124'], '1127': ['1127'], '1128': ['1128', '1129', '1132', '1130', '1134', '1131', '1133'], '1032': ['1032', '1052', '1051', '1053', '1049', '1050', '1063', '1055', '1054'], '1160': ['1160', '1147', '1161', '1162', '1146', '1036', '1092', '1145'], '1057': ['1057', '1060', '1061', '1058', '1059'], '1071': ['1071'], '1148': ['1148', '1158', '1157', '1159', '1156', '1153', '1154', '1155', '1152'], '1066': ['1066'], '1056': ['1056'], '1072': ['1072', '1075', '1076', '1073', '1074'], '1033': ['1033', '1101', '1102', '1039', '1097', '1098', '1099', '1035', '1100'], '1109': ['1109', '1110', '1112', '1111'], '1103': ['1103', '1104', '1030', '1046', '1047'], '1105': ['1105', '1106', '1113', '1107', '1114', '1108', '1115'], '1038': ['1038', '1048', '1068', '1034', '1067'], '1069': ['1069', '1064', '1065', '1070', '1031'], '1086': ['1086', '1089', '1044', '1087', '1090', '1088', '1142', '1141', '1143', '1091'], '1150': ['1150', '1093', '1094', '1151', '1149', '1037'], '1144': ['1144'], '1062': ['1062'], '1117': ['1117', '1118', '1116', '1119', '1120']})"
25,"defaultdict(<class 'list'>, {'1040': ['1040', '1080', '1079', '1081', '1078'], '1095': ['1095', '1082', '1084', '1042', '1083', '1085', '1086', '1089', '1087', '1090', '1091', '1044'], '1096': ['1096'], '1136': ['1136', '1135', '1140'], '1138': ['1138'], '1041': ['1041', '1126', '1125', '1127', '1043', '1121', '1122', '1123', '1045', '1124', '1128', '1132'], '1129': ['1129', '1131', '1120', '1130', '1134'], '1032': ['1032', '1160', '1147', '1148', '1158', '1157', '1159', '1161', '1162', '1155', '1156', '1146'], '1052': ['1052', '1053', '1049', '1050', '1054', '1051', '1055', '1062'], '1063': ['1063'], '1057': ['1057', '1060', '1061', '1058', '1059', '1071', '1106'], '1066': ['1066', '1038', '1048', '1068', '1034', '1067', '1077', '1076'], '1056': ['1056'], '1072': ['1072', '1075', '1073', '1074'], '1033': ['1033', '1109', '1105', '1113'], '1101': ['1101', '1102', '1103', '1100'], '1153': ['1153'], '1154': ['1154', '1036', '1092', '1150', '1093', '1094', '1151', '1149', '1037', '1144', '1145', '1152'], '1108': ['1108', '1107', '1115', '1116', '1119'], '1110': ['1110'], '1104': ['1104'], '1114': ['1114', '1030', '1046', '1069', '1047', '1070', '1064', '1065', '1031'], '1039': ['1039', '1097', '1098', '1099', '1035', '1112', '1111', '1117', '1118'], '1088': ['1088', '1142', '1141', '1143', '1139'], '1137': ['1137', '1133']})"
25,"defaultdict(<class 'list'>, {'1040': ['1040', '1080', '1079', '1081', '1078', '1095', '1082', '1084', '1042', '1083', '1085', '1136'], '1096': ['1096', '1138', '1135', '1137', '1139'], '1041': ['1041', '1126', '1125', '1043', '1121', '1122', '1123', '1045', '1124', '1127', '1129', '1119'], '1128': ['1128', '1131', '1132', '1130', '1133', '1120', '1134'], '1032': ['1032', '1160', '1147', '1161', '1145', '1146', '1162', '1148', '1158', '1157', '1159', '1156'], '1052': ['1052', '1051', '1053', '1049', '1050', '1038', '1048', '1054', '1034'], '1063': ['1063', '1071', '1066', '1067'], '1055': ['1055', '1056'], '1057': ['1057', '1060', '1061', '1058', '1059', '1105', '1106', '1113', '1107'], '1072': ['1072', '1075', '1076', '1073', '1074'], '1033': ['1033', '1153', '1154', '1036', '1150', '1151', '1152', '1155'], '1101': ['1101', '1108', '1100'], '1109': ['1109'], '1102': ['1102'], '1103': ['1103', '1104'], '1110': ['1110', '1039', '1097', '1098', '1099', '1035', '1112', '1111', '1117', '1118'], '1114': ['1114', '1030', '1046', '1069', '1047', '1070', '1064', '1065', '1031'], '1068': ['1068', '1077'], '1086': ['1086', '1087', '1088', '1141', '1143', '1142'], '1089': ['1089', '1092', '1044', '1090', '1091'], '1093': ['1093', '1094', '1144', '1149', '1037'], '1115': ['1115'], '1062': ['1062'], '1116': ['1116'], '1140': ['1140']})"
25,"defaultdict(<class 'list'>, {'1040': ['1040', '1080', '1079', '1081', '1078'], '1095': ['1095', '1082', '1084', '1042', '1085', '1086', '1087', '1083'], '1096': ['1096', '1136', '1135', '1137', '1140'], '1138': ['1138', '1134'], '1041': ['1041', '1126', '1125', '1127', '1043', '1121', '1122', '1123', '1045', '1124', '1129'], '1128': ['1128', '1131', '1132', '1130', '1133'], '1032': ['1032', '1052', '1063', '1053', '1049', '1051', '1055', '1050', '1054'], '1160': ['1160', '1147', '1161', '1162', '1146'], '1057': ['1057', '1060', '1061', '1058', '1059', '1071', '1072'], '1148': ['1148', '1158', '1157', '1159', '1153', '1154', '1155', '1156', '1152', '1151'], '1066': ['1066'], '1056': ['1056', '1104'], '1033': ['1033', '1101', '1102', '1098', '1099', '1100', '1103', '1108', '1107'], '1109': ['1109'], '1105': ['1105', '1113', '1114', '1115'], '1106': ['1106'], '1110': ['1110', '1030', '1046', '1069', '1047', '1070', '1064', '1065', '1031'], '1038': ['1038', '1048', '1068', '1034', '1067'], '1039': ['1039', '1097', '1112', '1035', '1111'], '1089': ['1089', '1149', '1044', '1090', '1091', '1093', '1094', '1037'], '1036': ['1036', '1092', '1150', '1145', '1144'], '1088': ['1088', '1142', '1141', '1143', '1139'], '1062': ['1062'], '1077': ['1077', '1075', '1076', '1073', '1074'], '1117': ['1117', '1118', '1116', '1119', '1120']})"
25,"defaultdict(<class 'list'>, {'1040': ['1040', '1080', '1079', '1081', '1078'], '1095': ['1095', '1082', '1084', '1083', '1085', '1042', '1086', '1089', '1044', '1087', '1090', '1091'], '1096': ['1096', '1138', '1135', '1137', '1139', '1136', '1088', '1142', '1141', '1143', '1140'], '1041': ['1041', '1126', '1125', '1127', '1124'], '1128': ['1128', '1131', '1132', '1130', '1133', '1129', '1120', '1134'], '1032': ['1032', '1160', '1161', '1162', '1146', '1147', '1148', '1158', '1157', '1159', '1156', '1145'], '1052': ['1052', '1051', '1053', '1038', '1048', '1054', '1034', '1049', '1050', '1055', '1056'], '1063': ['1063', '1057', '1071', '1066', '1067'], '1060': ['1060', '1105', '1106', '1107', '1058', '1059', '1108'], '1061': ['1061', '1062', '1075', '1073', '1074', '1076'], '1072': ['1072'], '1033': ['1033', '1153', '1154', '1155', '1152', '1093', '1094', '1151', '1149', '1037'], '1101': ['1101', '1102', '1098', '1099', '1100'], '1109': ['1109', '1110', '1039', '1097', '1112', '1111', '1035'], '1103': ['1103', '1104', '1030', '1046', '1047'], '1113': ['1113', '1114'], '1068': ['1068'], '1069': ['1069', '1064', '1065', '1070', '1031'], '1043': ['1043', '1121', '1122', '1123', '1045'], '1036': ['1036'], '1092': ['1092'], '1150': ['1150'], '1144': ['1144'], '1115': ['1115', '1117', '1118', '1116', '1119'], '1077': ['1077']})"
26,"defaultdict(<class 'list'>, {'1040': ['1040', '1080', '1081', '1082', '1078', '1079', '1095', '1083'], '1084': ['1084', '1042', '1085', '1086', '1089', '1044', '1087', '1090', '1091'], '1096': ['1096', '1136', '1135', '1137', '1140', '1138', '1088', '1142', '1141', '1143', '1139'], '1041': ['1041', '1126', '1125', '1127', '1124', '1129', '1122', '1123', '1045', '1043', '1121', '1134'], '1128': ['1128', '1131', '1132', '1133'], '1032': ['1032', '1063', '1066', '1068', '1067'], '1052': ['1052', '1051', '1053', '1049', '1050', '1038', '1048', '1034'], '1160': ['1160', '1147', '1161', '1145', '1146'], '1055': ['1055'], '1057': ['1057', '1060', '1071', '1061', '1105', '1106', '1107', '1058', '1059'], '1148': ['1148', '1158', '1157', '1159', '1156', '1033', '1153', '1154', '1155', '1152', '1109'], '1056': ['1056'], '1072': ['1072', '1075', '1076', '1073', '1074'], '1162': ['1162'], '1101': ['1101'], '1102': ['1102', '1039', '1097', '1098', '1099', '1035', '1112', '1100', '1111'], '1103': ['1103', '1104'], '1113': ['1113', '1114', '1115'], '1108': ['1108'], '1110': ['1110', '1030', '1046', '1069', '1047', '1070', '1064', '1065', '1031'], '1054': ['1054', '1062'], '1036': ['1036', '1092', '1150', '1151', '1149'], '1093': ['1093', '1094', '1144', '1037'], '1077': ['1077'], '1117': ['1117', '1118', '1116', '1119', '1120'], '1130': ['1130']})"
26,"defaultdict(<class 'list'>, {'1040': ['1040'], '1080': ['1080', '1079', '1077', '1076', '1078'], '1081': ['1081', '1082', '1084', '1042', '1083'], '1095': ['1095'], '1096': ['1096', '1138', '1135', '1137', '1139', '1136', '1140', '1088', '1142', '1141', '1143'], '1041': ['1041', '1126', '1125', '1127', '1124', '1129', '1122', '1123', '1045', '1043', '1121', '1134'], '1128': ['1128'], '1131': ['1131', '1120', '1132', '1130', '1133'], '1032': ['1032', '1052', '1063', '1053', '1049', '1051', '1038', '1048', '1050', '1034', '1055', '1054'], '1160': ['1160', '1147', '1161', '1162', '1146', '1093', '1094', '1145', '1144', '1037'], '1057': ['1057', '1071', '1072', '1073', '1074', '1060', '1061', '1062'], '1148': ['1148', '1158', '1157', '1159', '1156'], '1066': ['1066', '1068', '1067'], '1056': ['1056', '1030', '1046', '1047', '1075'], '1033': ['1033', '1109', '1153', '1155', '1152'], '1101': ['1101', '1102', '1103', '1100'], '1105': ['1105', '1106', '1107', '1058', '1059', '1113', '1114'], '1154': ['1154', '1150', '1151'], '1108': ['1108', '1115', '1116', '1119'], '1110': ['1110'], '1104': ['1104'], '1039': ['1039', '1097', '1098', '1099', '1035', '1112', '1111', '1117', '1118'], '1069': ['1069', '1064', '1065', '1070', '1031'], '1085': ['1085'], '1086': ['1086', '1089', '1044', '1087', '1090', '1036', '1092', '1091'], '1149': ['1149']})"
26,"defaultdict(<class 'list'>, {'1040': ['1040', '1080', '1081', '1082', '1078'], '1079': ['1079', '1077', '1075', '1076', '1074'], '1095': ['1095'], '1084': ['1084', '1042', '1085', '1086', '1089', '1044', '1087', '1090', '1091'], '1096': ['1096', '1138', '1135', '1137', '1139', '1136', '1140', '1088', '1142', '1141', '1143'], '1041': ['1041', '1126', '1125', '1127', '1043', '1121', '1122', '1123', '1045', '1124', '1131', '1133'], '1128': ['1128', '1129', '1130', '1134'], '1032': ['1032', '1052', '1063', '1053', '1049', '1051', '1038', '1048', '1050', '1034'], '1160': ['1160', '1147', '1161', '1145', '1146', '1162'], '1055': ['1055', '1056'], '1057': ['1057', '1071', '1072', '1073'], '1060': ['1060'], '1148': ['1148', '1158', '1157', '1159', '1156'], '1066': ['1066', '1068', '1067'], '1061': ['1061', '1054', '1062'], '1033': ['1033', '1101', '1109', '1153', '1100', '1154', '1155', '1152'], '1102': ['1102', '1103'], '1105': ['1105', '1106', '1107', '1058', '1059', '1113', '1108'], '1110': ['1110'], '1104': ['1104'], '1114': ['1114', '1030', '1046', '1069', '1064', '1065', '1070', '1031', '1047'], '1039': ['1039', '1097', '1098', '1099', '1035', '1112', '1111', '1117', '1118'], '1083': ['1083'], '1036': ['1036', '1092', '1150', '1093', '1094', '1151', '1149', '1037', '1144'], '1115': ['1115', '1116', '1119', '1120'], '1132': ['1132']})"
26,"defaultdict(<class 'list'>, {'1040': ['1040', '1080', '1081', '1082', '1078', '1079', '1095', '1096', '1083'], '1084': ['1084', '1042', '1085', '1086', '1089', '1044', '1087', '1090', '1091'], '1136': ['1136', '1088', '1141', '1140'], '1138': ['1138'], '1041': ['1041', '1126', '1125', '1127', '1124', '1131', '1043', '1121', '1122', '1123', '1045', '1120'], '1128': ['1128', '1129', '1132', '1130', '1134'], '1032': ['1032', '1160', '1147', '1161', '1145', '1146', '1162'], '1052': ['1052', '1053', '1049', '1050', '1054', '1051', '1055', '1062'], '1063': ['1063'], '1057': ['1057', '1060', '1071', '1061', '1072'], '1148': ['1148', '1158', '1157', '1159', '1153', '1154', '1155', '1156', '1152'], '1066': ['1066', '1038', '1048', '1068', '1034', '1067', '1064', '1065', '1031'], '1056': ['1056', '1077', '1075', '1076', '1074'], '1033': ['1033', '1109', '1105', '1106', '1107', '1058', '1059', '1113'], '1101': ['1101', '1102', '1098', '1099', '1100', '1103', '1039', '1097', '1035'], '1108': ['1108'], '1110': ['1110', '1112', '1111', '1117'], '1104': ['1104', '1030', '1046', '1069', '1047'], '1114': ['1114', '1115', '1118', '1116', '1119'], '1070': ['1070'], '1036': ['1036', '1092', '1150', '1093', '1094', '1151', '1149', '1037', '1144'], '1142': ['1142', '1137', '1139'], '1143': ['1143'], '1073': ['1073'], '1135': ['1135'], '1133': ['1133']})"
26,"defaultdict(<class 'list'>, {'1040': ['1040', '1080', '1079', '1081', '1078', '1095', '1082', '1084', '1042', '1083', '1085', '1136'], '1096': ['1096', '1138', '1135', '1137', '1139'], '1041': ['1041'], '1126': ['1126'], '1125': ['1125'], '1127': ['1127'], '1128': ['1128', '1131', '1132', '1130', '1133', '1129', '1134'], '1032': ['1032', '1160', '1161', '1162'], '1052': ['1052', '1051', '1053', '1049', '1050'], '1063': ['1063', '1066'], '1055': ['1055', '1056'], '1057': ['1057', '1060', '1071', '1061', '1072'], '1147': ['1147', '1036', '1092', '1145', '1146', '1150', '1093', '1094', '1151', '1149', '1037', '1144'], '1148': ['1148', '1158', '1157', '1159', '1153', '1154', '1155', '1156', '1152', '1033', '1109'], '1101': ['1101', '1102', '1103', '1039', '1097', '1098', '1099', '1035', '1100'], '1105': ['1105', '1106', '1108', '1107', '1115', '1113', '1114', '1058', '1059'], '1110': ['1110', '1111', '1064', '1065', '1031', '1112'], '1104': ['1104', '1030', '1046', '1069', '1047', '1070'], '1038': ['1038', '1048', '1068', '1077', '1075', '1076', '1074', '1034', '1067'], '1054': ['1054'], '1086': ['1086', '1087', '1088', '1141', '1143', '1089', '1044', '1090', '1091', '1142'], '1043': ['1043', '1121', '1122', '1123', '1045'], '1124': ['1124'], '1062': ['1062', '1073'], '1117': ['1117', '1118', '1116', '1119', '1120'], '1140': ['1140']})"
26,"defaultdict(<class 'list'>, {'1040': ['1040', '1080', '1079', '1077', '1076', '1078'], '1081': ['1081', '1095', '1082', '1084', '1042', '1083', '1085', '1096'], '1136': ['1136', '1135', '1140'], '1138': ['1138', '1137', '1139'], '1041': ['1041', '1126', '1125', '1127', '1124', '1129', '1122', '1123', '1045', '1043', '1121'], '1128': ['1128', '1131', '1132', '1130', '1133', '1120', '1134'], '1032': ['1032', '1160', '1161', '1162', '1146', '1147', '1148', '1158', '1157', '1159', '1155', '1156'], '1052': ['1052', '1053', '1054', '1051', '1038', '1048', '1068', '1034', '1067', '1049', '1050', '1055'], '1063': ['1063'], '1057': ['1057', '1060', '1071', '1058', '1059', '1105', '1106', '1107'], '1066': ['1066', '1110', '1064', '1065', '1031'], '1056': ['1056'], '1061': ['1061', '1062', '1075', '1073', '1074'], '1072': ['1072', '1030', '1046', '1069', '1047', '1070'], '1033': ['1033', '1101', '1102', '1103', '1104', '1098', '1099', '1100'], '1109': ['1109', '1113'], '1153': ['1153'], '1154': ['1154', '1036', '1150', '1151', '1152'], '1108': ['1108'], '1114': ['1114', '1115', '1118', '1116', '1119'], '1039': ['1039', '1097', '1112', '1035', '1111'], '1086': ['1086', '1087', '1088', '1141', '1143', '1142'], '1089': ['1089', '1149', '1044', '1090', '1091'], '1092': ['1092'], '1093': ['1093', '1094', '1145', '1144', '1037'], '1117': ['1117']})"
26,"defaultdict(<class 'list'>, {'1040': ['1040', '1080', '1079', '1077', '1076', '1078', '1075', '1074'], '1081': ['1081', '1082', '1084', '1042', '1083', '1095', '1096', '1085'], '1136': ['1136'], '1138': ['1138', '1142', '1139'], '1041': ['1041'], '1126': ['1126', '1125', '1127', '1128', '1131', '1132', '1130', '1133', '1129', '1120', '1134', '1124'], '1032': ['1032', '1160', '1161', '1162', '1146', '1063', '1147', '1145'], '1052': ['1052', '1053', '1049', '1050', '1054', '1051', '1055', '1061', '1062'], '1057': ['1057', '1071', '1072', '1073'], '1060': ['1060'], '1148': ['1148', '1158', '1157', '1159', '1156', '1153', '1154', '1155', '1152'], '1066': ['1066', '1038', '1048', '1068', '1067'], '1056': ['1056'], '1033': ['1033', '1109', '1113', '1110', '1111', '1105'], '1101': ['1101', '1102', '1098', '1099', '1100', '1103', '1039', '1097', '1035', '1112'], '1106': ['1106', '1108', '1107', '1058', '1059', '1115', '1116'], '1104': ['1104', '1030', '1046', '1047', '1117', '1118'], '1114': ['1114', '1069', '1064', '1065', '1070', '1031'], '1034': ['1034'], '1086': ['1086', '1089', '1044', '1087', '1090', '1091'], '1043': ['1043', '1121', '1122', '1123', '1045'], '1036': ['1036', '1092', '1150', '1151', '1149'], '1093': ['1093', '1094', '1144', '1037', '1143'], '1088': ['1088', '1141', '1135', '1140'], '1137': ['1137'], '1119': ['1119']})"
26,"defaultdict(<class 'list'>, {'1040': ['1040', '1080', '1081', '1082', '1084', '1042', '1083', '1085', '1078', '1079', '1095', '1136'], '1096': ['1096', '1138', '1135', '1137', '1139'], '1041': ['1041', '1126', '1125', '1127', '1128', '1124', '1131', '1043', '1121', '1122', '1123', '1045'], '1129': ['1129', '1130', '1134'], '1032': ['1032', '1052', '1063', '1053', '1049'], '1160': ['1160'], '1051': ['1051', '1055', '1056', '1075', '1076'], '1057': ['1057', '1060', '1071', '1072', '1061', '1062', '1073', '1074'], '1147': ['1147', '1148', '1158', '1157', '1159', '1156', '1161', '1162'], '1066': ['1066'], '1033': ['1033', '1153', '1154', '1155', '1152'], '1101': ['1101', '1102', '1103', '1104', '1098', '1099', '1100'], '1109': ['1109', '1105', '1106', '1107', '1058', '1059', '1113'], '1108': ['1108', '1115'], '1110': ['1110', '1039', '1097', '1112', '1035', '1111'], '1114': ['1114', '1030', '1046', '1069', '1064', '1065', '1070', '1031', '1047'], '1038': ['1038', '1048', '1054', '1068', '1034'], '1050': ['1050'], '1067': ['1067'], '1086': ['1086', '1089', '1087', '1090', '1091', '1044'], '1036': ['1036', '1092', '1150', '1151', '1149', '1093', '1094', '1144', '1037', '1145', '1146'], '1088': ['1088', '1142', '1141', '1143', '1140'], '1077': ['1077'], '1117': ['1117', '1118', '1116', '1119', '1120'], '1132': ['1132'], '1133': ['1133']})"
26,"defaultdict(<class 'list'>, {'1040': ['1040', '1080', '1079', '1081', '1078', '1095', '1082', '1084', '1042', '1083', '1085', '1136'], '1096': ['1096', '1138', '1135', '1137', '1139'], '1041': ['1041', '1126', '1125', '1043', '1121', '1122', '1123', '1045', '1124', '1127', '1129', '1119'], '1128': ['1128', '1131', '1132', '1130', '1133', '1120', '1134'], '1032': ['1032', '1160', '1147', '1161', '1145', '1146', '1162', '1148', '1158', '1157', '1159', '1156'], '1052': ['1052', '1051', '1053', '1049', '1050', '1038', '1048', '1054', '1034'], '1063': ['1063', '1071', '1066', '1067'], '1055': ['1055', '1056'], '1057': ['1057', '1060', '1061', '1058', '1059', '1105', '1106', '1113', '1107'], '1072': ['1072', '1075', '1076', '1073', '1074'], '1033': ['1033', '1153', '1154', '1036', '1150', '1151', '1152', '1155'], '1101': ['1101', '1108', '1100'], '1109': ['1109'], '1102': ['1102'], '1103': ['1103', '1104'], '1110': ['1110', '1039', '1097', '1098', '1099', '1035', '1112', '1111', '1117'], '1114': ['1114', '1030', '1046', '1069', '1047', '1070', '1064', '1065', '1031'], '1068': ['1068', '1077'], '1086': ['1086', '1087', '1088', '1141', '1143', '1142'], '1089': ['1089', '1092', '1044', '1090', '1091'], '1093': ['1093', '1094', '1144', '1149', '1037'], '1115': ['1115'], '1062': ['1062'], '1118': ['1118'], '1116': ['1116'], '1140': ['1140']})"
26,"defaultdict(<class 'list'>, {'1040': ['1040', '1080', '1081', '1095', '1082', '1084', '1042', '1083', '1085', '1079', '1077', '1078'], '1096': ['1096', '1138', '1135', '1137', '1139'], '1136': ['1136'], '1041': ['1041', '1126', '1125', '1043', '1121', '1122', '1123', '1045', '1124'], '1127': ['1127'], '1128': ['1128', '1129', '1132', '1130', '1134', '1131', '1133'], '1032': ['1032', '1052', '1051', '1053', '1049', '1050', '1063', '1055', '1054'], '1160': ['1160', '1147', '1161', '1162', '1146', '1036', '1092', '1145'], '1057': ['1057', '1060', '1061', '1058', '1059'], '1071': ['1071'], '1148': ['1148', '1158', '1157', '1159', '1156', '1153', '1154', '1155', '1152'], '1066': ['1066'], '1056': ['1056'], '1072': ['1072', '1075', '1076', '1073', '1074'], '1033': ['1033', '1101', '1102', '1039', '1097', '1098', '1099', '1035', '1100'], '1109': ['1109', '1110', '1112', '1111'], '1103': ['1103', '1104', '1030', '1046', '1047'], '1105': ['1105', '1106', '1113', '1107', '1114', '1108', '1115'], '1038': ['1038', '1048', '1068', '1034', '1067'], '1069': ['1069', '1064', '1065', '1070', '1031'], '1086': ['1086', '1089', '1044', '1087', '1090', '1088', '1142', '1141', '1143', '1091'], '1150': ['1150', '1093', '1094', '1151', '1149', '1037'], '1144': ['1144'], '1062': ['1062'], '1117': ['1117', '1118', '1116', '1119', '1120'], '1140': ['1140']})"
26,"defaultdict(<class 'list'>, {'1040': ['1040', '1080', '1079', '1077', '1076', '1078', '1081'], '1095': ['1095'], '1082': ['1082', '1084', '1042', '1083', '1085'], '1096': ['1096', '1138', '1135', '1137', '1139'], '1136': ['1136'], '1041': ['1041', '1126', '1125', '1127', '1124', '1043', '1121', '1122', '1123', '1045'], '1128': ['1128', '1131', '1132', '1130', '1133', '1129', '1120', '1134'], '1032': ['1032', '1052', '1053', '1049', '1050', '1054', '1063', '1051', '1055'], '1160': ['1160', '1161', '1162', '1146'], '1057': ['1057', '1060', '1061', '1105', '1106', '1107', '1058', '1059', '1113'], '1071': ['1071'], '1147': ['1147', '1036', '1092', '1150', '1093', '1094', '1151', '1149', '1037', '1145', '1144', '1091'], '1148': ['1148', '1158', '1157', '1159', '1033', '1153', '1154', '1155', '1152', '1156', '1109'], '1066': ['1066', '1110', '1064', '1065', '1031'], '1056': ['1056', '1104', '1030', '1046', '1047'], '1072': ['1072', '1075', '1073', '1074'], '1101': ['1101', '1102', '1098', '1099', '1100'], '1103': ['1103'], '1108': ['1108', '1115', '1118', '1116', '1119'], '1114': ['1114', '1069', '1070'], '1038': ['1038', '1048', '1068', '1034', '1067'], '1039': ['1039', '1097', '1112', '1035', '1111', '1117'], '1086': ['1086', '1089', '1044', '1087', '1090'], '1088': ['1088', '1142', '1141', '1143'], '1062': ['1062'], '1140': ['1140']})"
26,"defaultdict(<class 'list'>, {'1040': ['1040', '1080', '1081', '1095', '1082', '1084', '1042', '1083', '1085', '1078'], '1079': ['1079', '1077', '1075', '1076', '1074'], '1096': ['1096', '1138', '1135', '1137', '1139'], '1136': ['1136'], '1041': ['1041', '1126', '1125', '1127', '1043', '1121', '1122', '1123', '1045', '1124', '1128', '1132'], '1129': ['1129', '1130', '1134'], '1131': ['1131', '1120', '1133'], '1032': ['1032', '1160', '1161', '1162', '1146', '1063', '1147', '1148', '1158', '1157', '1159', '1156'], '1052': ['1052', '1051', '1055', '1056', '1049', '1050', '1053', '1054'], '1057': ['1057', '1060', '1061', '1105', '1106', '1107', '1058', '1059', '1062'], '1071': ['1071', '1072', '1073'], '1066': ['1066'], '1033': ['1033', '1153', '1154', '1155', '1152', '1109'], '1101': ['1101', '1102', '1098', '1099', '1100'], '1103': ['1103', '1104', '1030', '1046', '1047'], '1113': ['1113'], '1108': ['1108', '1115', '1118', '1116', '1119'], '1110': ['1110', '1039', '1097', '1112', '1035', '1111', '1117'], '1114': ['1114'], '1038': ['1038', '1048', '1068', '1034', '1067'], '1069': ['1069', '1064', '1065', '1070', '1031'], '1086': ['1086', '1087', '1088', '1141', '1143', '1089', '1044', '1090', '1091', '1142'], '1036': ['1036', '1092', '1150', '1151', '1149'], '1093': ['1093', '1094', '1144', '1037'], '1145': ['1145'], '1140': ['1140']})"
26,"defaultdict(<class 'list'>, {'1040': ['1040', '1080', '1079', '1081', '1078', '1077', '1075', '1076', '1074'], '1095': ['1095'], '1082': ['1082', '1084', '1042', '1083', '1085'], '1096': ['1096', '1138', '1135', '1137', '1139'], '1136': ['1136'], '1041': ['1041', '1126', '1125', '1127', '1124'], '1128': ['1128', '1129', '1132', '1130', '1134', '1131', '1133'], '1032': ['1032', '1160', '1161', '1162', '1146', '1147', '1148', '1158', '1157', '1159', '1156', '1145'], '1052': ['1052'], '1063': ['1063'], '1051': ['1051', '1055', '1056', '1049', '1050'], '1057': ['1057', '1060', '1071', '1061', '1105', '1106', '1107', '1058', '1059'], '1053': ['1053', '1054', '1062'], '1066': ['1066', '1110', '1064', '1065'], '1072': ['1072', '1070', '1073'], '1033': ['1033', '1109', '1153', '1155', '1152', '1154'], '1101': ['1101', '1102', '1098', '1099', '1100', '1103', '1108'], '1113': ['1113', '1114', '1115'], '1104': ['1104', '1030', '1046', '1069', '1047', '1031'], '1038': ['1038', '1048', '1068', '1034', '1067'], '1039': ['1039', '1097', '1112', '1035', '1111'], '1086': ['1086', '1089', '1044', '1087', '1090'], '1043': ['1043', '1121', '1122', '1123', '1045'], '1036': ['1036', '1092', '1150', '1151', '1149', '1093', '1094', '1144', '1037', '1091'], '1088': ['1088', '1142', '1141', '1143', '1140'], '1117': ['1117', '1118', '1116', '1119', '1120']})"
26,"defaultdict(<class 'list'>, {'1040': ['1040', '1080', '1079', '1081', '1078'], '1095': ['1095', '1082', '1084', '1083', '1085'], '1096': ['1096', '1138', '1135', '1137', '1139', '1136', '1140'], '1041': ['1041', '1126', '1125', '1127', '1124', '1129', '1043', '1121', '1122', '1123', '1045', '1134'], '1128': ['1128', '1131', '1132', '1133'], '1032': ['1032', '1052', '1063', '1053', '1049', '1160', '1161', '1162', '1146'], '1051': ['1051', '1055', '1050'], '1057': ['1057', '1060', '1061', '1058', '1059', '1071', '1072', '1062', '1073'], '1147': ['1147', '1148', '1158', '1157', '1159', '1156', '1154', '1155', '1033', '1153'], '1066': ['1066', '1067'], '1056': ['1056', '1077', '1075', '1076', '1074'], '1101': ['1101', '1108'], '1109': ['1109', '1105', '1106', '1113', '1107'], '1102': ['1102', '1103', '1104', '1098', '1099', '1039', '1097', '1035'], '1110': ['1110', '1112', '1111', '1117'], '1114': ['1114', '1030', '1046', '1069', '1047', '1070', '1064', '1065', '1031'], '1038': ['1038', '1048', '1054', '1068', '1034'], '1100': ['1100'], '1042': ['1042'], '1086': ['1086', '1087', '1088', '1141', '1143', '1142'], '1089': ['1089', '1149', '1044', '1090', '1091'], '1036': ['1036', '1150', '1151', '1152'], '1092': ['1092'], '1093': ['1093', '1094', '1145', '1144', '1037'], '1115': ['1115', '1118', '1116', '1119', '1120'], '1130': ['1130']})"
26,"defaultdict(<class 'list'>, {'1040': ['1040', '1080', '1081', '1078', '1079', '1095', '1082', '1084', '1042', '1083', '1085'], '1096': ['1096', '1138', '1135', '1137', '1139', '1136', '1140'], '1041': ['1041', '1126', '1125', '1127', '1124', '1129', '1043', '1121', '1122', '1123', '1045', '1119'], '1128': ['1128', '1131', '1132', '1130', '1133'], '1032': ['1032', '1160', '1161', '1162', '1146'], '1052': ['1052', '1053', '1049', '1050', '1054', '1051', '1055', '1062'], '1063': ['1063', '1057', '1060', '1071', '1061'], '1147': ['1147', '1148', '1158', '1157', '1159', '1156', '1153', '1154', '1155', '1151', '1152'], '1066': ['1066', '1038', '1048', '1068', '1034', '1067', '1064', '1065', '1031'], '1056': ['1056'], '1072': ['1072', '1114', '1070'], '1033': ['1033', '1109', '1113', '1110', '1111'], '1101': ['1101', '1102', '1098', '1099', '1100', '1103', '1039', '1097', '1035', '1112'], '1105': ['1105', '1106', '1107', '1058', '1059'], '1108': ['1108'], '1104': ['1104', '1030', '1046', '1047', '1117'], '1069': ['1069'], '1086': ['1086', '1087', '1088', '1141', '1143', '1089', '1044', '1090', '1142'], '1036': ['1036', '1092', '1150', '1093', '1094', '1144', '1149', '1037', '1145'], '1091': ['1091'], '1115': ['1115'], '1077': ['1077', '1075', '1076', '1073', '1074'], '1118': ['1118'], '1116': ['1116'], '1120': ['1120'], '1134': ['1134']})"
26,"defaultdict(<class 'list'>, {'1040': ['1040', '1080', '1079', '1077', '1076', '1078', '1081', '1082', '1083'], '1095': ['1095'], '1084': ['1084', '1042', '1085'], '1096': ['1096', '1138', '1135', '1137', '1139', '1136', '1088', '1142', '1141', '1143', '1140'], '1041': ['1041', '1126', '1125', '1127', '1124'], '1128': ['1128', '1131', '1132', '1130', '1133', '1129', '1120', '1134'], '1032': ['1032', '1160', '1161', '1162', '1146', '1147', '1148', '1158', '1157', '1159', '1156', '1145'], '1052': ['1052'], '1063': ['1063', '1071', '1066', '1067'], '1051': ['1051', '1055', '1056', '1049', '1050'], '1057': ['1057', '1060', '1061', '1105', '1106', '1107', '1058', '1059', '1113'], '1053': ['1053', '1038', '1048', '1054', '1034'], '1072': ['1072', '1075', '1073', '1074'], '1033': ['1033', '1101', '1109', '1153', '1100', '1154', '1155', '1152'], '1102': ['1102', '1103'], '1108': ['1108', '1115', '1116'], '1110': ['1110', '1111', '1064', '1065', '1031'], '1104': ['1104'], '1114': ['1114', '1030', '1046', '1069', '1047', '1070'], '1068': ['1068'], '1039': ['1039', '1097', '1112', '1035', '1117', '1098', '1099', '1118', '1119'], '1086': ['1086', '1089', '1044', '1087', '1090'], '1043': ['1043', '1121', '1122', '1123', '1045'], '1036': ['1036', '1092', '1150', '1093', '1094', '1151', '1149', '1037', '1144'], '1091': ['1091'], '1062': ['1062']})"
26,"defaultdict(<class 'list'>, {'1040': ['1040', '1080', '1079', '1081', '1078'], '1095': ['1095', '1082', '1084', '1042', '1085', '1086', '1087', '1083'], '1096': ['1096', '1136', '1135', '1137', '1140'], '1138': ['1138', '1134'], '1041': ['1041', '1126', '1125', '1127', '1043', '1121', '1122', '1123', '1045', '1124', '1129'], '1128': ['1128', '1131', '1132', '1130', '1133'], '1032': ['1032', '1052', '1063', '1053', '1049', '1051', '1055', '1050', '1054'], '1160': ['1160', '1147', '1161', '1162', '1146'], '1057': ['1057', '1060', '1061', '1058', '1059', '1071', '1072'], '1148': ['1148', '1158', '1157', '1159', '1153', '1154', '1155', '1156', '1152', '1151'], '1066': ['1066'], '1056': ['1056'], '1033': ['1033', '1101', '1102', '1098', '1099', '1100', '1103', '1108', '1107'], '1109': ['1109'], '1105': ['1105', '1113', '1114', '1115'], '1106': ['1106'], '1110': ['1110', '1030', '1046', '1069', '1047', '1070', '1064', '1065', '1031'], '1104': ['1104'], '1038': ['1038', '1048', '1068', '1034', '1067'], '1039': ['1039', '1097', '1112', '1035', '1111'], '1089': ['1089', '1149', '1044', '1090', '1091', '1093', '1094', '1037'], '1036': ['1036', '1092', '1150', '1145', '1144'], '1088': ['1088', '1142', '1141', '1143', '1139'], '1062': ['1062'], '1077': ['1077', '1075', '1076', '1073', '1074'], '1117': ['1117', '1118', '1116', '1119', '1120']})"
26,"defaultdict(<class 'list'>, {'1040': ['1040', '1080', '1079', '1077', '1078'], '1081': ['1081', '1095', '1082', '1084', '1042', '1083', '1085', '1086', '1087'], '1096': ['1096', '1136', '1135', '1137', '1140', '1138', '1088', '1142', '1141', '1143', '1139'], '1041': ['1041', '1126', '1125', '1127', '1043', '1121', '1122', '1123', '1045', '1124'], '1128': ['1128', '1129', '1132', '1130', '1134', '1131', '1120', '1133'], '1032': ['1032', '1063', '1066', '1068', '1067'], '1052': ['1052'], '1160': ['1160', '1161', '1162', '1146', '1147', '1148', '1158', '1157', '1159', '1156', '1092', '1145'], '1051': ['1051', '1055', '1056', '1049', '1050'], '1057': ['1057', '1060', '1061', '1058', '1059'], '1071': ['1071'], '1053': ['1053', '1038', '1048', '1054', '1034', '1062'], '1072': ['1072', '1075', '1076', '1073', '1074'], '1033': ['1033', '1109', '1105', '1113', '1114'], '1101': ['1101'], '1153': ['1153', '1155'], '1102': ['1102', '1103', '1039', '1097', '1098', '1099', '1035', '1112'], '1106': ['1106'], '1154': ['1154', '1036', '1150', '1151', '1152'], '1108': ['1108', '1107', '1115', '1116', '1119'], '1110': ['1110', '1111', '1069', '1064', '1065', '1070', '1031'], '1104': ['1104', '1030', '1046', '1047', '1117'], '1100': ['1100'], '1089': ['1089', '1044', '1090', '1091'], '1093': ['1093', '1094', '1144', '1149', '1037'], '1118': ['1118']})"
26,"defaultdict(<class 'list'>, {'1040': ['1040', '1080', '1079', '1081', '1078', '1095', '1082', '1084', '1042', '1083', '1085', '1138'], '1096': ['1096', '1136', '1135', '1137', '1140'], '1041': ['1041', '1126', '1125', '1043', '1121', '1122', '1123', '1045', '1124', '1127'], '1128': ['1128', '1129', '1132', '1130', '1134', '1131', '1120', '1133'], '1032': ['1032', '1052', '1063', '1053', '1049', '1051', '1038', '1048', '1050', '1034', '1054'], '1160': ['1160', '1147', '1161', '1162', '1146'], '1055': ['1055', '1056', '1030', '1046', '1047'], '1057': ['1057', '1060', '1071', '1061', '1105', '1106', '1107', '1058', '1059'], '1148': ['1148', '1158', '1157', '1159', '1156'], '1066': ['1066', '1067', '1064', '1065', '1031'], '1072': ['1072', '1070', '1073'], '1033': ['1033', '1153', '1154', '1036', '1150', '1151', '1152', '1155'], '1101': ['1101', '1102', '1103', '1108', '1100'], '1109': ['1109', '1113'], '1110': ['1110', '1039', '1097', '1098', '1099', '1035', '1112', '1111', '1117'], '1104': ['1104'], '1114': ['1114', '1115', '1118', '1116', '1119'], '1068': ['1068', '1077', '1075', '1076', '1074'], '1069': ['1069'], '1086': ['1086', '1089', '1044', '1087', '1090'], '1092': ['1092'], '1093': ['1093', '1094', '1144', '1149', '1037'], '1145': ['1145'], '1088': ['1088', '1142', '1141', '1143', '1139'], '1091': ['1091'], '1062': ['1062']})"
26,"defaultdict(<class 'list'>, {'1040': ['1040', '1080', '1079', '1081', '1078', '1095', '1082', '1084', '1042', '1083', '1085', '1096'], '1136': ['1136', '1133'], '1138': ['1138', '1137', '1139'], '1041': ['1041', '1126', '1125', '1127', '1128', '1124', '1122', '1123', '1045', '1043', '1121', '1132'], '1129': ['1129'], '1131': ['1131'], '1032': ['1032', '1160', '1161', '1162', '1146'], '1052': ['1052', '1053'], '1063': ['1063', '1071', '1072'], '1051': ['1051', '1055', '1056', '1049', '1050'], '1057': ['1057', '1060', '1061', '1058', '1059'], '1147': ['1147', '1148', '1158', '1157', '1159', '1156', '1033', '1153', '1154', '1155', '1152', '1109'], '1066': ['1066', '1038', '1048', '1068', '1034', '1067'], '1101': ['1101', '1102', '1098', '1099', '1100'], '1103': ['1103', '1104', '1117'], '1105': ['1105', '1106', '1113', '1108', '1107'], '1110': ['1110', '1039', '1097', '1112', '1035', '1111'], '1114': ['1114', '1030', '1046', '1069', '1064', '1065', '1070', '1031', '1047'], '1054': ['1054', '1062'], '1086': ['1086', '1089', '1044', '1087', '1090'], '1036': ['1036', '1092', '1145', '1144', '1150', '1093', '1094', '1151', '1149', '1037', '1091'], '1088': ['1088', '1142', '1141', '1143', '1140'], '1115': ['1115', '1118', '1116', '1119', '1120'], '1077': ['1077', '1075', '1076', '1073', '1074'], '1135': ['1135', '1134'], '1130': ['1130']})"
26,"defaultdict(<class 'list'>, {'1040': ['1040', '1080', '1079', '1081', '1078', '1095', '1082', '1096', '1083'], '1084': ['1084', '1042', '1085', '1086', '1087'], '1136': ['1136'], '1138': ['1138', '1137', '1139'], '1041': ['1041', '1126', '1125', '1127', '1124', '1129', '1043', '1121', '1122', '1123', '1045', '1119'], '1128': ['1128', '1131', '1132', '1130', '1133'], '1032': ['1032', '1052', '1063', '1053', '1049', '1160', '1161', '1162', '1146'], '1051': ['1051', '1038', '1048', '1050', '1034'], '1055': ['1055', '1056'], '1057': ['1057', '1060', '1071', '1061', '1072'], '1147': ['1147', '1093', '1094', '1145', '1144', '1037'], '1148': ['1148', '1158', '1157', '1159', '1156', '1153', '1154', '1155', '1152'], '1066': ['1066', '1068', '1067'], '1033': ['1033', '1109', '1113', '1110', '1111'], '1101': ['1101', '1102', '1039', '1097', '1098', '1099', '1035', '1112', '1100', '1117', '1103', '1104'], '1105': ['1105', '1106', '1107', '1058', '1059'], '1108': ['1108', '1115', '1116'], '1114': ['1114', '1030', '1046', '1069', '1064', '1065', '1070', '1031', '1047'], '1054': ['1054', '1062'], '1089': ['1089', '1149', '1044', '1090', '1091'], '1036': ['1036', '1092', '1150', '1151'], '1088': ['1088', '1142', '1141', '1143', '1140'], '1077': ['1077', '1075', '1076', '1073', '1074'], '1118': ['1118'], '1135': ['1135', '1134'], '1120': ['1120']})"
26,"defaultdict(<class 'list'>, {'1040': ['1040', '1080', '1081', '1082', '1078', '1095', '1083'], '1079': ['1079', '1077', '1075', '1076', '1074'], '1084': ['1084', '1042', '1085', '1086', '1089', '1044', '1087', '1090', '1091'], '1096': ['1096', '1138', '1135', '1137', '1139', '1136', '1140'], '1041': ['1041', '1126', '1125', '1127', '1043', '1121', '1122', '1123', '1045', '1124'], '1128': ['1128', '1131', '1132', '1130', '1133', '1129', '1134'], '1032': ['1032', '1052', '1063', '1053', '1049', '1160', '1161', '1162', '1146'], '1051': ['1051', '1055', '1056', '1046', '1047'], '1057': ['1057', '1060', '1061', '1105', '1106', '1107', '1058', '1059', '1062'], '1071': ['1071', '1072', '1073'], '1147': ['1147', '1148', '1158', '1157', '1159', '1033', '1153', '1155', '1156'], '1066': ['1066', '1030', '1069', '1064', '1065', '1070', '1031'], '1101': ['1101', '1102', '1103', '1039', '1097', '1098', '1099', '1035', '1100', '1104'], '1109': ['1109'], '1113': ['1113'], '1154': ['1154', '1036', '1150', '1151', '1152', '1092', '1093', '1094', '1144', '1149', '1037', '1145'], '1108': ['1108'], '1110': ['1110'], '1114': ['1114'], '1038': ['1038', '1048', '1068', '1034', '1067', '1054'], '1050': ['1050'], '1112': ['1112'], '1111': ['1111'], '1088': ['1088', '1142', '1141', '1143'], '1115': ['1115'], '1117': ['1117', '1118', '1116', '1119', '1120']})"
26,"defaultdict(<class 'list'>, {'1040': ['1040', '1080', '1081', '1082', '1084', '1042', '1083', '1085', '1078', '1095'], '1079': ['1079', '1038', '1048', '1068', '1034', '1067', '1077', '1076'], '1096': ['1096', '1136', '1135', '1137', '1140', '1138', '1088', '1142', '1141', '1143', '1139'], '1041': ['1041'], '1126': ['1126', '1125', '1127', '1043', '1121', '1122', '1123', '1045', '1124'], '1128': ['1128', '1131', '1132', '1130', '1133', '1129', '1134'], '1032': ['1032', '1052', '1053', '1049', '1050', '1054', '1063', '1051', '1055'], '1160': ['1160'], '1057': ['1057', '1060', '1071', '1058', '1059'], '1147': ['1147', '1036', '1092', '1145', '1146', '1150', '1093', '1094', '1151', '1149', '1037', '1144'], '1148': ['1148', '1158', '1157', '1159', '1156', '1153', '1154', '1155', '1152'], '1161': ['1161'], '1066': ['1066'], '1056': ['1056'], '1061': ['1061', '1062', '1075', '1073', '1074'], '1072': ['1072'], '1162': ['1162'], '1033': ['1033', '1101', '1098', '1099', '1100'], '1109': ['1109', '1105', '1106', '1113', '1107'], '1102': ['1102', '1103', '1104', '1117', '1118'], '1108': ['1108'], '1110': ['1110'], '1114': ['1114', '1030', '1046', '1069', '1064', '1065', '1070', '1031', '1047'], '1039': ['1039', '1097', '1112', '1035', '1111'], '1086': ['1086', '1089', '1044', '1087', '1090', '1091'], '1115': ['1115', '1116', '1119', '1120']})"
26,"defaultdict(<class 'list'>, {'1040': ['1040', '1080', '1079', '1038', '1048', '1068', '1034', '1067', '1077', '1076', '1078', '1081'], '1095': ['1095', '1082', '1084', '1042', '1083', '1085', '1096'], '1136': ['1136', '1141', '1140'], '1138': ['1138'], '1041': ['1041', '1126', '1125', '1043', '1121', '1122', '1123', '1045', '1124', '1127'], '1128': ['1128', '1131', '1132', '1130', '1133', '1129', '1120', '1134'], '1032': ['1032', '1052', '1063', '1053', '1049', '1160', '1146'], '1051': ['1051', '1055', '1056', '1050'], '1057': ['1057', '1060', '1061', '1105', '1106', '1107', '1058', '1059', '1113'], '1071': ['1071'], '1147': ['1147', '1148', '1158', '1157', '1159', '1156', '1161', '1033', '1153', '1154', '1155', '1152'], '1066': ['1066'], '1072': ['1072', '1075', '1073', '1074'], '1162': ['1162'], '1101': ['1101', '1102', '1103', '1039', '1097', '1098', '1099', '1035', '1100'], '1109': ['1109', '1110'], '1108': ['1108', '1115', '1116'], '1104': ['1104'], '1114': ['1114', '1030', '1046', '1069', '1064', '1065', '1070', '1031', '1047'], '1054': ['1054', '1062'], '1112': ['1112', '1111', '1117', '1118', '1119'], '1086': ['1086', '1089', '1044', '1087', '1090', '1088', '1142', '1091'], '1036': ['1036', '1092', '1150', '1151', '1149', '1093', '1094', '1144', '1037', '1143', '1145'], '1135': ['1135'], '1137': ['1137'], '1139': ['1139']})"
26,"defaultdict(<class 'list'>, {'1040': ['1040', '1080', '1079', '1081', '1078', '1095', '1082', '1084', '1042', '1083', '1085', '1096'], '1136': ['1136', '1135', '1140'], '1138': ['1138', '1134'], '1041': ['1041', '1126', '1125', '1127', '1124', '1128', '1131', '1132', '1130', '1133', '1129', '1120'], '1032': ['1032', '1063', '1160', '1161', '1162'], '1052': ['1052', '1051', '1053', '1049', '1050', '1055', '1054', '1062'], '1057': ['1057', '1060', '1061', '1105', '1106', '1107', '1058', '1059', '1108'], '1071': ['1071'], '1147': ['1147', '1036', '1092', '1145', '1146'], '1148': ['1148', '1158', '1157', '1159', '1156', '1153', '1154', '1155', '1151', '1152', '1150'], '1066': ['1066', '1038', '1048', '1068', '1034', '1067'], '1056': ['1056'], '1072': ['1072'], '1033': ['1033', '1109', '1110', '1064', '1065'], '1101': ['1101', '1102', '1098', '1099', '1100', '1103', '1039', '1097', '1035'], '1113': ['1113'], '1104': ['1104', '1112', '1111', '1117'], '1114': ['1114', '1115', '1118', '1116', '1119'], '1030': ['1030', '1046', '1069', '1047', '1070'], '1031': ['1031'], '1086': ['1086', '1089', '1044', '1087', '1090'], '1043': ['1043', '1121', '1122', '1123', '1045'], '1093': ['1093', '1094', '1144', '1149', '1037', '1091'], '1088': ['1088', '1142', '1141', '1143', '1139'], '1077': ['1077', '1075', '1076', '1073', '1074'], '1137': ['1137']})"
26,"defaultdict(<class 'list'>, {'1040': ['1040', '1080', '1081', '1082', '1083'], '1079': ['1079', '1077', '1075', '1076', '1074', '1078'], '1095': ['1095'], '1084': ['1084', '1042', '1085', '1086', '1089', '1044', '1087', '1090', '1091', '1088'], '1096': ['1096', '1138', '1135', '1137', '1139'], '1136': ['1136', '1141', '1140'], '1041': ['1041', '1126', '1125', '1127', '1124'], '1128': ['1128', '1129', '1132', '1130', '1134'], '1131': ['1131', '1133'], '1032': ['1032', '1063', '1160', '1147', '1148', '1158', '1157', '1159', '1156', '1161', '1162', '1146'], '1052': ['1052', '1053', '1049', '1050', '1054', '1051', '1055', '1062'], '1057': ['1057', '1060', '1061', '1058', '1059'], '1071': ['1071', '1072', '1073'], '1066': ['1066', '1038', '1048', '1068', '1034', '1067'], '1056': ['1056'], '1033': ['1033', '1153', '1154', '1155', '1152'], '1101': ['1101', '1102', '1098', '1099', '1100', '1103', '1108'], '1109': ['1109'], '1105': ['1105', '1106', '1113', '1107', '1114'], '1110': ['1110', '1111', '1064', '1065', '1031', '1039', '1097', '1112', '1035'], '1104': ['1104', '1030', '1046', '1069', '1047', '1070'], '1043': ['1043', '1121', '1122', '1123', '1045'], '1036': ['1036', '1092', '1150', '1093', '1094', '1144', '1149', '1037', '1151', '1145', '1143'], '1142': ['1142'], '1115': ['1115', '1118', '1116', '1119', '1120'], '1117': ['1117']})"
26,"defaultdict(<class 'list'>, {'1040': ['1040', '1080', '1081', '1082', '1078', '1079', '1084', '1042', '1083', '1095'], '1096': ['1096', '1138', '1135', '1137', '1139', '1136', '1088', '1142', '1141', '1143', '1140'], '1041': ['1041'], '1126': ['1126', '1125', '1127', '1128', '1124'], '1129': ['1129', '1131', '1120', '1130', '1134'], '1032': ['1032', '1160', '1147', '1161', '1145', '1146', '1148', '1158', '1157', '1159', '1156', '1162'], '1052': ['1052', '1053', '1049', '1050', '1054', '1051', '1055', '1062'], '1063': ['1063', '1071', '1072'], '1057': ['1057', '1060', '1061', '1105', '1106', '1107', '1058', '1059', '1113'], '1066': ['1066'], '1056': ['1056', '1077', '1075', '1076', '1074'], '1033': ['1033', '1153', '1154', '1155', '1152'], '1101': ['1101', '1102', '1098', '1099', '1100', '1103', '1039', '1097', '1035'], '1109': ['1109'], '1108': ['1108', '1114', '1115'], '1110': ['1110', '1111', '1064', '1065', '1031'], '1104': ['1104'], '1038': ['1038', '1048', '1068', '1034', '1067'], '1112': ['1112', '1117', '1118', '1116', '1119'], '1030': ['1030', '1046', '1069', '1047', '1070'], '1085': ['1085', '1086', '1089', '1044', '1087', '1090', '1091'], '1043': ['1043', '1121', '1122', '1123', '1045'], '1036': ['1036', '1092', '1150', '1093', '1094', '1151', '1149', '1037', '1144'], '1073': ['1073'], '1132': ['1132'], '1133': ['1133']})"
26,"defaultdict(<class 'list'>, {'1040': ['1040', '1080', '1079', '1081', '1078', '1095', '1082', '1084', '1042', '1083', '1085', '1077'], '1096': ['1096', '1138', '1135', '1137', '1139'], '1136': ['1136', '1140'], '1041': ['1041'], '1126': ['1126', '1125', '1127', '1043', '1121', '1122', '1123', '1045', '1124'], '1128': ['1128', '1131', '1132', '1130', '1133', '1129', '1120', '1134'], '1032': ['1032', '1052', '1053', '1038', '1048', '1054', '1034', '1049', '1050', '1068'], '1063': ['1063', '1057', '1071', '1072'], '1160': ['1160', '1147', '1161', '1162', '1146'], '1051': ['1051', '1055', '1056', '1046', '1047'], '1060': ['1060'], '1148': ['1148', '1158', '1157', '1159', '1156', '1033', '1153', '1154', '1155', '1152', '1101'], '1066': ['1066', '1067', '1064', '1065', '1031'], '1061': ['1061', '1062', '1075', '1073', '1074'], '1109': ['1109', '1105', '1113', '1110'], '1102': ['1102', '1039', '1097', '1098', '1099', '1035', '1112', '1100', '1111'], '1103': ['1103', '1104', '1117'], '1106': ['1106', '1108', '1107', '1058', '1059'], '1114': ['1114', '1115', '1118', '1116', '1119'], '1030': ['1030', '1069', '1070'], '1086': ['1086', '1089', '1044', '1087', '1090'], '1036': ['1036', '1092', '1150', '1093', '1094', '1151', '1149', '1037', '1144'], '1145': ['1145'], '1088': ['1088', '1142', '1141', '1143'], '1091': ['1091'], '1076': ['1076']})"
26,"defaultdict(<class 'list'>, {'1040': ['1040'], '1080': ['1080', '1079', '1077', '1076', '1078'], '1081': ['1081'], '1095': ['1095', '1082', '1084', '1042', '1083', '1085', '1086', '1089', '1044', '1087', '1090', '1091'], '1096': ['1096', '1138', '1135', '1137', '1139', '1136', '1088', '1142', '1141', '1143', '1140'], '1041': ['1041'], '1126': ['1126', '1125', '1127', '1043', '1121', '1122', '1123', '1045', '1124'], '1128': ['1128', '1129', '1132', '1130', '1134', '1131', '1120', '1133'], '1032': ['1032', '1052', '1063', '1053', '1049', '1051', '1055', '1050', '1054'], '1160': ['1160', '1147', '1161', '1162', '1146'], '1057': ['1057', '1060', '1071', '1072'], '1148': ['1148', '1158', '1157', '1159', '1156', '1033', '1153', '1154', '1155', '1152', '1109'], '1066': ['1066', '1110', '1111', '1064', '1065', '1031'], '1056': ['1056', '1030', '1046', '1069', '1047', '1070'], '1061': ['1061', '1062', '1075', '1073', '1074'], '1101': ['1101', '1102', '1098', '1099', '1100', '1103', '1039', '1097', '1035'], '1105': ['1105', '1106', '1107', '1058', '1059', '1113', '1108', '1114', '1115'], '1104': ['1104', '1117', '1118', '1116', '1119'], '1038': ['1038', '1048', '1068', '1034', '1067'], '1112': ['1112'], '1036': ['1036'], '1092': ['1092'], '1150': ['1150'], '1093': ['1093', '1094', '1151', '1149', '1037'], '1145': ['1145'], '1144': ['1144']})"
26,"defaultdict(<class 'list'>, {'1040': ['1040', '1080', '1079', '1081', '1078'], '1095': ['1095'], '1082': ['1082', '1084', '1042', '1085', '1086', '1087', '1083', '1089', '1044'], '1096': ['1096', '1138', '1135', '1137', '1139'], '1136': ['1136'], '1041': ['1041', '1126', '1125', '1127', '1124', '1131', '1043', '1121', '1122', '1123', '1045', '1133'], '1128': ['1128', '1129', '1130', '1134'], '1032': ['1032', '1063', '1160', '1161', '1162', '1147', '1148', '1158', '1157', '1159', '1156', '1146'], '1052': ['1052', '1051', '1055', '1056', '1049', '1050', '1053', '1038', '1048', '1054', '1034'], '1057': ['1057', '1060', '1061', '1058', '1059', '1105', '1106', '1113', '1107'], '1071': ['1071', '1072', '1073', '1074'], '1066': ['1066', '1068', '1067', '1077', '1076'], '1033': ['1033', '1153', '1154', '1155', '1152'], '1101': ['1101', '1102', '1098', '1099', '1100', '1103', '1039', '1097', '1035'], '1109': ['1109', '1110', '1112', '1111'], '1108': ['1108'], '1104': ['1104', '1030', '1046', '1047'], '1114': ['1114'], '1069': ['1069', '1064', '1065', '1070', '1031'], '1036': ['1036', '1092', '1150', '1093', '1094', '1144', '1149', '1037', '1145', '1151', '1090', '1091'], '1088': ['1088', '1142', '1141', '1143', '1140'], '1115': ['1115'], '1062': ['1062'], '1117': ['1117', '1118', '1116', '1119', '1120'], '1075': ['1075'], '1132': ['1132']})"
26,"defaultdict(<class 'list'>, {'1040': ['1040', '1080', '1079', '1081', '1078', '1095', '1082', '1084', '1042', '1083', '1085', '1096'], '1136': ['1136', '1135', '1140'], '1138': ['1138', '1137', '1139'], '1041': ['1041', '1126', '1125', '1127', '1043', '1121', '1122', '1123', '1045', '1124', '1128', '1132'], '1129': ['1129', '1130', '1134'], '1131': ['1131', '1133'], '1032': ['1032', '1160', '1161', '1162', '1146', '1147', '1148', '1158', '1156', '1157', '1159'], '1052': ['1052', '1051', '1053', '1049', '1050'], '1063': ['1063', '1071', '1072'], '1055': ['1055'], '1057': ['1057', '1060', '1061', '1105', '1106', '1107', '1058', '1059', '1113'], '1066': ['1066'], '1056': ['1056'], '1033': ['1033', '1153', '1154', '1155', '1152'], '1101': ['1101', '1102', '1103', '1108', '1100'], '1109': ['1109', '1110'], '1104': ['1104'], '1114': ['1114', '1030', '1046', '1069', '1064', '1065', '1070', '1031', '1047'], '1038': ['1038', '1048', '1068', '1034', '1067'], '1054': ['1054'], '1039': ['1039', '1097', '1098', '1099', '1035', '1112', '1111', '1117', '1118'], '1086': ['1086', '1089', '1044', '1087', '1090', '1088', '1142', '1091', '1141', '1143'], '1036': ['1036', '1092', '1150', '1093', '1094', '1151', '1149', '1037', '1144', '1145'], '1115': ['1115', '1116', '1119', '1120'], '1062': ['1062'], '1077': ['1077', '1075', '1076', '1073', '1074']})"
27,"defaultdict(<class 'list'>, {'1040': ['1040', '1080', '1081', '1082', '1084', '1042', '1083', '1085', '1078', '1095'], '1079': ['1079', '1038', '1048', '1068', '1034', '1067', '1077', '1076'], '1096': ['1096', '1136', '1135', '1137', '1140', '1138', '1088', '1142', '1141', '1143', '1139'], '1041': ['1041'], '1126': ['1126', '1125', '1127', '1043', '1121', '1122', '1123', '1045', '1124'], '1128': ['1128', '1131', '1132', '1130', '1133', '1129', '1134'], '1032': ['1032', '1052', '1053', '1049', '1050', '1054', '1063', '1051', '1055'], '1160': ['1160'], '1057': ['1057', '1060', '1071', '1058', '1059'], '1147': ['1147', '1036', '1092', '1145', '1146', '1150', '1093', '1094', '1151', '1149', '1037', '1144'], '1148': ['1148', '1158', '1157', '1159', '1156', '1153', '1154', '1155', '1152'], '1161': ['1161'], '1066': ['1066'], '1056': ['1056'], '1061': ['1061', '1062', '1075', '1073', '1074'], '1072': ['1072'], '1162': ['1162'], '1033': ['1033', '1101', '1098', '1099', '1100'], '1109': ['1109', '1105', '1106', '1113', '1107'], '1102': ['1102', '1103', '1104', '1117', '1118'], '1108': ['1108'], '1110': ['1110'], '1114': ['1114', '1030', '1046', '1069', '1064', '1065', '1070', '1031', '1047'], '1039': ['1039', '1097', '1112', '1035', '1111'], '1086': ['1086', '1089', '1044', '1087', '1090'], '1091': ['1091'], '1115': ['1115', '1116', '1119', '1120']})"
27,"defaultdict(<class 'list'>, {'1040': ['1040', '1080', '1079', '1081', '1078', '1095', '1082', '1083'], '1084': ['1084', '1042', '1085', '1086', '1089', '1044', '1087', '1090', '1091'], '1096': ['1096', '1138', '1135', '1137', '1139', '1136', '1088', '1142', '1141', '1143', '1140'], '1041': ['1041'], '1126': ['1126', '1125', '1127', '1043', '1121', '1122', '1123', '1045', '1124'], '1128': ['1128', '1131', '1132', '1130', '1133', '1129', '1134'], '1032': ['1032', '1052', '1063', '1053', '1049', '1051', '1055', '1050', '1054'], '1160': ['1160'], '1057': ['1057', '1060', '1061', '1058', '1059', '1062', '1071'], '1147': ['1147', '1148', '1158', '1157', '1159'], '1161': ['1161'], '1066': ['1066'], '1056': ['1056'], '1072': ['1072'], '1162': ['1162'], '1033': ['1033', '1109', '1110', '1039', '1097', '1112', '1035', '1111'], '1101': ['1101', '1102', '1098', '1099', '1100', '1103', '1108'], '1153': ['1153', '1154', '1155', '1156', '1152'], '1105': ['1105', '1106', '1113', '1107', '1114'], '1104': ['1104', '1030', '1046', '1069', '1064', '1065', '1070', '1031', '1047'], '1038': ['1038', '1048', '1068', '1034', '1067'], '1036': ['1036'], '1092': ['1092', '1150', '1093', '1094', '1144', '1149', '1037', '1145', '1151'], '1115': ['1115'], '1077': ['1077', '1075', '1076', '1073', '1074'], '1117': ['1117', '1118', '1116', '1119', '1120'], '1146': ['1146']})"
27,"defaultdict(<class 'list'>, {'1040': ['1040', '1080', '1081', '1082', '1078', '1079', '1095', '1083'], '1084': ['1084', '1042', '1085', '1086', '1089', '1044', '1087', '1090', '1091'], '1096': ['1096', '1136', '1135', '1137', '1140', '1138', '1088', '1142', '1141', '1143', '1139'], '1041': ['1041', '1126', '1125', '1127', '1124', '1129', '1122', '1123', '1045', '1043', '1121', '1134'], '1128': ['1128', '1131', '1132', '1133'], '1032': ['1032', '1063', '1066', '1068', '1067'], '1052': ['1052', '1051', '1053', '1049', '1050', '1038', '1048', '1034'], '1160': ['1160', '1147', '1161', '1145', '1146'], '1055': ['1055'], '1057': ['1057', '1060', '1071', '1061', '1105', '1106', '1107', '1058', '1059'], '1148': ['1148', '1158', '1157', '1159', '1156', '1033', '1153', '1154', '1155', '1152', '1109'], '1056': ['1056'], '1072': ['1072', '1075', '1076', '1073', '1074'], '1162': ['1162'], '1101': ['1101'], '1102': ['1102', '1039', '1097', '1098', '1099', '1035', '1112', '1100', '1111'], '1103': ['1103', '1104'], '1113': ['1113', '1114', '1115'], '1108': ['1108'], '1110': ['1110', '1030', '1046', '1069', '1047', '1070', '1064', '1065', '1031'], '1054': ['1054'], '1036': ['1036', '1092', '1150', '1151', '1149'], '1093': ['1093', '1094', '1144', '1037'], '1062': ['1062'], '1077': ['1077'], '1117': ['1117', '1118', '1116', '1119', '1120'], '1130': ['1130']})"
27,"defaultdict(<class 'list'>, {'1040': ['1040', '1080', '1079', '1081', '1078', '1095', '1082', '1096', '1083'], '1084': ['1084', '1042', '1085', '1086', '1087'], '1136': ['1136'], '1138': ['1138', '1137', '1139'], '1041': ['1041', '1126', '1125', '1127', '1124', '1129', '1043', '1121', '1122', '1123', '1045', '1119'], '1128': ['1128', '1131', '1132', '1130', '1133'], '1032': ['1032', '1052', '1063', '1053', '1049', '1160', '1161', '1162', '1146'], '1051': ['1051', '1038', '1048', '1050', '1034'], '1055': ['1055', '1056'], '1057': ['1057', '1060', '1071', '1061', '1072'], '1147': ['1147', '1093', '1094', '1145', '1144', '1037'], '1148': ['1148', '1158', '1157', '1159', '1156', '1153', '1154', '1155', '1152'], '1066': ['1066', '1068', '1067'], '1033': ['1033', '1109', '1113', '1110', '1111'], '1101': ['1101', '1102', '1039', '1097', '1098', '1099', '1035', '1112', '1100', '1117', '1103', '1104'], '1105': ['1105', '1106', '1107', '1058', '1059'], '1108': ['1108', '1115', '1116'], '1114': ['1114', '1030', '1046', '1069', '1064', '1065', '1070', '1031', '1047'], '1054': ['1054'], '1089': ['1089', '1149', '1044', '1090', '1091'], '1036': ['1036', '1092', '1150', '1151'], '1088': ['1088', '1142', '1141', '1143', '1140'], '1062': ['1062'], '1077': ['1077', '1075', '1076', '1073', '1074'], '1118': ['1118'], '1135': ['1135', '1134'], '1120': ['1120']})"
27,"defaultdict(<class 'list'>, {'1040': ['1040', '1080', '1079', '1081', '1078'], '1095': ['1095', '1082', '1084', '1042', '1083', '1085', '1086', '1089', '1087', '1090', '1091', '1044'], '1096': ['1096'], '1136': ['1136'], '1138': ['1138'], '1041': ['1041', '1126', '1125', '1127', '1043', '1121', '1122', '1123', '1045', '1124', '1128', '1132'], '1129': ['1129', '1131', '1120', '1130', '1134'], '1032': ['1032', '1160', '1147', '1148', '1158', '1157', '1159', '1161', '1162', '1155', '1156', '1146'], '1052': ['1052', '1053', '1049', '1050', '1054', '1051', '1055', '1062'], '1063': ['1063'], '1057': ['1057', '1060', '1061', '1058', '1059', '1071', '1106'], '1066': ['1066', '1038', '1048', '1068', '1034', '1067', '1077', '1076'], '1056': ['1056'], '1072': ['1072', '1075', '1073', '1074'], '1033': ['1033', '1109', '1105', '1113'], '1101': ['1101', '1102', '1103', '1100'], '1153': ['1153'], '1154': ['1154', '1036', '1092', '1150', '1093', '1094', '1151', '1149', '1037', '1144', '1145', '1152'], '1108': ['1108', '1107', '1115', '1116', '1119'], '1110': ['1110'], '1104': ['1104'], '1114': ['1114', '1030', '1046', '1069', '1047', '1070', '1064', '1065', '1031'], '1039': ['1039', '1097', '1098', '1099', '1035', '1112', '1111', '1117', '1118'], '1088': ['1088', '1142', '1141', '1143', '1139'], '1135': ['1135'], '1137': ['1137', '1133'], '1140': ['1140']})"
27,"defaultdict(<class 'list'>, {'1040': ['1040', '1080', '1079', '1081', '1078'], '1095': ['1095'], '1082': ['1082'], '1084': ['1084', '1042', '1085', '1086', '1089', '1044', '1087', '1090', '1091'], '1096': ['1096', '1136', '1135', '1137', '1140', '1138', '1088', '1142', '1141', '1143', '1139'], '1041': ['1041', '1126', '1125', '1127', '1128', '1124', '1043', '1121', '1122', '1123', '1045', '1132'], '1129': ['1129', '1131', '1120', '1130', '1134'], '1032': ['1032', '1160', '1161', '1162', '1146'], '1052': ['1052', '1053', '1049', '1050', '1054', '1051', '1055', '1061', '1062'], '1063': ['1063', '1066', '1038', '1048', '1068', '1034', '1067'], '1057': ['1057', '1060', '1071', '1072'], '1147': ['1147', '1148', '1158', '1157', '1159', '1153', '1154', '1155', '1156', '1152'], '1056': ['1056'], '1033': ['1033', '1101', '1102', '1103', '1100'], '1109': ['1109', '1110', '1064', '1065', '1031'], '1105': ['1105', '1106', '1113', '1058', '1059'], '1108': ['1108', '1107', '1115', '1116', '1119'], '1104': ['1104'], '1114': ['1114'], '1039': ['1039', '1097', '1098', '1099', '1035', '1112', '1111', '1117', '1118'], '1030': ['1030', '1046', '1069', '1047', '1070'], '1083': ['1083'], '1036': ['1036', '1092', '1150', '1145'], '1093': ['1093', '1094', '1151', '1149', '1037'], '1144': ['1144'], '1077': ['1077', '1075', '1076', '1073', '1074'], '1133': ['1133']})"
27,"defaultdict(<class 'list'>, {'1040': ['1040', '1080', '1079', '1081', '1078', '1095', '1082', '1084', '1042', '1083', '1085', '1136'], '1096': ['1096', '1138', '1135', '1137', '1139'], '1041': ['1041', '1126', '1125', '1043', '1121', '1122', '1123', '1045', '1124', '1127', '1129', '1119'], '1128': ['1128', '1131', '1132', '1130', '1133', '1120', '1134'], '1032': ['1032', '1160', '1147', '1161', '1145', '1146', '1162', '1148', '1158', '1157', '1159', '1156'], '1052': ['1052', '1051', '1053', '1049', '1050', '1038', '1048', '1054', '1034'], '1063': ['1063', '1071', '1066', '1067'], '1055': ['1055', '1056'], '1057': ['1057', '1060', '1061', '1058', '1059', '1105', '1106', '1113', '1107'], '1072': ['1072', '1075', '1076', '1073', '1074'], '1033': ['1033', '1153', '1154', '1036', '1150', '1151', '1152', '1155'], '1101': ['1101', '1108', '1100'], '1109': ['1109'], '1102': ['1102'], '1103': ['1103', '1104'], '1110': ['1110', '1039', '1097', '1098', '1099', '1035', '1112', '1111', '1117'], '1114': ['1114', '1030', '1046', '1069', '1047', '1070', '1064', '1065', '1031'], '1068': ['1068'], '1086': ['1086', '1087', '1088', '1141', '1143', '1142'], '1089': ['1089', '1092', '1044', '1090', '1091'], '1093': ['1093', '1094', '1144', '1149', '1037'], '1115': ['1115'], '1062': ['1062'], '1077': ['1077'], '1118': ['1118'], '1116': ['1116'], '1140': ['1140']})"
27,"defaultdict(<class 'list'>, {'1040': ['1040', '1080', '1079', '1081', '1078', '1095', '1082', '1084', '1042', '1083', '1085', '1086'], '1096': ['1096', '1138', '1135', '1137', '1139', '1136', '1088', '1142', '1141', '1143', '1140'], '1041': ['1041', '1126', '1125', '1127', '1124'], '1128': ['1128', '1131', '1132', '1130', '1133'], '1129': ['1129'], '1032': ['1032', '1160', '1161', '1162'], '1052': ['1052', '1053', '1049', '1050', '1054'], '1063': ['1063', '1066', '1038', '1048', '1068', '1034', '1067'], '1051': ['1051'], '1055': ['1055'], '1057': ['1057', '1060', '1071', '1061', '1072', '1062', '1073'], '1147': ['1147', '1036', '1092', '1145', '1146'], '1148': ['1148', '1158', '1157', '1159', '1033', '1153', '1154', '1155', '1151', '1152', '1156'], '1056': ['1056', '1077', '1075', '1076', '1074'], '1101': ['1101', '1102', '1098', '1099', '1100', '1103', '1039', '1097', '1035'], '1109': ['1109'], '1105': ['1105', '1106', '1107', '1058', '1059', '1113', '1108', '1114', '1115'], '1110': ['1110', '1111', '1064', '1065', '1031'], '1104': ['1104'], '1112': ['1112'], '1030': ['1030', '1046', '1069', '1047', '1070'], '1089': ['1089', '1044', '1087', '1090', '1091'], '1043': ['1043', '1121', '1122', '1123', '1045'], '1150': ['1150'], '1093': ['1093', '1094', '1144', '1149', '1037'], '1117': ['1117', '1118', '1116', '1119', '1120'], '1134': ['1134']})"
27,"defaultdict(<class 'list'>, {'1040': ['1040'], '1080': ['1080', '1079', '1077', '1076', '1078'], '1081': ['1081', '1082', '1084', '1042', '1083'], '1095': ['1095'], '1096': ['1096', '1138', '1135', '1137', '1139', '1136', '1140'], '1041': ['1041', '1126', '1125', '1127', '1124', '1129', '1122', '1123', '1045', '1043', '1121', '1134'], '1128': ['1128'], '1131': ['1131', '1120', '1132', '1130', '1133'], '1032': ['1032', '1052', '1063', '1053', '1049', '1051', '1038', '1048', '1050', '1034', '1055', '1054'], '1160': ['1160', '1147', '1161', '1162', '1146', '1093', '1094', '1145', '1144', '1037'], '1057': ['1057', '1071', '1072', '1073', '1074', '1060', '1061', '1062'], '1148': ['1148', '1158', '1157', '1159', '1156'], '1066': ['1066', '1068', '1067'], '1056': ['1056', '1030', '1046', '1047', '1075'], '1033': ['1033', '1109', '1153', '1155', '1152'], '1101': ['1101', '1102', '1103', '1100'], '1105': ['1105', '1106', '1107', '1058', '1059', '1113', '1114'], '1154': ['1154', '1150', '1151'], '1108': ['1108', '1115', '1116', '1119'], '1110': ['1110'], '1104': ['1104'], '1039': ['1039', '1097', '1098', '1099', '1035', '1112', '1111', '1117', '1118'], '1069': ['1069', '1064', '1065', '1070', '1031'], '1085': ['1085'], '1086': ['1086', '1089', '1044', '1087', '1090', '1036', '1092', '1091'], '1149': ['1149'], '1088': ['1088', '1142', '1141', '1143']})"
27,"defaultdict(<class 'list'>, {'1040': ['1040', '1080', '1079', '1081', '1078', '1095', '1082', '1084', '1042', '1083', '1085', '1096'], '1136': ['1136', '1133'], '1138': ['1138', '1137', '1139'], '1041': ['1041', '1126', '1125', '1127', '1128', '1124', '1122', '1123', '1045', '1043', '1121', '1132'], '1129': ['1129'], '1131': ['1131'], '1032': ['1032', '1160', '1161', '1162', '1146'], '1052': ['1052', '1053'], '1063': ['1063', '1071', '1072'], '1051': ['1051', '1055', '1056', '1049', '1050'], '1057': ['1057', '1060', '1061', '1058', '1059'], '1147': ['1147', '1148', '1158', '1157', '1159', '1156', '1033', '1153', '1154', '1155', '1152', '1109'], '1066': ['1066', '1038', '1048', '1068', '1034', '1067'], '1101': ['1101', '1102', '1098', '1099', '1100'], '1103': ['1103', '1104', '1117'], '1105': ['1105', '1106', '1113', '1108', '1107'], '1110': ['1110'], '1114': ['1114', '1030', '1046', '1069', '1064', '1065', '1070', '1031', '1047'], '1054': ['1054', '1062'], '1039': ['1039', '1097', '1112', '1035', '1111'], '1086': ['1086', '1089', '1044', '1087', '1090'], '1036': ['1036', '1092', '1145', '1144', '1150', '1093', '1094', '1151', '1149', '1037', '1091'], '1088': ['1088', '1142', '1141', '1143', '1140'], '1115': ['1115', '1118', '1116', '1119', '1120'], '1077': ['1077', '1075', '1076', '1073', '1074'], '1135': ['1135', '1134'], '1130': ['1130']})"
27,"defaultdict(<class 'list'>, {'1040': ['1040', '1080', '1079', '1081', '1078'], '1095': ['1095', '1082', '1084', '1083', '1085', '1042', '1086', '1089', '1044', '1087', '1090', '1091'], '1096': ['1096', '1138', '1135', '1137', '1139', '1136', '1088', '1142', '1141', '1143', '1140'], '1041': ['1041', '1126', '1125', '1127', '1124'], '1128': ['1128', '1131', '1132', '1130', '1133', '1129', '1120', '1134'], '1032': ['1032', '1160', '1161', '1162', '1146', '1147', '1148', '1158', '1157', '1159', '1156', '1145'], '1052': ['1052', '1051', '1053', '1038', '1048', '1054', '1034', '1049', '1050', '1055', '1056'], '1063': ['1063', '1057', '1071', '1066', '1067'], '1060': ['1060'], '1061': ['1061', '1062', '1075', '1073', '1074', '1076'], '1072': ['1072'], '1033': ['1033', '1153', '1154', '1155', '1152', '1093', '1094', '1151', '1149', '1037'], '1101': ['1101', '1102', '1098', '1099', '1100'], '1109': ['1109', '1110', '1039', '1097', '1112', '1111', '1035'], '1103': ['1103', '1104', '1030', '1046', '1047'], '1105': ['1105', '1106', '1107', '1058', '1059'], '1113': ['1113', '1114'], '1108': ['1108'], '1068': ['1068'], '1069': ['1069', '1064', '1065', '1070', '1031'], '1043': ['1043', '1121', '1122', '1123', '1045'], '1036': ['1036'], '1092': ['1092'], '1150': ['1150'], '1144': ['1144'], '1115': ['1115', '1117', '1118', '1116', '1119'], '1077': ['1077']})"
27,"defaultdict(<class 'list'>, {'1040': ['1040', '1080', '1081', '1082', '1078', '1095', '1083'], '1079': ['1079', '1077', '1075', '1076', '1074'], '1084': ['1084', '1042', '1085', '1086', '1089', '1044', '1087', '1090', '1091'], '1096': ['1096', '1138', '1135', '1137', '1139', '1136', '1140'], '1041': ['1041'], '1126': ['1126', '1125', '1127', '1043', '1121', '1122', '1123', '1045', '1124'], '1128': ['1128', '1131', '1132', '1130', '1133', '1129', '1134'], '1032': ['1032', '1052', '1063', '1053', '1049', '1160', '1161', '1162', '1146'], '1051': ['1051', '1055', '1056', '1046', '1047'], '1057': ['1057', '1060', '1061', '1105', '1106', '1107', '1058', '1059', '1062'], '1071': ['1071', '1072', '1073'], '1147': ['1147', '1148', '1158', '1157', '1159', '1033', '1153', '1155', '1156'], '1066': ['1066', '1030', '1069', '1064', '1065', '1070', '1031'], '1101': ['1101', '1102', '1103', '1039', '1097', '1098', '1099', '1035', '1100', '1104'], '1109': ['1109'], '1113': ['1113'], '1154': ['1154', '1036', '1150', '1151', '1152', '1092', '1093', '1094', '1144', '1149', '1037', '1145'], '1108': ['1108'], '1110': ['1110'], '1114': ['1114'], '1038': ['1038', '1048', '1068', '1034', '1067', '1054'], '1050': ['1050'], '1112': ['1112'], '1111': ['1111'], '1088': ['1088', '1142', '1141', '1143'], '1115': ['1115'], '1117': ['1117', '1118', '1116', '1119', '1120']})"
27,"defaultdict(<class 'list'>, {'1040': ['1040', '1080', '1079', '1081', '1078', '1095', '1082', '1084', '1042', '1083', '1085', '1136'], '1096': ['1096', '1138', '1135', '1137', '1139'], '1041': ['1041'], '1126': ['1126'], '1125': ['1125'], '1127': ['1127'], '1128': ['1128', '1131', '1132', '1130', '1133', '1129', '1134'], '1032': ['1032', '1160', '1161', '1162'], '1052': ['1052', '1051', '1053', '1049', '1050'], '1063': ['1063', '1066'], '1055': ['1055', '1056'], '1057': ['1057', '1060', '1071', '1061', '1072'], '1147': ['1147', '1036', '1092', '1145', '1146', '1150', '1093', '1094', '1151', '1149', '1037', '1144'], '1148': ['1148', '1158', '1157', '1159', '1153', '1154', '1155', '1156', '1152', '1033', '1109'], '1101': ['1101', '1102', '1103', '1039', '1097', '1098', '1099', '1035', '1100'], '1105': ['1105', '1106', '1108', '1107', '1115', '1113', '1114', '1058', '1059'], '1110': ['1110', '1111', '1064', '1065', '1031', '1112'], '1104': ['1104'], '1038': ['1038', '1048', '1068', '1077', '1075', '1076', '1074', '1034', '1067'], '1054': ['1054'], '1030': ['1030', '1046', '1069', '1047', '1070'], '1086': ['1086', '1087', '1088', '1141', '1143', '1089', '1044', '1090', '1091', '1142'], '1043': ['1043', '1121', '1122', '1123', '1045'], '1124': ['1124'], '1062': ['1062', '1073'], '1117': ['1117', '1118', '1116', '1119', '1120'], '1140': ['1140']})"
27,"defaultdict(<class 'list'>, {'1040': ['1040', '1080', '1081', '1078'], '1079': ['1079', '1077', '1075', '1076', '1074'], '1095': ['1095', '1082', '1084', '1042', '1085', '1086', '1087', '1083', '1089', '1044', '1090', '1091'], '1096': ['1096', '1138', '1135', '1137', '1139', '1136', '1088', '1142', '1141', '1143', '1140'], '1041': ['1041', '1126', '1125', '1127', '1124', '1128', '1131', '1132', '1130', '1133', '1129', '1134'], '1032': ['1032', '1160', '1161', '1162', '1146'], '1052': ['1052', '1053'], '1063': ['1063', '1066', '1038', '1048', '1068', '1034', '1067'], '1051': ['1051', '1055', '1056', '1049', '1050'], '1057': ['1057', '1060', '1061', '1062', '1073', '1071', '1072'], '1147': ['1147'], '1148': ['1148', '1158', '1157', '1159', '1156'], '1033': ['1033', '1153', '1154', '1155', '1152'], '1101': ['1101', '1102', '1098', '1099', '1100'], '1109': ['1109'], '1103': ['1103', '1104', '1030', '1046', '1047'], '1105': ['1105', '1106', '1107', '1058', '1059'], '1113': ['1113'], '1108': ['1108'], '1110': ['1110', '1111', '1064', '1065', '1031'], '1114': ['1114', '1069', '1070'], '1054': ['1054'], '1039': ['1039', '1097', '1112', '1035', '1117'], '1043': ['1043', '1121', '1122', '1123', '1045'], '1036': ['1036', '1092', '1150', '1093', '1094', '1151', '1149', '1037', '1144'], '1145': ['1145'], '1115': ['1115', '1118', '1116', '1119', '1120']})"
27,"defaultdict(<class 'list'>, {'1040': ['1040', '1080', '1081', '1082', '1083'], '1079': ['1079', '1077', '1075', '1076', '1074', '1078'], '1095': ['1095'], '1084': ['1084', '1042', '1085', '1086', '1089', '1044', '1087', '1090', '1091', '1088'], '1096': ['1096', '1138', '1135', '1137', '1139'], '1136': ['1136', '1141', '1140'], '1041': ['1041', '1126', '1125', '1127', '1124'], '1128': ['1128', '1129', '1132', '1130', '1134'], '1131': ['1131', '1133'], '1032': ['1032', '1063', '1160', '1147', '1148', '1158', '1157', '1159', '1156', '1161', '1162', '1146'], '1052': ['1052', '1053', '1049', '1050', '1054', '1051', '1055', '1062'], '1057': ['1057', '1060', '1061', '1058', '1059'], '1071': ['1071', '1072', '1073'], '1066': ['1066'], '1056': ['1056'], '1033': ['1033', '1153', '1154', '1155', '1152'], '1101': ['1101', '1102', '1098', '1099', '1100', '1103', '1108'], '1109': ['1109'], '1105': ['1105', '1106', '1113', '1107', '1114'], '1110': ['1110', '1111', '1064', '1065', '1031', '1039', '1097', '1112', '1035'], '1104': ['1104', '1030', '1046', '1069', '1047', '1070'], '1038': ['1038', '1048', '1068', '1034', '1067'], '1043': ['1043', '1121', '1122', '1123', '1045'], '1036': ['1036', '1092', '1150', '1093', '1094', '1144', '1149', '1037', '1151', '1145', '1143'], '1142': ['1142'], '1115': ['1115', '1118', '1116', '1119', '1120'], '1117': ['1117']})"
27,"defaultdict(<class 'list'>, {'1040': ['1040', '1080', '1081', '1082', '1078', '1095', '1083'], '1079': ['1079', '1077', '1075', '1076', '1074'], '1084': ['1084', '1042', '1085', '1086', '1089', '1044', '1087', '1090', '1091'], '1096': ['1096', '1138', '1135', '1137', '1139', '1136', '1088', '1142', '1141', '1143', '1140'], '1041': ['1041', '1126', '1125', '1127', '1043', '1121', '1122', '1123', '1045', '1124'], '1128': ['1128', '1131', '1132', '1130', '1133', '1129', '1120', '1134'], '1032': ['1032', '1160', '1161', '1162', '1146'], '1052': ['1052', '1053', '1049', '1050', '1054'], '1063': ['1063'], '1051': ['1051', '1055', '1056'], '1057': ['1057', '1060', '1061', '1062', '1073', '1071', '1072'], '1147': ['1147', '1148', '1158', '1157', '1159'], '1066': ['1066', '1067', '1064', '1065', '1031'], '1033': ['1033', '1153', '1154', '1155', '1152'], '1101': ['1101', '1102', '1039', '1097', '1098', '1099', '1035', '1112', '1100', '1111', '1103'], '1109': ['1109', '1105', '1106', '1107', '1058', '1059', '1113'], '1108': ['1108'], '1110': ['1110'], '1104': ['1104', '1030', '1046', '1047', '1117'], '1114': ['1114', '1115', '1118', '1116', '1119'], '1156': ['1156'], '1038': ['1038'], '1048': ['1048'], '1068': ['1068'], '1034': ['1034'], '1069': ['1069', '1070'], '1036': ['1036', '1092', '1150', '1093', '1094', '1151', '1149', '1037', '1144', '1145']})"
27,"defaultdict(<class 'list'>, {'1040': ['1040', '1080', '1079', '1077', '1076', '1078', '1081', '1082', '1083'], '1095': ['1095'], '1084': ['1084', '1042', '1085'], '1096': ['1096', '1138', '1135', '1137', '1139', '1136', '1088', '1142', '1141', '1143', '1140'], '1041': ['1041', '1126', '1125', '1127', '1124'], '1128': ['1128', '1131', '1132', '1130', '1133', '1129', '1120', '1134'], '1032': ['1032', '1160', '1161', '1162', '1146', '1147', '1148', '1158', '1157', '1159', '1156', '1145'], '1052': ['1052'], '1063': ['1063', '1071', '1066', '1067'], '1051': ['1051', '1055', '1056', '1049', '1050'], '1057': ['1057', '1060', '1061', '1105', '1106', '1107', '1058', '1059', '1113'], '1053': ['1053', '1038', '1048', '1054', '1034'], '1072': ['1072', '1075', '1073', '1074'], '1033': ['1033', '1101', '1109', '1153', '1100', '1154', '1155', '1152'], '1102': ['1102'], '1103': ['1103'], '1108': ['1108', '1115', '1116'], '1110': ['1110', '1111', '1064', '1065', '1031'], '1104': ['1104'], '1114': ['1114', '1030', '1046', '1069', '1047', '1070'], '1068': ['1068'], '1039': ['1039', '1097', '1112', '1035', '1117', '1098', '1099', '1118', '1119'], '1086': ['1086', '1089', '1044', '1087', '1090'], '1043': ['1043', '1121', '1122', '1123', '1045'], '1036': ['1036', '1092', '1150', '1093', '1094', '1151', '1149', '1037', '1144'], '1091': ['1091'], '1062': ['1062']})"
27,"defaultdict(<class 'list'>, {'1040': ['1040', '1080', '1079', '1077', '1076', '1078'], '1081': ['1081', '1095', '1082', '1084', '1042', '1083', '1085', '1096'], '1136': ['1136', '1135', '1140'], '1138': ['1138', '1137', '1139'], '1041': ['1041', '1126', '1125', '1127', '1124', '1129', '1122', '1123', '1045', '1043', '1121'], '1128': ['1128', '1131', '1132', '1130', '1133', '1120', '1134'], '1032': ['1032', '1160', '1161', '1162', '1146', '1147', '1148', '1158', '1157', '1159', '1155', '1156'], '1052': ['1052', '1053', '1054', '1051', '1038', '1048', '1068', '1034', '1067', '1049', '1050', '1055'], '1063': ['1063'], '1057': ['1057', '1060', '1071', '1058', '1059', '1105', '1106', '1107'], '1066': ['1066', '1110', '1064', '1065', '1031'], '1056': ['1056'], '1061': ['1061', '1062', '1075', '1073', '1074'], '1072': ['1072'], '1033': ['1033', '1101', '1102', '1103', '1104', '1098', '1099', '1100'], '1109': ['1109', '1113'], '1153': ['1153'], '1154': ['1154', '1036', '1150', '1151', '1152'], '1108': ['1108'], '1114': ['1114', '1115', '1118', '1116', '1119'], '1039': ['1039', '1097', '1112', '1035', '1111'], '1030': ['1030', '1046', '1069', '1047', '1070'], '1086': ['1086', '1087', '1088', '1141', '1143', '1142'], '1089': ['1089', '1149', '1044', '1090', '1091'], '1092': ['1092'], '1093': ['1093', '1094', '1145', '1144', '1037'], '1117': ['1117']})"
27,"defaultdict(<class 'list'>, {'1040': ['1040', '1080', '1079', '1081', '1078', '1095', '1082', '1084', '1042', '1083', '1085', '1096'], '1136': ['1136', '1135', '1140'], '1138': ['1138', '1134'], '1041': ['1041', '1126', '1125', '1127', '1124', '1128', '1131', '1132', '1130', '1133', '1129', '1120'], '1032': ['1032', '1063', '1160', '1161', '1162'], '1052': ['1052', '1051', '1053', '1049', '1050', '1055', '1054', '1062'], '1057': ['1057', '1060', '1061', '1105', '1106', '1107', '1058', '1059', '1108'], '1071': ['1071'], '1147': ['1147', '1036', '1092', '1145', '1146'], '1148': ['1148', '1158', '1157', '1159', '1156', '1153', '1154', '1155', '1151', '1152', '1150'], '1066': ['1066', '1038', '1048', '1068', '1034', '1067'], '1056': ['1056'], '1072': ['1072'], '1033': ['1033', '1109', '1110', '1064', '1065'], '1101': ['1101', '1102', '1098', '1099', '1100', '1103', '1039', '1097', '1035'], '1113': ['1113'], '1104': ['1104', '1112', '1111', '1117'], '1114': ['1114', '1115', '1118', '1116', '1119'], '1030': ['1030', '1046', '1069', '1047', '1070'], '1031': ['1031'], '1086': ['1086', '1089', '1044', '1087', '1090'], '1043': ['1043', '1121', '1122', '1123', '1045'], '1093': ['1093', '1094', '1144', '1149', '1037'], '1088': ['1088', '1142', '1141', '1143', '1139'], '1091': ['1091'], '1077': ['1077', '1075', '1076', '1073', '1074'], '1137': ['1137']})"
27,"defaultdict(<class 'list'>, {'1040': ['1040', '1080', '1079', '1077', '1076', '1078', '1075', '1074'], '1081': ['1081', '1082', '1084', '1042', '1083', '1095', '1096', '1085'], '1136': ['1136'], '1138': ['1138', '1142', '1139'], '1041': ['1041'], '1126': ['1126', '1125', '1127', '1128', '1131', '1132', '1130', '1133', '1129', '1120', '1134', '1124'], '1032': ['1032', '1160', '1161', '1162', '1146', '1063', '1147', '1145'], '1052': ['1052', '1053', '1049', '1050', '1054', '1051', '1055', '1061', '1062'], '1057': ['1057', '1071', '1072', '1073'], '1060': ['1060'], '1148': ['1148', '1158', '1157', '1159', '1156', '1153', '1154', '1155', '1152'], '1066': ['1066', '1038', '1048', '1068', '1067'], '1056': ['1056'], '1033': ['1033', '1109', '1113', '1110', '1111', '1105'], '1101': ['1101', '1102', '1098', '1099', '1100', '1103', '1039', '1097', '1035', '1112'], '1106': ['1106', '1108', '1107', '1058', '1059', '1115', '1116'], '1104': ['1104', '1030', '1046', '1047', '1117', '1118'], '1114': ['1114'], '1034': ['1034'], '1069': ['1069', '1064', '1065', '1070', '1031'], '1086': ['1086', '1089', '1044', '1087', '1090', '1091'], '1043': ['1043', '1121', '1122', '1123', '1045'], '1036': ['1036', '1092', '1150', '1151', '1149'], '1093': ['1093', '1094', '1144', '1037', '1143'], '1088': ['1088', '1141', '1135', '1140'], '1137': ['1137'], '1119': ['1119']})"
27,"defaultdict(<class 'list'>, {'1040': ['1040', '1080', '1079', '1081', '1078', '1095', '1082', '1084', '1042', '1083', '1085', '1096'], '1136': ['1136', '1135', '1140'], '1138': ['1138'], '1041': ['1041', '1126', '1125', '1127', '1124', '1131', '1122', '1123', '1045', '1043', '1121'], '1128': ['1128', '1129', '1132', '1130', '1134'], '1032': ['1032', '1052', '1063', '1053', '1049', '1160', '1161', '1162', '1146'], '1051': ['1051', '1055', '1056', '1050'], '1057': ['1057', '1060', '1071', '1061', '1072'], '1147': ['1147', '1148', '1158', '1157', '1159', '1156', '1145'], '1066': ['1066', '1038', '1048', '1068', '1034', '1067'], '1033': ['1033', '1109', '1153', '1155', '1152', '1101', '1154', '1100'], '1102': ['1102', '1039', '1097', '1098', '1099', '1035', '1112'], '1103': ['1103'], '1105': ['1105', '1106', '1107', '1058', '1059', '1113', '1108', '1114', '1115'], '1110': ['1110', '1111', '1064', '1065', '1031'], '1104': ['1104'], '1054': ['1054', '1062'], '1030': ['1030', '1046', '1069', '1047', '1070'], '1086': ['1086', '1089', '1092', '1044', '1090', '1091', '1036', '1087'], '1150': ['1150'], '1093': ['1093', '1094', '1151', '1149', '1037'], '1144': ['1144'], '1088': ['1088', '1142', '1141', '1143', '1139'], '1077': ['1077', '1075', '1076', '1073', '1074'], '1117': ['1117', '1118', '1116', '1119', '1120'], '1137': ['1137'], '1133': ['1133']})"
27,"defaultdict(<class 'list'>, {'1040': ['1040', '1080', '1081', '1082', '1078'], '1079': ['1079'], '1095': ['1095'], '1084': ['1084', '1042', '1085', '1086', '1089', '1087', '1090', '1091', '1044'], '1096': ['1096', '1136', '1135', '1137', '1140'], '1138': ['1138', '1134'], '1041': ['1041', '1126', '1125', '1127', '1124', '1129', '1043', '1121', '1122', '1123', '1045'], '1128': ['1128', '1131', '1132', '1130', '1133'], '1032': ['1032', '1160', '1161', '1162'], '1052': ['1052', '1053', '1049', '1050', '1054', '1051', '1055'], '1063': ['1063', '1066', '1038', '1048', '1068', '1067', '1034'], '1057': ['1057', '1060', '1061', '1058', '1059', '1105', '1106', '1107', '1062'], '1071': ['1071'], '1147': ['1147', '1145', '1144', '1146', '1036', '1092', '1150', '1093', '1094', '1151', '1149', '1037'], '1148': ['1148', '1158', '1157', '1159', '1033', '1109', '1153', '1154', '1155', '1156', '1152'], '1056': ['1056', '1077', '1075', '1076', '1074'], '1072': ['1072'], '1101': ['1101', '1039', '1097', '1098', '1099', '1035', '1112', '1100', '1111'], '1102': ['1102', '1103', '1104', '1117', '1118'], '1113': ['1113'], '1108': ['1108'], '1110': ['1110'], '1114': ['1114', '1030', '1046', '1069', '1064', '1065', '1070', '1031', '1047'], '1083': ['1083'], '1088': ['1088', '1142', '1141', '1143', '1139'], '1115': ['1115', '1116', '1119', '1120'], '1073': ['1073']})"
27,"defaultdict(<class 'list'>, {'1040': ['1040', '1080', '1081', '1082', '1084', '1042', '1083', '1085', '1078', '1079', '1095', '1136'], '1096': ['1096', '1138', '1135', '1137', '1139'], '1041': ['1041', '1126', '1125', '1127', '1128', '1124', '1131', '1043', '1121', '1122', '1123', '1045'], '1129': ['1129', '1130', '1134'], '1032': ['1032', '1052', '1063', '1053', '1049'], '1160': ['1160'], '1051': ['1051', '1055', '1056', '1075', '1076'], '1057': ['1057', '1060', '1071', '1072'], '1147': ['1147', '1148', '1158', '1157', '1159', '1156', '1161', '1162'], '1066': ['1066'], '1061': ['1061', '1062', '1073', '1074'], '1033': ['1033', '1153', '1154', '1155', '1152'], '1101': ['1101', '1102', '1103', '1104', '1098', '1099', '1100'], '1109': ['1109', '1105', '1106', '1107', '1058', '1059', '1113'], '1108': ['1108', '1115'], '1110': ['1110', '1039', '1097', '1112', '1035', '1111'], '1114': ['1114', '1030', '1046', '1069', '1064', '1065', '1070', '1031', '1047'], '1038': ['1038', '1048', '1054', '1068', '1034'], '1050': ['1050'], '1067': ['1067'], '1086': ['1086', '1089', '1087', '1090', '1091', '1044'], '1036': ['1036', '1092', '1150', '1151', '1149', '1093', '1094', '1144', '1037', '1145', '1146'], '1088': ['1088', '1142', '1141', '1143', '1140'], '1077': ['1077'], '1117': ['1117', '1118', '1116', '1119', '1120'], '1132': ['1132'], '1133': ['1133']})"
27,"defaultdict(<class 'list'>, {'1040': ['1040', '1080', '1081', '1078', '1079', '1095', '1082', '1084', '1042', '1083', '1085'], '1096': ['1096', '1138', '1135', '1137', '1139', '1136', '1140'], '1041': ['1041'], '1126': ['1126', '1125', '1127', '1043', '1121', '1122', '1123', '1045', '1124'], '1128': ['1128', '1131', '1132', '1130', '1133', '1129', '1134'], '1032': ['1032', '1160', '1161', '1162', '1146'], '1052': ['1052', '1053', '1049', '1050', '1054', '1051', '1055', '1062'], '1063': ['1063', '1057', '1060', '1071', '1061'], '1147': ['1147', '1148', '1158', '1157', '1159'], '1066': ['1066'], '1056': ['1056', '1030', '1046', '1069', '1047', '1070', '1064', '1065', '1031'], '1072': ['1072'], '1033': ['1033', '1109', '1110', '1039', '1097', '1098', '1099', '1035', '1112', '1111'], '1101': ['1101', '1102', '1103', '1104', '1100'], '1153': ['1153'], '1105': ['1105', '1106', '1107', '1058', '1059', '1113', '1108', '1114', '1115'], '1154': ['1154'], '1155': ['1155'], '1156': ['1156'], '1038': ['1038', '1048', '1068', '1034', '1067'], '1086': ['1086', '1087', '1088', '1141', '1143', '1089', '1044', '1090', '1142'], '1036': ['1036', '1092', '1150', '1093', '1094', '1151', '1149', '1037', '1144'], '1145': ['1145'], '1091': ['1091'], '1077': ['1077', '1075', '1076', '1073', '1074'], '1117': ['1117', '1118', '1116', '1119', '1120'], '1152': ['1152']})"
27,"defaultdict(<class 'list'>, {'1040': ['1040', '1080', '1079', '1081', '1078'], '1095': ['1095'], '1082': ['1082'], '1084': ['1084', '1042', '1085', '1086', '1089', '1044', '1087', '1090', '1091'], '1096': ['1096', '1138', '1135', '1137', '1139'], '1136': ['1136', '1133'], '1041': ['1041'], '1126': ['1126', '1125', '1127', '1043', '1121', '1122', '1123', '1045', '1124'], '1128': ['1128', '1129', '1132', '1130', '1134'], '1131': ['1131'], '1032': ['1032', '1160', '1161', '1162', '1146', '1147', '1148', '1158', '1156', '1157', '1159'], '1052': ['1052', '1051', '1055', '1056', '1049', '1050', '1053', '1054'], '1063': ['1063', '1057', '1071', '1066'], '1060': ['1060', '1061', '1062'], '1072': ['1072'], '1033': ['1033', '1153', '1154', '1155', '1152', '1109'], '1101': ['1101', '1102', '1098', '1099', '1100'], '1103': ['1103', '1104', '1030', '1046', '1047'], '1105': ['1105', '1106', '1107', '1058', '1059', '1113', '1108', '1114', '1115'], '1110': ['1110', '1039', '1097', '1112', '1035', '1111'], '1038': ['1038', '1048', '1068', '1034', '1067'], '1069': ['1069', '1064', '1065', '1070', '1031'], '1083': ['1083'], '1036': ['1036', '1092', '1150', '1093', '1094', '1151', '1149', '1037', '1144', '1145'], '1088': ['1088', '1142', '1141', '1143', '1140'], '1077': ['1077', '1075', '1076', '1073', '1074'], '1117': ['1117', '1118', '1116', '1119', '1120']})"
27,"defaultdict(<class 'list'>, {'1040': ['1040', '1080', '1038', '1048', '1068', '1034', '1067', '1077', '1078'], '1079': ['1079', '1081', '1095', '1082', '1084', '1042', '1083', '1085'], '1096': ['1096', '1136', '1135', '1137', '1140', '1138', '1088', '1142', '1141', '1143', '1139'], '1041': ['1041', '1126', '1125', '1127', '1124', '1129', '1122', '1123', '1045', '1043', '1121', '1134'], '1128': ['1128', '1131', '1120', '1132', '1133'], '1032': ['1032', '1160', '1161', '1162', '1146'], '1052': ['1052', '1051', '1053', '1049', '1050', '1055', '1054', '1062'], '1063': ['1063', '1057', '1060', '1071', '1061'], '1147': ['1147', '1036', '1092', '1150', '1093', '1094', '1151', '1149', '1037', '1145', '1144', '1091'], '1148': ['1148', '1158', '1157', '1159', '1153', '1154', '1155', '1156', '1152'], '1066': ['1066', '1069', '1064', '1065', '1070', '1031'], '1056': ['1056'], '1072': ['1072', '1075', '1076', '1073', '1074'], '1033': ['1033', '1109', '1113', '1114'], '1101': ['1101'], '1102': ['1102'], '1103': ['1103', '1104', '1030', '1046', '1047'], '1105': ['1105', '1106', '1107', '1058', '1059'], '1108': ['1108'], '1110': ['1110'], '1039': ['1039', '1097', '1112', '1035', '1111', '1098', '1099', '1117', '1118'], '1100': ['1100'], '1086': ['1086', '1089', '1044', '1087', '1090'], '1115': ['1115'], '1116': ['1116'], '1119': ['1119'], '1130': ['1130']})"
27,"defaultdict(<class 'list'>, {'1040': ['1040', '1080', '1079', '1081', '1078', '1095', '1082', '1084', '1042', '1083', '1085', '1096'], '1136': ['1136', '1135', '1140'], '1138': ['1138', '1137', '1139'], '1041': ['1041', '1126', '1125', '1127', '1043', '1121', '1122', '1123', '1045', '1124', '1128', '1132'], '1129': ['1129', '1130', '1134'], '1131': ['1131'], '1032': ['1032', '1160', '1161', '1162', '1146', '1147', '1148', '1158', '1156', '1157', '1159'], '1052': ['1052', '1051', '1053', '1049', '1050'], '1063': ['1063', '1071', '1072'], '1055': ['1055'], '1057': ['1057', '1060', '1061', '1105', '1106', '1107', '1058', '1059', '1113'], '1066': ['1066'], '1056': ['1056'], '1033': ['1033', '1153', '1154', '1155', '1152'], '1101': ['1101', '1102', '1103', '1108', '1100'], '1109': ['1109', '1110'], '1104': ['1104'], '1114': ['1114', '1030', '1046', '1069', '1064', '1065', '1070', '1031', '1047'], '1038': ['1038', '1048', '1068', '1034', '1067'], '1054': ['1054'], '1039': ['1039', '1097', '1098', '1099', '1035', '1112', '1111', '1117', '1118'], '1086': ['1086', '1089', '1044', '1087', '1090', '1088', '1142', '1091', '1141', '1143'], '1036': ['1036', '1092', '1150', '1093', '1094', '1151', '1149', '1037', '1144', '1145'], '1115': ['1115', '1116', '1119', '1120'], '1062': ['1062'], '1077': ['1077', '1075', '1076', '1073', '1074'], '1133': ['1133']})"
27,"defaultdict(<class 'list'>, {'1040': ['1040', '1080', '1079', '1081', '1078'], '1095': ['1095', '1082', '1084', '1083', '1085'], '1096': ['1096', '1138', '1135', '1137', '1139', '1136', '1140'], '1041': ['1041', '1126', '1125', '1127', '1124', '1129', '1043', '1121', '1122', '1123', '1045', '1134'], '1128': ['1128', '1131', '1132', '1133'], '1032': ['1032', '1052', '1063', '1053', '1049', '1160', '1161', '1162', '1146'], '1051': ['1051', '1055', '1050'], '1057': ['1057', '1060', '1061', '1058', '1059', '1071', '1072', '1062', '1073'], '1147': ['1147', '1148', '1158', '1157', '1159', '1156', '1154', '1155', '1033', '1153'], '1066': ['1066'], '1056': ['1056', '1077', '1075', '1076', '1074'], '1101': ['1101', '1108'], '1109': ['1109', '1105', '1106', '1113', '1107'], '1102': ['1102', '1103', '1104', '1098', '1099', '1039', '1097', '1035'], '1110': ['1110', '1112', '1111', '1117'], '1114': ['1114', '1030', '1046', '1069', '1047', '1070', '1064', '1065', '1031'], '1038': ['1038', '1048', '1054', '1068', '1034'], '1100': ['1100'], '1067': ['1067'], '1042': ['1042'], '1086': ['1086', '1087', '1088', '1141', '1143', '1142'], '1089': ['1089', '1149', '1044', '1090', '1091'], '1036': ['1036', '1150', '1151', '1152'], '1092': ['1092'], '1093': ['1093', '1094', '1145', '1144', '1037'], '1115': ['1115', '1118', '1116', '1119', '1120'], '1130': ['1130']})"
27,"defaultdict(<class 'list'>, {'1040': ['1040', '1080', '1079', '1081', '1078', '1095', '1082', '1084', '1042', '1083', '1085', '1138'], '1096': ['1096', '1136', '1135', '1137', '1140'], '1041': ['1041', '1126', '1125', '1127', '1124', '1129', '1043', '1121', '1122', '1123', '1045'], '1128': ['1128', '1131', '1132', '1130', '1133'], '1032': ['1032', '1160', '1161', '1162', '1146', '1052', '1063', '1053', '1049'], '1051': ['1051', '1055', '1056', '1050'], '1057': ['1057', '1060', '1061', '1105', '1106', '1107', '1058', '1059', '1113'], '1071': ['1071'], '1147': ['1147', '1148', '1158', '1157', '1159', '1156', '1033', '1153', '1154', '1155', '1152', '1109'], '1066': ['1066', '1067', '1064', '1065', '1031', '1110'], '1072': ['1072'], '1101': ['1101'], '1102': ['1102', '1103', '1104', '1117', '1118', '1039', '1097', '1098', '1099', '1035', '1112', '1111'], '1108': ['1108', '1115', '1116', '1119'], '1114': ['1114'], '1038': ['1038', '1048', '1054', '1034', '1062'], '1068': ['1068', '1077', '1075', '1076', '1074'], '1100': ['1100'], '1030': ['1030', '1046', '1069', '1047', '1070'], '1086': ['1086', '1089', '1044', '1087', '1090'], '1036': ['1036', '1092', '1150', '1093', '1094', '1151', '1149', '1037', '1144'], '1145': ['1145'], '1088': ['1088', '1142', '1141', '1143', '1139'], '1091': ['1091'], '1073': ['1073'], '1120': ['1120'], '1134': ['1134']})"
28,"defaultdict(<class 'list'>, {'1040': ['1040', '1080', '1079', '1081', '1078', '1095', '1082', '1096', '1083'], '1084': ['1084', '1042', '1085', '1086', '1087'], '1136': ['1136'], '1138': ['1138', '1137', '1139'], '1041': ['1041', '1126', '1125', '1127', '1124', '1129', '1043', '1121', '1122', '1123', '1045', '1119'], '1128': ['1128', '1131', '1132', '1130', '1133'], '1032': ['1032', '1052', '1063', '1053', '1049', '1160', '1161', '1162', '1146'], '1051': ['1051', '1038', '1048', '1050', '1034'], '1055': ['1055'], '1057': ['1057', '1060', '1071', '1061', '1072'], '1147': ['1147', '1093', '1094', '1145', '1144', '1037'], '1148': ['1148', '1158', '1157', '1159', '1156', '1153', '1154', '1155', '1152'], '1066': ['1066', '1068', '1067'], '1056': ['1056'], '1033': ['1033', '1109', '1113', '1110', '1111'], '1101': ['1101', '1102', '1039', '1097', '1098', '1099', '1035', '1112', '1100', '1117', '1103', '1104'], '1105': ['1105', '1106', '1107', '1058', '1059'], '1108': ['1108', '1115', '1116'], '1114': ['1114', '1030', '1046', '1069', '1064', '1065', '1070', '1031', '1047'], '1054': ['1054'], '1089': ['1089', '1149', '1044', '1090', '1091'], '1036': ['1036', '1092', '1150', '1151'], '1088': ['1088', '1142', '1141', '1143', '1140'], '1062': ['1062'], '1077': ['1077', '1075', '1076', '1073', '1074'], '1118': ['1118'], '1135': ['1135', '1134'], '1120': ['1120']})"
28,"defaultdict(<class 'list'>, {'1040': ['1040', '1080', '1079', '1081', '1078', '1095', '1082', '1084', '1042', '1083', '1085', '1077'], '1096': ['1096', '1138', '1135', '1137', '1139'], '1136': ['1136', '1140'], '1041': ['1041'], '1126': ['1126', '1125', '1127', '1043', '1121', '1122', '1123', '1045', '1124'], '1128': ['1128', '1131', '1132', '1130', '1133', '1129', '1120', '1134'], '1032': ['1032', '1052', '1053', '1038', '1048', '1054', '1034', '1049', '1050', '1068'], '1063': ['1063', '1057', '1071', '1072'], '1160': ['1160', '1147', '1161', '1162', '1146'], '1051': ['1051', '1055', '1056', '1046', '1047'], '1060': ['1060'], '1148': ['1148', '1158', '1157', '1159', '1156'], '1066': ['1066', '1067', '1064', '1065', '1031'], '1061': ['1061', '1062', '1075', '1073', '1074'], '1033': ['1033', '1153', '1154', '1155', '1152'], '1101': ['1101'], '1109': ['1109', '1105', '1113', '1110'], '1102': ['1102', '1039', '1097', '1098', '1099', '1035', '1112', '1100', '1111'], '1103': ['1103', '1104', '1117'], '1106': ['1106', '1108', '1107', '1058', '1059'], '1114': ['1114', '1115', '1118', '1116', '1119'], '1030': ['1030', '1069', '1070'], '1086': ['1086', '1089', '1044', '1087', '1090'], '1036': ['1036', '1092', '1150', '1093', '1094', '1151', '1149', '1037', '1144'], '1145': ['1145'], '1088': ['1088', '1142', '1141', '1143'], '1091': ['1091'], '1076': ['1076']})"
28,"defaultdict(<class 'list'>, {'1040': ['1040', '1080', '1081', '1095', '1082', '1084', '1042', '1083', '1085', '1079', '1077', '1078'], '1096': ['1096', '1138', '1135', '1137', '1139'], '1136': ['1136'], '1041': ['1041', '1126', '1125', '1043', '1121', '1122', '1123', '1045', '1124'], '1127': ['1127'], '1128': ['1128', '1129', '1132', '1130', '1134', '1131', '1133'], '1032': ['1032', '1052', '1051', '1053', '1049', '1050', '1063', '1055', '1054'], '1160': ['1160', '1147', '1161', '1162', '1146', '1036', '1092', '1145'], '1057': ['1057', '1060', '1061', '1058', '1059'], '1071': ['1071'], '1148': ['1148', '1158', '1157', '1159', '1156', '1153', '1154', '1155', '1152'], '1066': ['1066'], '1056': ['1056'], '1072': ['1072', '1075', '1076', '1073', '1074'], '1033': ['1033', '1101', '1102', '1039', '1097', '1098', '1099', '1035', '1100'], '1109': ['1109', '1110', '1112', '1111'], '1103': ['1103', '1104', '1030', '1046', '1047'], '1105': ['1105', '1106', '1113', '1107', '1114', '1108', '1115'], '1038': ['1038', '1048', '1068', '1034', '1067'], '1069': ['1069', '1064', '1065', '1070', '1031'], '1086': ['1086', '1089', '1044', '1087', '1090'], '1150': ['1150', '1093', '1094', '1151', '1149', '1037'], '1144': ['1144'], '1088': ['1088', '1142', '1141', '1143'], '1091': ['1091'], '1062': ['1062'], '1117': ['1117', '1118', '1116', '1119', '1120'], '1140': ['1140']})"
28,"defaultdict(<class 'list'>, {'1040': ['1040', '1080', '1079', '1077', '1076', '1078', '1075', '1074'], '1081': ['1081', '1082', '1084', '1042', '1083', '1095', '1096', '1085'], '1136': ['1136'], '1138': ['1138', '1142', '1139'], '1041': ['1041'], '1126': ['1126', '1125', '1127', '1128', '1131', '1132', '1130', '1133', '1129', '1120', '1134', '1124'], '1032': ['1032', '1160', '1161', '1162', '1146', '1063', '1147', '1145'], '1052': ['1052', '1053', '1049', '1050', '1054', '1051', '1055', '1061', '1062'], '1057': ['1057', '1071', '1072', '1073'], '1060': ['1060'], '1148': ['1148', '1158', '1157', '1159', '1156', '1153', '1154', '1155', '1152'], '1066': ['1066', '1038', '1048', '1068', '1067'], '1056': ['1056'], '1033': ['1033', '1109', '1113', '1110', '1111', '1105'], '1101': ['1101', '1102', '1098', '1099', '1100', '1103', '1039', '1097', '1035', '1112'], '1106': ['1106', '1108', '1107', '1058', '1059', '1115', '1116'], '1104': ['1104', '1030', '1046', '1047', '1117', '1118'], '1114': ['1114'], '1034': ['1034'], '1069': ['1069', '1064', '1065', '1070', '1031'], '1086': ['1086', '1089', '1044', '1087', '1090'], '1043': ['1043', '1121', '1122', '1123', '1045'], '1036': ['1036', '1092', '1150', '1151', '1149'], '1093': ['1093', '1094', '1144', '1037', '1143'], '1088': ['1088', '1141', '1135', '1140'], '1091': ['1091'], '1137': ['1137'], '1119': ['1119']})"
28,"defaultdict(<class 'list'>, {'1040': ['1040', '1080', '1079', '1081', '1078', '1095', '1082', '1084', '1042', '1083', '1085', '1086'], '1096': ['1096', '1138', '1135', '1137', '1139', '1136', '1088', '1142', '1141', '1143', '1140'], '1041': ['1041', '1126', '1125', '1127', '1043', '1121', '1122', '1123', '1045', '1124', '1129', '1134'], '1128': ['1128'], '1131': ['1131'], '1032': ['1032', '1063', '1160', '1161', '1162', '1147', '1148', '1158', '1157', '1159', '1156', '1146'], '1052': ['1052', '1051', '1053', '1049', '1050', '1055', '1054'], '1057': ['1057', '1060', '1071', '1061', '1105', '1106', '1107', '1058', '1059'], '1066': ['1066', '1110', '1064', '1065', '1031'], '1056': ['1056', '1077', '1075', '1076', '1074'], '1072': ['1072', '1062', '1073'], '1033': ['1033', '1101', '1102', '1103', '1039', '1097', '1098', '1099', '1035', '1112', '1111', '1100'], '1109': ['1109'], '1153': ['1153', '1155'], '1113': ['1113', '1114', '1115'], '1154': ['1154', '1036', '1150', '1151', '1152'], '1108': ['1108'], '1104': ['1104'], '1038': ['1038', '1048', '1068', '1034', '1067'], '1030': ['1030', '1046', '1069', '1047', '1070'], '1089': ['1089', '1149', '1044', '1090', '1091'], '1092': ['1092'], '1093': ['1093', '1094', '1145', '1144', '1037'], '1087': ['1087'], '1117': ['1117', '1118', '1116', '1119', '1120'], '1132': ['1132'], '1130': ['1130'], '1133': ['1133']})"
28,"defaultdict(<class 'list'>, {'1040': ['1040', '1080', '1081', '1082', '1084', '1042', '1083', '1085', '1078', '1095'], '1079': ['1079', '1038', '1048', '1068', '1034', '1067', '1077', '1076'], '1096': ['1096', '1136', '1135', '1137', '1140', '1138', '1088', '1142', '1141', '1143', '1139'], '1041': ['1041'], '1126': ['1126', '1125', '1127', '1043', '1121', '1122', '1123', '1045', '1124'], '1128': ['1128', '1131', '1132', '1130', '1133'], '1129': ['1129', '1134'], '1032': ['1032', '1052', '1053', '1049', '1050', '1054', '1063', '1051', '1055'], '1160': ['1160'], '1057': ['1057', '1060', '1071', '1058', '1059'], '1147': ['1147', '1036', '1092', '1145', '1146', '1150', '1093', '1094', '1151', '1149', '1037', '1144'], '1148': ['1148', '1158', '1157', '1159', '1156', '1153', '1154', '1155', '1152'], '1161': ['1161'], '1066': ['1066'], '1056': ['1056'], '1061': ['1061', '1062', '1075', '1073', '1074'], '1072': ['1072'], '1162': ['1162'], '1033': ['1033', '1101', '1098', '1099', '1100'], '1109': ['1109', '1105', '1106', '1113', '1107'], '1102': ['1102', '1103', '1104', '1117', '1118'], '1108': ['1108'], '1110': ['1110'], '1114': ['1114', '1030', '1046', '1069', '1064', '1065', '1070', '1031', '1047'], '1039': ['1039', '1097', '1112', '1035', '1111'], '1086': ['1086', '1089', '1044', '1087', '1090'], '1091': ['1091'], '1115': ['1115', '1116', '1119', '1120']})"
28,"defaultdict(<class 'list'>, {'1040': ['1040', '1080', '1079', '1081', '1078', '1095', '1082', '1084', '1042', '1083', '1085', '1096'], '1136': ['1136', '1133'], '1138': ['1138', '1137', '1139'], '1041': ['1041', '1126', '1125', '1127', '1128', '1124', '1122', '1123', '1045', '1043', '1121', '1132'], '1129': ['1129'], '1131': ['1131'], '1032': ['1032', '1160', '1161', '1162', '1146'], '1052': ['1052', '1053'], '1063': ['1063', '1071', '1072'], '1051': ['1051', '1055', '1056', '1049', '1050'], '1057': ['1057', '1060', '1061', '1058', '1059'], '1147': ['1147', '1148', '1158', '1157', '1159', '1156', '1033', '1153', '1154', '1155', '1152', '1109'], '1066': ['1066'], '1101': ['1101', '1102', '1098', '1099', '1100'], '1103': ['1103', '1104', '1117'], '1105': ['1105', '1106', '1113', '1108', '1107'], '1110': ['1110'], '1114': ['1114', '1030', '1046', '1069', '1064', '1065', '1070', '1031', '1047'], '1038': ['1038', '1048', '1068', '1034', '1067'], '1054': ['1054', '1062'], '1039': ['1039', '1097', '1112', '1035', '1111'], '1086': ['1086', '1089', '1044', '1087', '1090'], '1036': ['1036', '1092', '1145', '1144', '1150', '1093', '1094', '1151', '1149', '1037', '1091'], '1088': ['1088', '1142', '1141', '1143', '1140'], '1115': ['1115', '1118', '1116', '1119', '1120'], '1077': ['1077', '1075', '1076', '1073', '1074'], '1135': ['1135', '1134'], '1130': ['1130']})"
28,"defaultdict(<class 'list'>, {'1040': ['1040', '1080', '1081', '1082', '1078'], '1079': ['1079', '1077', '1075', '1076', '1074'], '1095': ['1095'], '1084': ['1084', '1042', '1085', '1086', '1089', '1044', '1087', '1090', '1091'], '1096': ['1096', '1138', '1135', '1137', '1139'], '1136': ['1136', '1140'], '1041': ['1041', '1126', '1125', '1127', '1043', '1121', '1122', '1123', '1045', '1124', '1131', '1133'], '1128': ['1128', '1129', '1130', '1134'], '1032': ['1032', '1052', '1063', '1053', '1049', '1051', '1038', '1048', '1050', '1034'], '1160': ['1160', '1147', '1161', '1145', '1146', '1162'], '1055': ['1055', '1056'], '1057': ['1057', '1071', '1072', '1073'], '1060': ['1060'], '1148': ['1148', '1158', '1157', '1159', '1156'], '1066': ['1066', '1068', '1067'], '1061': ['1061', '1054', '1062'], '1033': ['1033', '1101', '1109', '1153', '1100', '1154', '1155', '1152'], '1102': ['1102', '1103'], '1105': ['1105', '1106', '1107', '1058', '1059', '1113', '1108'], '1110': ['1110'], '1104': ['1104'], '1114': ['1114', '1030', '1046', '1069', '1064', '1065', '1070', '1031', '1047'], '1039': ['1039', '1097', '1098', '1099', '1035', '1112', '1111', '1117', '1118'], '1083': ['1083'], '1036': ['1036', '1092', '1150', '1093', '1094', '1151', '1149', '1037', '1144'], '1088': ['1088', '1142', '1141', '1143'], '1115': ['1115', '1116', '1119', '1120'], '1132': ['1132']})"
28,"defaultdict(<class 'list'>, {'1040': ['1040', '1080', '1081', '1082', '1083'], '1079': ['1079', '1077', '1075', '1076', '1074', '1078'], '1095': ['1095'], '1084': ['1084', '1042', '1085', '1086', '1089', '1044', '1087', '1090', '1091', '1088'], '1096': ['1096', '1138', '1135', '1137', '1139'], '1136': ['1136', '1141', '1140'], '1041': ['1041', '1126', '1125', '1127', '1124'], '1128': ['1128', '1129', '1132', '1130', '1134'], '1131': ['1131'], '1032': ['1032', '1063', '1160', '1147', '1148', '1158', '1157', '1159', '1156', '1161', '1162', '1146'], '1052': ['1052', '1053', '1049', '1050', '1054', '1051', '1055', '1062'], '1057': ['1057', '1060', '1061', '1058', '1059'], '1071': ['1071', '1072', '1073'], '1066': ['1066'], '1056': ['1056'], '1033': ['1033', '1153', '1154', '1155', '1152'], '1101': ['1101', '1102', '1098', '1099', '1100', '1103', '1108'], '1109': ['1109'], '1105': ['1105', '1106', '1113', '1107', '1114'], '1110': ['1110', '1111', '1064', '1065', '1031', '1039', '1097', '1112', '1035'], '1104': ['1104', '1030', '1046', '1069', '1047', '1070'], '1038': ['1038', '1048', '1068', '1034', '1067'], '1043': ['1043', '1121', '1122', '1123', '1045'], '1036': ['1036', '1092', '1150', '1093', '1094', '1144', '1149', '1037', '1151', '1145', '1143'], '1142': ['1142'], '1115': ['1115', '1118', '1116', '1119', '1120'], '1117': ['1117'], '1133': ['1133']})"
28,"defaultdict(<class 'list'>, {'1040': ['1040', '1080', '1079', '1081', '1078', '1038', '1048', '1068', '1034', '1067', '1077'], '1095': ['1095', '1082', '1084', '1083', '1085', '1042'], '1096': ['1096', '1138', '1135', '1137', '1139', '1136', '1140'], '1041': ['1041'], '1126': ['1126', '1125', '1127', '1043', '1121', '1122', '1123', '1045', '1124'], '1128': ['1128', '1129', '1132', '1130', '1134', '1131', '1120', '1133'], '1032': ['1032', '1160', '1161', '1162', '1146'], '1052': ['1052', '1053', '1049', '1050', '1054', '1051', '1055', '1062'], '1063': ['1063', '1066', '1064', '1065', '1031'], '1057': ['1057', '1060', '1061', '1058', '1059', '1071'], '1147': ['1147', '1148', '1158', '1157', '1159', '1156', '1154', '1155'], '1056': ['1056'], '1072': ['1072', '1075', '1076', '1073', '1074'], '1033': ['1033', '1101', '1109', '1153', '1100', '1152'], '1102': ['1102', '1103', '1104', '1117', '1118'], '1105': ['1105', '1106', '1113', '1107', '1114'], '1108': ['1108'], '1110': ['1110', '1039', '1097', '1112', '1035', '1111'], '1098': ['1098', '1099'], '1030': ['1030', '1046', '1069', '1047', '1070'], '1086': ['1086', '1087', '1088', '1141', '1143'], '1089': ['1089', '1092', '1044', '1090', '1091', '1036'], '1150': ['1150', '1093', '1094', '1144', '1149', '1037', '1151'], '1145': ['1145'], '1142': ['1142'], '1115': ['1115'], '1116': ['1116'], '1119': ['1119']})"
28,"defaultdict(<class 'list'>, {'1040': ['1040', '1080', '1079', '1081', '1078'], '1095': ['1095', '1082', '1084', '1042', '1085', '1086', '1087', '1083'], '1096': ['1096', '1136', '1135', '1137', '1140'], '1138': ['1138', '1134'], '1041': ['1041', '1126', '1125', '1127', '1043', '1121', '1122', '1123', '1045', '1124', '1129'], '1128': ['1128', '1131', '1132', '1130', '1133'], '1032': ['1032', '1052', '1063', '1053', '1049', '1051', '1055', '1050', '1054'], '1160': ['1160', '1147', '1161', '1162', '1146'], '1057': ['1057', '1060', '1061', '1058', '1059', '1071', '1072'], '1148': ['1148', '1158', '1157', '1159'], '1066': ['1066'], '1056': ['1056'], '1033': ['1033', '1101', '1102', '1098', '1099', '1100', '1103', '1108', '1107'], '1109': ['1109'], '1153': ['1153', '1154', '1155', '1156', '1152'], '1105': ['1105', '1113', '1114', '1115'], '1106': ['1106'], '1110': ['1110', '1030', '1046', '1069', '1047', '1070', '1064', '1065', '1031'], '1104': ['1104'], '1038': ['1038', '1048', '1068', '1034', '1067'], '1039': ['1039', '1097', '1112', '1035', '1111'], '1089': ['1089', '1149', '1044', '1090', '1091', '1093', '1094', '1037'], '1036': ['1036', '1092', '1150', '1145', '1144'], '1151': ['1151'], '1088': ['1088', '1142', '1141', '1143', '1139'], '1062': ['1062'], '1077': ['1077', '1075', '1076', '1073', '1074'], '1117': ['1117', '1118', '1116', '1119', '1120']})"
28,"defaultdict(<class 'list'>, {'1040': ['1040', '1080', '1079', '1038', '1048', '1068', '1034', '1067', '1077', '1076', '1078', '1081'], '1095': ['1095', '1082', '1084', '1042', '1083', '1085', '1096'], '1136': ['1136', '1141', '1140'], '1138': ['1138'], '1041': ['1041', '1126', '1125', '1043', '1121', '1122', '1123', '1045', '1124', '1127'], '1128': ['1128', '1131', '1132', '1130', '1133', '1129', '1120', '1134'], '1032': ['1032', '1052', '1063', '1053', '1049', '1160', '1146'], '1051': ['1051', '1055', '1056', '1050'], '1057': ['1057', '1060', '1061', '1105', '1106', '1107', '1058', '1059', '1113'], '1071': ['1071'], '1147': ['1147', '1148', '1158', '1157', '1159', '1156', '1161', '1033', '1153', '1154', '1155', '1152'], '1066': ['1066'], '1072': ['1072', '1075', '1073', '1074'], '1162': ['1162'], '1101': ['1101', '1102', '1103', '1039', '1097', '1098', '1099', '1035', '1100'], '1109': ['1109', '1110'], '1108': ['1108'], '1104': ['1104'], '1114': ['1114', '1030', '1046', '1069', '1064', '1065', '1070', '1031', '1047'], '1054': ['1054', '1062'], '1112': ['1112', '1111', '1117', '1118', '1119'], '1086': ['1086', '1089', '1044', '1087', '1090', '1088', '1142', '1091'], '1036': ['1036', '1092', '1150', '1151', '1149', '1093', '1094', '1144', '1037', '1143', '1145'], '1115': ['1115'], '1116': ['1116'], '1135': ['1135'], '1137': ['1137'], '1139': ['1139']})"
28,"defaultdict(<class 'list'>, {'1040': ['1040'], '1080': ['1080', '1079', '1077', '1076', '1078'], '1081': ['1081', '1082', '1084', '1042', '1083'], '1095': ['1095'], '1096': ['1096', '1138', '1135', '1137', '1139', '1136', '1140'], '1041': ['1041', '1126', '1125', '1127', '1124', '1129', '1122', '1123', '1045', '1043', '1121', '1134'], '1128': ['1128'], '1131': ['1131', '1120', '1132', '1130', '1133'], '1032': ['1032', '1052', '1063', '1053', '1049', '1051', '1038', '1048', '1050', '1034', '1055', '1054'], '1160': ['1160', '1147', '1161', '1162', '1146'], '1057': ['1057', '1071', '1072', '1073', '1074', '1060', '1061', '1062'], '1148': ['1148', '1158', '1157', '1159', '1156'], '1066': ['1066', '1068', '1067'], '1056': ['1056', '1030', '1046', '1047', '1075'], '1033': ['1033', '1109', '1153', '1155', '1152'], '1101': ['1101', '1102', '1103', '1100'], '1105': ['1105', '1106', '1107', '1058', '1059', '1113', '1114'], '1154': ['1154', '1150', '1151'], '1108': ['1108', '1115', '1116', '1119'], '1110': ['1110'], '1104': ['1104'], '1039': ['1039', '1097', '1098', '1099', '1035', '1112', '1111', '1117', '1118'], '1069': ['1069', '1064', '1065', '1070', '1031'], '1085': ['1085'], '1086': ['1086', '1089', '1044', '1087', '1090', '1036', '1092', '1091'], '1093': ['1093', '1094', '1145', '1144', '1037'], '1149': ['1149'], '1088': ['1088', '1142', '1141', '1143']})"
28,"defaultdict(<class 'list'>, {'1040': ['1040', '1080', '1081', '1095', '1082', '1084', '1042', '1083', '1085', '1078'], '1079': ['1079', '1077', '1075', '1076', '1074'], '1096': ['1096', '1138', '1135', '1137', '1139'], '1136': ['1136'], '1041': ['1041', '1126', '1125', '1127', '1043', '1121', '1122', '1123', '1045', '1124', '1128', '1132'], '1129': ['1129', '1130', '1134'], '1131': ['1131', '1120', '1133'], '1032': ['1032', '1160', '1161', '1162', '1146', '1063', '1147', '1148', '1158', '1157', '1159', '1156'], '1052': ['1052', '1051', '1055', '1056', '1049', '1050', '1053', '1054'], '1057': ['1057', '1060', '1061', '1105', '1106', '1107', '1058', '1059', '1062'], '1071': ['1071', '1072', '1073'], '1066': ['1066'], '1033': ['1033', '1153', '1154', '1155', '1152', '1109'], '1101': ['1101', '1102', '1098', '1099', '1100'], '1103': ['1103', '1104', '1030', '1046', '1047'], '1113': ['1113'], '1108': ['1108', '1115', '1118', '1116', '1119'], '1110': ['1110', '1039', '1097', '1112', '1035', '1111', '1117'], '1114': ['1114'], '1038': ['1038', '1048', '1068', '1034', '1067'], '1069': ['1069', '1064', '1065', '1070', '1031'], '1086': ['1086', '1087', '1088', '1141', '1143'], '1089': ['1089', '1044', '1090', '1091'], '1036': ['1036', '1092', '1150', '1151', '1149'], '1093': ['1093', '1094', '1144', '1037'], '1145': ['1145'], '1142': ['1142'], '1140': ['1140']})"
28,"defaultdict(<class 'list'>, {'1040': ['1040', '1080', '1079', '1081', '1078', '1095', '1082', '1084', '1042', '1083', '1085', '1096'], '1136': ['1136', '1135', '1140'], '1138': ['1138', '1134'], '1041': ['1041', '1126', '1125', '1127', '1124', '1128', '1131', '1132', '1130', '1133', '1129', '1120'], '1032': ['1032', '1063', '1160', '1161', '1162'], '1052': ['1052', '1051', '1053', '1049', '1050', '1055', '1054', '1062'], '1057': ['1057', '1060', '1061', '1105', '1106', '1107', '1058', '1059', '1108'], '1071': ['1071'], '1147': ['1147', '1036', '1092', '1145', '1146'], '1148': ['1148', '1158', '1157', '1159', '1156', '1153', '1154', '1155', '1151', '1152', '1150'], '1066': ['1066'], '1056': ['1056'], '1072': ['1072'], '1033': ['1033', '1109', '1110', '1064', '1065'], '1101': ['1101', '1102', '1098', '1099', '1100', '1103', '1039', '1097', '1035'], '1113': ['1113'], '1104': ['1104', '1112', '1111', '1117'], '1114': ['1114', '1115', '1118', '1116', '1119'], '1038': ['1038', '1048', '1068', '1034', '1067'], '1030': ['1030', '1046', '1069', '1047', '1070'], '1031': ['1031'], '1086': ['1086', '1089', '1044', '1087', '1090'], '1043': ['1043', '1121', '1122', '1123', '1045'], '1093': ['1093', '1094', '1144', '1149', '1037'], '1088': ['1088', '1142', '1141', '1143', '1139'], '1091': ['1091'], '1077': ['1077', '1075', '1076', '1073', '1074'], '1137': ['1137']})"
28,"defaultdict(<class 'list'>, {'1040': ['1040', '1080', '1079', '1077', '1076', '1078', '1068', '1067'], '1081': ['1081', '1082', '1084', '1042', '1083', '1085', '1086', '1089', '1044', '1087', '1090', '1091'], '1095': ['1095'], '1096': ['1096', '1138', '1135', '1137', '1139'], '1136': ['1136'], '1041': ['1041', '1126', '1125', '1127', '1124', '1043', '1121', '1122', '1123', '1045'], '1128': ['1128', '1131', '1132', '1130', '1133', '1129', '1120', '1134'], '1032': ['1032', '1160', '1161', '1162', '1146'], '1052': ['1052', '1051', '1055', '1056', '1049', '1050', '1053', '1038', '1048', '1054', '1034'], '1063': ['1063', '1071', '1072'], '1057': ['1057', '1060', '1061', '1105', '1106', '1107', '1058', '1059', '1113'], '1147': ['1147'], '1148': ['1148', '1158', '1157', '1159', '1156'], '1066': ['1066'], '1033': ['1033', '1101', '1109', '1153', '1100'], '1102': ['1102', '1103', '1104', '1117', '1118'], '1154': ['1154', '1151', '1152', '1036', '1150'], '1155': ['1155'], '1108': ['1108'], '1110': ['1110', '1030', '1046', '1069', '1064', '1065', '1070', '1031', '1047'], '1114': ['1114', '1115', '1116', '1119'], '1039': ['1039', '1097', '1112', '1035', '1111', '1098', '1099'], '1092': ['1092'], '1093': ['1093', '1094', '1144', '1149', '1037'], '1145': ['1145'], '1088': ['1088', '1142', '1141', '1143'], '1062': ['1062', '1075', '1073', '1074'], '1140': ['1140']})"
28,"defaultdict(<class 'list'>, {'1040': ['1040', '1080', '1081', '1095', '1082', '1084', '1083', '1085', '1042'], '1079': ['1079', '1077', '1075', '1076', '1074'], '1096': ['1096', '1138', '1135', '1137', '1139', '1136', '1088', '1142', '1141', '1143', '1140'], '1041': ['1041'], '1126': ['1126'], '1125': ['1125'], '1127': ['1127'], '1128': ['1128', '1129', '1132', '1130', '1134'], '1131': ['1131', '1133'], '1032': ['1032', '1052', '1063', '1053', '1049', '1054'], '1160': ['1160', '1147', '1161', '1145', '1146', '1162'], '1051': ['1051', '1055', '1056', '1050'], '1057': ['1057', '1060', '1061', '1058', '1059', '1071', '1072', '1062', '1073'], '1148': ['1148', '1158', '1157', '1159', '1156'], '1066': ['1066', '1038', '1048', '1068', '1034', '1067'], '1033': ['1033', '1109', '1153', '1155', '1152'], '1101': ['1101', '1102', '1098', '1099', '1100', '1103', '1108'], '1105': ['1105', '1106', '1113', '1107', '1114'], '1154': ['1154'], '1110': ['1110', '1069', '1064', '1065', '1070', '1031'], '1104': ['1104', '1030', '1046', '1047', '1117'], '1039': ['1039', '1097', '1112', '1035', '1111'], '1086': ['1086', '1089', '1044', '1087', '1090'], '1043': ['1043', '1121', '1122', '1123', '1045'], '1124': ['1124'], '1036': ['1036', '1092', '1150', '1093', '1094', '1144', '1149', '1037', '1151', '1091'], '1115': ['1115', '1118', '1116', '1119', '1120'], '1078': ['1078']})"
28,"defaultdict(<class 'list'>, {'1040': ['1040', '1080', '1079', '1081', '1078'], '1095': ['1095', '1082', '1084', '1083', '1085'], '1096': ['1096', '1138', '1135', '1137', '1139', '1136', '1140'], '1041': ['1041', '1126', '1125', '1127', '1124', '1129', '1043', '1121', '1122', '1123', '1045', '1134'], '1128': ['1128', '1131', '1132', '1133'], '1032': ['1032', '1052', '1063', '1053', '1049', '1160', '1161', '1162', '1146'], '1051': ['1051', '1055', '1050'], '1057': ['1057', '1060', '1061', '1058', '1059', '1071', '1072', '1062', '1073'], '1147': ['1147', '1148', '1158', '1157', '1159', '1156', '1154', '1155', '1033', '1153'], '1066': ['1066'], '1056': ['1056', '1077', '1075', '1076', '1074'], '1101': ['1101'], '1109': ['1109', '1105', '1106', '1113', '1107'], '1102': ['1102', '1103', '1104', '1098', '1099', '1039', '1097', '1035'], '1108': ['1108'], '1110': ['1110', '1112', '1111', '1117'], '1114': ['1114', '1030', '1046', '1069', '1047', '1070', '1064', '1065', '1031'], '1038': ['1038', '1048', '1054', '1068', '1034'], '1100': ['1100'], '1067': ['1067'], '1042': ['1042'], '1086': ['1086', '1087', '1088', '1141', '1143', '1142'], '1089': ['1089', '1149', '1044', '1090', '1091'], '1036': ['1036', '1150', '1151', '1152'], '1092': ['1092'], '1093': ['1093', '1094', '1145', '1144', '1037'], '1115': ['1115', '1118', '1116', '1119', '1120'], '1130': ['1130']})"
28,"defaultdict(<class 'list'>, {'1040': ['1040', '1080', '1081', '1082', '1078', '1095', '1083'], '1079': ['1079', '1077', '1075', '1076', '1074'], '1084': ['1084', '1042', '1085', '1086', '1089', '1044', '1087', '1090', '1091'], '1096': ['1096', '1138', '1135', '1137', '1139', '1136', '1088', '1142', '1141', '1143', '1140'], '1041': ['1041', '1126', '1125', '1127', '1043', '1121', '1122', '1123', '1045', '1124'], '1128': ['1128', '1131', '1132', '1130', '1133', '1129', '1120', '1134'], '1032': ['1032', '1160', '1161', '1162', '1146'], '1052': ['1052', '1053', '1049', '1050', '1054'], '1063': ['1063'], '1051': ['1051', '1055', '1056'], '1057': ['1057', '1060', '1061', '1062', '1073', '1071', '1072'], '1147': ['1147', '1148', '1158', '1157', '1159'], '1066': ['1066', '1067', '1064', '1065', '1031'], '1033': ['1033', '1153', '1154', '1155', '1152'], '1101': ['1101', '1102', '1039', '1097', '1098', '1099', '1035', '1112', '1100', '1111', '1103'], '1109': ['1109', '1105', '1106', '1107', '1058', '1059', '1113'], '1108': ['1108'], '1110': ['1110'], '1104': ['1104', '1030', '1046', '1047', '1117'], '1114': ['1114', '1115', '1118', '1116', '1119'], '1156': ['1156'], '1038': ['1038'], '1048': ['1048'], '1068': ['1068'], '1034': ['1034'], '1069': ['1069'], '1070': ['1070'], '1036': ['1036', '1092', '1150', '1093', '1094', '1151', '1149', '1037', '1144', '1145']})"
28,"defaultdict(<class 'list'>, {'1040': ['1040', '1080', '1079', '1081', '1078'], '1095': ['1095', '1082', '1084', '1083', '1085', '1042', '1086', '1089', '1044', '1087', '1090', '1091'], '1096': ['1096', '1138', '1135', '1137', '1139', '1136', '1088', '1142', '1141', '1143', '1140'], '1041': ['1041', '1126', '1125', '1127', '1124'], '1128': ['1128', '1131', '1132', '1130', '1133', '1129', '1120', '1134'], '1032': ['1032', '1160', '1161', '1162', '1146', '1147', '1148', '1158', '1157', '1159', '1156', '1145'], '1052': ['1052', '1051', '1053', '1038', '1048', '1054', '1034', '1049', '1050', '1055', '1056'], '1063': ['1063', '1057', '1071', '1066', '1067'], '1060': ['1060'], '1061': ['1061', '1062', '1075', '1073', '1074', '1076'], '1072': ['1072'], '1033': ['1033', '1153', '1154', '1155', '1152', '1093', '1094', '1151', '1149', '1037'], '1101': ['1101', '1102', '1098', '1099', '1100'], '1109': ['1109', '1110', '1039', '1097', '1112', '1111', '1035'], '1103': ['1103', '1104', '1030', '1046', '1047'], '1105': ['1105', '1106', '1107', '1058', '1059'], '1113': ['1113'], '1108': ['1108'], '1114': ['1114'], '1068': ['1068'], '1069': ['1069', '1064', '1065', '1070', '1031'], '1043': ['1043', '1121', '1122', '1123', '1045'], '1036': ['1036'], '1092': ['1092'], '1150': ['1150'], '1144': ['1144'], '1115': ['1115', '1117', '1118', '1116', '1119'], '1077': ['1077']})"
28,"defaultdict(<class 'list'>, {'1040': ['1040', '1080', '1079', '1081', '1078'], '1095': ['1095'], '1082': ['1082'], '1084': ['1084', '1042', '1085', '1086', '1089', '1044', '1087', '1090', '1091'], '1096': ['1096', '1138', '1135', '1137', '1139'], '1136': ['1136', '1133'], '1041': ['1041'], '1126': ['1126', '1125', '1127', '1043', '1121', '1122', '1123', '1045', '1124'], '1128': ['1128', '1129', '1132', '1130', '1134'], '1131': ['1131'], '1032': ['1032', '1160', '1161', '1162', '1146', '1147', '1148', '1158', '1156', '1157', '1159'], '1052': ['1052', '1051', '1055', '1056', '1049', '1050', '1053', '1054'], '1063': ['1063', '1057', '1071', '1066'], '1060': ['1060', '1061', '1062'], '1072': ['1072'], '1033': ['1033', '1153', '1154', '1155', '1152', '1109'], '1101': ['1101', '1102', '1098', '1099', '1100'], '1103': ['1103', '1104', '1030', '1046', '1047'], '1105': ['1105', '1106', '1107', '1058', '1059', '1113', '1108', '1114', '1115'], '1110': ['1110', '1039', '1097', '1112', '1035', '1111'], '1038': ['1038', '1048', '1068', '1034', '1067'], '1069': ['1069', '1064', '1065', '1070', '1031'], '1083': ['1083'], '1036': ['1036', '1092', '1150', '1093', '1094', '1151', '1149', '1037', '1144'], '1145': ['1145'], '1088': ['1088', '1142', '1141', '1143', '1140'], '1077': ['1077', '1075', '1076', '1073', '1074'], '1117': ['1117', '1118', '1116', '1119', '1120']})"
29,"defaultdict(<class 'list'>, {'1040': ['1040', '1080', '1081', '1082', '1078', '1079', '1084', '1042', '1083', '1095'], '1096': ['1096', '1138', '1135', '1137', '1139', '1136', '1088', '1142', '1141', '1143', '1140'], '1041': ['1041'], '1126': ['1126', '1125', '1127', '1128', '1124'], '1129': ['1129', '1131', '1120', '1130', '1134'], '1032': ['1032', '1160', '1147', '1161', '1145', '1146', '1148', '1158', '1157', '1159', '1156', '1162'], '1052': ['1052', '1053', '1049', '1050', '1054'], '1063': ['1063', '1071', '1072'], '1051': ['1051'], '1055': ['1055'], '1057': ['1057', '1060', '1061', '1105', '1106', '1107', '1058', '1059', '1113'], '1066': ['1066'], '1056': ['1056', '1077', '1075', '1076', '1074'], '1033': ['1033', '1153', '1154', '1155', '1152'], '1101': ['1101', '1102', '1098', '1099', '1100', '1103', '1039', '1097', '1035'], '1109': ['1109'], '1108': ['1108', '1114', '1115'], '1110': ['1110', '1111', '1064', '1065', '1031'], '1104': ['1104'], '1038': ['1038', '1048', '1068', '1034', '1067'], '1112': ['1112', '1117', '1118', '1116', '1119'], '1030': ['1030', '1046', '1069', '1047', '1070'], '1085': ['1085', '1086', '1089', '1044', '1087', '1090', '1091'], '1043': ['1043', '1121', '1122', '1123', '1045'], '1036': ['1036', '1092', '1150', '1093', '1094', '1151', '1149', '1037', '1144'], '1062': ['1062'], '1073': ['1073'], '1132': ['1132'], '1133': ['1133']})"
29,"defaultdict(<class 'list'>, {'1040': ['1040', '1080', '1079', '1081', '1078', '1095', '1082', '1084', '1042', '1083', '1085', '1096'], '1136': ['1136', '1135', '1140'], '1138': ['1138', '1137', '1139'], '1041': ['1041', '1126', '1125', '1127', '1043', '1121', '1122', '1123', '1045', '1124', '1128', '1132'], '1129': ['1129'], '1131': ['1131'], '1032': ['1032', '1160', '1161', '1162', '1146', '1147', '1148', '1158', '1156', '1157', '1159'], '1052': ['1052', '1051', '1053', '1049', '1050'], '1063': ['1063', '1071', '1072'], '1055': ['1055'], '1057': ['1057', '1060', '1061', '1105', '1106', '1107', '1058', '1059', '1113'], '1066': ['1066'], '1056': ['1056'], '1033': ['1033', '1153', '1154', '1155', '1152'], '1101': ['1101', '1102', '1103', '1108', '1100'], '1109': ['1109', '1110'], '1104': ['1104'], '1114': ['1114', '1030', '1046', '1069', '1064', '1065', '1070', '1031', '1047'], '1038': ['1038', '1048', '1068', '1034', '1067'], '1054': ['1054'], '1039': ['1039', '1097', '1098', '1099', '1035', '1112', '1111', '1117', '1118'], '1086': ['1086', '1089', '1044', '1087', '1090', '1088', '1142', '1091', '1141', '1143'], '1036': ['1036', '1092', '1150', '1093', '1094', '1151', '1149', '1037', '1144', '1145'], '1115': ['1115', '1116', '1119', '1120'], '1062': ['1062'], '1077': ['1077', '1075', '1076', '1073', '1074'], '1130': ['1130'], '1134': ['1134'], '1133': ['1133']})"
29,"defaultdict(<class 'list'>, {'1040': ['1040', '1080', '1079', '1038', '1048', '1068', '1034', '1067', '1077', '1076', '1078', '1081'], '1095': ['1095', '1082', '1084', '1042', '1083', '1085', '1096'], '1136': ['1136', '1141', '1140'], '1138': ['1138'], '1041': ['1041', '1126', '1125', '1043', '1121', '1122', '1123', '1045', '1124'], '1127': ['1127'], '1128': ['1128', '1131', '1132', '1130', '1133', '1129', '1120', '1134'], '1032': ['1032', '1052', '1063', '1053', '1049', '1160', '1146'], '1051': ['1051', '1055', '1056', '1050'], '1057': ['1057', '1060', '1061', '1105', '1106', '1107', '1058', '1059', '1113'], '1071': ['1071'], '1147': ['1147', '1148', '1158', '1157', '1159', '1156', '1161', '1033', '1153', '1154', '1155', '1152'], '1066': ['1066'], '1072': ['1072', '1075', '1073', '1074'], '1162': ['1162'], '1101': ['1101', '1102', '1103', '1039', '1097', '1098', '1099', '1035', '1100'], '1109': ['1109', '1110'], '1108': ['1108'], '1104': ['1104'], '1114': ['1114', '1030', '1046', '1069', '1064', '1065', '1070', '1031', '1047'], '1054': ['1054', '1062'], '1112': ['1112', '1111', '1117', '1118', '1119'], '1086': ['1086', '1089', '1044', '1087', '1090', '1088', '1142', '1091'], '1036': ['1036', '1092', '1150', '1151', '1149', '1093', '1094', '1144', '1037', '1143', '1145'], '1115': ['1115'], '1116': ['1116'], '1135': ['1135'], '1137': ['1137'], '1139': ['1139']})"
29,"defaultdict(<class 'list'>, {'1040': ['1040', '1080', '1081', '1095', '1082', '1084', '1042', '1083', '1085', '1079', '1077', '1078'], '1096': ['1096', '1138', '1135', '1137', '1139'], '1136': ['1136'], '1041': ['1041', '1126', '1125', '1043', '1121', '1122', '1123', '1045', '1124'], '1127': ['1127'], '1128': ['1128', '1129', '1132', '1130', '1134', '1131', '1133'], '1032': ['1032', '1052', '1051', '1053', '1049', '1050', '1063', '1055', '1054'], '1160': ['1160', '1147', '1161', '1162', '1146', '1036', '1092', '1145'], '1057': ['1057', '1060', '1061', '1058', '1059'], '1071': ['1071'], '1148': ['1148', '1158', '1157', '1159', '1156', '1153', '1154', '1155', '1152'], '1066': ['1066'], '1056': ['1056'], '1072': ['1072', '1075', '1076', '1073', '1074'], '1033': ['1033', '1101', '1102', '1039', '1097', '1098', '1099', '1035', '1100'], '1109': ['1109', '1110', '1112', '1111'], '1103': ['1103', '1104', '1030', '1046', '1047'], '1105': ['1105', '1106', '1113', '1107', '1114', '1108', '1115'], '1038': ['1038', '1048', '1068', '1034', '1067'], '1069': ['1069', '1064', '1065', '1070', '1031'], '1086': ['1086', '1089', '1044', '1087', '1090'], '1150': ['1150'], '1093': ['1093', '1094', '1151', '1149', '1037'], '1144': ['1144'], '1088': ['1088', '1142', '1141', '1143'], '1091': ['1091'], '1062': ['1062'], '1117': ['1117', '1118', '1116', '1119', '1120'], '1140': ['1140']})"
29,"defaultdict(<class 'list'>, {'1040': ['1040', '1080', '1081', '1082', '1084', '1042', '1083', '1085', '1078', '1095'], '1079': ['1079', '1038', '1048', '1068', '1034', '1067', '1077', '1076'], '1096': ['1096', '1136', '1135', '1137', '1140', '1138', '1088', '1142', '1141', '1143', '1139'], '1041': ['1041'], '1126': ['1126', '1125', '1127', '1043', '1121', '1122', '1123', '1045', '1124'], '1128': ['1128', '1131', '1132', '1130', '1133'], '1129': ['1129'], '1032': ['1032', '1052', '1053', '1049', '1050', '1054', '1063', '1051', '1055'], '1160': ['1160'], '1057': ['1057', '1060', '1071', '1058', '1059'], '1147': ['1147', '1036', '1092', '1145', '1146', '1150', '1093', '1094', '1151', '1149', '1037', '1144'], '1148': ['1148', '1158', '1157', '1159', '1156', '1153', '1154', '1155', '1152'], '1161': ['1161'], '1066': ['1066'], '1056': ['1056'], '1061': ['1061', '1062', '1075', '1073', '1074'], '1072': ['1072'], '1162': ['1162'], '1033': ['1033', '1101', '1098', '1099', '1100'], '1109': ['1109', '1105', '1106', '1113', '1107'], '1102': ['1102', '1103', '1104', '1117', '1118'], '1108': ['1108'], '1110': ['1110'], '1114': ['1114', '1030', '1046', '1069', '1064', '1065', '1070', '1031', '1047'], '1039': ['1039', '1097', '1112', '1035', '1111'], '1086': ['1086', '1089', '1044', '1087', '1090'], '1091': ['1091'], '1115': ['1115', '1116', '1119', '1120'], '1134': ['1134']})"
29,"defaultdict(<class 'list'>, {'1040': ['1040', '1080', '1081', '1082', '1078', '1084', '1042', '1083', '1085'], '1079': ['1079', '1077', '1075', '1076', '1074'], '1095': ['1095'], '1096': ['1096', '1138', '1135', '1137', '1139', '1136', '1088', '1142', '1141', '1143', '1140'], '1041': ['1041', '1126', '1125', '1127', '1124', '1043', '1121', '1122', '1123', '1045'], '1128': ['1128', '1131', '1132', '1130', '1133', '1129', '1120', '1134', '1119'], '1032': ['1032', '1063', '1071', '1066', '1067'], '1052': ['1052', '1053', '1038', '1048', '1054', '1034', '1049'], '1160': ['1160', '1147', '1161', '1162', '1146', '1148', '1158', '1157', '1159', '1156'], '1051': ['1051'], '1055': ['1055'], '1057': ['1057', '1060', '1061', '1058', '1059'], '1056': ['1056'], '1072': ['1072', '1062', '1073'], '1033': ['1033', '1153', '1154', '1155', '1152'], '1101': ['1101', '1102', '1103', '1100'], '1109': ['1109'], '1105': ['1105', '1106', '1113', '1107', '1114', '1108', '1115', '1116'], '1110': ['1110'], '1104': ['1104'], '1050': ['1050'], '1068': ['1068'], '1039': ['1039', '1097', '1098', '1099', '1035', '1112', '1111', '1117', '1118'], '1030': ['1030'], '1046': ['1046'], '1069': ['1069', '1064', '1065', '1070', '1031'], '1047': ['1047'], '1086': ['1086', '1089', '1087', '1090', '1091', '1044'], '1036': ['1036', '1092', '1150', '1151', '1149', '1093', '1094', '1144', '1037', '1145']})"
29,"defaultdict(<class 'list'>, {'1040': ['1040', '1080', '1079', '1077', '1078'], '1081': ['1081', '1095', '1082', '1084', '1042', '1083', '1085', '1086', '1087'], '1096': ['1096', '1136', '1135', '1137', '1140', '1138', '1088', '1142', '1141', '1143', '1139'], '1041': ['1041', '1126', '1125', '1127', '1043', '1121', '1122', '1123', '1045', '1124'], '1128': ['1128', '1129', '1132', '1130', '1134', '1131', '1120', '1133'], '1032': ['1032', '1063', '1066', '1068', '1067'], '1052': ['1052'], '1160': ['1160', '1161', '1162', '1146', '1147', '1148', '1158', '1157', '1159', '1156', '1092', '1145'], '1051': ['1051', '1055', '1056', '1049', '1050'], '1057': ['1057', '1060', '1061', '1058', '1059'], '1071': ['1071'], '1053': ['1053', '1038', '1048', '1054', '1034', '1062'], '1072': ['1072', '1075', '1076', '1073', '1074'], '1033': ['1033', '1109', '1105', '1113', '1114'], '1101': ['1101'], '1153': ['1153', '1155'], '1102': ['1102'], '1103': ['1103'], '1106': ['1106'], '1154': ['1154', '1036', '1150', '1151', '1152'], '1108': ['1108', '1107', '1115', '1116', '1119'], '1110': ['1110', '1111', '1069', '1064', '1065', '1070', '1031'], '1104': ['1104', '1030', '1046', '1047', '1117'], '1039': ['1039', '1097', '1098', '1099', '1035'], '1112': ['1112'], '1100': ['1100'], '1089': ['1089', '1044', '1090', '1091'], '1093': ['1093', '1094', '1144', '1149', '1037'], '1118': ['1118']})"
29,"defaultdict(<class 'list'>, {'1040': ['1040', '1080', '1081', '1082', '1078', '1079', '1095', '1096', '1083'], '1084': ['1084', '1042', '1085', '1086', '1087'], '1136': ['1136', '1133'], '1138': ['1138', '1137', '1139'], '1041': ['1041', '1126', '1125', '1127', '1131', '1124', '1128', '1043', '1121', '1122', '1123', '1045'], '1129': ['1129'], '1032': ['1032', '1160', '1161', '1162', '1146', '1147', '1093', '1094', '1145', '1144', '1037'], '1052': ['1052', '1051', '1053', '1049', '1050', '1054'], '1063': ['1063', '1057', '1060', '1071', '1061'], '1055': ['1055', '1056', '1075', '1076', '1074'], '1148': ['1148', '1158', '1157', '1159', '1153', '1154', '1155', '1156', '1152'], '1066': ['1066', '1038', '1048', '1068', '1034', '1067', '1077'], '1072': ['1072', '1062', '1073'], '1033': ['1033', '1101', '1102', '1098', '1099', '1100', '1103', '1039', '1097', '1035', '1112'], '1109': ['1109'], '1105': ['1105', '1106', '1113', '1107', '1114', '1108', '1058', '1059', '1115'], '1110': ['1110', '1111', '1064', '1065', '1031', '1030', '1046', '1069', '1047', '1070'], '1104': ['1104'], '1089': ['1089'], '1036': ['1036', '1092', '1150', '1151'], '1149': ['1149'], '1044': ['1044'], '1088': ['1088', '1142', '1141', '1143', '1140'], '1090': ['1090'], '1091': ['1091'], '1117': ['1117', '1118', '1116', '1119', '1120'], '1135': ['1135', '1134'], '1132': ['1132'], '1130': ['1130']})"
29,"defaultdict(<class 'list'>, {'1040': ['1040', '1080', '1079', '1081', '1078'], '1095': ['1095', '1082', '1084', '1083', '1085', '1042', '1086', '1089', '1044', '1087', '1090', '1091'], '1096': ['1096', '1138', '1135', '1137', '1139', '1136', '1088', '1142', '1141', '1143', '1140'], '1041': ['1041', '1126', '1125', '1127', '1124'], '1128': ['1128', '1131', '1132', '1130', '1133', '1129', '1120', '1134'], '1032': ['1032', '1160', '1161', '1162', '1146', '1147', '1148', '1158', '1157', '1159', '1156', '1145'], '1052': ['1052', '1051', '1053', '1038', '1048', '1054', '1034', '1049', '1050', '1055', '1056'], '1063': ['1063', '1057', '1071', '1066', '1067'], '1060': ['1060'], '1061': ['1061', '1062', '1075', '1073', '1074', '1076'], '1072': ['1072'], '1033': ['1033', '1153', '1154', '1155', '1152'], '1101': ['1101', '1102', '1098', '1099', '1100'], '1109': ['1109', '1110', '1039', '1097', '1112', '1111', '1035'], '1103': ['1103', '1104', '1030', '1046', '1047'], '1105': ['1105', '1106', '1107', '1058', '1059'], '1113': ['1113'], '1108': ['1108'], '1114': ['1114'], '1068': ['1068'], '1069': ['1069', '1064', '1065', '1070', '1031'], '1043': ['1043', '1121', '1122', '1123', '1045'], '1036': ['1036'], '1092': ['1092'], '1150': ['1150'], '1093': ['1093', '1094', '1151', '1149', '1037'], '1144': ['1144'], '1115': ['1115', '1117', '1118', '1116', '1119'], '1077': ['1077']})"
29,"defaultdict(<class 'list'>, {'1040': ['1040', '1080', '1079', '1077', '1076', '1078', '1081'], '1095': ['1095'], '1082': ['1082', '1084', '1042', '1083', '1085'], '1096': ['1096', '1138', '1135', '1137', '1139'], '1136': ['1136'], '1041': ['1041', '1126', '1125', '1127', '1124', '1043', '1121', '1122', '1123', '1045'], '1128': ['1128', '1131', '1132', '1130', '1133', '1129', '1120', '1134'], '1032': ['1032', '1052', '1053', '1049', '1050', '1054', '1063', '1051', '1055'], '1160': ['1160'], '1057': ['1057', '1060', '1061', '1105', '1106', '1107', '1058', '1059', '1113'], '1071': ['1071'], '1147': ['1147', '1036', '1092', '1150', '1093', '1094', '1151', '1149', '1037', '1145', '1144', '1091'], '1148': ['1148', '1158', '1157', '1159', '1033', '1153', '1154', '1155', '1152', '1156', '1109'], '1161': ['1161'], '1066': ['1066', '1110', '1064', '1065', '1031'], '1056': ['1056', '1104', '1030', '1046', '1047'], '1072': ['1072', '1075', '1073', '1074'], '1162': ['1162'], '1101': ['1101', '1102', '1098', '1099', '1100'], '1103': ['1103'], '1108': ['1108', '1115', '1118', '1116', '1119'], '1114': ['1114', '1069', '1070'], '1038': ['1038', '1048', '1068', '1034', '1067'], '1039': ['1039', '1097', '1112', '1035', '1111', '1117'], '1086': ['1086', '1089', '1044', '1087', '1090'], '1088': ['1088', '1142', '1141', '1143'], '1062': ['1062'], '1146': ['1146'], '1140': ['1140']})"
29,"defaultdict(<class 'list'>, {'1040': ['1040', '1080', '1081', '1082', '1078'], '1079': ['1079'], '1095': ['1095'], '1084': ['1084', '1042', '1085', '1086', '1089', '1087', '1090', '1091', '1044'], '1096': ['1096', '1136', '1135', '1137', '1140'], '1138': ['1138', '1134'], '1041': ['1041', '1126', '1125', '1127', '1124'], '1128': ['1128', '1131', '1132', '1130', '1133'], '1129': ['1129'], '1032': ['1032', '1160', '1161', '1162'], '1052': ['1052', '1053', '1049', '1050', '1054', '1051', '1055'], '1063': ['1063', '1066', '1038', '1048', '1068', '1067', '1034'], '1057': ['1057', '1060', '1061', '1058', '1059', '1105', '1106', '1107', '1062'], '1071': ['1071'], '1147': ['1147', '1145', '1144', '1146', '1036', '1092', '1150', '1093', '1094', '1151', '1149', '1037'], '1148': ['1148', '1158', '1157', '1159', '1033', '1109', '1153', '1154', '1155', '1156', '1152'], '1056': ['1056', '1077', '1075', '1076', '1074'], '1072': ['1072'], '1101': ['1101', '1039', '1097', '1098', '1099', '1035', '1112', '1100', '1111'], '1102': ['1102', '1103', '1104', '1117', '1118'], '1113': ['1113'], '1108': ['1108'], '1110': ['1110'], '1114': ['1114', '1030', '1046', '1069', '1064', '1065', '1070', '1031', '1047'], '1083': ['1083'], '1043': ['1043', '1121', '1122', '1123', '1045'], '1088': ['1088', '1142', '1141', '1143', '1139'], '1115': ['1115', '1116', '1119', '1120'], '1073': ['1073']})"
29,"defaultdict(<class 'list'>, {'1040': ['1040', '1080', '1079', '1077', '1076', '1078', '1075', '1074'], '1081': ['1081', '1082', '1084', '1042', '1083', '1095', '1096', '1085'], '1136': ['1136'], '1138': ['1138', '1142', '1139'], '1041': ['1041'], '1126': ['1126', '1125', '1127', '1128', '1131', '1132', '1130', '1133', '1129', '1120', '1134', '1124'], '1032': ['1032', '1160', '1161', '1162', '1146', '1063', '1147', '1145'], '1052': ['1052', '1053', '1049', '1050', '1054', '1051', '1055', '1061', '1062'], '1057': ['1057', '1071', '1072', '1073'], '1060': ['1060'], '1148': ['1148', '1158', '1157', '1159', '1156', '1153', '1154', '1155', '1152'], '1066': ['1066', '1038', '1048', '1068', '1067'], '1056': ['1056'], '1033': ['1033', '1109', '1113', '1110', '1111', '1105'], '1101': ['1101', '1102', '1098', '1099', '1100', '1103', '1039', '1097', '1035', '1112'], '1106': ['1106', '1108', '1107', '1058', '1059', '1115', '1116'], '1104': ['1104', '1030', '1046', '1047', '1117'], '1114': ['1114'], '1034': ['1034'], '1069': ['1069', '1064', '1065', '1070', '1031'], '1086': ['1086', '1089', '1044', '1087', '1090'], '1043': ['1043', '1121', '1122', '1123', '1045'], '1036': ['1036', '1092', '1150', '1151', '1149'], '1093': ['1093', '1094', '1144', '1037', '1143'], '1088': ['1088', '1141', '1135', '1140'], '1091': ['1091'], '1118': ['1118'], '1137': ['1137'], '1119': ['1119']})"
29,"defaultdict(<class 'list'>, {'1040': ['1040', '1080', '1081', '1082', '1078', '1095', '1083'], '1079': ['1079', '1077', '1075', '1076', '1074'], '1084': ['1084', '1042', '1085', '1086', '1089', '1044', '1087', '1090', '1091'], '1096': ['1096', '1138', '1135', '1137', '1139', '1136', '1140'], '1041': ['1041'], '1126': ['1126', '1125', '1127', '1043', '1121', '1122', '1123', '1045', '1124'], '1128': ['1128', '1131', '1132', '1130', '1133', '1129', '1134'], '1032': ['1032', '1052', '1063', '1053', '1049', '1160', '1161', '1162', '1146'], '1051': ['1051', '1055', '1056', '1046', '1047'], '1057': ['1057', '1060', '1061', '1105', '1106', '1107', '1058', '1059', '1062'], '1071': ['1071', '1072', '1073'], '1147': ['1147', '1148', '1158', '1157', '1159', '1033', '1153', '1155', '1156'], '1066': ['1066'], '1101': ['1101', '1102', '1103', '1039', '1097', '1098', '1099', '1035', '1100', '1104'], '1109': ['1109'], '1113': ['1113'], '1154': ['1154', '1036', '1150', '1151', '1152', '1092', '1093', '1094', '1144', '1149', '1037', '1145'], '1108': ['1108'], '1110': ['1110'], '1114': ['1114'], '1038': ['1038', '1048', '1068', '1034', '1067', '1054'], '1050': ['1050'], '1112': ['1112'], '1111': ['1111'], '1030': ['1030'], '1069': ['1069', '1064', '1065', '1070', '1031'], '1088': ['1088', '1142', '1141', '1143'], '1115': ['1115'], '1117': ['1117', '1118', '1116', '1119', '1120']})"
29,"defaultdict(<class 'list'>, {'1040': ['1040', '1080', '1079', '1081', '1078'], '1095': ['1095'], '1082': ['1082', '1084', '1042', '1085', '1086', '1087', '1083', '1089', '1044'], '1096': ['1096', '1138', '1135', '1137', '1139'], '1136': ['1136'], '1041': ['1041', '1126', '1125', '1127', '1124', '1131', '1043', '1121', '1122', '1123', '1045', '1133'], '1128': ['1128', '1129', '1130', '1134'], '1032': ['1032', '1063', '1160', '1161', '1162', '1147', '1148', '1158', '1157', '1159', '1156', '1146'], '1052': ['1052', '1051', '1055', '1056', '1049', '1050', '1053', '1038', '1048', '1054', '1034'], '1057': ['1057', '1060', '1061', '1058', '1059', '1105', '1106', '1113', '1107'], '1071': ['1071', '1072', '1073', '1074'], '1066': ['1066', '1068', '1067', '1077', '1076'], '1033': ['1033', '1153', '1154', '1155', '1152'], '1101': ['1101', '1102', '1098', '1099', '1100', '1103', '1039', '1097', '1035'], '1109': ['1109'], '1108': ['1108'], '1110': ['1110'], '1104': ['1104', '1030', '1046', '1047'], '1114': ['1114'], '1112': ['1112'], '1111': ['1111'], '1069': ['1069', '1064', '1065', '1070', '1031'], '1036': ['1036', '1092', '1150', '1093', '1094', '1144', '1149', '1037', '1145', '1151', '1090', '1091'], '1088': ['1088', '1142', '1141', '1143', '1140'], '1115': ['1115'], '1062': ['1062'], '1117': ['1117', '1118', '1116', '1119', '1120'], '1075': ['1075'], '1132': ['1132']})"
29,"defaultdict(<class 'list'>, {'1040': ['1040', '1080', '1079', '1081', '1078', '1095', '1082', '1084', '1042', '1083', '1085', '1096'], '1136': ['1136', '1133'], '1138': ['1138', '1137', '1139'], '1041': ['1041', '1126', '1125', '1127', '1128', '1124', '1122', '1123', '1045', '1043', '1121', '1132'], '1129': ['1129'], '1131': ['1131'], '1032': ['1032', '1160', '1161', '1162', '1146'], '1052': ['1052', '1053'], '1063': ['1063', '1071', '1072'], '1051': ['1051', '1055', '1056', '1049', '1050'], '1057': ['1057', '1060', '1061', '1058', '1059'], '1147': ['1147', '1148', '1158', '1157', '1159', '1156', '1033', '1153', '1154', '1155', '1152', '1109'], '1066': ['1066'], '1101': ['1101', '1102', '1098', '1099', '1100'], '1103': ['1103', '1104', '1117'], '1105': ['1105', '1106', '1113', '1108', '1107'], '1110': ['1110'], '1114': ['1114', '1030', '1046', '1069', '1064', '1065', '1070', '1031', '1047'], '1038': ['1038', '1048', '1068', '1034', '1067'], '1054': ['1054', '1062'], '1039': ['1039', '1097', '1112', '1035', '1111'], '1086': ['1086', '1089', '1044', '1087', '1090'], '1036': ['1036', '1092', '1145', '1144', '1150', '1093', '1094', '1151', '1149', '1037', '1091'], '1088': ['1088', '1142', '1141', '1143', '1140'], '1115': ['1115', '1118', '1116', '1119', '1120'], '1077': ['1077', '1075', '1076', '1073', '1074'], '1135': ['1135'], '1130': ['1130'], '1134': ['1134']})"
29,"defaultdict(<class 'list'>, {'1040': ['1040'], '1080': ['1080', '1079', '1077', '1076', '1078'], '1081': ['1081'], '1095': ['1095', '1082', '1084', '1042', '1083', '1085', '1086', '1089', '1044', '1087', '1090', '1091'], '1096': ['1096', '1138', '1135', '1137', '1139', '1136', '1088', '1142', '1141', '1143', '1140'], '1041': ['1041'], '1126': ['1126', '1125', '1127', '1043', '1121', '1122', '1123', '1045', '1124'], '1128': ['1128', '1129', '1132', '1130', '1134', '1131', '1120', '1133'], '1032': ['1032', '1052', '1063', '1053', '1049', '1051', '1055', '1050', '1054'], '1160': ['1160', '1147', '1161', '1162', '1146'], '1057': ['1057'], '1060': ['1060'], '1071': ['1071'], '1148': ['1148', '1158', '1157', '1159', '1156', '1033', '1153', '1154', '1155', '1152', '1109'], '1066': ['1066', '1110', '1111', '1064', '1065', '1031'], '1056': ['1056', '1030', '1046', '1069', '1047', '1070'], '1061': ['1061', '1062', '1075', '1073', '1074'], '1072': ['1072'], '1101': ['1101', '1102', '1098', '1099', '1100', '1103', '1039', '1097', '1035'], '1105': ['1105', '1106', '1107', '1058', '1059', '1113', '1108', '1114', '1115'], '1104': ['1104', '1117', '1118', '1116', '1119'], '1038': ['1038', '1048', '1068', '1034', '1067'], '1112': ['1112'], '1036': ['1036'], '1092': ['1092'], '1150': ['1150'], '1093': ['1093', '1094', '1151', '1149', '1037'], '1145': ['1145'], '1144': ['1144']})"
29,"defaultdict(<class 'list'>, {'1040': ['1040', '1080', '1079', '1077', '1076', '1078'], '1081': ['1081', '1095', '1082', '1084', '1042', '1083', '1085', '1096'], '1136': ['1136', '1135', '1140'], '1138': ['1138'], '1041': ['1041', '1126', '1125', '1127', '1124', '1129', '1122', '1123', '1045', '1043', '1121'], '1128': ['1128', '1131', '1132', '1130', '1133', '1120', '1134'], '1032': ['1032', '1160', '1161', '1162', '1146', '1147', '1148', '1158', '1157', '1159', '1155', '1156'], '1052': ['1052', '1053', '1054', '1051', '1038', '1048', '1068', '1034', '1067', '1049', '1050', '1055'], '1063': ['1063'], '1057': ['1057', '1060', '1071', '1058', '1059', '1105', '1106', '1107'], '1066': ['1066', '1110', '1064', '1065', '1031'], '1056': ['1056'], '1061': ['1061', '1062', '1075', '1073', '1074'], '1072': ['1072'], '1033': ['1033', '1101', '1102', '1103', '1104', '1098', '1099', '1100'], '1109': ['1109', '1113'], '1153': ['1153'], '1154': ['1154', '1036', '1150', '1151', '1152'], '1108': ['1108'], '1114': ['1114', '1115', '1118', '1116', '1119'], '1039': ['1039', '1097', '1112', '1035', '1111'], '1030': ['1030', '1046', '1069', '1047', '1070'], '1086': ['1086', '1087', '1088', '1141', '1143', '1142'], '1089': ['1089', '1149', '1044', '1090', '1091'], '1092': ['1092'], '1093': ['1093', '1094', '1145', '1144', '1037'], '1117': ['1117'], '1137': ['1137'], '1139': ['1139']})"
29,"defaultdict(<class 'list'>, {'1040': ['1040', '1080', '1079', '1081', '1078'], '1095': ['1095'], '1082': ['1082'], '1084': ['1084', '1042', '1085', '1086', '1089', '1044', '1087', '1090', '1091'], '1096': ['1096', '1136', '1135', '1137', '1140', '1138', '1088', '1142', '1141', '1143', '1139'], '1041': ['1041', '1126', '1125', '1127', '1128', '1124', '1043', '1121', '1122', '1123', '1045', '1132'], '1129': ['1129', '1131', '1120', '1130', '1134'], '1032': ['1032', '1160', '1161', '1162', '1146'], '1052': ['1052', '1053', '1049', '1050', '1054', '1051', '1055', '1061', '1062'], '1063': ['1063'], '1057': ['1057', '1060', '1071', '1072'], '1147': ['1147', '1148', '1158', '1157', '1159', '1153', '1154', '1155', '1156', '1152'], '1066': ['1066'], '1056': ['1056'], '1033': ['1033', '1101', '1102', '1103', '1100'], '1109': ['1109', '1110', '1064', '1065', '1031'], '1105': ['1105', '1106', '1113', '1058', '1059'], '1108': ['1108', '1107', '1115', '1116', '1119'], '1104': ['1104'], '1114': ['1114'], '1038': ['1038', '1048', '1068', '1034', '1067'], '1039': ['1039', '1097', '1098', '1099', '1035', '1112', '1111', '1117', '1118'], '1030': ['1030', '1046', '1069', '1047', '1070'], '1083': ['1083'], '1036': ['1036', '1092', '1150', '1145'], '1093': ['1093', '1094', '1151', '1149', '1037'], '1144': ['1144'], '1077': ['1077', '1075', '1076', '1073', '1074'], '1133': ['1133']})"
29,"defaultdict(<class 'list'>, {'1040': ['1040', '1080', '1079', '1077', '1076', '1078', '1081', '1082', '1083'], '1095': ['1095'], '1084': ['1084', '1042', '1085'], '1096': ['1096', '1138', '1135', '1137', '1139', '1136', '1088', '1142', '1141', '1143', '1140'], '1041': ['1041', '1126', '1125', '1127', '1124'], '1128': ['1128', '1131', '1132', '1130', '1133', '1129', '1120', '1134'], '1032': ['1032', '1160', '1161', '1162', '1146', '1147', '1148', '1158', '1157', '1159', '1156', '1145'], '1052': ['1052'], '1063': ['1063', '1071', '1066', '1067'], '1051': ['1051', '1055', '1056', '1049', '1050'], '1057': ['1057', '1060', '1061', '1105', '1106', '1107', '1058', '1059', '1113'], '1053': ['1053', '1038', '1048', '1054', '1034'], '1072': ['1072', '1075', '1073', '1074'], '1033': ['1033', '1101', '1109', '1153', '1100', '1154', '1155', '1152'], '1102': ['1102'], '1103': ['1103'], '1108': ['1108'], '1110': ['1110', '1111', '1064', '1065', '1031'], '1104': ['1104'], '1114': ['1114', '1030', '1046', '1069', '1047', '1070'], '1068': ['1068'], '1039': ['1039', '1097', '1112', '1035', '1117', '1098', '1099', '1118', '1119'], '1086': ['1086', '1089', '1044', '1087', '1090'], '1043': ['1043', '1121', '1122', '1123', '1045'], '1036': ['1036', '1092', '1150', '1093', '1094', '1151', '1149', '1037', '1144'], '1091': ['1091'], '1115': ['1115'], '1062': ['1062'], '1116': ['1116']})"
30,"defaultdict(<class 'list'>, {'1040': ['1040', '1080', '1081', '1078', '1079', '1095', '1082', '1084', '1042', '1083', '1085'], '1096': ['1096', '1138', '1135', '1137', '1139', '1136', '1140'], '1041': ['1041', '1126', '1125', '1127', '1124', '1129', '1043', '1121', '1122', '1123', '1045', '1119'], '1128': ['1128', '1131', '1132', '1130', '1133'], '1032': ['1032', '1160', '1161', '1162', '1146'], '1052': ['1052', '1053', '1049', '1050', '1054', '1051', '1055', '1062'], '1063': ['1063', '1057', '1060', '1071', '1061'], '1147': ['1147', '1148', '1158', '1157', '1159', '1156', '1153', '1154', '1155', '1151', '1152'], '1066': ['1066', '1038', '1048', '1068', '1034', '1067', '1064', '1065', '1031'], '1056': ['1056'], '1072': ['1072', '1114', '1070'], '1033': ['1033', '1109', '1113', '1110', '1111'], '1101': ['1101', '1102', '1098', '1099', '1100', '1103', '1039', '1097', '1035', '1112'], '1105': ['1105'], '1106': ['1106'], '1108': ['1108'], '1104': ['1104', '1030', '1046', '1047', '1117'], '1107': ['1107'], '1069': ['1069'], '1058': ['1058'], '1059': ['1059'], '1086': ['1086', '1087', '1088', '1141', '1143', '1089', '1044', '1090', '1142'], '1036': ['1036', '1092', '1150', '1093', '1094', '1144', '1149', '1037', '1145'], '1091': ['1091'], '1115': ['1115'], '1077': ['1077', '1075', '1076', '1073', '1074'], '1118': ['1118'], '1116': ['1116'], '1120': ['1120'], '1134': ['1134']})"
30,"defaultdict(<class 'list'>, {'1040': ['1040', '1080', '1081', '1095', '1082', '1084', '1042', '1083', '1085', '1078'], '1079': ['1079', '1077', '1075', '1076', '1074'], '1096': ['1096', '1138', '1135', '1137', '1139'], '1136': ['1136'], '1041': ['1041', '1126', '1125', '1127', '1043', '1121', '1122', '1123', '1045', '1124', '1128', '1132'], '1129': ['1129', '1130', '1134'], '1131': ['1131', '1120', '1133'], '1032': ['1032', '1160', '1161', '1162', '1146', '1063', '1147', '1148', '1158', '1157', '1159', '1156'], '1052': ['1052', '1051', '1055', '1056', '1049', '1050', '1053', '1054'], '1057': ['1057', '1060', '1061', '1105', '1106', '1107', '1058', '1059', '1062'], '1071': ['1071', '1072', '1073'], '1066': ['1066'], '1033': ['1033', '1153', '1154', '1155', '1152', '1109'], '1101': ['1101', '1102', '1098', '1099', '1100'], '1103': ['1103', '1104', '1030', '1046', '1047'], '1113': ['1113'], '1108': ['1108', '1115', '1118', '1116', '1119'], '1110': ['1110'], '1114': ['1114'], '1038': ['1038', '1048', '1068', '1034', '1067'], '1039': ['1039', '1097', '1112', '1035', '1111'], '1069': ['1069', '1064', '1065', '1070', '1031'], '1086': ['1086', '1087', '1088', '1141', '1143'], '1089': ['1089', '1044', '1090', '1091'], '1036': ['1036', '1092', '1150', '1151', '1149'], '1093': ['1093', '1094', '1144', '1037'], '1145': ['1145'], '1142': ['1142'], '1117': ['1117'], '1140': ['1140']})"
30,"defaultdict(<class 'list'>, {'1040': ['1040', '1080', '1079', '1081', '1078', '1095', '1082', '1084', '1042', '1083', '1085', '1138'], '1096': ['1096', '1136', '1135', '1137', '1140'], '1041': ['1041', '1126', '1125', '1043', '1121', '1122', '1123', '1045', '1124', '1127'], '1128': ['1128', '1129', '1132', '1130', '1134', '1131', '1120', '1133'], '1032': ['1032', '1052', '1063', '1053', '1049', '1051', '1038', '1048', '1050', '1034', '1054'], '1160': ['1160', '1147', '1161', '1162', '1146'], '1055': ['1055', '1056', '1030', '1046', '1047'], '1057': ['1057', '1060', '1071', '1061', '1105', '1106', '1107', '1058', '1059'], '1148': ['1148', '1158', '1157', '1159', '1156'], '1066': ['1066', '1067', '1064', '1065', '1031'], '1072': ['1072', '1070', '1073'], '1033': ['1033', '1153', '1154', '1036', '1150', '1151', '1152', '1155'], '1101': ['1101', '1102', '1103', '1108', '1100'], '1109': ['1109', '1113'], '1110': ['1110', '1039', '1097', '1098', '1099', '1035', '1112', '1111', '1117'], '1104': ['1104'], '1114': ['1114', '1115', '1118', '1116', '1119'], '1068': ['1068', '1077', '1075', '1076', '1074'], '1069': ['1069'], '1086': ['1086', '1089', '1044', '1087', '1090'], '1092': ['1092'], '1093': ['1093', '1094', '1144', '1149', '1037'], '1145': ['1145'], '1088': ['1088'], '1142': ['1142'], '1141': ['1141'], '1091': ['1091'], '1143': ['1143'], '1062': ['1062'], '1139': ['1139']})"
30,"defaultdict(<class 'list'>, {'1040': ['1040', '1080', '1079', '1081', '1078', '1095', '1082', '1084', '1042', '1083', '1085', '1096'], '1136': ['1136', '1135', '1140'], '1138': ['1138', '1134'], '1041': ['1041', '1126', '1125', '1127', '1124', '1128', '1131', '1132', '1130', '1133', '1129', '1120'], '1032': ['1032', '1063', '1160', '1161', '1162'], '1052': ['1052', '1051', '1053', '1049', '1050', '1055', '1054', '1062'], '1057': ['1057', '1060', '1061', '1105', '1106', '1107', '1058', '1059', '1108'], '1071': ['1071'], '1147': ['1147', '1036', '1092', '1145', '1146'], '1148': ['1148', '1158', '1157', '1159', '1156'], '1066': ['1066'], '1056': ['1056'], '1072': ['1072'], '1033': ['1033', '1109', '1110', '1064', '1065'], '1101': ['1101', '1102', '1098', '1099', '1100', '1103', '1039', '1097', '1035'], '1153': ['1153', '1154', '1155', '1151', '1152'], '1113': ['1113'], '1104': ['1104', '1112', '1111', '1117'], '1114': ['1114', '1115', '1118', '1116', '1119'], '1038': ['1038', '1048', '1068', '1034', '1067'], '1030': ['1030', '1046', '1069', '1047', '1070'], '1031': ['1031'], '1086': ['1086', '1089', '1044', '1087', '1090'], '1043': ['1043', '1121', '1122', '1123', '1045'], '1150': ['1150'], '1093': ['1093', '1094', '1144', '1149', '1037'], '1088': ['1088', '1142', '1141', '1143', '1139'], '1091': ['1091'], '1077': ['1077', '1075', '1076', '1073', '1074'], '1137': ['1137']})"
30,"defaultdict(<class 'list'>, {'1040': ['1040', '1080', '1079', '1077', '1076', '1078'], '1081': ['1081', '1095', '1082', '1084', '1042', '1083', '1085', '1096'], '1136': ['1136', '1135', '1140'], '1138': ['1138'], '1041': ['1041', '1126', '1125', '1127', '1124', '1129', '1122', '1123', '1045', '1043', '1121'], '1128': ['1128', '1131', '1132', '1130', '1133', '1120', '1134'], '1032': ['1032', '1160', '1161', '1162', '1146', '1147', '1148', '1158', '1157', '1159', '1155', '1156'], '1052': ['1052', '1053', '1054', '1051', '1038', '1048', '1068', '1034', '1067', '1049', '1050', '1055'], '1063': ['1063'], '1057': ['1057', '1060', '1071', '1058', '1059', '1105', '1106', '1107'], '1066': ['1066', '1110', '1064', '1065', '1031'], '1056': ['1056'], '1061': ['1061', '1062', '1075', '1073', '1074'], '1072': ['1072'], '1033': ['1033', '1101', '1102', '1103', '1104', '1098', '1099', '1100'], '1109': ['1109'], '1153': ['1153'], '1113': ['1113'], '1154': ['1154', '1036', '1150', '1151', '1152'], '1108': ['1108'], '1114': ['1114', '1115', '1118', '1116', '1119'], '1039': ['1039', '1097', '1112', '1035', '1111'], '1030': ['1030', '1046', '1069', '1047', '1070'], '1086': ['1086', '1087', '1088', '1141', '1143', '1142'], '1089': ['1089', '1149', '1044', '1090', '1091'], '1092': ['1092'], '1093': ['1093', '1094', '1145', '1144', '1037'], '1117': ['1117'], '1137': ['1137'], '1139': ['1139']})"
30,"defaultdict(<class 'list'>, {'1040': ['1040', '1080', '1081', '1082', '1078'], '1079': ['1079', '1077', '1075', '1076', '1074'], '1095': ['1095'], '1084': ['1084', '1042', '1085', '1086', '1089', '1044', '1087', '1090', '1091'], '1096': ['1096', '1138', '1135', '1137', '1139'], '1136': ['1136', '1140'], '1041': ['1041', '1126', '1125', '1127', '1043', '1121', '1122', '1123', '1045', '1124', '1131', '1133'], '1128': ['1128', '1129', '1130', '1134'], '1032': ['1032', '1052', '1063', '1053', '1049', '1051', '1038', '1048', '1050', '1034'], '1160': ['1160', '1147', '1161', '1145', '1146', '1162'], '1055': ['1055', '1056'], '1057': ['1057', '1071', '1072', '1073'], '1060': ['1060'], '1148': ['1148', '1158', '1157', '1159', '1156'], '1066': ['1066', '1068', '1067'], '1061': ['1061', '1054', '1062'], '1033': ['1033', '1101', '1109', '1153', '1100', '1154', '1155', '1152'], '1102': ['1102', '1103'], '1105': ['1105', '1106', '1107', '1058', '1059'], '1113': ['1113'], '1108': ['1108'], '1110': ['1110'], '1104': ['1104'], '1114': ['1114', '1030', '1046', '1069', '1064', '1065', '1070', '1031', '1047'], '1039': ['1039', '1097', '1098', '1099', '1035', '1112', '1111', '1117', '1118'], '1083': ['1083'], '1036': ['1036', '1092', '1150', '1093', '1094', '1151', '1149', '1037', '1144'], '1088': ['1088', '1142', '1141', '1143'], '1115': ['1115', '1116', '1119', '1120'], '1132': ['1132']})"
30,"defaultdict(<class 'list'>, {'1040': ['1040', '1080', '1079', '1038', '1048', '1068', '1034', '1067', '1077', '1076', '1078', '1081'], '1095': ['1095', '1082', '1084', '1042', '1083', '1085', '1096'], '1136': ['1136', '1141', '1140'], '1138': ['1138'], '1041': ['1041', '1126', '1125', '1043', '1121', '1122', '1123', '1045', '1124'], '1127': ['1127'], '1128': ['1128', '1131', '1132', '1130', '1133', '1129', '1120', '1134'], '1032': ['1032', '1052', '1063', '1053', '1049', '1160', '1146'], '1051': ['1051', '1055', '1056', '1050'], '1057': ['1057', '1060', '1061', '1105', '1106', '1107', '1058', '1059', '1113'], '1071': ['1071'], '1147': ['1147', '1148', '1158', '1157', '1159', '1156', '1161', '1033', '1153', '1154', '1155', '1152'], '1066': ['1066'], '1072': ['1072', '1075', '1073', '1074'], '1162': ['1162'], '1101': ['1101', '1102', '1103', '1039', '1097', '1098', '1099', '1035', '1100'], '1109': ['1109'], '1108': ['1108'], '1110': ['1110'], '1104': ['1104'], '1114': ['1114', '1030', '1046', '1069', '1064', '1065', '1070', '1031', '1047'], '1054': ['1054', '1062'], '1112': ['1112', '1111', '1117', '1118', '1119'], '1086': ['1086', '1089', '1044', '1087', '1090', '1088', '1142', '1091'], '1036': ['1036', '1092', '1150', '1151', '1149', '1093', '1094', '1144', '1037', '1143', '1145'], '1115': ['1115'], '1116': ['1116'], '1135': ['1135'], '1137': ['1137'], '1139': ['1139']})"
30,"defaultdict(<class 'list'>, {'1040': ['1040', '1080', '1081', '1082', '1084', '1042', '1083', '1085', '1078', '1079', '1095', '1136'], '1096': ['1096', '1138', '1135', '1137', '1139'], '1041': ['1041', '1126', '1125', '1127', '1128', '1124', '1131', '1043', '1121', '1122', '1123', '1045'], '1129': ['1129', '1130', '1134'], '1032': ['1032', '1052', '1063', '1053', '1049'], '1160': ['1160'], '1051': ['1051', '1055', '1056', '1075', '1076'], '1057': ['1057', '1060', '1071', '1072'], '1147': ['1147', '1148', '1158', '1157', '1159', '1156', '1161', '1162'], '1066': ['1066'], '1061': ['1061', '1062', '1073', '1074'], '1033': ['1033', '1153', '1154', '1155', '1152'], '1101': ['1101', '1102', '1103', '1104', '1098', '1099', '1100'], '1109': ['1109', '1105', '1106', '1107', '1058', '1059', '1113'], '1108': ['1108', '1115'], '1110': ['1110', '1039', '1097', '1112', '1035', '1111'], '1114': ['1114', '1030', '1046', '1069', '1064', '1065', '1070', '1031', '1047'], '1038': ['1038', '1048', '1054', '1068', '1034'], '1050': ['1050'], '1067': ['1067'], '1086': ['1086', '1089', '1087', '1090', '1091', '1044'], '1036': ['1036', '1092', '1150', '1151', '1149'], '1093': ['1093', '1094', '1144', '1037'], '1145': ['1145'], '1088': ['1088', '1142', '1141', '1143', '1140'], '1077': ['1077'], '1117': ['1117', '1118', '1116', '1119', '1120'], '1146': ['1146'], '1132': ['1132'], '1133': ['1133']})"
30,"defaultdict(<class 'list'>, {'1040': ['1040', '1080', '1081', '1078'], '1079': ['1079', '1077', '1075', '1076', '1074'], '1095': ['1095'], '1082': ['1082', '1084', '1042', '1085', '1086', '1087', '1083', '1089', '1044'], '1096': ['1096', '1138', '1135', '1137', '1139', '1136', '1088', '1142', '1141', '1143', '1140'], '1041': ['1041', '1126', '1125', '1127', '1124', '1128', '1131', '1132', '1130', '1133', '1129', '1134'], '1032': ['1032', '1160', '1161', '1162', '1146'], '1052': ['1052', '1053'], '1063': ['1063', '1066', '1038', '1048', '1068', '1034', '1067'], '1051': ['1051', '1055', '1056', '1049', '1050'], '1057': ['1057', '1060', '1061', '1062', '1073', '1071', '1072'], '1147': ['1147'], '1148': ['1148', '1158', '1157', '1159', '1156'], '1033': ['1033', '1153', '1154', '1155', '1152'], '1101': ['1101', '1102', '1098', '1099', '1100'], '1109': ['1109'], '1103': ['1103', '1104', '1030', '1046', '1047'], '1105': ['1105', '1106', '1107', '1058', '1059'], '1113': ['1113'], '1108': ['1108'], '1110': ['1110', '1111', '1064', '1065', '1031'], '1114': ['1114', '1069', '1070'], '1054': ['1054'], '1039': ['1039', '1097', '1112', '1035', '1117'], '1043': ['1043', '1121', '1122', '1123', '1045'], '1036': ['1036', '1092', '1150', '1093', '1094', '1151', '1149', '1037', '1144'], '1145': ['1145'], '1090': ['1090'], '1091': ['1091'], '1115': ['1115', '1118', '1116', '1119', '1120']})"
30,"defaultdict(<class 'list'>, {'1040': ['1040', '1080', '1079', '1081', '1078'], '1095': ['1095', '1082', '1084', '1042', '1085', '1086', '1087', '1083'], '1096': ['1096', '1136', '1135', '1137', '1140'], '1138': ['1138', '1134'], '1041': ['1041', '1126', '1125', '1127', '1043', '1121', '1122', '1123', '1045', '1124', '1129'], '1128': ['1128', '1131', '1132', '1130', '1133'], '1032': ['1032', '1052', '1063', '1053', '1049', '1051', '1055', '1050', '1054'], '1160': ['1160', '1147', '1161', '1162', '1146'], '1057': ['1057', '1060', '1061', '1058', '1059'], '1071': ['1071'], '1148': ['1148', '1158', '1157', '1159'], '1066': ['1066'], '1056': ['1056'], '1072': ['1072'], '1033': ['1033', '1101', '1102', '1098', '1099', '1100', '1103', '1108', '1107'], '1109': ['1109'], '1153': ['1153', '1154', '1155', '1156', '1152'], '1105': ['1105', '1113', '1114', '1115'], '1106': ['1106'], '1110': ['1110', '1030', '1046', '1069', '1047', '1070', '1064', '1065', '1031'], '1104': ['1104'], '1038': ['1038', '1048', '1068', '1034', '1067'], '1039': ['1039', '1097', '1112', '1035', '1111'], '1089': ['1089', '1149', '1044', '1090', '1091', '1093', '1094', '1037'], '1036': ['1036', '1092', '1150', '1145', '1144'], '1151': ['1151'], '1088': ['1088', '1142', '1141', '1143', '1139'], '1062': ['1062'], '1077': ['1077', '1075', '1076', '1073', '1074'], '1117': ['1117', '1118', '1116', '1119', '1120']})"
30,"defaultdict(<class 'list'>, {'1040': ['1040', '1080', '1081', '1082', '1078', '1079', '1095', '1083'], '1084': ['1084', '1042', '1085', '1086', '1089', '1044', '1087', '1090', '1091'], '1096': ['1096', '1136', '1135', '1137', '1140', '1138', '1088', '1142', '1141', '1143', '1139'], '1041': ['1041', '1126', '1125', '1127', '1124', '1129', '1122', '1123', '1045', '1043', '1121', '1134'], '1128': ['1128', '1131', '1132', '1133'], '1032': ['1032', '1063', '1066', '1068', '1067'], '1052': ['1052', '1051', '1053', '1049', '1050', '1038', '1048', '1034'], '1160': ['1160', '1147', '1161', '1145', '1146'], '1055': ['1055'], '1057': ['1057', '1060', '1071', '1061', '1105', '1106', '1107', '1058', '1059'], '1148': ['1148', '1158', '1157', '1159', '1156', '1033', '1153', '1154', '1155', '1152', '1109'], '1056': ['1056'], '1072': ['1072', '1075', '1076', '1073', '1074'], '1162': ['1162'], '1101': ['1101'], '1102': ['1102', '1039', '1097', '1098', '1099', '1035', '1112', '1100', '1111'], '1103': ['1103', '1104'], '1113': ['1113', '1114', '1115'], '1108': ['1108'], '1110': ['1110', '1030', '1046', '1069', '1047', '1070', '1064', '1065', '1031'], '1054': ['1054'], '1036': ['1036', '1092', '1150', '1151', '1149'], '1093': ['1093'], '1094': ['1094'], '1144': ['1144'], '1037': ['1037'], '1062': ['1062'], '1077': ['1077'], '1117': ['1117', '1118', '1116', '1119', '1120'], '1130': ['1130']})"
30,"defaultdict(<class 'list'>, {'1040': ['1040', '1080', '1081', '1082', '1078', '1084', '1042', '1083', '1085'], '1079': ['1079', '1077', '1075', '1076', '1074'], '1095': ['1095'], '1096': ['1096', '1138', '1135', '1137', '1139', '1136', '1088', '1142', '1141', '1143', '1140'], '1041': ['1041', '1126', '1125', '1127', '1124', '1043', '1121', '1122', '1123', '1045'], '1128': ['1128', '1131', '1132', '1130', '1133', '1129', '1120', '1134', '1119'], '1032': ['1032', '1063', '1071', '1066', '1067'], '1052': ['1052', '1053', '1038', '1048', '1054', '1034', '1049'], '1160': ['1160', '1147', '1161', '1162', '1146'], '1051': ['1051'], '1055': ['1055'], '1057': ['1057', '1060', '1061', '1058', '1059'], '1148': ['1148', '1158', '1157', '1159', '1156'], '1056': ['1056'], '1072': ['1072', '1062', '1073'], '1033': ['1033', '1153', '1154', '1155', '1152'], '1101': ['1101', '1102', '1103', '1100'], '1109': ['1109'], '1105': ['1105', '1106', '1113', '1107', '1114', '1108', '1115', '1116'], '1110': ['1110'], '1104': ['1104'], '1050': ['1050'], '1068': ['1068'], '1039': ['1039', '1097', '1098', '1099', '1035', '1112', '1111', '1117', '1118'], '1030': ['1030'], '1046': ['1046'], '1069': ['1069', '1064', '1065', '1070', '1031'], '1047': ['1047'], '1086': ['1086', '1089', '1087', '1090', '1091', '1044'], '1036': ['1036', '1092', '1150', '1151', '1149', '1093', '1094', '1144', '1037', '1145']})"
30,"defaultdict(<class 'list'>, {'1040': ['1040', '1080', '1079', '1081', '1078'], '1095': ['1095', '1082', '1084', '1083', '1085'], '1096': ['1096', '1138', '1135', '1137', '1139', '1136', '1140'], '1041': ['1041', '1126', '1125', '1127', '1124', '1129', '1043', '1121', '1122', '1123', '1045', '1134'], '1128': ['1128', '1131', '1132', '1133'], '1032': ['1032', '1052', '1063', '1053', '1049', '1160', '1161', '1162', '1146'], '1051': ['1051', '1055', '1050'], '1057': ['1057', '1060', '1061', '1058', '1059', '1071', '1072', '1062', '1073'], '1147': ['1147', '1148', '1158', '1157', '1159', '1156', '1154', '1155'], '1066': ['1066'], '1056': ['1056', '1077', '1075', '1076', '1074'], '1033': ['1033'], '1101': ['1101'], '1109': ['1109', '1105', '1106', '1113', '1107'], '1153': ['1153'], '1102': ['1102', '1103', '1104', '1098', '1099', '1039', '1097', '1035'], '1108': ['1108'], '1110': ['1110', '1112', '1111', '1117'], '1114': ['1114', '1030', '1046', '1069', '1047', '1070', '1064', '1065', '1031'], '1038': ['1038', '1048', '1054', '1068', '1034'], '1100': ['1100'], '1067': ['1067'], '1042': ['1042'], '1086': ['1086', '1087', '1088', '1141', '1143', '1142'], '1089': ['1089', '1149', '1044', '1090', '1091'], '1036': ['1036', '1150', '1151', '1152'], '1092': ['1092'], '1093': ['1093', '1094', '1145', '1144', '1037'], '1115': ['1115', '1118', '1116', '1119', '1120'], '1130': ['1130']})"
30,"defaultdict(<class 'list'>, {'1040': ['1040', '1080', '1079', '1081', '1078', '1038', '1048', '1068', '1034', '1067', '1077'], '1095': ['1095', '1082', '1084', '1083', '1085', '1042'], '1096': ['1096', '1138', '1135', '1137', '1139'], '1136': ['1136'], '1041': ['1041'], '1126': ['1126', '1125', '1127', '1043', '1121', '1122', '1123', '1045', '1124'], '1128': ['1128', '1129', '1132', '1130', '1134', '1131', '1120', '1133'], '1032': ['1032', '1160', '1161', '1162', '1146'], '1052': ['1052', '1053', '1049', '1050', '1054', '1051', '1055', '1062'], '1063': ['1063', '1066', '1064', '1065', '1031'], '1057': ['1057', '1060', '1061', '1058', '1059', '1071'], '1147': ['1147', '1148', '1158', '1157', '1159', '1156', '1154', '1155'], '1056': ['1056'], '1072': ['1072', '1075', '1076', '1073', '1074'], '1033': ['1033', '1101', '1109', '1153', '1100', '1152'], '1102': ['1102', '1103', '1104', '1117', '1118'], '1105': ['1105', '1106', '1113', '1107', '1114'], '1108': ['1108'], '1110': ['1110', '1039', '1097', '1112', '1035', '1111'], '1098': ['1098', '1099'], '1030': ['1030', '1046', '1069', '1047', '1070'], '1086': ['1086', '1087', '1088', '1141', '1143'], '1089': ['1089', '1092', '1044', '1090', '1091', '1036'], '1150': ['1150', '1093', '1094', '1144', '1149', '1037', '1151'], '1145': ['1145'], '1142': ['1142'], '1115': ['1115'], '1116': ['1116'], '1140': ['1140'], '1119': ['1119']})"
30,"defaultdict(<class 'list'>, {'1040': ['1040', '1080', '1081', '1082', '1083'], '1079': ['1079', '1077', '1075', '1076', '1074', '1078'], '1095': ['1095'], '1084': ['1084', '1042', '1085', '1086', '1089', '1044', '1087', '1090', '1091', '1088'], '1096': ['1096', '1138', '1135', '1137', '1139'], '1136': ['1136', '1141', '1140'], '1041': ['1041', '1126', '1125', '1127', '1124'], '1128': ['1128', '1129', '1132', '1130', '1134'], '1131': ['1131'], '1032': ['1032', '1063', '1160', '1147', '1148', '1158', '1157', '1159', '1156', '1161', '1162', '1146'], '1052': ['1052', '1053', '1049', '1050', '1054', '1051', '1055', '1062'], '1057': ['1057', '1060', '1061', '1058', '1059'], '1071': ['1071', '1072', '1073'], '1066': ['1066'], '1056': ['1056'], '1033': ['1033', '1153', '1154', '1155', '1152'], '1101': ['1101', '1102', '1098', '1099', '1100'], '1109': ['1109'], '1103': ['1103'], '1105': ['1105', '1106', '1113', '1107', '1114'], '1108': ['1108'], '1110': ['1110', '1111', '1064', '1065', '1031', '1039', '1097', '1112', '1035'], '1104': ['1104', '1030', '1046', '1069', '1047', '1070'], '1038': ['1038', '1048', '1068', '1034', '1067'], '1043': ['1043', '1121', '1122', '1123', '1045'], '1036': ['1036', '1092', '1150', '1093', '1094', '1144', '1149', '1037', '1151', '1145', '1143'], '1142': ['1142'], '1115': ['1115', '1118', '1116', '1119', '1120'], '1117': ['1117'], '1133': ['1133']})"
30,"defaultdict(<class 'list'>, {'1040': ['1040', '1080', '1079', '1077', '1078'], '1081': ['1081', '1095', '1082', '1084', '1042', '1083', '1085', '1086', '1087'], '1096': ['1096', '1136', '1135', '1137', '1140', '1138', '1088', '1142', '1141', '1143', '1139'], '1041': ['1041'], '1126': ['1126', '1125', '1127', '1043', '1121', '1122', '1123', '1045', '1124'], '1128': ['1128', '1129', '1132', '1130', '1134', '1131', '1120', '1133'], '1032': ['1032', '1063', '1066', '1068', '1067'], '1052': ['1052'], '1160': ['1160', '1161', '1162', '1146', '1147', '1148', '1158', '1157', '1159', '1156', '1092', '1145'], '1051': ['1051', '1055', '1056', '1049', '1050'], '1057': ['1057', '1060', '1061', '1058', '1059'], '1071': ['1071'], '1053': ['1053', '1038', '1048', '1054', '1034', '1062'], '1072': ['1072', '1075', '1076', '1073', '1074'], '1033': ['1033', '1109', '1105', '1113', '1114'], '1101': ['1101'], '1153': ['1153', '1155'], '1102': ['1102'], '1103': ['1103'], '1106': ['1106'], '1154': ['1154', '1036', '1150', '1151', '1152'], '1108': ['1108', '1107', '1115', '1116', '1119'], '1110': ['1110', '1111', '1069', '1064', '1065', '1070', '1031'], '1104': ['1104', '1030', '1046', '1047', '1117'], '1039': ['1039', '1097', '1098', '1099', '1035'], '1112': ['1112'], '1100': ['1100'], '1089': ['1089', '1044', '1090', '1091'], '1093': ['1093', '1094', '1144', '1149', '1037'], '1118': ['1118']})"
30,"defaultdict(<class 'list'>, {'1040': ['1040', '1080', '1079', '1081', '1078', '1095', '1082', '1084', '1042', '1083', '1085', '1138'], '1096': ['1096', '1136', '1135', '1137', '1140'], '1041': ['1041', '1126', '1125', '1127', '1124', '1129', '1043', '1121', '1122', '1123', '1045'], '1128': ['1128', '1131', '1132', '1130', '1133'], '1032': ['1032', '1160', '1161', '1162', '1146', '1052', '1063', '1053', '1049'], '1051': ['1051'], '1055': ['1055'], '1057': ['1057', '1060', '1061', '1105', '1106', '1107', '1058', '1059', '1113'], '1071': ['1071'], '1147': ['1147', '1148', '1158', '1157', '1159', '1156', '1033', '1153', '1154', '1155', '1152', '1109'], '1066': ['1066', '1067', '1064', '1065', '1031', '1110'], '1056': ['1056'], '1072': ['1072'], '1101': ['1101'], '1102': ['1102', '1103', '1104', '1117', '1118', '1039', '1097', '1098', '1099', '1035', '1112', '1111'], '1108': ['1108', '1115', '1116', '1119'], '1114': ['1114'], '1038': ['1038', '1048', '1054', '1034', '1062'], '1050': ['1050'], '1068': ['1068', '1077', '1075', '1076', '1074'], '1100': ['1100'], '1030': ['1030', '1046', '1069', '1047', '1070'], '1086': ['1086', '1089', '1044', '1087', '1090'], '1036': ['1036', '1092', '1150', '1093', '1094', '1151', '1149', '1037', '1144'], '1145': ['1145'], '1088': ['1088', '1142', '1141', '1143', '1139'], '1091': ['1091'], '1073': ['1073'], '1120': ['1120'], '1134': ['1134']})"
30,"defaultdict(<class 'list'>, {'1040': ['1040', '1080', '1079', '1081', '1078'], '1095': ['1095', '1082', '1084', '1042', '1083', '1085', '1086', '1089', '1087', '1090', '1091', '1044'], '1096': ['1096'], '1136': ['1136'], '1138': ['1138'], '1041': ['1041', '1126', '1125', '1127', '1043', '1121', '1122', '1123', '1045', '1124', '1128', '1132'], '1129': ['1129', '1131', '1120', '1130', '1134'], '1032': ['1032', '1160', '1147', '1148', '1158', '1157', '1159', '1161', '1162', '1155', '1156', '1146'], '1052': ['1052', '1053', '1049', '1050', '1054'], '1063': ['1063'], '1051': ['1051'], '1055': ['1055'], '1057': ['1057', '1060', '1061', '1058', '1059', '1071', '1106'], '1066': ['1066', '1038', '1048', '1068', '1034', '1067', '1077', '1076'], '1056': ['1056'], '1072': ['1072', '1075', '1073', '1074'], '1033': ['1033', '1109', '1105', '1113'], '1101': ['1101', '1102', '1103', '1100'], '1153': ['1153'], '1154': ['1154', '1036', '1092', '1150', '1093', '1094', '1151', '1149', '1037', '1144', '1145', '1152'], '1108': ['1108', '1107', '1115', '1116', '1119'], '1110': ['1110'], '1104': ['1104'], '1114': ['1114', '1030', '1046', '1069', '1047', '1070', '1064', '1065', '1031'], '1039': ['1039', '1097', '1098', '1099', '1035', '1112', '1111', '1117', '1118'], '1088': ['1088', '1142', '1141', '1143', '1139'], '1062': ['1062'], '1135': ['1135'], '1137': ['1137', '1133'], '1140': ['1140']})"
30,"defaultdict(<class 'list'>, {'1040': ['1040', '1080', '1081', '1095', '1082', '1084', '1083', '1085', '1042'], '1079': ['1079', '1077', '1075', '1076', '1074'], '1096': ['1096', '1138', '1135', '1137', '1139', '1136', '1088', '1142', '1141', '1143', '1140'], '1041': ['1041'], '1126': ['1126'], '1125': ['1125'], '1127': ['1127'], '1128': ['1128', '1129', '1132', '1130', '1134'], '1131': ['1131', '1133'], '1032': ['1032', '1052', '1063', '1053', '1049', '1054'], '1160': ['1160', '1147', '1161', '1145', '1146', '1162'], '1051': ['1051', '1055', '1056', '1050'], '1057': ['1057', '1060', '1061', '1058', '1059', '1071', '1072', '1062', '1073'], '1148': ['1148', '1158', '1157', '1159', '1156'], '1066': ['1066', '1038', '1048', '1068', '1034', '1067'], '1033': ['1033', '1109', '1153', '1155', '1152'], '1101': ['1101', '1102', '1098', '1099', '1100'], '1103': ['1103'], '1105': ['1105', '1106', '1113', '1107', '1114'], '1154': ['1154'], '1108': ['1108'], '1110': ['1110', '1069', '1064', '1065', '1070', '1031'], '1104': ['1104', '1030', '1046', '1047', '1117'], '1039': ['1039', '1097', '1112', '1035', '1111'], '1086': ['1086', '1089', '1044', '1087', '1090'], '1043': ['1043', '1121', '1122', '1123', '1045'], '1124': ['1124'], '1036': ['1036', '1092', '1150', '1093', '1094', '1144', '1149', '1037', '1151', '1091'], '1115': ['1115', '1118', '1116', '1119', '1120'], '1078': ['1078']})"
30,"defaultdict(<class 'list'>, {'1040': ['1040', '1080', '1081', '1082', '1078', '1079', '1095', '1096', '1083'], '1084': ['1084', '1042', '1085', '1086', '1089', '1044', '1087', '1090', '1091'], '1136': ['1136', '1088', '1141', '1140'], '1138': ['1138'], '1041': ['1041', '1126', '1125', '1127', '1124', '1131', '1043', '1121', '1122', '1123', '1045', '1120'], '1128': ['1128', '1129', '1132', '1130', '1134'], '1032': ['1032', '1160', '1147', '1161', '1145', '1146', '1162'], '1052': ['1052', '1053', '1049', '1050', '1054', '1051', '1055', '1062'], '1063': ['1063'], '1057': ['1057', '1060', '1071', '1061', '1072'], '1148': ['1148', '1158', '1157', '1159', '1153', '1154', '1155', '1156', '1152'], '1066': ['1066', '1038', '1048', '1068', '1034', '1067', '1064', '1065', '1031'], '1056': ['1056', '1077', '1075', '1076', '1074'], '1033': ['1033', '1109', '1105', '1106', '1107', '1058', '1059', '1113'], '1101': ['1101', '1102', '1098', '1099', '1100', '1103', '1039', '1097', '1035'], '1108': ['1108'], '1110': ['1110', '1112', '1111', '1117'], '1104': ['1104'], '1114': ['1114', '1115', '1118', '1116', '1119'], '1030': ['1030'], '1046': ['1046'], '1069': ['1069'], '1047': ['1047'], '1070': ['1070'], '1036': ['1036', '1092', '1150', '1093', '1094', '1151', '1149', '1037', '1144'], '1142': ['1142', '1137', '1139'], '1143': ['1143'], '1073': ['1073'], '1135': ['1135'], '1133': ['1133']})"
30,"defaultdict(<class 'list'>, {'1040': ['1040', '1080', '1079', '1081', '1078', '1077', '1075', '1076', '1074'], '1095': ['1095'], '1082': ['1082', '1084', '1042', '1083', '1085'], '1096': ['1096', '1138', '1135', '1137', '1139'], '1136': ['1136'], '1041': ['1041', '1126', '1125', '1127', '1124'], '1128': ['1128', '1129', '1132', '1130', '1134', '1131', '1133'], '1032': ['1032', '1160', '1161', '1162', '1146', '1147', '1148', '1158', '1157', '1159', '1156', '1145'], '1052': ['1052'], '1063': ['1063'], '1051': ['1051', '1055', '1056', '1049', '1050'], '1057': ['1057', '1060', '1071', '1061', '1105', '1106', '1107', '1058', '1059'], '1053': ['1053', '1054', '1062'], '1066': ['1066', '1110', '1064', '1065'], '1072': ['1072', '1070', '1073'], '1033': ['1033', '1109', '1153', '1155', '1152', '1154'], '1101': ['1101', '1102', '1098', '1099', '1100', '1103', '1108'], '1113': ['1113', '1114', '1115'], '1104': ['1104', '1030', '1046', '1069', '1047', '1031'], '1038': ['1038', '1048', '1068', '1034', '1067'], '1039': ['1039', '1097', '1112', '1035', '1111'], '1086': ['1086', '1089', '1044', '1087', '1090'], '1043': ['1043'], '1121': ['1121'], '1122': ['1122'], '1123': ['1123'], '1036': ['1036', '1092', '1150', '1151', '1149', '1093', '1094', '1144', '1037', '1091'], '1088': ['1088', '1142', '1141', '1143', '1140'], '1045': ['1045'], '1117': ['1117', '1118', '1116', '1119', '1120']})"
30,"defaultdict(<class 'list'>, {'1040': ['1040', '1080', '1079', '1081', '1078'], '1095': ['1095'], '1082': ['1082', '1084', '1042', '1083', '1085'], '1096': ['1096', '1138', '1135', '1137', '1139'], '1136': ['1136'], '1041': ['1041', '1126', '1125', '1043', '1121', '1122', '1123', '1045', '1124', '1127', '1129', '1119'], '1128': ['1128', '1131', '1132', '1130', '1133', '1120', '1134'], '1032': ['1032', '1160', '1147', '1161', '1145', '1146', '1162', '1148', '1158', '1157', '1159', '1156'], '1052': ['1052', '1051', '1053', '1049', '1050', '1038', '1048', '1054', '1034'], '1063': ['1063', '1071', '1066', '1067'], '1055': ['1055', '1056'], '1057': ['1057', '1060', '1061', '1058', '1059', '1105', '1106', '1113', '1107'], '1072': ['1072', '1075', '1076', '1073', '1074'], '1033': ['1033', '1153', '1154', '1036', '1150', '1151', '1152', '1155'], '1101': ['1101', '1108', '1100'], '1109': ['1109'], '1102': ['1102'], '1103': ['1103', '1104'], '1110': ['1110', '1039', '1097', '1098', '1099', '1035', '1112', '1111', '1117'], '1114': ['1114', '1030', '1046', '1069', '1047', '1070', '1064', '1065', '1031'], '1068': ['1068'], '1086': ['1086', '1087', '1088', '1141', '1143', '1142'], '1089': ['1089', '1092', '1044', '1090', '1091'], '1093': ['1093', '1094', '1144', '1149', '1037'], '1115': ['1115'], '1062': ['1062'], '1077': ['1077'], '1118': ['1118'], '1116': ['1116'], '1140': ['1140']})"
30,"defaultdict(<class 'list'>, {'1040': ['1040', '1080', '1081', '1082', '1078', '1095', '1083'], '1079': ['1079', '1077', '1075', '1076', '1074'], '1084': ['1084', '1042', '1085', '1086', '1089', '1044', '1087', '1090', '1091'], '1096': ['1096', '1138', '1135', '1137', '1139', '1136', '1088', '1142', '1141', '1143', '1140'], '1041': ['1041', '1126', '1125', '1127', '1043', '1121', '1122', '1123', '1045', '1124'], '1128': ['1128', '1131', '1132', '1130', '1133', '1129', '1120', '1134'], '1032': ['1032', '1160', '1161', '1162', '1146'], '1052': ['1052', '1053', '1049', '1050', '1054'], '1063': ['1063'], '1051': ['1051', '1055', '1056'], '1057': ['1057', '1060', '1061', '1062', '1073', '1071', '1072'], '1147': ['1147', '1148', '1158', '1157', '1159'], '1066': ['1066', '1067', '1064', '1065', '1031'], '1033': ['1033', '1153', '1154', '1155', '1152'], '1101': ['1101'], '1109': ['1109', '1105', '1106', '1107', '1058', '1059', '1113'], '1102': ['1102', '1039', '1097', '1098', '1099', '1035', '1112', '1100', '1111'], '1103': ['1103'], '1108': ['1108'], '1110': ['1110'], '1104': ['1104', '1030', '1046', '1047', '1117'], '1114': ['1114', '1115', '1118', '1116', '1119'], '1156': ['1156'], '1038': ['1038'], '1048': ['1048'], '1068': ['1068'], '1034': ['1034'], '1069': ['1069'], '1070': ['1070'], '1036': ['1036', '1092', '1150', '1093', '1094', '1151', '1149', '1037', '1144', '1145']})"
30,"defaultdict(<class 'list'>, {'1040': ['1040', '1080', '1081', '1082', '1078', '1095', '1083'], '1079': ['1079', '1077', '1075', '1076', '1074'], '1084': ['1084', '1042', '1085', '1086', '1089', '1044', '1087', '1090', '1091'], '1096': ['1096', '1138', '1135', '1137', '1139', '1136', '1140'], '1041': ['1041'], '1126': ['1126', '1125', '1127', '1043', '1121', '1122', '1123', '1045', '1124'], '1128': ['1128', '1131', '1132', '1130', '1133', '1129', '1134'], '1032': ['1032', '1052', '1063', '1053', '1049', '1160', '1161', '1162', '1146'], '1051': ['1051', '1055', '1056', '1046', '1047'], '1057': ['1057', '1060', '1061', '1105', '1106', '1107', '1058', '1059', '1062'], '1071': ['1071', '1072', '1073'], '1147': ['1147', '1148', '1158', '1157', '1159', '1033', '1153', '1155', '1156'], '1066': ['1066'], '1101': ['1101', '1102', '1103', '1039', '1097', '1098', '1099', '1035', '1100', '1104'], '1109': ['1109'], '1113': ['1113'], '1154': ['1154', '1036', '1150', '1151', '1152', '1092', '1093', '1094', '1144', '1149', '1037', '1145'], '1108': ['1108'], '1110': ['1110'], '1114': ['1114'], '1038': ['1038', '1048', '1068', '1034', '1067'], '1050': ['1050'], '1054': ['1054'], '1112': ['1112'], '1111': ['1111'], '1030': ['1030'], '1069': ['1069', '1064', '1065', '1070', '1031'], '1088': ['1088', '1142', '1141', '1143'], '1115': ['1115'], '1117': ['1117', '1118', '1116', '1119', '1120']})"
30,"defaultdict(<class 'list'>, {'1040': ['1040', '1080', '1038', '1048', '1068', '1034', '1067', '1077', '1078'], '1079': ['1079', '1081', '1095', '1082', '1084', '1042', '1083', '1085'], '1096': ['1096', '1136', '1135', '1137', '1140', '1138', '1088', '1142', '1141', '1143', '1139'], '1041': ['1041', '1126', '1125', '1127', '1124', '1129', '1122', '1123', '1045', '1043', '1121', '1134'], '1128': ['1128', '1131', '1120', '1132', '1133'], '1032': ['1032', '1160', '1161', '1162', '1146'], '1052': ['1052', '1051', '1053', '1049', '1050', '1055', '1054', '1062'], '1063': ['1063', '1057', '1060', '1071', '1061'], '1147': ['1147', '1036', '1092', '1150', '1093', '1094', '1151', '1149', '1037', '1145', '1144', '1091'], '1148': ['1148', '1158', '1157', '1159', '1153', '1154', '1155', '1156', '1152'], '1066': ['1066', '1069', '1064', '1065', '1070', '1031'], '1056': ['1056'], '1072': ['1072', '1075', '1076', '1073', '1074'], '1033': ['1033'], '1101': ['1101'], '1109': ['1109'], '1102': ['1102'], '1103': ['1103', '1104', '1030', '1046', '1047'], '1105': ['1105', '1106', '1107', '1058', '1059'], '1113': ['1113'], '1108': ['1108'], '1110': ['1110'], '1114': ['1114'], '1039': ['1039', '1097', '1112', '1035', '1111', '1098', '1099', '1117', '1118'], '1100': ['1100'], '1086': ['1086', '1089', '1044', '1087', '1090'], '1115': ['1115'], '1116': ['1116'], '1119': ['1119'], '1130': ['1130']})"
30,"defaultdict(<class 'list'>, {'1040': ['1040', '1080', '1079', '1081', '1078'], '1095': ['1095'], '1082': ['1082'], '1084': ['1084', '1042', '1085', '1086', '1089', '1044', '1087', '1090', '1091'], '1096': ['1096', '1138', '1135', '1137', '1139', '1136', '1088', '1142', '1141', '1143', '1140'], '1041': ['1041'], '1126': ['1126', '1125', '1127', '1043', '1121', '1122', '1123', '1045', '1124'], '1128': ['1128', '1131', '1132', '1130', '1133', '1129', '1134'], '1032': ['1032', '1052', '1063', '1053', '1049', '1051', '1055', '1050', '1054'], '1160': ['1160'], '1057': ['1057', '1060', '1061', '1058', '1059', '1062', '1071'], '1147': ['1147', '1148', '1158', '1157', '1159'], '1161': ['1161'], '1066': ['1066'], '1056': ['1056'], '1072': ['1072'], '1162': ['1162'], '1033': ['1033', '1109', '1110', '1039', '1097', '1112', '1035', '1111'], '1101': ['1101', '1102', '1098', '1099', '1100', '1103', '1108'], '1153': ['1153', '1154', '1155', '1156', '1152'], '1105': ['1105', '1106', '1113', '1107', '1114'], '1104': ['1104', '1030', '1046', '1069', '1064', '1065', '1070', '1031', '1047'], '1038': ['1038', '1048', '1068', '1034', '1067'], '1083': ['1083'], '1036': ['1036'], '1092': ['1092', '1150', '1093', '1094', '1144', '1149', '1037', '1145', '1151'], '1115': ['1115'], '1077': ['1077', '1075', '1076', '1073', '1074'], '1117': ['1117', '1118', '1116', '1119', '1120'], '1146': ['1146']})"
30,"defaultdict(<class 'list'>, {'1040': ['1040', '1080', '1079', '1081', '1078', '1095', '1082', '1096', '1083'], '1084': ['1084', '1042', '1085', '1086', '1087'], '1136': ['1136'], '1138': ['1138', '1137', '1139'], '1041': ['1041', '1126', '1125', '1127', '1124', '1129', '1043', '1121', '1122', '1123', '1045', '1119'], '1128': ['1128', '1131', '1132', '1130', '1133'], '1032': ['1032', '1052', '1063', '1053', '1049', '1160', '1161', '1162', '1146'], '1051': ['1051', '1038', '1048', '1050', '1034'], '1055': ['1055'], '1057': ['1057', '1060', '1071', '1061', '1072'], '1147': ['1147', '1093', '1094', '1145', '1144', '1037'], '1148': ['1148', '1158', '1157', '1159', '1156', '1153', '1154', '1155', '1152'], '1066': ['1066', '1068', '1067'], '1056': ['1056'], '1033': ['1033', '1109', '1113', '1110', '1111'], '1101': ['1101', '1102', '1039', '1097', '1098', '1099', '1035', '1112', '1100', '1117', '1103', '1104'], '1105': ['1105', '1106', '1107', '1058', '1059'], '1108': ['1108'], '1114': ['1114', '1030', '1046', '1069', '1064', '1065', '1070', '1031', '1047'], '1054': ['1054'], '1089': ['1089', '1149', '1044', '1090', '1091'], '1036': ['1036', '1092', '1150', '1151'], '1088': ['1088', '1142', '1141', '1143', '1140'], '1115': ['1115'], '1062': ['1062'], '1077': ['1077', '1075', '1076', '1073', '1074'], '1118': ['1118'], '1116': ['1116'], '1135': ['1135', '1134'], '1120': ['1120']})"
31,"defaultdict(<class 'list'>, {'1040': ['1040', '1080', '1081', '1082', '1078', '1079', '1095', '1083'], '1084': ['1084', '1042', '1085', '1086', '1089', '1044', '1087', '1090', '1091'], '1096': ['1096', '1136', '1135', '1137', '1140', '1138', '1088', '1142', '1141', '1143', '1139'], '1041': ['1041', '1126', '1125', '1127', '1124', '1129', '1122', '1123', '1045', '1043', '1121', '1134'], '1128': ['1128', '1131', '1132', '1133'], '1032': ['1032', '1063', '1066', '1068', '1067'], '1052': ['1052', '1051', '1053', '1049', '1050', '1038', '1048', '1034'], '1160': ['1160', '1147', '1161', '1145', '1146'], '1055': ['1055'], '1057': ['1057', '1060', '1071', '1061', '1105', '1106', '1107', '1058', '1059'], '1148': ['1148', '1158', '1157', '1159', '1156', '1033', '1153', '1154', '1155', '1152', '1109'], '1056': ['1056'], '1072': ['1072', '1075', '1076', '1073', '1074'], '1162': ['1162'], '1101': ['1101'], '1102': ['1102', '1039', '1097', '1098', '1099', '1035', '1112', '1100', '1111'], '1103': ['1103'], '1113': ['1113', '1114', '1115'], '1108': ['1108'], '1110': ['1110', '1030', '1046', '1069', '1047', '1070', '1064', '1065', '1031'], '1104': ['1104'], '1054': ['1054'], '1036': ['1036', '1092', '1150', '1151', '1149'], '1093': ['1093'], '1094': ['1094'], '1144': ['1144'], '1037': ['1037'], '1062': ['1062'], '1077': ['1077'], '1117': ['1117', '1118', '1116', '1119', '1120'], '1130': ['1130']})"
31,"defaultdict(<class 'list'>, {'1040': ['1040', '1080', '1081', '1082', '1078', '1079', '1084', '1042', '1083', '1095'], '1096': ['1096', '1138', '1135', '1137', '1139'], '1136': ['1136'], '1041': ['1041'], '1126': ['1126', '1125', '1127', '1128', '1124'], '1129': ['1129', '1131', '1120', '1130', '1134'], '1032': ['1032', '1160', '1147', '1161', '1145', '1146', '1148', '1158', '1157', '1159', '1156', '1162'], '1052': ['1052', '1053', '1049', '1050', '1054'], '1063': ['1063', '1071', '1072'], '1051': ['1051'], '1055': ['1055'], '1057': ['1057', '1060', '1061', '1105', '1106', '1107', '1058', '1059', '1113'], '1066': ['1066'], '1056': ['1056', '1077', '1075', '1076', '1074'], '1033': ['1033', '1153', '1154', '1155', '1152'], '1101': ['1101', '1102', '1098', '1099', '1100', '1103', '1039', '1097', '1035'], '1109': ['1109'], '1108': ['1108', '1114', '1115'], '1110': ['1110', '1111', '1064', '1065', '1031'], '1104': ['1104'], '1038': ['1038', '1048', '1068', '1034', '1067'], '1112': ['1112', '1117', '1118', '1116', '1119'], '1030': ['1030', '1046', '1069', '1047', '1070'], '1085': ['1085', '1086', '1089', '1044', '1087', '1090', '1091'], '1043': ['1043', '1121', '1122', '1123', '1045'], '1036': ['1036', '1092', '1150', '1093', '1094', '1151', '1149', '1037', '1144'], '1088': ['1088', '1142', '1141', '1143', '1140'], '1062': ['1062'], '1073': ['1073'], '1132': ['1132'], '1133': ['1133']})"
31,"defaultdict(<class 'list'>, {'1040': ['1040', '1080', '1079', '1081', '1078', '1095', '1082', '1084', '1042', '1083', '1085', '1096'], '1136': ['1136', '1133'], '1138': ['1138', '1137', '1139'], '1041': ['1041', '1126', '1125', '1127', '1128', '1124', '1122', '1123', '1045', '1043', '1121', '1132'], '1129': ['1129'], '1131': ['1131'], '1032': ['1032', '1160', '1161', '1162', '1146'], '1052': ['1052', '1053'], '1063': ['1063', '1071', '1072'], '1051': ['1051', '1055', '1056', '1049', '1050'], '1057': ['1057', '1060', '1061', '1058', '1059'], '1147': ['1147', '1148', '1158', '1157', '1159', '1156', '1033', '1153', '1154', '1155', '1152', '1109'], '1066': ['1066'], '1101': ['1101', '1102', '1098', '1099', '1100'], '1103': ['1103'], '1105': ['1105', '1106', '1113', '1108', '1107'], '1110': ['1110'], '1104': ['1104'], '1114': ['1114', '1030', '1046', '1069', '1064', '1065', '1070', '1031', '1047'], '1038': ['1038', '1048', '1068', '1034', '1067'], '1054': ['1054', '1062'], '1039': ['1039', '1097', '1112', '1035', '1111'], '1086': ['1086', '1089', '1044', '1087', '1090'], '1036': ['1036', '1092', '1145', '1144', '1150', '1093', '1094', '1151', '1149', '1037', '1091'], '1088': ['1088', '1142', '1141', '1143', '1140'], '1115': ['1115', '1118', '1116', '1119', '1120'], '1077': ['1077', '1075', '1076', '1073', '1074'], '1117': ['1117'], '1135': ['1135'], '1130': ['1130'], '1134': ['1134']})"
31,"defaultdict(<class 'list'>, {'1040': ['1040', '1080', '1079', '1077', '1078'], '1081': ['1081', '1095', '1082', '1084', '1042', '1083', '1085', '1086', '1087'], '1096': ['1096', '1136', '1135', '1137', '1140', '1138', '1088', '1142', '1141', '1143', '1139'], '1041': ['1041'], '1126': ['1126', '1125', '1127', '1043', '1121', '1122', '1123', '1045', '1124'], '1128': ['1128', '1129', '1132', '1130', '1134', '1131', '1120', '1133'], '1032': ['1032', '1063', '1066', '1068', '1067'], '1052': ['1052'], '1160': ['1160', '1161', '1162', '1146', '1147', '1148', '1158', '1157', '1159', '1156', '1092', '1145'], '1051': ['1051', '1055', '1056', '1049', '1050'], '1057': ['1057', '1060', '1061', '1058', '1059'], '1071': ['1071'], '1053': ['1053', '1038', '1048', '1054', '1034', '1062'], '1072': ['1072', '1075', '1076', '1073', '1074'], '1033': ['1033', '1109', '1105', '1113', '1114'], '1101': ['1101'], '1153': ['1153'], '1102': ['1102'], '1103': ['1103'], '1106': ['1106'], '1154': ['1154', '1036', '1150', '1151', '1152'], '1155': ['1155'], '1108': ['1108', '1107', '1115', '1116', '1119'], '1110': ['1110', '1111', '1069', '1064', '1065', '1070', '1031'], '1104': ['1104', '1030', '1046', '1047', '1117'], '1039': ['1039', '1097', '1098', '1099', '1035'], '1112': ['1112'], '1100': ['1100'], '1089': ['1089', '1044', '1090', '1091'], '1093': ['1093', '1094', '1144', '1149', '1037'], '1118': ['1118']})"
31,"defaultdict(<class 'list'>, {'1040': ['1040'], '1080': ['1080', '1079', '1077', '1076', '1078'], '1081': ['1081'], '1095': ['1095', '1082', '1084', '1042', '1083', '1085', '1086', '1089', '1044', '1087', '1090', '1091'], '1096': ['1096', '1138', '1135', '1137', '1139', '1136', '1088', '1142', '1141', '1143', '1140'], '1041': ['1041'], '1126': ['1126', '1125', '1127', '1043', '1121', '1122', '1123', '1045', '1124'], '1128': ['1128', '1129', '1132', '1130', '1134', '1131', '1120', '1133'], '1032': ['1032', '1052', '1063', '1053', '1049', '1051', '1055', '1050', '1054'], '1160': ['1160', '1147', '1161', '1162', '1146'], '1057': ['1057'], '1060': ['1060'], '1071': ['1071'], '1148': ['1148', '1158', '1157', '1159', '1156'], '1066': ['1066', '1110', '1111', '1064', '1065', '1031'], '1056': ['1056', '1030', '1046', '1069', '1047', '1070'], '1061': ['1061', '1062', '1075', '1073', '1074'], '1072': ['1072'], '1033': ['1033', '1153', '1154', '1155', '1152'], '1101': ['1101', '1102', '1098', '1099', '1100', '1103', '1039', '1097', '1035'], '1109': ['1109'], '1105': ['1105', '1106', '1107', '1058', '1059', '1113', '1108', '1114', '1115'], '1104': ['1104', '1117', '1118', '1116', '1119'], '1038': ['1038', '1048', '1068', '1034', '1067'], '1112': ['1112'], '1036': ['1036'], '1092': ['1092'], '1150': ['1150'], '1093': ['1093', '1094', '1151', '1149', '1037'], '1145': ['1145'], '1144': ['1144']})"
31,"defaultdict(<class 'list'>, {'1040': ['1040', '1080', '1081', '1078', '1079', '1095', '1082', '1084', '1042', '1083', '1085'], '1096': ['1096', '1138', '1135', '1137', '1139', '1136', '1140'], '1041': ['1041'], '1126': ['1126', '1125', '1127', '1043', '1121', '1122', '1123', '1045', '1124'], '1128': ['1128', '1131', '1132', '1130', '1133', '1129', '1134'], '1032': ['1032', '1160', '1161', '1162', '1146'], '1052': ['1052', '1053', '1049', '1050', '1054', '1051', '1055', '1062'], '1063': ['1063', '1057', '1060', '1071', '1061'], '1147': ['1147', '1148', '1158', '1157', '1159'], '1066': ['1066'], '1056': ['1056'], '1072': ['1072'], '1033': ['1033', '1109', '1110', '1039', '1097', '1098', '1099', '1035', '1112', '1111'], '1101': ['1101', '1102', '1103', '1104', '1100'], '1153': ['1153'], '1105': ['1105', '1106', '1107', '1058', '1059', '1113', '1108', '1114', '1115'], '1154': ['1154'], '1155': ['1155'], '1156': ['1156'], '1038': ['1038', '1048', '1068', '1034', '1067'], '1030': ['1030', '1046', '1069', '1047', '1070'], '1064': ['1064'], '1065': ['1065'], '1031': ['1031'], '1086': ['1086', '1087', '1088', '1141', '1143', '1089', '1044', '1090', '1142'], '1036': ['1036', '1092', '1150', '1093', '1094', '1151', '1149', '1037', '1144'], '1145': ['1145'], '1091': ['1091'], '1077': ['1077', '1075', '1076', '1073', '1074'], '1117': ['1117', '1118', '1116', '1119', '1120'], '1152': ['1152']})"
31,"defaultdict(<class 'list'>, {'1040': ['1040', '1080', '1079', '1081', '1078', '1095', '1082', '1084', '1042', '1083', '1085', '1096'], '1136': ['1136', '1135', '1140'], '1138': ['1138'], '1041': ['1041', '1126', '1125', '1127', '1043', '1121', '1122', '1123', '1045', '1124', '1128', '1132'], '1129': ['1129'], '1131': ['1131'], '1032': ['1032', '1160', '1161', '1162', '1146', '1147', '1148', '1158', '1156', '1157', '1159'], '1052': ['1052', '1051', '1053', '1049', '1050'], '1063': ['1063', '1071', '1072'], '1055': ['1055'], '1057': ['1057', '1060', '1061', '1105', '1106', '1107', '1058', '1059', '1113'], '1066': ['1066'], '1056': ['1056'], '1033': ['1033', '1153', '1154', '1155', '1152'], '1101': ['1101', '1102', '1103', '1108', '1100'], '1109': ['1109', '1110'], '1104': ['1104'], '1114': ['1114', '1030', '1046', '1069', '1064', '1065', '1070', '1031', '1047'], '1038': ['1038', '1048', '1068', '1034', '1067'], '1054': ['1054'], '1039': ['1039', '1097', '1098', '1099', '1035', '1112', '1111', '1117', '1118'], '1086': ['1086', '1089', '1044', '1087', '1090', '1088', '1142', '1091', '1141', '1143'], '1036': ['1036', '1092', '1150', '1093', '1094', '1151', '1149', '1037', '1144', '1145'], '1115': ['1115', '1116', '1119', '1120'], '1062': ['1062'], '1077': ['1077', '1075', '1076', '1073', '1074'], '1137': ['1137'], '1139': ['1139'], '1130': ['1130'], '1134': ['1134'], '1133': ['1133']})"
31,"defaultdict(<class 'list'>, {'1040': ['1040', '1080', '1081', '1095', '1082', '1084', '1083', '1085', '1042'], '1079': ['1079', '1077', '1075', '1076', '1074'], '1096': ['1096', '1138', '1135', '1137', '1139', '1136', '1088', '1142', '1141', '1143', '1140'], '1041': ['1041'], '1126': ['1126'], '1125': ['1125'], '1127': ['1127'], '1128': ['1128', '1129', '1132', '1130', '1134'], '1131': ['1131', '1133'], '1032': ['1032', '1052', '1063', '1053', '1049', '1054'], '1160': ['1160', '1147', '1161', '1145', '1146', '1162'], '1051': ['1051', '1055', '1056', '1050'], '1057': ['1057', '1060', '1061', '1058', '1059', '1071', '1072', '1062', '1073'], '1148': ['1148', '1158', '1157', '1159', '1156'], '1066': ['1066', '1038', '1048', '1068', '1034', '1067'], '1033': ['1033', '1109', '1153', '1155', '1152'], '1101': ['1101', '1102', '1098', '1099', '1100'], '1103': ['1103'], '1105': ['1105', '1106', '1113', '1107', '1114'], '1154': ['1154'], '1108': ['1108'], '1110': ['1110'], '1104': ['1104', '1030', '1046', '1047', '1117'], '1039': ['1039', '1097', '1112', '1035', '1111'], '1069': ['1069', '1064', '1065', '1070', '1031'], '1086': ['1086', '1089', '1044', '1087', '1090'], '1043': ['1043', '1121', '1122', '1123', '1045'], '1124': ['1124'], '1036': ['1036', '1092', '1150', '1093', '1094', '1144', '1149', '1037', '1151', '1091'], '1115': ['1115', '1118', '1116', '1119', '1120'], '1078': ['1078']})"
31,"defaultdict(<class 'list'>, {'1040': ['1040', '1080', '1079', '1081', '1078', '1038', '1048', '1068', '1034', '1067', '1077'], '1095': ['1095', '1082', '1084', '1083', '1085', '1042'], '1096': ['1096', '1138', '1135', '1137', '1139'], '1136': ['1136'], '1041': ['1041'], '1126': ['1126', '1125', '1127', '1043', '1121', '1122', '1123', '1045', '1124'], '1128': ['1128', '1129', '1132', '1130', '1134', '1131', '1120', '1133'], '1032': ['1032', '1160', '1161', '1162', '1146'], '1052': ['1052', '1053', '1049', '1050', '1054', '1051', '1055', '1062'], '1063': ['1063', '1066', '1064', '1065', '1031'], '1057': ['1057', '1060', '1061', '1058', '1059', '1071'], '1147': ['1147', '1148', '1158', '1157', '1159', '1156', '1154', '1155'], '1056': ['1056'], '1072': ['1072', '1075', '1076', '1073', '1074'], '1033': ['1033', '1101', '1109', '1153', '1100'], '1102': ['1102', '1103', '1104', '1117', '1118'], '1105': ['1105', '1106', '1113', '1107', '1114'], '1108': ['1108'], '1110': ['1110', '1039', '1097', '1112', '1035', '1111'], '1098': ['1098', '1099'], '1030': ['1030', '1046', '1069', '1047', '1070'], '1086': ['1086', '1087', '1088', '1141', '1143'], '1089': ['1089', '1092', '1044', '1090', '1091', '1036'], '1150': ['1150', '1093', '1094', '1144', '1149', '1037', '1151'], '1145': ['1145'], '1142': ['1142'], '1115': ['1115'], '1152': ['1152'], '1116': ['1116'], '1140': ['1140'], '1119': ['1119']})"
31,"defaultdict(<class 'list'>, {'1040': ['1040', '1080', '1081', '1082', '1078', '1079', '1095', '1096', '1083'], '1084': ['1084', '1042', '1085', '1086', '1087'], '1136': ['1136', '1133'], '1138': ['1138', '1137', '1139'], '1041': ['1041', '1126', '1125', '1127', '1131', '1124', '1128', '1043', '1121', '1122', '1123', '1045'], '1129': ['1129'], '1032': ['1032', '1160', '1161', '1162', '1146'], '1052': ['1052', '1051', '1053', '1049', '1050', '1054'], '1063': ['1063', '1057', '1060', '1071', '1061'], '1055': ['1055', '1056', '1075', '1076', '1074'], '1147': ['1147'], '1148': ['1148', '1158', '1157', '1159', '1153', '1154', '1155', '1156', '1152'], '1066': ['1066', '1038', '1048', '1068', '1034', '1067', '1077'], '1072': ['1072', '1062', '1073'], '1033': ['1033', '1101', '1102', '1098', '1099', '1100', '1103', '1039', '1097', '1035', '1112'], '1109': ['1109'], '1105': ['1105', '1106', '1113', '1107', '1114', '1108', '1058', '1059', '1115'], '1110': ['1110', '1111', '1064', '1065', '1031', '1030', '1046', '1069', '1047', '1070'], '1104': ['1104'], '1089': ['1089'], '1036': ['1036', '1092', '1150', '1151'], '1093': ['1093', '1094', '1145', '1144', '1037'], '1149': ['1149'], '1044': ['1044'], '1088': ['1088', '1142', '1141', '1143', '1140'], '1090': ['1090'], '1091': ['1091'], '1117': ['1117', '1118', '1116', '1119', '1120'], '1135': ['1135', '1134'], '1132': ['1132'], '1130': ['1130']})"
31,"defaultdict(<class 'list'>, {'1040': ['1040', '1080', '1079', '1081', '1078'], '1095': ['1095'], '1082': ['1082', '1084', '1042', '1083', '1085'], '1096': ['1096', '1138', '1135', '1137', '1139'], '1136': ['1136'], '1041': ['1041', '1126', '1125', '1043', '1121', '1122', '1123', '1045', '1124', '1127', '1129', '1119'], '1128': ['1128', '1131', '1132', '1130', '1133', '1120', '1134'], '1032': ['1032', '1160', '1147', '1161', '1145', '1146', '1162', '1148', '1158', '1157', '1159', '1156'], '1052': ['1052', '1051', '1053', '1049', '1050', '1038', '1048', '1054', '1034'], '1063': ['1063', '1071', '1066', '1067'], '1055': ['1055'], '1057': ['1057', '1060', '1061', '1058', '1059', '1105', '1106', '1113', '1107'], '1056': ['1056'], '1072': ['1072', '1075', '1076', '1073', '1074'], '1033': ['1033', '1153', '1154', '1036', '1150', '1151', '1152', '1155'], '1101': ['1101', '1108', '1100'], '1109': ['1109'], '1102': ['1102'], '1103': ['1103', '1104'], '1110': ['1110', '1039', '1097', '1098', '1099', '1035', '1112', '1111', '1117'], '1114': ['1114', '1030', '1046', '1069', '1047', '1070', '1064', '1065', '1031'], '1068': ['1068'], '1086': ['1086', '1087', '1088', '1141', '1143', '1142'], '1089': ['1089', '1092', '1044', '1090', '1091'], '1093': ['1093', '1094', '1144', '1149', '1037'], '1115': ['1115'], '1062': ['1062'], '1077': ['1077'], '1118': ['1118'], '1116': ['1116'], '1140': ['1140']})"
31,"defaultdict(<class 'list'>, {'1040': ['1040', '1080', '1079', '1081', '1078'], '1095': ['1095'], '1082': ['1082', '1084', '1042', '1085', '1086', '1087', '1083', '1089', '1044'], '1096': ['1096', '1138', '1135', '1137', '1139'], '1136': ['1136'], '1041': ['1041', '1126', '1125', '1127', '1124', '1131', '1043', '1121', '1122', '1123', '1045', '1133'], '1128': ['1128', '1129', '1130', '1134'], '1032': ['1032', '1063', '1160', '1161', '1162', '1147', '1148', '1158', '1157', '1159', '1156', '1146'], '1052': ['1052'], '1051': ['1051', '1055', '1056', '1049', '1050'], '1057': ['1057', '1060', '1061', '1058', '1059', '1105', '1106', '1113', '1107'], '1071': ['1071', '1072', '1073', '1074'], '1053': ['1053', '1038', '1048', '1054', '1034'], '1066': ['1066', '1068', '1067', '1077', '1076'], '1033': ['1033', '1153', '1154', '1155', '1152'], '1101': ['1101', '1102', '1098', '1099', '1100', '1103', '1039', '1097', '1035'], '1109': ['1109'], '1108': ['1108'], '1110': ['1110'], '1104': ['1104', '1030', '1046', '1047'], '1114': ['1114'], '1112': ['1112'], '1111': ['1111'], '1069': ['1069', '1064', '1065', '1070', '1031'], '1036': ['1036', '1092', '1150', '1093', '1094', '1144', '1149', '1037', '1145', '1151', '1090', '1091'], '1088': ['1088', '1142', '1141', '1143', '1140'], '1115': ['1115'], '1062': ['1062'], '1117': ['1117', '1118', '1116', '1119', '1120'], '1075': ['1075'], '1132': ['1132']})"
31,"defaultdict(<class 'list'>, {'1040': ['1040', '1080', '1079', '1081', '1078', '1095', '1082', '1084', '1042', '1083', '1085', '1096'], '1136': ['1136', '1135', '1140'], '1138': ['1138'], '1041': ['1041', '1126', '1125', '1127', '1124', '1131', '1122', '1123', '1045', '1043', '1121'], '1128': ['1128', '1129', '1132', '1130', '1134'], '1032': ['1032', '1052', '1063', '1053', '1049', '1160', '1161', '1162', '1146'], '1051': ['1051', '1055', '1056', '1050'], '1057': ['1057', '1060', '1071', '1061', '1072'], '1147': ['1147', '1148', '1158', '1157', '1159', '1156', '1145'], '1066': ['1066', '1038', '1048', '1068', '1034', '1067'], '1033': ['1033', '1109', '1153', '1155', '1152', '1101', '1154', '1100'], '1102': ['1102', '1039', '1097', '1098', '1099', '1035', '1112'], '1103': ['1103'], '1105': ['1105', '1106', '1107', '1058', '1059'], '1113': ['1113'], '1108': ['1108'], '1110': ['1110', '1111', '1064', '1065', '1031'], '1104': ['1104'], '1114': ['1114'], '1054': ['1054', '1062'], '1030': ['1030', '1046', '1069', '1047', '1070'], '1086': ['1086', '1089', '1092', '1044', '1090', '1091', '1036', '1087'], '1150': ['1150'], '1093': ['1093', '1094', '1151', '1149', '1037'], '1144': ['1144'], '1088': ['1088', '1142', '1141', '1143', '1139'], '1115': ['1115'], '1077': ['1077', '1075', '1076', '1073', '1074'], '1117': ['1117', '1118', '1116', '1119', '1120'], '1137': ['1137'], '1133': ['1133']})"
31,"defaultdict(<class 'list'>, {'1040': ['1040', '1080', '1079', '1077', '1076', '1078', '1081'], '1095': ['1095'], '1082': ['1082', '1084', '1042', '1083', '1085'], '1096': ['1096', '1138', '1135', '1137', '1139'], '1136': ['1136'], '1041': ['1041', '1126', '1125', '1127', '1124', '1043', '1121', '1122', '1123', '1045'], '1128': ['1128', '1131', '1132', '1130', '1133', '1129', '1120', '1134'], '1032': ['1032', '1052', '1053', '1049', '1050', '1054', '1063', '1051', '1055'], '1160': ['1160'], '1057': ['1057', '1060', '1061', '1105', '1106', '1107', '1058', '1059', '1113'], '1071': ['1071'], '1147': ['1147', '1036', '1092', '1150', '1093', '1094', '1151', '1149', '1037', '1145', '1144', '1091'], '1148': ['1148', '1158', '1157', '1159', '1033', '1153', '1154', '1155', '1152', '1156', '1109'], '1161': ['1161'], '1066': ['1066', '1110', '1064', '1065', '1031'], '1056': ['1056', '1104', '1030', '1046', '1047'], '1072': ['1072', '1075', '1073', '1074'], '1162': ['1162'], '1101': ['1101', '1102', '1098', '1099', '1100'], '1103': ['1103'], '1108': ['1108', '1115', '1118', '1116', '1119'], '1114': ['1114'], '1038': ['1038', '1048', '1068', '1034', '1067'], '1039': ['1039', '1097', '1112', '1035', '1111', '1117'], '1069': ['1069'], '1070': ['1070'], '1086': ['1086', '1089', '1044', '1087', '1090'], '1088': ['1088', '1142', '1141', '1143'], '1062': ['1062'], '1146': ['1146'], '1140': ['1140']})"
31,"defaultdict(<class 'list'>, {'1040': ['1040', '1080', '1081', '1082', '1078', '1095', '1083'], '1079': ['1079', '1077', '1075', '1076', '1074'], '1084': ['1084', '1042', '1085', '1086', '1089', '1044', '1087', '1090', '1091'], '1096': ['1096', '1138', '1135', '1137', '1139', '1136', '1088', '1142', '1141', '1143', '1140'], '1041': ['1041'], '1126': ['1126', '1125', '1127', '1043', '1121', '1122', '1123', '1045', '1124'], '1128': ['1128', '1131', '1132', '1130', '1133', '1129', '1120', '1134'], '1032': ['1032', '1160', '1161', '1162', '1146'], '1052': ['1052', '1053', '1049', '1050', '1054'], '1063': ['1063'], '1051': ['1051', '1055', '1056'], '1057': ['1057', '1060', '1061', '1062', '1073', '1071', '1072'], '1147': ['1147', '1148', '1158', '1157', '1159'], '1066': ['1066', '1067', '1064', '1065', '1031'], '1033': ['1033', '1153', '1154', '1155', '1152'], '1101': ['1101'], '1109': ['1109', '1105', '1106', '1107', '1058', '1059', '1113'], '1102': ['1102', '1039', '1097', '1098', '1099', '1035', '1112', '1100', '1111'], '1103': ['1103'], '1108': ['1108'], '1110': ['1110'], '1104': ['1104', '1030', '1046', '1047', '1117'], '1114': ['1114', '1115', '1118', '1116', '1119'], '1156': ['1156'], '1038': ['1038'], '1048': ['1048'], '1068': ['1068'], '1034': ['1034'], '1069': ['1069'], '1070': ['1070'], '1036': ['1036', '1092', '1150', '1093', '1094', '1151', '1149', '1037', '1144', '1145']})"
31,"defaultdict(<class 'list'>, {'1040': ['1040', '1080', '1081', '1082', '1078'], '1079': ['1079', '1077', '1075', '1076', '1074'], '1095': ['1095'], '1084': ['1084', '1042', '1085', '1086', '1089', '1044', '1087', '1090', '1091'], '1096': ['1096', '1138', '1135', '1137', '1139'], '1136': ['1136', '1140'], '1041': ['1041', '1126', '1125', '1127', '1043', '1121', '1122', '1123', '1045', '1124', '1131', '1133'], '1128': ['1128', '1129', '1130', '1134'], '1032': ['1032', '1052', '1063', '1053', '1049', '1051', '1038', '1048', '1050', '1034'], '1160': ['1160', '1147', '1161', '1145', '1146', '1162'], '1055': ['1055', '1056'], '1057': ['1057', '1071', '1072', '1073'], '1060': ['1060'], '1148': ['1148', '1158', '1157', '1159', '1156'], '1066': ['1066', '1068', '1067'], '1061': ['1061', '1054', '1062'], '1033': ['1033', '1101', '1109', '1153', '1100', '1154', '1155', '1152'], '1102': ['1102'], '1103': ['1103'], '1105': ['1105', '1106', '1107', '1058', '1059'], '1113': ['1113'], '1108': ['1108'], '1110': ['1110'], '1104': ['1104'], '1114': ['1114', '1030', '1046', '1069', '1064', '1065', '1070', '1031', '1047'], '1039': ['1039', '1097', '1098', '1099', '1035', '1112', '1111', '1117', '1118'], '1083': ['1083'], '1036': ['1036', '1092', '1150', '1093', '1094', '1151', '1149', '1037', '1144'], '1088': ['1088', '1142', '1141', '1143'], '1115': ['1115', '1116', '1119', '1120'], '1132': ['1132']})"
31,"defaultdict(<class 'list'>, {'1040': ['1040', '1080', '1079', '1081', '1078', '1095', '1082', '1084', '1042', '1083', '1085', '1136'], '1096': ['1096', '1138', '1135', '1137', '1139'], '1041': ['1041'], '1126': ['1126'], '1125': ['1125'], '1127': ['1127'], '1128': ['1128', '1131', '1132', '1130', '1133', '1129', '1134'], '1032': ['1032', '1160', '1161', '1162'], '1052': ['1052', '1051', '1053', '1049', '1050'], '1063': ['1063', '1066'], '1055': ['1055', '1056'], '1057': ['1057', '1060', '1071', '1061', '1072'], '1147': ['1147', '1036', '1092', '1145', '1146', '1150', '1093', '1094', '1151', '1149', '1037', '1144'], '1148': ['1148', '1158', '1157', '1159', '1153', '1154', '1155', '1156', '1152', '1033', '1109'], '1101': ['1101', '1102', '1103', '1039', '1097', '1098', '1099', '1035', '1100'], '1105': ['1105', '1106', '1108', '1107', '1115', '1113', '1114', '1058', '1059'], '1110': ['1110', '1111', '1064', '1065', '1031', '1112'], '1104': ['1104'], '1038': ['1038', '1048', '1068', '1077', '1075', '1076', '1074', '1034', '1067'], '1054': ['1054'], '1030': ['1030', '1046', '1069', '1047', '1070'], '1086': ['1086', '1087', '1088', '1141', '1143', '1089', '1044', '1090', '1091', '1142'], '1043': ['1043'], '1121': ['1121'], '1122': ['1122'], '1123': ['1123'], '1124': ['1124'], '1045': ['1045'], '1062': ['1062', '1073'], '1117': ['1117', '1118', '1116', '1119', '1120'], '1140': ['1140']})"
31,"defaultdict(<class 'list'>, {'1040': ['1040', '1080', '1081', '1078', '1079', '1095', '1082', '1084', '1042', '1083', '1085'], '1096': ['1096', '1138', '1135', '1137', '1139', '1136', '1140'], '1041': ['1041', '1126', '1125', '1127', '1124', '1129', '1043', '1121', '1122', '1123', '1045', '1119'], '1128': ['1128', '1131', '1132', '1130', '1133'], '1032': ['1032', '1160', '1161', '1162', '1146'], '1052': ['1052', '1053', '1049', '1050', '1054', '1051', '1055', '1062'], '1063': ['1063', '1057', '1060', '1071', '1061'], '1147': ['1147', '1148', '1158', '1157', '1159', '1156', '1153', '1154', '1155', '1151', '1152'], '1066': ['1066', '1038', '1048', '1068', '1034', '1067', '1064', '1065', '1031'], '1056': ['1056'], '1072': ['1072', '1114', '1070'], '1033': ['1033', '1109', '1113', '1110', '1111'], '1101': ['1101', '1102', '1098', '1099', '1100', '1103', '1039', '1097', '1035'], '1105': ['1105'], '1106': ['1106'], '1108': ['1108'], '1104': ['1104', '1030', '1046', '1047', '1117'], '1107': ['1107'], '1112': ['1112'], '1069': ['1069'], '1058': ['1058'], '1059': ['1059'], '1086': ['1086', '1087', '1088', '1141', '1143', '1089', '1044', '1090', '1142'], '1036': ['1036', '1092', '1150', '1093', '1094', '1144', '1149', '1037', '1145'], '1091': ['1091'], '1115': ['1115'], '1077': ['1077', '1075', '1076', '1073', '1074'], '1118': ['1118'], '1116': ['1116'], '1120': ['1120'], '1134': ['1134']})"
31,"defaultdict(<class 'list'>, {'1040': ['1040', '1080', '1038', '1048', '1068', '1034', '1067', '1077', '1078'], '1079': ['1079', '1081', '1095', '1082', '1084', '1042', '1083', '1085'], '1096': ['1096', '1136', '1135', '1137', '1140', '1138', '1088', '1142', '1141', '1143', '1139'], '1041': ['1041', '1126', '1125', '1127', '1124', '1129', '1122', '1123', '1045', '1043', '1121', '1134'], '1128': ['1128', '1131', '1120', '1132', '1133'], '1032': ['1032', '1160', '1161', '1162', '1146'], '1052': ['1052', '1051', '1053', '1049', '1050', '1055', '1054', '1062'], '1063': ['1063', '1057', '1060', '1071', '1061'], '1147': ['1147', '1036', '1092', '1150', '1093', '1094', '1151', '1149', '1037', '1145', '1144', '1091'], '1148': ['1148', '1158', '1157', '1159', '1153', '1154', '1155', '1156', '1152'], '1066': ['1066'], '1056': ['1056'], '1072': ['1072', '1075', '1076', '1073', '1074'], '1033': ['1033'], '1101': ['1101'], '1109': ['1109'], '1102': ['1102'], '1103': ['1103', '1104', '1030', '1046', '1047'], '1105': ['1105', '1106', '1107', '1058', '1059'], '1113': ['1113'], '1108': ['1108'], '1110': ['1110'], '1114': ['1114'], '1039': ['1039', '1097', '1112', '1035', '1111', '1098', '1099', '1117', '1118'], '1100': ['1100'], '1069': ['1069', '1064', '1065', '1070', '1031'], '1086': ['1086', '1089', '1044', '1087', '1090'], '1115': ['1115'], '1116': ['1116'], '1119': ['1119'], '1130': ['1130']})"
31,"defaultdict(<class 'list'>, {'1040': ['1040', '1080', '1081', '1082', '1084', '1042', '1083', '1085', '1078', '1079', '1095', '1136'], '1096': ['1096', '1138', '1135', '1137', '1139'], '1041': ['1041', '1126', '1125', '1127', '1128', '1124', '1131', '1043', '1121', '1122', '1123', '1045'], '1129': ['1129', '1130', '1134'], '1032': ['1032', '1052', '1063', '1053', '1049'], '1160': ['1160'], '1051': ['1051', '1055', '1056', '1075', '1076'], '1057': ['1057', '1060', '1071', '1072'], '1147': ['1147', '1148', '1158', '1157', '1159', '1156', '1161', '1162'], '1066': ['1066'], '1061': ['1061', '1062', '1073', '1074'], '1033': ['1033', '1153', '1154', '1155', '1152'], '1101': ['1101', '1102', '1103', '1104', '1098', '1099', '1100'], '1109': ['1109', '1105', '1106', '1107', '1058', '1059', '1113'], '1108': ['1108', '1115'], '1110': ['1110'], '1114': ['1114', '1030', '1046', '1069', '1064', '1065', '1070', '1031', '1047'], '1038': ['1038', '1048', '1054', '1068', '1034'], '1050': ['1050'], '1039': ['1039', '1097', '1112', '1035', '1111'], '1067': ['1067'], '1086': ['1086', '1089', '1087', '1090', '1091', '1044'], '1036': ['1036', '1092', '1150', '1151', '1149'], '1093': ['1093', '1094', '1144', '1037'], '1145': ['1145'], '1088': ['1088', '1142', '1141', '1143', '1140'], '1077': ['1077'], '1117': ['1117', '1118', '1116', '1119', '1120'], '1146': ['1146'], '1132': ['1132'], '1133': ['1133']})"
31,"defaultdict(<class 'list'>, {'1040': ['1040', '1080', '1079', '1081', '1078', '1095', '1082', '1084', '1042', '1083', '1085', '1086'], '1096': ['1096', '1138', '1135', '1137', '1139', '1136', '1088', '1142', '1141', '1143', '1140'], '1041': ['1041', '1126', '1125', '1127', '1124'], '1128': ['1128', '1131', '1132', '1130', '1133'], '1129': ['1129'], '1032': ['1032', '1160', '1161', '1162'], '1052': ['1052', '1053', '1049', '1050', '1054'], '1063': ['1063', '1066', '1038', '1048', '1068', '1034', '1067'], '1051': ['1051'], '1055': ['1055'], '1057': ['1057', '1060', '1071', '1061', '1072', '1062', '1073'], '1147': ['1147', '1036', '1092', '1145', '1146'], '1148': ['1148'], '1158': ['1158'], '1056': ['1056', '1077', '1075', '1076', '1074'], '1157': ['1157'], '1159': ['1159'], '1033': ['1033', '1153', '1154', '1155', '1151', '1152', '1156'], '1101': ['1101', '1102', '1098', '1099', '1100', '1103', '1039', '1097', '1035'], '1109': ['1109'], '1105': ['1105', '1106', '1107', '1058', '1059', '1113', '1108', '1114', '1115'], '1110': ['1110', '1111', '1064', '1065', '1031'], '1104': ['1104'], '1112': ['1112'], '1030': ['1030', '1046', '1069', '1047', '1070'], '1089': ['1089', '1044', '1087', '1090', '1091'], '1043': ['1043', '1121', '1122', '1123', '1045'], '1150': ['1150'], '1093': ['1093', '1094', '1144', '1149', '1037'], '1117': ['1117', '1118', '1116', '1119', '1120'], '1134': ['1134']})"
31,"defaultdict(<class 'list'>, {'1040': ['1040', '1080', '1081', '1078'], '1079': ['1079', '1077', '1075', '1076', '1074'], '1095': ['1095'], '1082': ['1082', '1084', '1042', '1085', '1086', '1087', '1083', '1089', '1044'], '1096': ['1096', '1138', '1135', '1137', '1139', '1136', '1088', '1142', '1141', '1143', '1140'], '1041': ['1041', '1126', '1125', '1127', '1124', '1128', '1131', '1132', '1130', '1133', '1129', '1134'], '1032': ['1032', '1160', '1161', '1162', '1146'], '1052': ['1052'], '1063': ['1063', '1066', '1038', '1048', '1068', '1034', '1067'], '1051': ['1051', '1055', '1056', '1049', '1050'], '1057': ['1057', '1060', '1061', '1062', '1073', '1071', '1072'], '1147': ['1147'], '1148': ['1148', '1158', '1157', '1159', '1156'], '1053': ['1053'], '1033': ['1033', '1153', '1154', '1155', '1152'], '1101': ['1101', '1102', '1098', '1099', '1100'], '1109': ['1109'], '1103': ['1103', '1104', '1030', '1046', '1047'], '1105': ['1105', '1106', '1107', '1058', '1059'], '1113': ['1113'], '1108': ['1108'], '1110': ['1110', '1111', '1064', '1065', '1031'], '1114': ['1114', '1069', '1070'], '1054': ['1054'], '1039': ['1039', '1097', '1112', '1035', '1117'], '1043': ['1043', '1121', '1122', '1123', '1045'], '1036': ['1036', '1092', '1150', '1093', '1094', '1151', '1149', '1037', '1144'], '1145': ['1145'], '1090': ['1090'], '1091': ['1091'], '1115': ['1115', '1118', '1116', '1119', '1120']})"
31,"defaultdict(<class 'list'>, {'1040': ['1040', '1080', '1079', '1077', '1076', '1078', '1075', '1074'], '1081': ['1081', '1082', '1084', '1042', '1083', '1095', '1096', '1085'], '1136': ['1136'], '1138': ['1138'], '1041': ['1041'], '1126': ['1126', '1125', '1127', '1128', '1131', '1132', '1130', '1133', '1129', '1120', '1134', '1124'], '1032': ['1032', '1160', '1161', '1162', '1146', '1063', '1147', '1145'], '1052': ['1052', '1053', '1049', '1050', '1054', '1051', '1055', '1061', '1062'], '1057': ['1057', '1071', '1072', '1073'], '1060': ['1060'], '1148': ['1148', '1158', '1157', '1159', '1156', '1153', '1154', '1155', '1152'], '1066': ['1066', '1038', '1048', '1068', '1067'], '1056': ['1056'], '1033': ['1033', '1109', '1113', '1110', '1111', '1105'], '1101': ['1101', '1102', '1098', '1099', '1100', '1103', '1039', '1097', '1035', '1112'], '1106': ['1106', '1108', '1107', '1058', '1059', '1115', '1116'], '1104': ['1104', '1030', '1046', '1047', '1117'], '1114': ['1114'], '1034': ['1034'], '1069': ['1069', '1064', '1065', '1070', '1031'], '1086': ['1086', '1089', '1044', '1087', '1090'], '1043': ['1043', '1121', '1122', '1123', '1045'], '1036': ['1036', '1092', '1150', '1151', '1149'], '1093': ['1093', '1094', '1144', '1037', '1143'], '1088': ['1088', '1141', '1135', '1140'], '1142': ['1142'], '1091': ['1091'], '1118': ['1118'], '1137': ['1137'], '1139': ['1139'], '1119': ['1119']})"
32,"defaultdict(<class 'list'>, {'1040': ['1040', '1080', '1079', '1081', '1078', '1095', '1082', '1084', '1042', '1083', '1085', '1136'], '1096': ['1096', '1138', '1135', '1137', '1139'], '1041': ['1041'], '1126': ['1126'], '1125': ['1125'], '1127': ['1127'], '1128': ['1128', '1131', '1132', '1130', '1133', '1129', '1134'], '1032': ['1032', '1160', '1161', '1162'], '1052': ['1052', '1051', '1053', '1049', '1050'], '1063': ['1063', '1066'], '1055': ['1055', '1056'], '1057': ['1057', '1060', '1071', '1061', '1072'], '1147': ['1147', '1036', '1092', '1145', '1146', '1150', '1093', '1094', '1151', '1149', '1037', '1144'], '1148': ['1148', '1158', '1157', '1159', '1153', '1154', '1155', '1156', '1152', '1033', '1109'], '1101': ['1101', '1102', '1103', '1039', '1097', '1098', '1099', '1035', '1100'], '1105': ['1105', '1106', '1108', '1107', '1115', '1113', '1114', '1058', '1059'], '1110': ['1110', '1111', '1064', '1065', '1031', '1112'], '1104': ['1104'], '1038': ['1038', '1048', '1068', '1077', '1075', '1076', '1074', '1034', '1067'], '1054': ['1054'], '1030': ['1030', '1046', '1069', '1047', '1070'], '1086': ['1086', '1087', '1088', '1141', '1143', '1089', '1044', '1090', '1091', '1142'], '1043': ['1043'], '1121': ['1121'], '1122': ['1122'], '1123': ['1123'], '1124': ['1124'], '1045': ['1045'], '1062': ['1062'], '1117': ['1117', '1118', '1116', '1119', '1120'], '1073': ['1073'], '1140': ['1140']})"
32,"defaultdict(<class 'list'>, {'1040': ['1040', '1080', '1079', '1077', '1076', '1078', '1075', '1074'], '1081': ['1081', '1082', '1084', '1042', '1083', '1095', '1096', '1085'], '1136': ['1136'], '1138': ['1138'], '1041': ['1041'], '1126': ['1126', '1125', '1127', '1128', '1131', '1132', '1130', '1133', '1129', '1120', '1134', '1124'], '1032': ['1032', '1160', '1161', '1162', '1146', '1063', '1147', '1145'], '1052': ['1052', '1053', '1049', '1050', '1054', '1051', '1055', '1061', '1062'], '1057': ['1057', '1071', '1072', '1073'], '1060': ['1060'], '1148': ['1148', '1158', '1157', '1159', '1156', '1153', '1154', '1155', '1152'], '1066': ['1066', '1038', '1048', '1068', '1067'], '1056': ['1056'], '1033': ['1033', '1109', '1113', '1110', '1111', '1105'], '1101': ['1101', '1102', '1098', '1099', '1100', '1103', '1039', '1097', '1035'], '1106': ['1106', '1108', '1107', '1058', '1059', '1115', '1116'], '1104': ['1104', '1030', '1046', '1047', '1117'], '1114': ['1114'], '1112': ['1112'], '1034': ['1034'], '1069': ['1069', '1064', '1065', '1070', '1031'], '1086': ['1086', '1089', '1044', '1087', '1090'], '1043': ['1043', '1121', '1122', '1123', '1045'], '1036': ['1036', '1092', '1150', '1151', '1149'], '1093': ['1093', '1094', '1144', '1037', '1143'], '1088': ['1088', '1141', '1135', '1140'], '1142': ['1142'], '1091': ['1091'], '1118': ['1118'], '1137': ['1137'], '1139': ['1139'], '1119': ['1119']})"
32,"defaultdict(<class 'list'>, {'1040': ['1040', '1080', '1079', '1081', '1078'], '1095': ['1095', '1082', '1084', '1042', '1085', '1086', '1087', '1083'], '1096': ['1096', '1136', '1135', '1137', '1140'], '1138': ['1138', '1134'], '1041': ['1041'], '1126': ['1126', '1125', '1127', '1043', '1121', '1122', '1123', '1045', '1124'], '1128': ['1128', '1131', '1132', '1130', '1133'], '1129': ['1129'], '1032': ['1032', '1052', '1063', '1053', '1049', '1051', '1055', '1050', '1054'], '1160': ['1160', '1147', '1161', '1162', '1146'], '1057': ['1057', '1060', '1061', '1058', '1059'], '1071': ['1071'], '1148': ['1148', '1158', '1157', '1159'], '1066': ['1066'], '1056': ['1056'], '1072': ['1072'], '1033': ['1033', '1101', '1102', '1098', '1099', '1100', '1103', '1108', '1107'], '1109': ['1109'], '1153': ['1153', '1154', '1155', '1156', '1152'], '1105': ['1105', '1113', '1114', '1115'], '1106': ['1106'], '1110': ['1110', '1030', '1046', '1069', '1047', '1070', '1064', '1065', '1031'], '1104': ['1104'], '1038': ['1038', '1048', '1068', '1034', '1067'], '1039': ['1039', '1097', '1112', '1035', '1111'], '1089': ['1089', '1149', '1044', '1090', '1091', '1093', '1094', '1037'], '1036': ['1036', '1092', '1150', '1145', '1144'], '1151': ['1151'], '1088': ['1088', '1142', '1141', '1143', '1139'], '1062': ['1062'], '1077': ['1077', '1075', '1076', '1073', '1074'], '1117': ['1117', '1118', '1116', '1119', '1120']})"
32,"defaultdict(<class 'list'>, {'1040': ['1040', '1080', '1081', '1082', '1078', '1079', '1084', '1042', '1083'], '1095': ['1095'], '1096': ['1096', '1138', '1135', '1137', '1139'], '1136': ['1136'], '1041': ['1041'], '1126': ['1126', '1125', '1127', '1128', '1124'], '1129': ['1129', '1131', '1120', '1130', '1134'], '1032': ['1032', '1160', '1147', '1161', '1145', '1146', '1148', '1158', '1157', '1159', '1156', '1162'], '1052': ['1052', '1053', '1049', '1050', '1054'], '1063': ['1063', '1071', '1072'], '1051': ['1051'], '1055': ['1055'], '1057': ['1057', '1060', '1061', '1105', '1106', '1107', '1058', '1059', '1113'], '1066': ['1066'], '1056': ['1056', '1077', '1075', '1076', '1074'], '1033': ['1033', '1153', '1154', '1155', '1152'], '1101': ['1101', '1102', '1098', '1099', '1100', '1103', '1039', '1097', '1035'], '1109': ['1109'], '1108': ['1108', '1114', '1115'], '1110': ['1110', '1111', '1064', '1065', '1031'], '1104': ['1104'], '1038': ['1038', '1048', '1068', '1034', '1067'], '1112': ['1112', '1117', '1118', '1116', '1119'], '1030': ['1030', '1046', '1069', '1047', '1070'], '1085': ['1085', '1086', '1089', '1044', '1087', '1090', '1091'], '1043': ['1043', '1121', '1122', '1123', '1045'], '1036': ['1036', '1092', '1150', '1093', '1094', '1151', '1149', '1037', '1144'], '1088': ['1088', '1142', '1141', '1143', '1140'], '1062': ['1062'], '1073': ['1073'], '1132': ['1132'], '1133': ['1133']})"
32,"defaultdict(<class 'list'>, {'1040': ['1040', '1080', '1081', '1095', '1082', '1084', '1042', '1083', '1085', '1079', '1077', '1078'], '1096': ['1096', '1138', '1135', '1137', '1139'], '1136': ['1136'], '1041': ['1041', '1126', '1125', '1043', '1121', '1122', '1123', '1045', '1124'], '1127': ['1127'], '1128': ['1128', '1129', '1132', '1130', '1134', '1131', '1133'], '1032': ['1032', '1052', '1051', '1053', '1049', '1050', '1063', '1055', '1054'], '1160': ['1160', '1147', '1161', '1162', '1146', '1036', '1092', '1145'], '1057': ['1057', '1060', '1061', '1058', '1059'], '1071': ['1071'], '1148': ['1148', '1158', '1157', '1159', '1156', '1153', '1154', '1155', '1152'], '1066': ['1066'], '1056': ['1056'], '1072': ['1072', '1075', '1076', '1073', '1074'], '1033': ['1033', '1101', '1102', '1039', '1097', '1098', '1099', '1035', '1100'], '1109': ['1109'], '1103': ['1103', '1104', '1030', '1046', '1047'], '1105': ['1105', '1106', '1113', '1107', '1114', '1108', '1115'], '1110': ['1110'], '1038': ['1038', '1048', '1068', '1034', '1067'], '1112': ['1112'], '1111': ['1111'], '1069': ['1069', '1064', '1065', '1070', '1031'], '1086': ['1086', '1089', '1044', '1087', '1090'], '1150': ['1150'], '1093': ['1093', '1094', '1151', '1149', '1037'], '1144': ['1144'], '1088': ['1088', '1142', '1141', '1143'], '1091': ['1091'], '1062': ['1062'], '1117': ['1117', '1118', '1116', '1119', '1120'], '1140': ['1140']})"
32,"defaultdict(<class 'list'>, {'1040': ['1040', '1080', '1079', '1081', '1078'], '1095': ['1095', '1082', '1084', '1042', '1083', '1085', '1086', '1089', '1087', '1090', '1091', '1044'], '1096': ['1096'], '1136': ['1136'], '1138': ['1138'], '1041': ['1041', '1126', '1125', '1127', '1043', '1121', '1122', '1123', '1045', '1124', '1128', '1132'], '1129': ['1129', '1131', '1120', '1130', '1134'], '1032': ['1032', '1160', '1147', '1148', '1158', '1157', '1159', '1161', '1162', '1155', '1156', '1146'], '1052': ['1052', '1053', '1049', '1050', '1054'], '1063': ['1063'], '1051': ['1051'], '1055': ['1055'], '1057': ['1057', '1060', '1061', '1058', '1059'], '1071': ['1071'], '1066': ['1066', '1038', '1048', '1068', '1034', '1067', '1077', '1076'], '1056': ['1056'], '1072': ['1072', '1075', '1073', '1074'], '1033': ['1033', '1109', '1105', '1113'], '1101': ['1101', '1102', '1103', '1100'], '1153': ['1153'], '1106': ['1106'], '1154': ['1154', '1036', '1092', '1150', '1093', '1094', '1151', '1149', '1037', '1144', '1145', '1152'], '1108': ['1108', '1107', '1115', '1116', '1119'], '1110': ['1110'], '1104': ['1104'], '1114': ['1114', '1030', '1046', '1069', '1047', '1070', '1064', '1065', '1031'], '1039': ['1039', '1097', '1098', '1099', '1035', '1112', '1111', '1117', '1118'], '1088': ['1088', '1142', '1141', '1143', '1139'], '1062': ['1062'], '1135': ['1135'], '1137': ['1137', '1133'], '1140': ['1140']})"
32,"defaultdict(<class 'list'>, {'1040': ['1040', '1080', '1081', '1082', '1078'], '1079': ['1079'], '1095': ['1095'], '1084': ['1084', '1042', '1085', '1086', '1089', '1087', '1090', '1091', '1044'], '1096': ['1096', '1136', '1135', '1137', '1140'], '1138': ['1138', '1134'], '1041': ['1041', '1126', '1125', '1127', '1124'], '1128': ['1128', '1131', '1132', '1130', '1133'], '1129': ['1129'], '1032': ['1032', '1160', '1161', '1162'], '1052': ['1052', '1053', '1049', '1050', '1054', '1051', '1055'], '1063': ['1063', '1066', '1038', '1048', '1068', '1067', '1034'], '1057': ['1057', '1060', '1061', '1058', '1059', '1105', '1106', '1107', '1062'], '1071': ['1071'], '1147': ['1147', '1145', '1144', '1146', '1036', '1092', '1150', '1093', '1094', '1151', '1149', '1037'], '1148': ['1148', '1158', '1157', '1159', '1033', '1109', '1153', '1154', '1155', '1156', '1152'], '1056': ['1056', '1077', '1075', '1076', '1074'], '1072': ['1072'], '1101': ['1101', '1039', '1097', '1098', '1099', '1035', '1112', '1100', '1111'], '1102': ['1102', '1103', '1104', '1117', '1118'], '1113': ['1113'], '1108': ['1108'], '1110': ['1110'], '1114': ['1114', '1030', '1046', '1069', '1064', '1065', '1070', '1031', '1047'], '1083': ['1083'], '1043': ['1043', '1121', '1122', '1123', '1045'], '1088': ['1088', '1142', '1141', '1143', '1139'], '1115': ['1115'], '1073': ['1073'], '1116': ['1116'], '1119': ['1119'], '1120': ['1120']})"
32,"defaultdict(<class 'list'>, {'1040': ['1040', '1080', '1079', '1077', '1076', '1078', '1068', '1067'], '1081': ['1081', '1082', '1084', '1042', '1083', '1085', '1086', '1089', '1044', '1087', '1090', '1091'], '1095': ['1095'], '1096': ['1096', '1138', '1135', '1137', '1139'], '1136': ['1136'], '1041': ['1041', '1126', '1125', '1127', '1124', '1043', '1121', '1122', '1123', '1045'], '1128': ['1128', '1131', '1132', '1130', '1133', '1129', '1120', '1134'], '1032': ['1032', '1160', '1161', '1162', '1146'], '1052': ['1052', '1051', '1055', '1056', '1049', '1050', '1053', '1038', '1048', '1054', '1034'], '1063': ['1063', '1071', '1072'], '1057': ['1057', '1060', '1061', '1105', '1106', '1107', '1058', '1059', '1113'], '1147': ['1147'], '1148': ['1148', '1158', '1157', '1159', '1156'], '1066': ['1066'], '1033': ['1033', '1101', '1109', '1153', '1100'], '1102': ['1102', '1103', '1104', '1117', '1118'], '1154': ['1154', '1151', '1152', '1036', '1150'], '1155': ['1155'], '1108': ['1108'], '1110': ['1110'], '1114': ['1114', '1115', '1116', '1119'], '1039': ['1039', '1097', '1112', '1035', '1111', '1098', '1099'], '1030': ['1030'], '1046': ['1046'], '1069': ['1069', '1064', '1065', '1070', '1031'], '1047': ['1047'], '1092': ['1092'], '1093': ['1093', '1094', '1144', '1149', '1037'], '1145': ['1145'], '1088': ['1088', '1142', '1141', '1143'], '1062': ['1062', '1075', '1073', '1074'], '1140': ['1140']})"
32,"defaultdict(<class 'list'>, {'1040': ['1040', '1080', '1079', '1081', '1078', '1038', '1048', '1068', '1034', '1067', '1077'], '1095': ['1095', '1082', '1084', '1083', '1085', '1042'], '1096': ['1096', '1138', '1135', '1137', '1139'], '1136': ['1136'], '1041': ['1041'], '1126': ['1126', '1125', '1127', '1043', '1121', '1122', '1123', '1045', '1124'], '1128': ['1128', '1129', '1132', '1130', '1134', '1131', '1120', '1133'], '1032': ['1032', '1160', '1161', '1162', '1146'], '1052': ['1052', '1053', '1049', '1050', '1054', '1051', '1055', '1062'], '1063': ['1063', '1066', '1064', '1065', '1031'], '1057': ['1057', '1060', '1061', '1058', '1059'], '1071': ['1071'], '1147': ['1147', '1148', '1158', '1157', '1159', '1156', '1154', '1155'], '1056': ['1056'], '1072': ['1072', '1075', '1076', '1073', '1074'], '1033': ['1033', '1101', '1109', '1153', '1100'], '1102': ['1102', '1103', '1104', '1117', '1118'], '1105': ['1105', '1106', '1113', '1107', '1114'], '1108': ['1108'], '1110': ['1110', '1039', '1097', '1112', '1035', '1111'], '1098': ['1098', '1099'], '1030': ['1030', '1046', '1069', '1047', '1070'], '1086': ['1086', '1087', '1088', '1141', '1143'], '1089': ['1089', '1092', '1044', '1090', '1091', '1036'], '1150': ['1150', '1093', '1094', '1144', '1149', '1037', '1151'], '1145': ['1145'], '1142': ['1142'], '1115': ['1115'], '1152': ['1152'], '1116': ['1116'], '1140': ['1140'], '1119': ['1119']})"
32,"defaultdict(<class 'list'>, {'1040': ['1040', '1080', '1081', '1082', '1084', '1042', '1083', '1085', '1078', '1079', '1095', '1136'], '1096': ['1096', '1138', '1135', '1137', '1139'], '1041': ['1041', '1126', '1125', '1127', '1128', '1124', '1131', '1043', '1121', '1122', '1123', '1045'], '1129': ['1129', '1130', '1134'], '1032': ['1032', '1052', '1063', '1053', '1049'], '1160': ['1160'], '1051': ['1051', '1055', '1056', '1075', '1076'], '1057': ['1057', '1060', '1071', '1072'], '1147': ['1147', '1148', '1158', '1157', '1159', '1156', '1161', '1162'], '1066': ['1066'], '1061': ['1061', '1062', '1073', '1074'], '1033': ['1033', '1153', '1154', '1155', '1152'], '1101': ['1101', '1102', '1103', '1104', '1098', '1099', '1100'], '1109': ['1109', '1105', '1106', '1107', '1058', '1059', '1113'], '1108': ['1108'], '1110': ['1110'], '1114': ['1114', '1030', '1046', '1069', '1064', '1065', '1070', '1031', '1047'], '1038': ['1038', '1048', '1054', '1068', '1034'], '1050': ['1050'], '1039': ['1039', '1097', '1112', '1035', '1111'], '1067': ['1067'], '1086': ['1086', '1089', '1087', '1090', '1091', '1044'], '1036': ['1036', '1092', '1150', '1151', '1149'], '1093': ['1093', '1094', '1144', '1037'], '1145': ['1145'], '1088': ['1088', '1142', '1141', '1143', '1140'], '1115': ['1115'], '1077': ['1077'], '1117': ['1117', '1118', '1116', '1119', '1120'], '1146': ['1146'], '1132': ['1132'], '1133': ['1133']})"
32,"defaultdict(<class 'list'>, {'1040': ['1040', '1080', '1081', '1082', '1078', '1084', '1042', '1083', '1085'], '1079': ['1079', '1077', '1075', '1076', '1074'], '1095': ['1095'], '1096': ['1096', '1138', '1135', '1137', '1139', '1136', '1088', '1142', '1141', '1143', '1140'], '1041': ['1041', '1126', '1125', '1127', '1124', '1043', '1121', '1122', '1123', '1045'], '1128': ['1128', '1131', '1132', '1130', '1133', '1129', '1120', '1134', '1119'], '1032': ['1032', '1063', '1071', '1066', '1067'], '1052': ['1052', '1053', '1038', '1048', '1054', '1034', '1049'], '1160': ['1160', '1147', '1161', '1162', '1146'], '1051': ['1051'], '1055': ['1055'], '1057': ['1057', '1060', '1061', '1058', '1059'], '1148': ['1148', '1158', '1157', '1159', '1156'], '1056': ['1056'], '1072': ['1072'], '1033': ['1033', '1153', '1154', '1155', '1152'], '1101': ['1101', '1102', '1103', '1100'], '1109': ['1109'], '1105': ['1105', '1106', '1113', '1107', '1114', '1108', '1115', '1116'], '1110': ['1110'], '1104': ['1104'], '1050': ['1050'], '1068': ['1068'], '1039': ['1039', '1097', '1098', '1099', '1035', '1112', '1111', '1117', '1118'], '1030': ['1030'], '1046': ['1046'], '1069': ['1069', '1064', '1065', '1070', '1031'], '1047': ['1047'], '1086': ['1086', '1089', '1087', '1090', '1091', '1044'], '1036': ['1036', '1092', '1150', '1151', '1149', '1093', '1094', '1144', '1037', '1145'], '1062': ['1062'], '1073': ['1073']})"
32,"defaultdict(<class 'list'>, {'1040': ['1040', '1080', '1079', '1081', '1078', '1095', '1082', '1084', '1042', '1083', '1085', '1077'], '1096': ['1096', '1138', '1135', '1137', '1139'], '1136': ['1136', '1140'], '1041': ['1041'], '1126': ['1126', '1125', '1127', '1043', '1121', '1122', '1123', '1045', '1124'], '1128': ['1128', '1131', '1132', '1130', '1133', '1129', '1120', '1134'], '1032': ['1032', '1052', '1053', '1038', '1048', '1054', '1034', '1049', '1050', '1068'], '1063': ['1063', '1057', '1071', '1072'], '1160': ['1160', '1147', '1161', '1162', '1146'], '1051': ['1051', '1055', '1056', '1046', '1047'], '1060': ['1060'], '1148': ['1148', '1158', '1157', '1159', '1156'], '1066': ['1066', '1067', '1064', '1065', '1031'], '1061': ['1061', '1062', '1075', '1073', '1074'], '1033': ['1033', '1153', '1154', '1155', '1152'], '1101': ['1101'], '1109': ['1109', '1105', '1113', '1110'], '1102': ['1102', '1039', '1097', '1098', '1099', '1035', '1112', '1100', '1111'], '1103': ['1103', '1104', '1117'], '1106': ['1106'], '1108': ['1108'], '1107': ['1107'], '1114': ['1114', '1115', '1118', '1116', '1119'], '1030': ['1030', '1069', '1070'], '1058': ['1058'], '1059': ['1059'], '1086': ['1086', '1089', '1044', '1087', '1090'], '1036': ['1036', '1092', '1150', '1093', '1094', '1151', '1149', '1037', '1144'], '1145': ['1145'], '1088': ['1088', '1142', '1141', '1143'], '1091': ['1091'], '1076': ['1076']})"
32,"defaultdict(<class 'list'>, {'1040': ['1040'], '1080': ['1080', '1079', '1077', '1076', '1078'], '1081': ['1081', '1082', '1084', '1042', '1083'], '1095': ['1095'], '1096': ['1096', '1138', '1135', '1137', '1139', '1136', '1140'], '1041': ['1041', '1126', '1125', '1127', '1124', '1129', '1122', '1123', '1045', '1043', '1121', '1134'], '1128': ['1128'], '1131': ['1131', '1120', '1132', '1130', '1133'], '1032': ['1032', '1052', '1063', '1053', '1049', '1051', '1038', '1048', '1050', '1034', '1055', '1054'], '1160': ['1160', '1147', '1161', '1162', '1146'], '1057': ['1057', '1071', '1072', '1073', '1074', '1060', '1061', '1062'], '1148': ['1148', '1158', '1157', '1159', '1156'], '1066': ['1066', '1068', '1067'], '1056': ['1056'], '1033': ['1033', '1109', '1153', '1155', '1152'], '1101': ['1101', '1102', '1103', '1100'], '1105': ['1105', '1106', '1107', '1058', '1059', '1113', '1114'], '1154': ['1154', '1150', '1151'], '1108': ['1108', '1115', '1116', '1119'], '1110': ['1110'], '1104': ['1104'], '1039': ['1039', '1097', '1098', '1099', '1035', '1112', '1111', '1117', '1118'], '1030': ['1030'], '1046': ['1046'], '1069': ['1069', '1064', '1065', '1070', '1031'], '1047': ['1047'], '1085': ['1085'], '1086': ['1086', '1089', '1044', '1087', '1090', '1036', '1092', '1091'], '1093': ['1093', '1094', '1145', '1144', '1037'], '1149': ['1149'], '1088': ['1088', '1142', '1141', '1143'], '1075': ['1075']})"
32,"defaultdict(<class 'list'>, {'1040': ['1040', '1080', '1079', '1077', '1076', '1078'], '1081': ['1081', '1095', '1082', '1084', '1042', '1083', '1085', '1096'], '1136': ['1136', '1135', '1140'], '1138': ['1138'], '1041': ['1041', '1126', '1125', '1127', '1124', '1129', '1122', '1123', '1045', '1043', '1121'], '1128': ['1128', '1131', '1132', '1130', '1133'], '1032': ['1032', '1160', '1161', '1162', '1146', '1147', '1148', '1158', '1157', '1159', '1155', '1156'], '1052': ['1052', '1053', '1054', '1051', '1038', '1048', '1068', '1034', '1067', '1049', '1050', '1055'], '1063': ['1063'], '1057': ['1057', '1060', '1071', '1058', '1059', '1105', '1106', '1107'], '1066': ['1066', '1110', '1064', '1065', '1031'], '1056': ['1056'], '1061': ['1061', '1062', '1075', '1073', '1074'], '1072': ['1072'], '1033': ['1033', '1101', '1102', '1103', '1104', '1098', '1099', '1100'], '1109': ['1109'], '1153': ['1153'], '1113': ['1113'], '1154': ['1154', '1036', '1150', '1151', '1152'], '1108': ['1108'], '1114': ['1114', '1115', '1118', '1116', '1119'], '1039': ['1039', '1097', '1112', '1035', '1111'], '1030': ['1030', '1046', '1069', '1047', '1070'], '1086': ['1086', '1087', '1088', '1141', '1143', '1142'], '1089': ['1089', '1149', '1044', '1090', '1091'], '1092': ['1092'], '1093': ['1093', '1094', '1145', '1144', '1037'], '1117': ['1117'], '1137': ['1137'], '1139': ['1139'], '1120': ['1120'], '1134': ['1134']})"
32,"defaultdict(<class 'list'>, {'1040': ['1040', '1080', '1079', '1081', '1078'], '1095': ['1095'], '1082': ['1082'], '1084': ['1084', '1042', '1085', '1086', '1089', '1044', '1087', '1090', '1091'], '1096': ['1096', '1136', '1135', '1137', '1140', '1138', '1088', '1142', '1141', '1143', '1139'], '1041': ['1041', '1126', '1125', '1127', '1128', '1124', '1043', '1121', '1122', '1123', '1045', '1132'], '1129': ['1129', '1131', '1120', '1130', '1134'], '1032': ['1032', '1160', '1161', '1162', '1146'], '1052': ['1052', '1053', '1049', '1050', '1054', '1051', '1055', '1061', '1062'], '1063': ['1063'], '1057': ['1057'], '1060': ['1060'], '1071': ['1071'], '1147': ['1147', '1148', '1158', '1157', '1159', '1153', '1154', '1155', '1156', '1152'], '1066': ['1066'], '1056': ['1056'], '1072': ['1072'], '1033': ['1033', '1101', '1102', '1103', '1100'], '1109': ['1109', '1110', '1064', '1065', '1031'], '1105': ['1105', '1106', '1113', '1058', '1059'], '1108': ['1108', '1107', '1115', '1116', '1119'], '1104': ['1104'], '1114': ['1114'], '1038': ['1038', '1048', '1068', '1034', '1067'], '1039': ['1039', '1097', '1098', '1099', '1035', '1112', '1111', '1117', '1118'], '1030': ['1030', '1046', '1069', '1047', '1070'], '1083': ['1083'], '1036': ['1036', '1092', '1150', '1145'], '1093': ['1093', '1094', '1151', '1149', '1037'], '1144': ['1144'], '1077': ['1077', '1075', '1076', '1073', '1074'], '1133': ['1133']})"
32,"defaultdict(<class 'list'>, {'1040': ['1040', '1080', '1079', '1081', '1078'], '1095': ['1095'], '1082': ['1082', '1084', '1042', '1083', '1085'], '1096': ['1096', '1138', '1135', '1137', '1139'], '1136': ['1136'], '1041': ['1041', '1126', '1125', '1043', '1121', '1122', '1123', '1045', '1124', '1127', '1129', '1119'], '1128': ['1128', '1131', '1132', '1130', '1133', '1120', '1134'], '1032': ['1032', '1160', '1147', '1161', '1145', '1146', '1162'], '1052': ['1052', '1051', '1053', '1049', '1050', '1038', '1048', '1054', '1034'], '1063': ['1063', '1071', '1066', '1067'], '1055': ['1055'], '1057': ['1057', '1060', '1061', '1058', '1059', '1105', '1106', '1113', '1107'], '1148': ['1148', '1158', '1157', '1159', '1156'], '1056': ['1056'], '1072': ['1072', '1075', '1076', '1073', '1074'], '1033': ['1033', '1153', '1154', '1036', '1150', '1151', '1152', '1155'], '1101': ['1101', '1108', '1100'], '1109': ['1109'], '1102': ['1102'], '1103': ['1103', '1104'], '1110': ['1110', '1039', '1097', '1098', '1099', '1035', '1112', '1111', '1117'], '1114': ['1114', '1030', '1046', '1069', '1047', '1070', '1064', '1065', '1031'], '1068': ['1068'], '1086': ['1086', '1087', '1088', '1141', '1143', '1142'], '1089': ['1089', '1092', '1044', '1090', '1091'], '1093': ['1093', '1094', '1144', '1149', '1037'], '1115': ['1115'], '1062': ['1062'], '1077': ['1077'], '1118': ['1118'], '1116': ['1116'], '1140': ['1140']})"
32,"defaultdict(<class 'list'>, {'1040': ['1040', '1080', '1079', '1081', '1078'], '1095': ['1095'], '1082': ['1082'], '1084': ['1084', '1042', '1085', '1086', '1089', '1044', '1087', '1090', '1091'], '1096': ['1096', '1138', '1135', '1137', '1139', '1136', '1088', '1142', '1141', '1143', '1140'], '1041': ['1041'], '1126': ['1126', '1125', '1127', '1043', '1121', '1122', '1123', '1045', '1124'], '1128': ['1128', '1131', '1132', '1130', '1133', '1129', '1134'], '1032': ['1032', '1052', '1063', '1053', '1049', '1051', '1055', '1050', '1054'], '1160': ['1160'], '1057': ['1057', '1060', '1061', '1058', '1059', '1062', '1071'], '1147': ['1147', '1148', '1158', '1157', '1159'], '1161': ['1161'], '1066': ['1066'], '1056': ['1056'], '1072': ['1072'], '1162': ['1162'], '1033': ['1033', '1109', '1110', '1039', '1097', '1112', '1035', '1111'], '1101': ['1101', '1102', '1098', '1099', '1100'], '1153': ['1153', '1154', '1155', '1156', '1152'], '1103': ['1103'], '1105': ['1105', '1106', '1113', '1107', '1114'], '1108': ['1108'], '1104': ['1104', '1030', '1046', '1069', '1064', '1065', '1070', '1031', '1047'], '1038': ['1038', '1048', '1068', '1034', '1067'], '1083': ['1083'], '1036': ['1036'], '1092': ['1092', '1150', '1093', '1094', '1144', '1149', '1037', '1145', '1151'], '1115': ['1115'], '1077': ['1077', '1075', '1076', '1073', '1074'], '1117': ['1117', '1118', '1116', '1119', '1120'], '1146': ['1146']})"
32,"defaultdict(<class 'list'>, {'1040': ['1040', '1080', '1081', '1095', '1082', '1084', '1083', '1085', '1042'], '1079': ['1079', '1077', '1075', '1076', '1074'], '1096': ['1096', '1138', '1135', '1137', '1139', '1136', '1088', '1142', '1141', '1143', '1140'], '1041': ['1041'], '1126': ['1126'], '1125': ['1125'], '1127': ['1127'], '1128': ['1128', '1129', '1132', '1130', '1134'], '1131': ['1131', '1133'], '1032': ['1032', '1052', '1063', '1053', '1049', '1054'], '1160': ['1160', '1147', '1161', '1145', '1146', '1162'], '1051': ['1051', '1055', '1056', '1050'], '1057': ['1057', '1060', '1061', '1058', '1059', '1071', '1072', '1062', '1073'], '1148': ['1148', '1158', '1157', '1159', '1156'], '1066': ['1066'], '1033': ['1033', '1109', '1153', '1155', '1152'], '1101': ['1101', '1102', '1098', '1099', '1100'], '1103': ['1103'], '1105': ['1105', '1106', '1113', '1107', '1114'], '1154': ['1154'], '1108': ['1108'], '1110': ['1110'], '1104': ['1104', '1030', '1046', '1047', '1117'], '1038': ['1038', '1048', '1068', '1034', '1067'], '1039': ['1039', '1097', '1112', '1035', '1111'], '1069': ['1069', '1064', '1065', '1070', '1031'], '1086': ['1086', '1089', '1044', '1087', '1090'], '1043': ['1043', '1121', '1122', '1123', '1045'], '1124': ['1124'], '1036': ['1036', '1092', '1150', '1093', '1094', '1144', '1149', '1037', '1151', '1091'], '1115': ['1115', '1118', '1116', '1119', '1120'], '1078': ['1078']})"
32,"defaultdict(<class 'list'>, {'1040': ['1040', '1080', '1079', '1081', '1078'], '1095': ['1095'], '1082': ['1082'], '1084': ['1084', '1042', '1085', '1086', '1089', '1044', '1087', '1090', '1091'], '1096': ['1096', '1138', '1135', '1137', '1139'], '1136': ['1136', '1133'], '1041': ['1041'], '1126': ['1126'], '1125': ['1125'], '1127': ['1127'], '1128': ['1128', '1129', '1132', '1130', '1134'], '1131': ['1131'], '1032': ['1032', '1160', '1161', '1162', '1146', '1147', '1148', '1158', '1156', '1157', '1159'], '1052': ['1052', '1051', '1055', '1056', '1049', '1050', '1053', '1054'], '1063': ['1063', '1057', '1071', '1066'], '1060': ['1060', '1061', '1062'], '1072': ['1072'], '1033': ['1033', '1153', '1154', '1155', '1152', '1109'], '1101': ['1101', '1102', '1098', '1099', '1100'], '1103': ['1103', '1104', '1030', '1046', '1047'], '1105': ['1105', '1106', '1107', '1058', '1059', '1113', '1108', '1114', '1115'], '1110': ['1110', '1039', '1097', '1112', '1035', '1111'], '1038': ['1038', '1048', '1068', '1034', '1067'], '1069': ['1069', '1064', '1065', '1070', '1031'], '1083': ['1083'], '1043': ['1043', '1121', '1122', '1123', '1045'], '1124': ['1124'], '1036': ['1036', '1092', '1150', '1093', '1094', '1151', '1149', '1037', '1144'], '1145': ['1145'], '1088': ['1088', '1142', '1141', '1143', '1140'], '1077': ['1077', '1075', '1076', '1073', '1074'], '1117': ['1117', '1118', '1116', '1119', '1120']})"
32,"defaultdict(<class 'list'>, {'1040': ['1040', '1080', '1079', '1081', '1078', '1095', '1082', '1084', '1042', '1083', '1085', '1138'], '1096': ['1096', '1136', '1135', '1137', '1140'], '1041': ['1041', '1126', '1125', '1043', '1121', '1122', '1123', '1045', '1124', '1127'], '1128': ['1128', '1129', '1132', '1130', '1134', '1131', '1120', '1133'], '1032': ['1032', '1052', '1063', '1053', '1049', '1051', '1038', '1048', '1050', '1034', '1054'], '1160': ['1160', '1147', '1161', '1162', '1146'], '1055': ['1055', '1056', '1030', '1046', '1047'], '1057': ['1057', '1060', '1071', '1061', '1105', '1106', '1107', '1058', '1059'], '1148': ['1148', '1158', '1157', '1159', '1156'], '1066': ['1066', '1067', '1064', '1065', '1031'], '1072': ['1072'], '1033': ['1033', '1153', '1154', '1036', '1150', '1151', '1152', '1155'], '1101': ['1101', '1102', '1103', '1108', '1100'], '1109': ['1109', '1113'], '1110': ['1110', '1039', '1097', '1098', '1099', '1035', '1112', '1111', '1117'], '1104': ['1104'], '1114': ['1114', '1115', '1118', '1116', '1119'], '1068': ['1068', '1077', '1075', '1076', '1074'], '1069': ['1069'], '1070': ['1070'], '1086': ['1086', '1089', '1044', '1087', '1090'], '1092': ['1092'], '1093': ['1093', '1094', '1144', '1149', '1037'], '1145': ['1145'], '1088': ['1088'], '1142': ['1142'], '1141': ['1141'], '1091': ['1091'], '1143': ['1143'], '1062': ['1062'], '1073': ['1073'], '1139': ['1139']})"
32,"defaultdict(<class 'list'>, {'1040': ['1040', '1080', '1079', '1077', '1076', '1078', '1081', '1082', '1083'], '1095': ['1095'], '1084': ['1084', '1042', '1085'], '1096': ['1096', '1138', '1135', '1137', '1139', '1136', '1088', '1142', '1141', '1143', '1140'], '1041': ['1041', '1126', '1125', '1127', '1124'], '1128': ['1128', '1131', '1132', '1130', '1133', '1129', '1120', '1134'], '1032': ['1032', '1160', '1161', '1162', '1146', '1147', '1148', '1158', '1157', '1159', '1156', '1145'], '1052': ['1052'], '1063': ['1063'], '1051': ['1051', '1055', '1056', '1049', '1050'], '1057': ['1057', '1060', '1061', '1105', '1106', '1107', '1058', '1059', '1113'], '1071': ['1071'], '1053': ['1053', '1038', '1048', '1054', '1034'], '1066': ['1066'], '1072': ['1072', '1075', '1073', '1074'], '1033': ['1033', '1101', '1109', '1153', '1100', '1154', '1155', '1152'], '1102': ['1102'], '1103': ['1103'], '1108': ['1108'], '1110': ['1110', '1111', '1064', '1065', '1031'], '1104': ['1104'], '1114': ['1114', '1030', '1046', '1069', '1047', '1070'], '1068': ['1068'], '1039': ['1039', '1097', '1112', '1035', '1117', '1098', '1099', '1118', '1119'], '1067': ['1067'], '1086': ['1086', '1089', '1044', '1087', '1090'], '1043': ['1043', '1121', '1122', '1123', '1045'], '1036': ['1036', '1092', '1150', '1093', '1094', '1151', '1149', '1037', '1144'], '1091': ['1091'], '1115': ['1115'], '1062': ['1062'], '1116': ['1116']})"
32,"defaultdict(<class 'list'>, {'1040': ['1040', '1080', '1081', '1082', '1083'], '1079': ['1079', '1077', '1075', '1076', '1074', '1078'], '1095': ['1095'], '1084': ['1084', '1042', '1085', '1086', '1089', '1044', '1087', '1090', '1091', '1088'], '1096': ['1096', '1138', '1135', '1137', '1139'], '1136': ['1136'], '1041': ['1041', '1126', '1125', '1127', '1124'], '1128': ['1128', '1129', '1132', '1130', '1134'], '1131': ['1131'], '1032': ['1032', '1063', '1160', '1147', '1148', '1158', '1157', '1159', '1156', '1161', '1162', '1146'], '1052': ['1052', '1053', '1049', '1050', '1054', '1051', '1055', '1062'], '1057': ['1057', '1060', '1061', '1058', '1059'], '1071': ['1071', '1072', '1073'], '1066': ['1066'], '1056': ['1056'], '1033': ['1033', '1153', '1154', '1155', '1152'], '1101': ['1101', '1102', '1098', '1099', '1100'], '1109': ['1109'], '1103': ['1103'], '1105': ['1105', '1106', '1113', '1107', '1114'], '1108': ['1108'], '1110': ['1110', '1111', '1064', '1065', '1031', '1039', '1097', '1112', '1035'], '1104': ['1104', '1030', '1046', '1069', '1047', '1070'], '1038': ['1038', '1048', '1068', '1034', '1067'], '1043': ['1043', '1121', '1122', '1123', '1045'], '1036': ['1036', '1092', '1150', '1093', '1094', '1144', '1149', '1037', '1151', '1145', '1143'], '1142': ['1142'], '1141': ['1141'], '1115': ['1115', '1118', '1116', '1119', '1120'], '1117': ['1117'], '1140': ['1140'], '1133': ['1133']})"
32,"defaultdict(<class 'list'>, {'1040': ['1040', '1080', '1079', '1081', '1078'], '1095': ['1095', '1082', '1084', '1083', '1085', '1042', '1086', '1089', '1044', '1087', '1090', '1091'], '1096': ['1096', '1138', '1135', '1137', '1139', '1136', '1088', '1142', '1141', '1143', '1140'], '1041': ['1041', '1126', '1125', '1127', '1124'], '1128': ['1128', '1131', '1132', '1130', '1133', '1129', '1120', '1134'], '1032': ['1032', '1160', '1161', '1162', '1146'], '1052': ['1052', '1051', '1053', '1038', '1048', '1054', '1034', '1049', '1050', '1055', '1056'], '1063': ['1063', '1057', '1071', '1066', '1067'], '1060': ['1060'], '1147': ['1147'], '1148': ['1148', '1158', '1157', '1159', '1156'], '1061': ['1061', '1062', '1075', '1073', '1074', '1076'], '1072': ['1072'], '1033': ['1033', '1153', '1154', '1155', '1152'], '1101': ['1101', '1102', '1098', '1099', '1100'], '1109': ['1109', '1110', '1039', '1097', '1112', '1111', '1035'], '1103': ['1103', '1104', '1030', '1046', '1047'], '1105': ['1105', '1106', '1107', '1058', '1059'], '1113': ['1113'], '1108': ['1108'], '1114': ['1114'], '1068': ['1068'], '1069': ['1069', '1064', '1065', '1070', '1031'], '1043': ['1043', '1121', '1122', '1123', '1045'], '1036': ['1036'], '1092': ['1092'], '1150': ['1150'], '1093': ['1093', '1094', '1151', '1149', '1037'], '1145': ['1145'], '1144': ['1144'], '1115': ['1115', '1117', '1118', '1116', '1119'], '1077': ['1077']})"
32,"defaultdict(<class 'list'>, {'1040': ['1040', '1080', '1079', '1081', '1078', '1095', '1082', '1084', '1042', '1083', '1085', '1086'], '1096': ['1096', '1138', '1135', '1137', '1139', '1136', '1088', '1142', '1141', '1143', '1140'], '1041': ['1041', '1126', '1125', '1127', '1043', '1121', '1122', '1123', '1045', '1124', '1129', '1134'], '1128': ['1128'], '1131': ['1131'], '1032': ['1032', '1063', '1160', '1161', '1162', '1147', '1148', '1158', '1157', '1159', '1156', '1146'], '1052': ['1052', '1051', '1053', '1049', '1050', '1055', '1054'], '1057': ['1057', '1060', '1071', '1061', '1105', '1106', '1107', '1058', '1059'], '1066': ['1066', '1110', '1064', '1065', '1031'], '1056': ['1056', '1077', '1075', '1076', '1074'], '1072': ['1072', '1062', '1073'], '1033': ['1033', '1101', '1102', '1103', '1039', '1097', '1098', '1099', '1035', '1112', '1111', '1100'], '1109': ['1109'], '1153': ['1153', '1155'], '1113': ['1113', '1114', '1115'], '1154': ['1154', '1036', '1150', '1151', '1152'], '1108': ['1108'], '1104': ['1104'], '1038': ['1038', '1048', '1068', '1034', '1067'], '1030': ['1030', '1046', '1069', '1047', '1070'], '1089': ['1089', '1149', '1044', '1090', '1091'], '1092': ['1092'], '1093': ['1093'], '1094': ['1094'], '1145': ['1145'], '1144': ['1144'], '1037': ['1037'], '1087': ['1087'], '1117': ['1117', '1118', '1116', '1119', '1120'], '1132': ['1132'], '1130': ['1130'], '1133': ['1133']})"
32,"defaultdict(<class 'list'>, {'1040': ['1040', '1080', '1079', '1081', '1078', '1077', '1075', '1076', '1074'], '1095': ['1095'], '1082': ['1082', '1084', '1042', '1083', '1085'], '1096': ['1096', '1138', '1135', '1137', '1139'], '1136': ['1136'], '1041': ['1041', '1126', '1125', '1127', '1124'], '1128': ['1128', '1129', '1132', '1130', '1134', '1131', '1133'], '1032': ['1032', '1160', '1161', '1162', '1146', '1147', '1148', '1158', '1157', '1159', '1156', '1145'], '1052': ['1052'], '1063': ['1063'], '1051': ['1051', '1055', '1056', '1049', '1050'], '1057': ['1057', '1060', '1071', '1061', '1105', '1106', '1107', '1058', '1059'], '1053': ['1053', '1054', '1062'], '1066': ['1066', '1110', '1064', '1065'], '1072': ['1072', '1070', '1073'], '1033': ['1033', '1109', '1153', '1155', '1152', '1154'], '1101': ['1101', '1102', '1098', '1099', '1100', '1103', '1108'], '1113': ['1113', '1114', '1115'], '1104': ['1104', '1030', '1046', '1069', '1047', '1031'], '1038': ['1038', '1048', '1068', '1034', '1067'], '1039': ['1039', '1097', '1112', '1035', '1111'], '1086': ['1086', '1089', '1044', '1087', '1090'], '1043': ['1043'], '1121': ['1121'], '1122': ['1122'], '1123': ['1123'], '1036': ['1036', '1092', '1150', '1151', '1149'], '1093': ['1093', '1094', '1144', '1037'], '1088': ['1088', '1142', '1141', '1143', '1140'], '1091': ['1091'], '1045': ['1045'], '1117': ['1117', '1118', '1116', '1119', '1120']})"
33,"defaultdict(<class 'list'>, {'1040': ['1040', '1080', '1079', '1077', '1078'], '1081': ['1081', '1095', '1082', '1084', '1042', '1083', '1085', '1086', '1087'], '1096': ['1096', '1136', '1135', '1137', '1140', '1138', '1088', '1142', '1141', '1143', '1139'], '1041': ['1041'], '1126': ['1126', '1125', '1127', '1043', '1121', '1122', '1123', '1045', '1124'], '1128': ['1128', '1129', '1132', '1130', '1134', '1131', '1120', '1133'], '1032': ['1032', '1063', '1066', '1068', '1067'], '1052': ['1052'], '1160': ['1160', '1161', '1162', '1146', '1147', '1148', '1158', '1157', '1159', '1156', '1092', '1145'], '1051': ['1051', '1055', '1056', '1049', '1050'], '1057': ['1057', '1060', '1061', '1058', '1059'], '1071': ['1071'], '1053': ['1053', '1038', '1048', '1054', '1034', '1062'], '1072': ['1072', '1075', '1076', '1073', '1074'], '1033': ['1033', '1109', '1105', '1113', '1114'], '1101': ['1101'], '1153': ['1153'], '1102': ['1102'], '1103': ['1103'], '1106': ['1106'], '1154': ['1154', '1036', '1150', '1151', '1152'], '1155': ['1155'], '1108': ['1108', '1107', '1115', '1116', '1119'], '1110': ['1110'], '1104': ['1104', '1030', '1046', '1047', '1117'], '1039': ['1039', '1097', '1098', '1099', '1035'], '1112': ['1112'], '1100': ['1100'], '1111': ['1111'], '1069': ['1069', '1064', '1065', '1070', '1031'], '1089': ['1089', '1044', '1090', '1091'], '1093': ['1093', '1094', '1144', '1149', '1037'], '1118': ['1118']})"
33,"defaultdict(<class 'list'>, {'1040': ['1040', '1080', '1081', '1082', '1078', '1095', '1083'], '1079': ['1079', '1077', '1075', '1076', '1074'], '1084': ['1084', '1042', '1085', '1086', '1089', '1044', '1087', '1090', '1091'], '1096': ['1096', '1138', '1135', '1137', '1139', '1136', '1140'], '1041': ['1041'], '1126': ['1126', '1125', '1127', '1043', '1121', '1122', '1123', '1045', '1124'], '1128': ['1128', '1131', '1132', '1130', '1133', '1129', '1134'], '1032': ['1032', '1052', '1063', '1053', '1049', '1160', '1161', '1162', '1146'], '1051': ['1051', '1055', '1056', '1046', '1047'], '1057': ['1057', '1060', '1061', '1105', '1106', '1107', '1058', '1059', '1062'], '1071': ['1071', '1072', '1073'], '1147': ['1147', '1148', '1158', '1157', '1159', '1033', '1153', '1155', '1156'], '1066': ['1066'], '1101': ['1101', '1102', '1103', '1039', '1097', '1098', '1099', '1035', '1100', '1104'], '1109': ['1109'], '1113': ['1113'], '1154': ['1154', '1036', '1150', '1151', '1152'], '1108': ['1108'], '1110': ['1110'], '1114': ['1114'], '1038': ['1038', '1048', '1068', '1034', '1067'], '1050': ['1050'], '1054': ['1054'], '1112': ['1112'], '1111': ['1111'], '1030': ['1030'], '1069': ['1069', '1064', '1065', '1070', '1031'], '1092': ['1092'], '1093': ['1093', '1094', '1144', '1149', '1037'], '1145': ['1145'], '1088': ['1088', '1142', '1141', '1143'], '1115': ['1115'], '1117': ['1117', '1118', '1116', '1119', '1120']})"
33,"defaultdict(<class 'list'>, {'1040': ['1040', '1080', '1079', '1081', '1078', '1095', '1082', '1084', '1042', '1083', '1085', '1086'], '1096': ['1096', '1138', '1135', '1137', '1139', '1136', '1088', '1142', '1141', '1143', '1140'], '1041': ['1041', '1126', '1125', '1127', '1043', '1121', '1122', '1123', '1045', '1124', '1129', '1134'], '1128': ['1128'], '1131': ['1131'], '1032': ['1032', '1063', '1160', '1161', '1162', '1147', '1148', '1158', '1157', '1159', '1156', '1146'], '1052': ['1052', '1051', '1053', '1049', '1050', '1055', '1054'], '1057': ['1057', '1060', '1071', '1061', '1105', '1106', '1107', '1058', '1059'], '1066': ['1066', '1110', '1064', '1065', '1031'], '1056': ['1056', '1077', '1075', '1076', '1074'], '1072': ['1072', '1062', '1073'], '1033': ['1033', '1101', '1102', '1103', '1039', '1097', '1098', '1099', '1035', '1112', '1111', '1100'], '1109': ['1109'], '1153': ['1153'], '1113': ['1113', '1114', '1115'], '1154': ['1154', '1036', '1150', '1151', '1152'], '1155': ['1155'], '1108': ['1108'], '1104': ['1104'], '1038': ['1038', '1048', '1068', '1034', '1067'], '1030': ['1030', '1046', '1069', '1047', '1070'], '1089': ['1089', '1149', '1044', '1090', '1091'], '1092': ['1092'], '1093': ['1093'], '1094': ['1094'], '1145': ['1145'], '1144': ['1144'], '1037': ['1037'], '1087': ['1087'], '1117': ['1117', '1118', '1116', '1119', '1120'], '1132': ['1132'], '1130': ['1130'], '1133': ['1133']})"
33,"defaultdict(<class 'list'>, {'1040': ['1040', '1080', '1079', '1081', '1078', '1095', '1082', '1084', '1042', '1083', '1085', '1136'], '1096': ['1096', '1138', '1135', '1137', '1139'], '1041': ['1041'], '1126': ['1126'], '1125': ['1125'], '1127': ['1127'], '1128': ['1128', '1131', '1132', '1130', '1133', '1129', '1134'], '1032': ['1032', '1160', '1161', '1162'], '1052': ['1052', '1051', '1053', '1049', '1050'], '1063': ['1063'], '1055': ['1055', '1056'], '1057': ['1057', '1060', '1071', '1061', '1072'], '1147': ['1147', '1036', '1092', '1145', '1146', '1150', '1093', '1094', '1151', '1149', '1037', '1144'], '1148': ['1148', '1158', '1157', '1159', '1153', '1154', '1155', '1156', '1152', '1033', '1109'], '1066': ['1066'], '1101': ['1101', '1102', '1103', '1039', '1097', '1098', '1099', '1035', '1100'], '1105': ['1105', '1106', '1108', '1107', '1115', '1113', '1114', '1058', '1059'], '1110': ['1110', '1111', '1064', '1065', '1031', '1112'], '1104': ['1104'], '1038': ['1038', '1048', '1068', '1077', '1075', '1076', '1074', '1034', '1067'], '1054': ['1054'], '1030': ['1030', '1046', '1069', '1047', '1070'], '1086': ['1086', '1087', '1088', '1141', '1143', '1089', '1044', '1090', '1091', '1142'], '1043': ['1043'], '1121': ['1121'], '1122': ['1122'], '1123': ['1123'], '1124': ['1124'], '1045': ['1045'], '1062': ['1062'], '1117': ['1117', '1118', '1116', '1119', '1120'], '1073': ['1073'], '1140': ['1140']})"
33,"defaultdict(<class 'list'>, {'1040': ['1040', '1080', '1079', '1081', '1078', '1095', '1082', '1084', '1042', '1083', '1085', '1086'], '1096': ['1096', '1138', '1135', '1137', '1139', '1136', '1088', '1142', '1141', '1143', '1140'], '1041': ['1041', '1126', '1125', '1127', '1124'], '1128': ['1128', '1131', '1132', '1130', '1133'], '1129': ['1129'], '1032': ['1032', '1160', '1161', '1162'], '1052': ['1052', '1053', '1049', '1050', '1054'], '1063': ['1063', '1066', '1038', '1048', '1068', '1034', '1067'], '1051': ['1051'], '1055': ['1055'], '1057': ['1057', '1060', '1071', '1061', '1072'], '1147': ['1147', '1036', '1092', '1145', '1146'], '1148': ['1148'], '1158': ['1158'], '1056': ['1056', '1077', '1075', '1076', '1074'], '1157': ['1157'], '1159': ['1159'], '1033': ['1033', '1153', '1154', '1155', '1151', '1152', '1156'], '1101': ['1101', '1102', '1098', '1099', '1100', '1103', '1039', '1097', '1035'], '1109': ['1109'], '1105': ['1105', '1106', '1107', '1058', '1059', '1113', '1108', '1114', '1115'], '1110': ['1110', '1111', '1064', '1065', '1031'], '1104': ['1104'], '1112': ['1112'], '1030': ['1030', '1046', '1069', '1047', '1070'], '1089': ['1089', '1044', '1087', '1090', '1091'], '1043': ['1043', '1121', '1122', '1123', '1045'], '1150': ['1150'], '1093': ['1093', '1094', '1144', '1149', '1037'], '1062': ['1062'], '1117': ['1117', '1118', '1116', '1119', '1120'], '1073': ['1073'], '1134': ['1134']})"
33,"defaultdict(<class 'list'>, {'1040': ['1040', '1080', '1079', '1081', '1078'], '1095': ['1095', '1082', '1084', '1042', '1083', '1085', '1086', '1089', '1087', '1090', '1091', '1044'], '1096': ['1096'], '1136': ['1136'], '1138': ['1138'], '1041': ['1041', '1126', '1125', '1127', '1043', '1121', '1122', '1123', '1045', '1124', '1128', '1132'], '1129': ['1129', '1131', '1120', '1130', '1134'], '1032': ['1032', '1160', '1147', '1148', '1158', '1157', '1159', '1161', '1162', '1155', '1156', '1146'], '1052': ['1052', '1053', '1049', '1050', '1054'], '1063': ['1063'], '1051': ['1051'], '1055': ['1055'], '1057': ['1057', '1060', '1061', '1058', '1059'], '1071': ['1071'], '1066': ['1066', '1038', '1048', '1068', '1034', '1067', '1077', '1076'], '1056': ['1056'], '1072': ['1072', '1075', '1073', '1074'], '1033': ['1033', '1109', '1105', '1113'], '1101': ['1101', '1102', '1103', '1100'], '1153': ['1153'], '1106': ['1106'], '1154': ['1154', '1036', '1092', '1150', '1093', '1094', '1151', '1149', '1037', '1144', '1145', '1152'], '1108': ['1108', '1107', '1115', '1116', '1119'], '1110': ['1110'], '1104': ['1104'], '1114': ['1114', '1030', '1046', '1069', '1047', '1070', '1064', '1065', '1031'], '1039': ['1039', '1097', '1098', '1099', '1035', '1112', '1111', '1117', '1118'], '1088': ['1088', '1142', '1141', '1143', '1139'], '1062': ['1062'], '1135': ['1135'], '1137': ['1137'], '1140': ['1140'], '1133': ['1133']})"
33,"defaultdict(<class 'list'>, {'1040': ['1040', '1080', '1079', '1038', '1048', '1068', '1034', '1067', '1077', '1076', '1078', '1081'], '1095': ['1095', '1082', '1084', '1042', '1083', '1085', '1096'], '1136': ['1136', '1141', '1140'], '1138': ['1138'], '1041': ['1041', '1126', '1125', '1043', '1121', '1122', '1123', '1045', '1124'], '1127': ['1127'], '1128': ['1128', '1131', '1132', '1130', '1133'], '1129': ['1129'], '1032': ['1032', '1052', '1063', '1053', '1049', '1160', '1146'], '1051': ['1051', '1055', '1056', '1050'], '1057': ['1057', '1060', '1061', '1105', '1106', '1107', '1058', '1059', '1113'], '1071': ['1071'], '1147': ['1147', '1148', '1158', '1157', '1159', '1156', '1161', '1033', '1153', '1154', '1155', '1152'], '1066': ['1066'], '1072': ['1072', '1075', '1073', '1074'], '1162': ['1162'], '1101': ['1101', '1102', '1103', '1039', '1097', '1098', '1099', '1035', '1100'], '1109': ['1109'], '1108': ['1108'], '1110': ['1110'], '1104': ['1104'], '1114': ['1114', '1030', '1046', '1069', '1064', '1065', '1070', '1031', '1047'], '1054': ['1054', '1062'], '1112': ['1112', '1111', '1117', '1118', '1119'], '1086': ['1086', '1089', '1044', '1087', '1090', '1088', '1142', '1091'], '1036': ['1036', '1092', '1150', '1151', '1149', '1093', '1094', '1144', '1037', '1143', '1145'], '1115': ['1115'], '1116': ['1116'], '1135': ['1135'], '1137': ['1137'], '1139': ['1139'], '1120': ['1120'], '1134': ['1134']})"
33,"defaultdict(<class 'list'>, {'1040': ['1040', '1080', '1081', '1082', '1078', '1084', '1042', '1083', '1085'], '1079': ['1079', '1077', '1075', '1076', '1074'], '1095': ['1095'], '1096': ['1096', '1138', '1135', '1137', '1139', '1136', '1088', '1142', '1141', '1143', '1140'], '1041': ['1041', '1126', '1125', '1127', '1124'], '1128': ['1128', '1131', '1132', '1130', '1133', '1129', '1120', '1134', '1119'], '1032': ['1032', '1063', '1071', '1066', '1067'], '1052': ['1052', '1053', '1038', '1048', '1054', '1034', '1049'], '1160': ['1160', '1147', '1161', '1162', '1146'], '1051': ['1051'], '1055': ['1055'], '1057': ['1057', '1060', '1061', '1058', '1059'], '1148': ['1148', '1158', '1157', '1159', '1156'], '1056': ['1056'], '1072': ['1072'], '1033': ['1033', '1153', '1154', '1155', '1152'], '1101': ['1101', '1102', '1103', '1100'], '1109': ['1109'], '1105': ['1105', '1106', '1113', '1107', '1114', '1108', '1115', '1116'], '1110': ['1110'], '1104': ['1104'], '1050': ['1050'], '1068': ['1068'], '1039': ['1039', '1097', '1098', '1099', '1035', '1112', '1111', '1117', '1118'], '1030': ['1030'], '1046': ['1046'], '1069': ['1069', '1064', '1065', '1070', '1031'], '1047': ['1047'], '1086': ['1086', '1089', '1087', '1090', '1091', '1044'], '1043': ['1043', '1121', '1122', '1123', '1045'], '1036': ['1036', '1092', '1150', '1151', '1149', '1093', '1094', '1144', '1037', '1145'], '1062': ['1062'], '1073': ['1073']})"
33,"defaultdict(<class 'list'>, {'1040': ['1040', '1080', '1079', '1081', '1078'], '1095': ['1095', '1082', '1084', '1083', '1085'], '1096': ['1096', '1138', '1135', '1137', '1139', '1136', '1140'], '1041': ['1041', '1126', '1125', '1127', '1124', '1129', '1043', '1121', '1122', '1123', '1045', '1134'], '1128': ['1128', '1131', '1132', '1133'], '1032': ['1032', '1052', '1063', '1053', '1049', '1160', '1161', '1162', '1146'], '1051': ['1051', '1055', '1050'], '1057': ['1057', '1060', '1061', '1058', '1059', '1071', '1072', '1062', '1073'], '1147': ['1147', '1148', '1158', '1157', '1159', '1156', '1154', '1155'], '1066': ['1066'], '1056': ['1056', '1077', '1075', '1076', '1074'], '1033': ['1033'], '1101': ['1101'], '1109': ['1109', '1105', '1106', '1113', '1107'], '1153': ['1153'], '1102': ['1102', '1103', '1104', '1098', '1099', '1039', '1097', '1035'], '1108': ['1108'], '1110': ['1110', '1112', '1111', '1117'], '1114': ['1114', '1030', '1046', '1069', '1047', '1070', '1064', '1065', '1031'], '1038': ['1038', '1048', '1054', '1068', '1034'], '1100': ['1100'], '1067': ['1067'], '1042': ['1042'], '1086': ['1086', '1087', '1088', '1141', '1143', '1142'], '1089': ['1089', '1149', '1044', '1090', '1091'], '1036': ['1036'], '1092': ['1092'], '1150': ['1150'], '1093': ['1093', '1094', '1145', '1144', '1037'], '1151': ['1151'], '1115': ['1115', '1118', '1116', '1119', '1120'], '1152': ['1152'], '1130': ['1130']})"
33,"defaultdict(<class 'list'>, {'1040': ['1040', '1080', '1081', '1082', '1078', '1079', '1095', '1096', '1083'], '1084': ['1084', '1042', '1085', '1086', '1087'], '1136': ['1136', '1133'], '1138': ['1138', '1137', '1139'], '1041': ['1041', '1126', '1125', '1127', '1131', '1124', '1128', '1043', '1121', '1122', '1123', '1045'], '1129': ['1129'], '1032': ['1032', '1160', '1161', '1162', '1146'], '1052': ['1052', '1051', '1053', '1049', '1050', '1054'], '1063': ['1063', '1057', '1060', '1071', '1061'], '1055': ['1055', '1056', '1075', '1076', '1074'], '1147': ['1147'], '1148': ['1148', '1158', '1157', '1159', '1153', '1154', '1155', '1156', '1152'], '1066': ['1066'], '1072': ['1072', '1062', '1073'], '1033': ['1033', '1101', '1102', '1098', '1099', '1100', '1103', '1039', '1097', '1035', '1112'], '1109': ['1109'], '1105': ['1105', '1106', '1113', '1107', '1114', '1108', '1058', '1059', '1115'], '1110': ['1110', '1111', '1064', '1065', '1031', '1030', '1046', '1069', '1047', '1070'], '1104': ['1104'], '1038': ['1038', '1048', '1068', '1034', '1067'], '1089': ['1089'], '1036': ['1036', '1092', '1150', '1151'], '1093': ['1093', '1094', '1145', '1144', '1037'], '1149': ['1149'], '1044': ['1044'], '1088': ['1088', '1142', '1141', '1143', '1140'], '1090': ['1090'], '1091': ['1091'], '1077': ['1077'], '1117': ['1117', '1118', '1116', '1119', '1120'], '1135': ['1135', '1134'], '1132': ['1132'], '1130': ['1130']})"
33,"defaultdict(<class 'list'>, {'1040': ['1040', '1080', '1079', '1081', '1078', '1095', '1082', '1096', '1083'], '1084': ['1084', '1042', '1085', '1086', '1087'], '1136': ['1136'], '1138': ['1138', '1137', '1139'], '1041': ['1041', '1126', '1125', '1127', '1124', '1129', '1043', '1121', '1122', '1123', '1045', '1119'], '1128': ['1128', '1131', '1132', '1130', '1133'], '1032': ['1032', '1052', '1063', '1053', '1049', '1160', '1161', '1162', '1146'], '1051': ['1051', '1038', '1048', '1050', '1034'], '1055': ['1055'], '1057': ['1057', '1060', '1071', '1061', '1072'], '1147': ['1147', '1093', '1094', '1145', '1144', '1037'], '1148': ['1148', '1158', '1157', '1159', '1156', '1153', '1154', '1155', '1152'], '1066': ['1066', '1068', '1067'], '1056': ['1056'], '1033': ['1033', '1109', '1113', '1110', '1111'], '1101': ['1101'], '1102': ['1102', '1039', '1097', '1098', '1099', '1035', '1112', '1100', '1117'], '1103': ['1103'], '1105': ['1105', '1106', '1107', '1058', '1059'], '1108': ['1108'], '1104': ['1104'], '1114': ['1114', '1030', '1046', '1069', '1064', '1065', '1070', '1031', '1047'], '1054': ['1054'], '1089': ['1089', '1149', '1044', '1090', '1091'], '1036': ['1036', '1092', '1150', '1151'], '1088': ['1088', '1142', '1141', '1143', '1140'], '1115': ['1115'], '1062': ['1062'], '1077': ['1077', '1075', '1076', '1073', '1074'], '1118': ['1118'], '1116': ['1116'], '1135': ['1135', '1134'], '1120': ['1120']})"
33,"defaultdict(<class 'list'>, {'1040': ['1040', '1080', '1081', '1078', '1079', '1095', '1082', '1084', '1042', '1083', '1085'], '1096': ['1096', '1138', '1135', '1137', '1139', '1136', '1140'], '1041': ['1041'], '1126': ['1126', '1125', '1127', '1043', '1121', '1122', '1123', '1045', '1124'], '1128': ['1128', '1131', '1132', '1130', '1133'], '1129': ['1129'], '1032': ['1032', '1160', '1161', '1162', '1146'], '1052': ['1052', '1053', '1049', '1050', '1054', '1051', '1055', '1062'], '1063': ['1063', '1057', '1060', '1071', '1061'], '1147': ['1147', '1148', '1158', '1157', '1159'], '1066': ['1066'], '1056': ['1056'], '1072': ['1072'], '1033': ['1033', '1109', '1110', '1039', '1097', '1098', '1099', '1035', '1112', '1111'], '1101': ['1101', '1102', '1103', '1104', '1100'], '1153': ['1153'], '1105': ['1105', '1106', '1107', '1058', '1059', '1113', '1108', '1114', '1115'], '1154': ['1154'], '1155': ['1155'], '1156': ['1156'], '1038': ['1038', '1048', '1068', '1034', '1067'], '1030': ['1030', '1046', '1069', '1047', '1070'], '1064': ['1064'], '1065': ['1065'], '1031': ['1031'], '1086': ['1086', '1087', '1088', '1141', '1143', '1089', '1044', '1090', '1142'], '1036': ['1036', '1092', '1150', '1093', '1094', '1151', '1149', '1037', '1144'], '1145': ['1145'], '1091': ['1091'], '1077': ['1077', '1075', '1076', '1073', '1074'], '1117': ['1117', '1118', '1116', '1119', '1120'], '1152': ['1152'], '1134': ['1134']})"
33,"defaultdict(<class 'list'>, {'1040': ['1040', '1080', '1081', '1082', '1078', '1095', '1083'], '1079': ['1079', '1077', '1075', '1076', '1074'], '1084': ['1084', '1042', '1085', '1086', '1089', '1044', '1087', '1090', '1091'], '1096': ['1096', '1138', '1135', '1137', '1139'], '1136': ['1136'], '1041': ['1041'], '1126': ['1126', '1125', '1127', '1043', '1121', '1122', '1123', '1045', '1124'], '1128': ['1128', '1131', '1132', '1130', '1133', '1129', '1120', '1134'], '1032': ['1032', '1160', '1161', '1162', '1146'], '1052': ['1052', '1053', '1049', '1050', '1054'], '1063': ['1063'], '1051': ['1051', '1055', '1056'], '1057': ['1057', '1060', '1061', '1062', '1073', '1071', '1072'], '1147': ['1147', '1148', '1158', '1157', '1159'], '1066': ['1066', '1067', '1064', '1065', '1031'], '1033': ['1033', '1153', '1154', '1155', '1152'], '1101': ['1101'], '1109': ['1109', '1105', '1106', '1107', '1058', '1059', '1113'], '1102': ['1102', '1039', '1097', '1098', '1099', '1035', '1112', '1100', '1111'], '1103': ['1103'], '1108': ['1108'], '1110': ['1110'], '1104': ['1104', '1030', '1046', '1047', '1117'], '1114': ['1114', '1115', '1118', '1116', '1119'], '1156': ['1156'], '1038': ['1038'], '1048': ['1048'], '1068': ['1068'], '1034': ['1034'], '1069': ['1069'], '1070': ['1070'], '1036': ['1036', '1092', '1150', '1093', '1094', '1151', '1149', '1037', '1144', '1145'], '1088': ['1088', '1142', '1141', '1143', '1140']})"
33,"defaultdict(<class 'list'>, {'1040': ['1040', '1080', '1079', '1081', '1078', '1095', '1082', '1084', '1042', '1083', '1085', '1096'], '1136': ['1136', '1135', '1140'], '1138': ['1138', '1134'], '1041': ['1041', '1126', '1125', '1127', '1124', '1128', '1131', '1132', '1130', '1133', '1129', '1120'], '1032': ['1032', '1063', '1160', '1161', '1162'], '1052': ['1052', '1051', '1053', '1049', '1050'], '1055': ['1055'], '1057': ['1057', '1060', '1061', '1105', '1106', '1107', '1058', '1059', '1108'], '1071': ['1071'], '1147': ['1147', '1036', '1092', '1145', '1146'], '1148': ['1148', '1158', '1157', '1159', '1156'], '1066': ['1066'], '1056': ['1056'], '1072': ['1072'], '1033': ['1033', '1109', '1110', '1064', '1065'], '1101': ['1101', '1102', '1098', '1099', '1100', '1103', '1039', '1097', '1035'], '1153': ['1153', '1154', '1155', '1151', '1152'], '1113': ['1113'], '1104': ['1104', '1112', '1111', '1117'], '1114': ['1114', '1115', '1118', '1116', '1119'], '1038': ['1038', '1048', '1068', '1034', '1067'], '1054': ['1054'], '1030': ['1030', '1046', '1069', '1047', '1070'], '1031': ['1031'], '1086': ['1086', '1089', '1044', '1087', '1090'], '1043': ['1043', '1121', '1122', '1123', '1045'], '1150': ['1150'], '1093': ['1093', '1094', '1144', '1149', '1037'], '1088': ['1088', '1142', '1141', '1143', '1139'], '1091': ['1091'], '1062': ['1062'], '1077': ['1077', '1075', '1076', '1073', '1074'], '1137': ['1137']})"
33,"defaultdict(<class 'list'>, {'1040': ['1040', '1080', '1079', '1081', '1078', '1095', '1082', '1084', '1042', '1083', '1085', '1096'], '1136': ['1136'], '1138': ['1138'], '1041': ['1041', '1126', '1125', '1127', '1043', '1121', '1122', '1123', '1045', '1124', '1128', '1132'], '1129': ['1129'], '1131': ['1131'], '1032': ['1032', '1160', '1161', '1162', '1146', '1147', '1148', '1158', '1156', '1157', '1159'], '1052': ['1052', '1051', '1053', '1049', '1050'], '1063': ['1063', '1071', '1072'], '1055': ['1055'], '1057': ['1057', '1060', '1061', '1105', '1106', '1107', '1058', '1059', '1113'], '1066': ['1066'], '1056': ['1056'], '1033': ['1033', '1153', '1154', '1155', '1152'], '1101': ['1101', '1102', '1103', '1108', '1100'], '1109': ['1109', '1110'], '1104': ['1104'], '1114': ['1114', '1030', '1046', '1069', '1064', '1065', '1070', '1031', '1047'], '1038': ['1038', '1048', '1068', '1034', '1067'], '1054': ['1054'], '1039': ['1039', '1097', '1098', '1099', '1035', '1112', '1111', '1117', '1118'], '1086': ['1086', '1089', '1044', '1087', '1090', '1088', '1142', '1091', '1141', '1143'], '1036': ['1036', '1092', '1150', '1093', '1094', '1151', '1149', '1037', '1144', '1145'], '1115': ['1115', '1116', '1119', '1120'], '1062': ['1062'], '1077': ['1077', '1075', '1076', '1073', '1074'], '1135': ['1135'], '1137': ['1137'], '1140': ['1140'], '1139': ['1139'], '1130': ['1130'], '1134': ['1134'], '1133': ['1133']})"
33,"defaultdict(<class 'list'>, {'1040': ['1040', '1080', '1079', '1081', '1078', '1095', '1082', '1084', '1042', '1083', '1085', '1096'], '1136': ['1136', '1133'], '1138': ['1138'], '1041': ['1041', '1126', '1125', '1127', '1128', '1124', '1122', '1123', '1045', '1043', '1121', '1132'], '1129': ['1129'], '1131': ['1131'], '1032': ['1032', '1160', '1161', '1162', '1146'], '1052': ['1052', '1053'], '1063': ['1063', '1071', '1072'], '1051': ['1051', '1055', '1056', '1049', '1050'], '1057': ['1057', '1060', '1061', '1058', '1059'], '1147': ['1147', '1148', '1158', '1157', '1159', '1156', '1033', '1153', '1154', '1155', '1152', '1109'], '1066': ['1066'], '1101': ['1101', '1102', '1098', '1099', '1100'], '1103': ['1103'], '1105': ['1105', '1106', '1113', '1108', '1107'], '1110': ['1110'], '1104': ['1104'], '1114': ['1114', '1030', '1046', '1069', '1064', '1065', '1070', '1031', '1047'], '1038': ['1038', '1048', '1068', '1034', '1067'], '1054': ['1054', '1062'], '1039': ['1039', '1097', '1112', '1035', '1111'], '1086': ['1086', '1089', '1044', '1087', '1090'], '1036': ['1036', '1092', '1145', '1144', '1150', '1093', '1094', '1151', '1149', '1037', '1091'], '1088': ['1088', '1142', '1141', '1143', '1140'], '1115': ['1115', '1118', '1116', '1119', '1120'], '1077': ['1077', '1075', '1076', '1073', '1074'], '1117': ['1117'], '1135': ['1135'], '1137': ['1137'], '1139': ['1139'], '1130': ['1130'], '1134': ['1134']})"
33,"defaultdict(<class 'list'>, {'1040': ['1040', '1080', '1079', '1081', '1078', '1077', '1075', '1076', '1074'], '1095': ['1095'], '1082': ['1082', '1084', '1042', '1083', '1085'], '1096': ['1096', '1138', '1135', '1137', '1139'], '1136': ['1136'], '1041': ['1041', '1126', '1125', '1127', '1124'], '1128': ['1128', '1129', '1132', '1130', '1134', '1131', '1133'], '1032': ['1032', '1160', '1161', '1162', '1146', '1147', '1148', '1158', '1157', '1159', '1156', '1145'], '1052': ['1052'], '1063': ['1063'], '1051': ['1051', '1055', '1056', '1049', '1050'], '1057': ['1057', '1060', '1071', '1061', '1105', '1106', '1107', '1058', '1059'], '1053': ['1053', '1054', '1062'], '1066': ['1066', '1110', '1064', '1065'], '1072': ['1072', '1070', '1073'], '1033': ['1033', '1109', '1153', '1155', '1152'], '1101': ['1101', '1102', '1098', '1099', '1100', '1103', '1108'], '1113': ['1113', '1114', '1115'], '1154': ['1154'], '1104': ['1104', '1030', '1046', '1069', '1047', '1031'], '1038': ['1038', '1048', '1068', '1034', '1067'], '1039': ['1039', '1097', '1112', '1035', '1111'], '1086': ['1086', '1089', '1044', '1087', '1090'], '1043': ['1043'], '1121': ['1121'], '1122': ['1122'], '1123': ['1123'], '1036': ['1036', '1092', '1150', '1151', '1149'], '1093': ['1093', '1094', '1144', '1037'], '1088': ['1088', '1142', '1141', '1143', '1140'], '1091': ['1091'], '1045': ['1045'], '1117': ['1117', '1118', '1116', '1119', '1120']})"
33,"defaultdict(<class 'list'>, {'1040': ['1040', '1080', '1079', '1081', '1078', '1095', '1082', '1084', '1042', '1083', '1085', '1096'], '1136': ['1136', '1135', '1140'], '1138': ['1138'], '1041': ['1041', '1126', '1125', '1127', '1124', '1131', '1122', '1123', '1045'], '1128': ['1128', '1129', '1132', '1130', '1134'], '1032': ['1032', '1052', '1063', '1053', '1049', '1160', '1161', '1162', '1146'], '1051': ['1051', '1055', '1056', '1050'], '1057': ['1057', '1060', '1071', '1061', '1072'], '1147': ['1147', '1148', '1158', '1157', '1159', '1156', '1145'], '1066': ['1066', '1038', '1048', '1068', '1034', '1067'], '1033': ['1033', '1109', '1153', '1155', '1152', '1101', '1154', '1100'], '1102': ['1102', '1039', '1097', '1098', '1099', '1035', '1112'], '1103': ['1103'], '1105': ['1105', '1106', '1107', '1058', '1059'], '1113': ['1113'], '1108': ['1108'], '1110': ['1110', '1111', '1064', '1065', '1031'], '1104': ['1104'], '1114': ['1114'], '1054': ['1054', '1062'], '1030': ['1030', '1046', '1069', '1047', '1070'], '1086': ['1086', '1089', '1092', '1044', '1090', '1091', '1036', '1087'], '1043': ['1043'], '1121': ['1121'], '1150': ['1150'], '1093': ['1093', '1094', '1151', '1149', '1037'], '1144': ['1144'], '1088': ['1088', '1142', '1141', '1143', '1139'], '1115': ['1115'], '1077': ['1077', '1075', '1076', '1073', '1074'], '1117': ['1117', '1118', '1116', '1119', '1120'], '1137': ['1137'], '1133': ['1133']})"
33,"defaultdict(<class 'list'>, {'1040': ['1040', '1080', '1081', '1082', '1084', '1042', '1083', '1085', '1078', '1095'], '1079': ['1079', '1038', '1048', '1068', '1034', '1067', '1077', '1076'], '1096': ['1096', '1136', '1135', '1137', '1140', '1138', '1088', '1142', '1141', '1143', '1139'], '1041': ['1041'], '1126': ['1126', '1125', '1127', '1043', '1121', '1122', '1123', '1045', '1124'], '1128': ['1128', '1131', '1132', '1130', '1133'], '1129': ['1129'], '1032': ['1032'], '1052': ['1052', '1053', '1049', '1050', '1054'], '1063': ['1063'], '1160': ['1160'], '1051': ['1051'], '1055': ['1055'], '1057': ['1057', '1060', '1071', '1058', '1059'], '1147': ['1147', '1036', '1092', '1145', '1146', '1150', '1093', '1094', '1151', '1149', '1037', '1144'], '1148': ['1148', '1158', '1157', '1159', '1156', '1153', '1154', '1155', '1152'], '1161': ['1161'], '1066': ['1066'], '1056': ['1056'], '1061': ['1061', '1062', '1075', '1073', '1074'], '1072': ['1072'], '1162': ['1162'], '1033': ['1033', '1101', '1098', '1099', '1100'], '1109': ['1109', '1105', '1106', '1113', '1107'], '1102': ['1102', '1103', '1104', '1117', '1118'], '1108': ['1108'], '1110': ['1110'], '1114': ['1114', '1030', '1046', '1069', '1064', '1065', '1070', '1031', '1047'], '1039': ['1039', '1097', '1112', '1035', '1111'], '1086': ['1086', '1089', '1044', '1087', '1090'], '1091': ['1091'], '1115': ['1115', '1116', '1119', '1120'], '1134': ['1134']})"
33,"defaultdict(<class 'list'>, {'1040': ['1040', '1080', '1081', '1078'], '1079': ['1079', '1077', '1075', '1076', '1074'], '1095': ['1095'], '1082': ['1082', '1084', '1042', '1085', '1086', '1087', '1083', '1089', '1044'], '1096': ['1096', '1138', '1135', '1137', '1139', '1136', '1088', '1142', '1141', '1143', '1140'], '1041': ['1041', '1126', '1125', '1127', '1124'], '1128': ['1128', '1131', '1132', '1130', '1133'], '1129': ['1129', '1134'], '1032': ['1032', '1160', '1161', '1162', '1146'], '1052': ['1052'], '1063': ['1063', '1066', '1038', '1048', '1068', '1034', '1067'], '1051': ['1051', '1055', '1056', '1049', '1050'], '1057': ['1057', '1060', '1061', '1062', '1073', '1071', '1072'], '1147': ['1147'], '1148': ['1148', '1158', '1157', '1159', '1156'], '1053': ['1053'], '1033': ['1033', '1153', '1154', '1155', '1152'], '1101': ['1101', '1102', '1098', '1099', '1100'], '1109': ['1109'], '1103': ['1103', '1104', '1030', '1046', '1047'], '1105': ['1105', '1106', '1107', '1058', '1059'], '1113': ['1113'], '1108': ['1108'], '1110': ['1110', '1111', '1064', '1065', '1031'], '1114': ['1114', '1069', '1070'], '1054': ['1054'], '1039': ['1039', '1097', '1112', '1035', '1117'], '1043': ['1043', '1121', '1122', '1123', '1045'], '1036': ['1036', '1092', '1150', '1093', '1094', '1151', '1149', '1037', '1144'], '1145': ['1145'], '1090': ['1090'], '1091': ['1091'], '1115': ['1115', '1118', '1116', '1119', '1120']})"
33,"defaultdict(<class 'list'>, {'1040': ['1040', '1080', '1081', '1082', '1078', '1079', '1095', '1096', '1083'], '1084': ['1084', '1042', '1085', '1086', '1089', '1044', '1087', '1090', '1091'], '1136': ['1136', '1088', '1141', '1140'], '1138': ['1138'], '1041': ['1041', '1126', '1125', '1127', '1124', '1131', '1043', '1121', '1122', '1123', '1045', '1120'], '1128': ['1128', '1129', '1132', '1130', '1134'], '1032': ['1032', '1160', '1147', '1161', '1145', '1146', '1162'], '1052': ['1052', '1053', '1049', '1050', '1054', '1051', '1055', '1062'], '1063': ['1063'], '1057': ['1057', '1060', '1071', '1061', '1072'], '1148': ['1148', '1158', '1157', '1159', '1153', '1154', '1155', '1156', '1152'], '1066': ['1066', '1038', '1048', '1068', '1034', '1067', '1064', '1065', '1031'], '1056': ['1056', '1077', '1075', '1076', '1074'], '1033': ['1033', '1109', '1105', '1106', '1107', '1058', '1059', '1113'], '1101': ['1101', '1102', '1098', '1099', '1100', '1103', '1039', '1097', '1035'], '1108': ['1108'], '1110': ['1110'], '1104': ['1104'], '1114': ['1114', '1115', '1118', '1116', '1119'], '1112': ['1112'], '1111': ['1111'], '1030': ['1030'], '1046': ['1046'], '1069': ['1069'], '1047': ['1047'], '1070': ['1070'], '1036': ['1036', '1092', '1150', '1093', '1094', '1151', '1149', '1037', '1144'], '1142': ['1142', '1137', '1139'], '1143': ['1143'], '1117': ['1117'], '1073': ['1073'], '1135': ['1135'], '1133': ['1133']})"
34,"defaultdict(<class 'list'>, {'1040': ['1040', '1080', '1079', '1081', '1078', '1095', '1082', '1084', '1042', '1083', '1085', '1096'], '1136': ['1136'], '1138': ['1138'], '1041': ['1041', '1126', '1125', '1127', '1043', '1121', '1122', '1123', '1045', '1124', '1128', '1132'], '1129': ['1129'], '1131': ['1131'], '1032': ['1032', '1160', '1161', '1162', '1146', '1147', '1148', '1158', '1156', '1157', '1159'], '1052': ['1052', '1051', '1053', '1049', '1050'], '1063': ['1063', '1071', '1072'], '1055': ['1055'], '1057': ['1057', '1060', '1061', '1105', '1106', '1107', '1058', '1059', '1113'], '1066': ['1066'], '1056': ['1056'], '1033': ['1033', '1153', '1154', '1155', '1152'], '1101': ['1101', '1102', '1103', '1108', '1100'], '1109': ['1109', '1110'], '1104': ['1104'], '1114': ['1114', '1030', '1046', '1069', '1064', '1065', '1070', '1031', '1047'], '1038': ['1038', '1048', '1068', '1034', '1067'], '1054': ['1054'], '1039': ['1039', '1097', '1098', '1099', '1035', '1112', '1111', '1117', '1118'], '1086': ['1086', '1089', '1044', '1087', '1090', '1088', '1142', '1091', '1141', '1143'], '1036': ['1036', '1092', '1150', '1093', '1094', '1151', '1149', '1037', '1144'], '1145': ['1145'], '1115': ['1115', '1116', '1119', '1120'], '1062': ['1062'], '1077': ['1077', '1075', '1076', '1073', '1074'], '1135': ['1135'], '1137': ['1137'], '1140': ['1140'], '1139': ['1139'], '1130': ['1130'], '1134': ['1134'], '1133': ['1133']})"
34,"defaultdict(<class 'list'>, {'1040': ['1040', '1080', '1038', '1048', '1068', '1034', '1067', '1077', '1078'], '1079': ['1079', '1081', '1095', '1082', '1084', '1042', '1083', '1085'], '1096': ['1096', '1136', '1135', '1137', '1140', '1138', '1088', '1142', '1141', '1143', '1139'], '1041': ['1041', '1126', '1125', '1127', '1124', '1129', '1122', '1123', '1045', '1043', '1121', '1134'], '1128': ['1128', '1131', '1120', '1132', '1133'], '1032': ['1032', '1160', '1161', '1162', '1146'], '1052': ['1052', '1051', '1053', '1049', '1050'], '1063': ['1063', '1057', '1060', '1071', '1061'], '1055': ['1055'], '1147': ['1147', '1036', '1092', '1150', '1093', '1094', '1151', '1149', '1037', '1145', '1144', '1091'], '1148': ['1148', '1158', '1157', '1159', '1153', '1154', '1155', '1156', '1152'], '1066': ['1066'], '1056': ['1056'], '1072': ['1072', '1075', '1076', '1073', '1074'], '1033': ['1033'], '1101': ['1101'], '1109': ['1109'], '1102': ['1102'], '1103': ['1103', '1104', '1030', '1046', '1047'], '1105': ['1105', '1106', '1107', '1058', '1059'], '1113': ['1113'], '1108': ['1108'], '1110': ['1110'], '1114': ['1114'], '1054': ['1054'], '1039': ['1039', '1097', '1112', '1035', '1111', '1098', '1099', '1117', '1118'], '1100': ['1100'], '1069': ['1069', '1064', '1065', '1070', '1031'], '1086': ['1086', '1089', '1044', '1087', '1090'], '1115': ['1115'], '1062': ['1062'], '1116': ['1116'], '1119': ['1119'], '1130': ['1130']})"
34,"defaultdict(<class 'list'>, {'1040': ['1040', '1080', '1081', '1082', '1083'], '1079': ['1079', '1077', '1075', '1076', '1074', '1078'], '1095': ['1095'], '1084': ['1084', '1042', '1085', '1086', '1089', '1044', '1087', '1090', '1091', '1088'], '1096': ['1096', '1138', '1135', '1137', '1139'], '1136': ['1136'], '1041': ['1041', '1126', '1125', '1127', '1124'], '1128': ['1128', '1129', '1132', '1130', '1134'], '1131': ['1131'], '1032': ['1032', '1063', '1160', '1147', '1148', '1158', '1157', '1159', '1156', '1161', '1162', '1146'], '1052': ['1052', '1053', '1049', '1050', '1054', '1051', '1055', '1062'], '1057': ['1057', '1060', '1061', '1058', '1059'], '1071': ['1071', '1072', '1073'], '1066': ['1066'], '1056': ['1056'], '1033': ['1033', '1153', '1154', '1155', '1152'], '1101': ['1101', '1102', '1098', '1099', '1100'], '1109': ['1109'], '1103': ['1103'], '1105': ['1105', '1106', '1113', '1107', '1114'], '1108': ['1108'], '1110': ['1110', '1111', '1064', '1065', '1031', '1039', '1097', '1112', '1035'], '1104': ['1104', '1030', '1046', '1069', '1047', '1070'], '1038': ['1038', '1048', '1068', '1034', '1067'], '1043': ['1043', '1121', '1122', '1123', '1045'], '1036': ['1036', '1092', '1150', '1093', '1094', '1144', '1149', '1037', '1151'], '1145': ['1145'], '1142': ['1142'], '1141': ['1141'], '1143': ['1143'], '1115': ['1115', '1118', '1116', '1119', '1120'], '1117': ['1117'], '1140': ['1140'], '1133': ['1133']})"
34,"defaultdict(<class 'list'>, {'1040': ['1040', '1080', '1079', '1081', '1078', '1095', '1082', '1084', '1042', '1083', '1085', '1096'], '1136': ['1136'], '1138': ['1138'], '1041': ['1041', '1126', '1125', '1127', '1128', '1124', '1122', '1123', '1045', '1043', '1121', '1132'], '1129': ['1129'], '1131': ['1131'], '1032': ['1032', '1160', '1161', '1162', '1146'], '1052': ['1052', '1053'], '1063': ['1063', '1071', '1072'], '1051': ['1051', '1055', '1056', '1049', '1050'], '1057': ['1057', '1060', '1061', '1058', '1059'], '1147': ['1147', '1148', '1158', '1157', '1159', '1156', '1033', '1153', '1154', '1155', '1152', '1109'], '1066': ['1066'], '1101': ['1101', '1102', '1098', '1099', '1100'], '1103': ['1103'], '1105': ['1105', '1106', '1113', '1108', '1107'], '1110': ['1110'], '1104': ['1104'], '1114': ['1114', '1030', '1046', '1069', '1064', '1065', '1070', '1031', '1047'], '1038': ['1038', '1048', '1068', '1034', '1067'], '1054': ['1054', '1062'], '1039': ['1039', '1097', '1112', '1035', '1111'], '1086': ['1086', '1089', '1044', '1087', '1090'], '1036': ['1036', '1092', '1145', '1144', '1150', '1093', '1094', '1151', '1149', '1037', '1091'], '1088': ['1088', '1142', '1141', '1143', '1140'], '1115': ['1115', '1118', '1116', '1119', '1120'], '1077': ['1077', '1075', '1076', '1073', '1074'], '1117': ['1117'], '1135': ['1135'], '1137': ['1137'], '1139': ['1139'], '1130': ['1130'], '1134': ['1134'], '1133': ['1133']})"
34,"defaultdict(<class 'list'>, {'1040': ['1040', '1080', '1079', '1081', '1078'], '1095': ['1095', '1082', '1084', '1083', '1085', '1042', '1086', '1089', '1044', '1087', '1090', '1091'], '1096': ['1096', '1138', '1135', '1137', '1139', '1136', '1088', '1142', '1141', '1143', '1140'], '1041': ['1041', '1126', '1125', '1127', '1124'], '1128': ['1128', '1131', '1132', '1130', '1133', '1129', '1120', '1134'], '1032': ['1032', '1160', '1161', '1162', '1146'], '1052': ['1052', '1051', '1053', '1038', '1048', '1054', '1034', '1049', '1050', '1055', '1056'], '1063': ['1063', '1057', '1071', '1066', '1067'], '1060': ['1060'], '1147': ['1147'], '1148': ['1148', '1158', '1157', '1159', '1156'], '1061': ['1061', '1062', '1075', '1073', '1074', '1076'], '1072': ['1072'], '1033': ['1033', '1153', '1154', '1155', '1152'], '1101': ['1101', '1102', '1098', '1099', '1100'], '1109': ['1109'], '1103': ['1103', '1104', '1030', '1046', '1047'], '1105': ['1105', '1106', '1107', '1058', '1059'], '1113': ['1113'], '1108': ['1108'], '1110': ['1110', '1039', '1097', '1112', '1111'], '1114': ['1114'], '1068': ['1068'], '1035': ['1035'], '1069': ['1069', '1064', '1065', '1070', '1031'], '1043': ['1043', '1121', '1122', '1123', '1045'], '1036': ['1036'], '1092': ['1092'], '1150': ['1150'], '1093': ['1093', '1094', '1151', '1149', '1037'], '1145': ['1145'], '1144': ['1144'], '1115': ['1115', '1117', '1118', '1116', '1119'], '1077': ['1077']})"
34,"defaultdict(<class 'list'>, {'1040': ['1040', '1080', '1079', '1081', '1078', '1095', '1082', '1084', '1042', '1083', '1085', '1136'], '1096': ['1096', '1138', '1135', '1137', '1139'], '1041': ['1041'], '1126': ['1126'], '1125': ['1125'], '1127': ['1127'], '1128': ['1128', '1131', '1132', '1130', '1133', '1129', '1134'], '1032': ['1032', '1160', '1161', '1162'], '1052': ['1052', '1051', '1053', '1049', '1050'], '1063': ['1063'], '1055': ['1055', '1056'], '1057': ['1057', '1060', '1071', '1061', '1072'], '1147': ['1147', '1036', '1092', '1145', '1146', '1150', '1093', '1094', '1151', '1149', '1037', '1144'], '1148': ['1148', '1158', '1157', '1159', '1153', '1154', '1155', '1156', '1152', '1033', '1109'], '1066': ['1066'], '1101': ['1101', '1102', '1103', '1039', '1097', '1098', '1099', '1035', '1100'], '1105': ['1105', '1106', '1108', '1107', '1115', '1113', '1114', '1058', '1059'], '1110': ['1110', '1111', '1064', '1065', '1031'], '1104': ['1104'], '1038': ['1038', '1048', '1068', '1077', '1075', '1076', '1074', '1034', '1067'], '1054': ['1054'], '1112': ['1112'], '1030': ['1030', '1046', '1069', '1047', '1070'], '1086': ['1086', '1087', '1088', '1141', '1143', '1089', '1044', '1090', '1091', '1142'], '1043': ['1043'], '1121': ['1121'], '1122': ['1122'], '1123': ['1123'], '1124': ['1124'], '1045': ['1045'], '1062': ['1062'], '1117': ['1117', '1118', '1116', '1119', '1120'], '1073': ['1073'], '1140': ['1140']})"
34,"defaultdict(<class 'list'>, {'1040': ['1040', '1080', '1079', '1077', '1076', '1078', '1068', '1067'], '1081': ['1081', '1082', '1084', '1042', '1083', '1085', '1086', '1089', '1044', '1087', '1090', '1091'], '1095': ['1095'], '1096': ['1096', '1138', '1135', '1137', '1139'], '1136': ['1136'], '1041': ['1041', '1126', '1125', '1127', '1124', '1043', '1121', '1122', '1123', '1045'], '1128': ['1128', '1131', '1132', '1130', '1133', '1129', '1120', '1134'], '1032': ['1032', '1160', '1161', '1162', '1146'], '1052': ['1052', '1051', '1055', '1056', '1049', '1050', '1053', '1038', '1048', '1054', '1034'], '1063': ['1063'], '1057': ['1057', '1060', '1061', '1105', '1106', '1107', '1058', '1059', '1113'], '1071': ['1071'], '1147': ['1147'], '1148': ['1148', '1158', '1157', '1159', '1156'], '1066': ['1066'], '1072': ['1072'], '1033': ['1033', '1101', '1109', '1153', '1100'], '1102': ['1102', '1103', '1104', '1117', '1118'], '1154': ['1154', '1151', '1152', '1036', '1150'], '1155': ['1155'], '1108': ['1108'], '1110': ['1110'], '1114': ['1114', '1115', '1116', '1119'], '1039': ['1039', '1097', '1112', '1035', '1111', '1098', '1099'], '1030': ['1030'], '1046': ['1046'], '1069': ['1069', '1064', '1065', '1070', '1031'], '1047': ['1047'], '1092': ['1092'], '1093': ['1093', '1094', '1144', '1149', '1037'], '1145': ['1145'], '1088': ['1088', '1142', '1141', '1143'], '1062': ['1062', '1075', '1073', '1074'], '1140': ['1140']})"
34,"defaultdict(<class 'list'>, {'1040': ['1040', '1080', '1081', '1095', '1082', '1084', '1042', '1083', '1085', '1078'], '1079': ['1079', '1077', '1075', '1076', '1074'], '1096': ['1096', '1138', '1135', '1137', '1139'], '1136': ['1136'], '1041': ['1041', '1126', '1125', '1127', '1043', '1121', '1122', '1123', '1045', '1124', '1128', '1132'], '1129': ['1129', '1130', '1134'], '1131': ['1131', '1120', '1133'], '1032': ['1032', '1160', '1161', '1162', '1146', '1063', '1147', '1148', '1158', '1157', '1159', '1156'], '1052': ['1052', '1051', '1055', '1056', '1049', '1050', '1053', '1054'], '1057': ['1057', '1060', '1061', '1105', '1106', '1107', '1058', '1059', '1062'], '1071': ['1071', '1072', '1073'], '1066': ['1066'], '1033': ['1033', '1153', '1154', '1155', '1152', '1109'], '1101': ['1101', '1102', '1098', '1099', '1100'], '1103': ['1103', '1104', '1030', '1046', '1047'], '1113': ['1113'], '1108': ['1108', '1115', '1118', '1116', '1119'], '1110': ['1110'], '1114': ['1114'], '1038': ['1038', '1048', '1068', '1034', '1067'], '1039': ['1039'], '1097': ['1097'], '1112': ['1112'], '1035': ['1035'], '1111': ['1111'], '1069': ['1069', '1064', '1065', '1070', '1031'], '1086': ['1086', '1087', '1088', '1141', '1143'], '1089': ['1089', '1044', '1090', '1091'], '1036': ['1036', '1092', '1150', '1151', '1149'], '1093': ['1093', '1094', '1144', '1037'], '1145': ['1145'], '1142': ['1142'], '1117': ['1117'], '1140': ['1140']})"
34,"defaultdict(<class 'list'>, {'1040': ['1040', '1080', '1081', '1082', '1078', '1079', '1084', '1042', '1083'], '1095': ['1095'], '1096': ['1096', '1138', '1135', '1137', '1139'], '1136': ['1136'], '1041': ['1041'], '1126': ['1126', '1125', '1127', '1128', '1124'], '1129': ['1129', '1131', '1120', '1130', '1134'], '1032': ['1032', '1160', '1147', '1161', '1145', '1146', '1148', '1158', '1157', '1159', '1156', '1162'], '1052': ['1052', '1053', '1049', '1050', '1054'], '1063': ['1063', '1071', '1072'], '1051': ['1051'], '1055': ['1055'], '1057': ['1057', '1060', '1061', '1105', '1106', '1107', '1058', '1059', '1113'], '1066': ['1066'], '1056': ['1056', '1077', '1075', '1076', '1074'], '1033': ['1033', '1153', '1154', '1155', '1152'], '1101': ['1101', '1102', '1098', '1099', '1100', '1103', '1039', '1097', '1035'], '1109': ['1109'], '1108': ['1108'], '1110': ['1110', '1111', '1064', '1065', '1031'], '1104': ['1104'], '1114': ['1114'], '1038': ['1038', '1048', '1068', '1034', '1067'], '1112': ['1112', '1117', '1118', '1116', '1119'], '1030': ['1030', '1046', '1069', '1047', '1070'], '1085': ['1085', '1086', '1089', '1044', '1087', '1090', '1091'], '1043': ['1043', '1121', '1122', '1123', '1045'], '1036': ['1036', '1092', '1150', '1093', '1094', '1151', '1149', '1037', '1144'], '1088': ['1088', '1142', '1141', '1143', '1140'], '1115': ['1115'], '1062': ['1062'], '1073': ['1073'], '1132': ['1132'], '1133': ['1133']})"
34,"defaultdict(<class 'list'>, {'1040': ['1040', '1080', '1079', '1081', '1078'], '1095': ['1095'], '1082': ['1082', '1084', '1042', '1085', '1086', '1087', '1083', '1089', '1044'], '1096': ['1096', '1138', '1135', '1137', '1139'], '1136': ['1136'], '1041': ['1041', '1126', '1125', '1127', '1124', '1131', '1043', '1121', '1122', '1123', '1045', '1133'], '1128': ['1128', '1129', '1130', '1134'], '1032': ['1032', '1063', '1160', '1161', '1162', '1147', '1148', '1158', '1157', '1159', '1156', '1146'], '1052': ['1052'], '1051': ['1051', '1055', '1056', '1049', '1050'], '1057': ['1057', '1060', '1061', '1058', '1059', '1105', '1106', '1113', '1107'], '1071': ['1071', '1072', '1073', '1074'], '1053': ['1053', '1038', '1048', '1054', '1034'], '1066': ['1066', '1068', '1067', '1077', '1076'], '1033': ['1033', '1153', '1154', '1155', '1152'], '1101': ['1101', '1102', '1098', '1099', '1100', '1103', '1039', '1097', '1035'], '1109': ['1109'], '1108': ['1108'], '1110': ['1110'], '1104': ['1104', '1030', '1046', '1047'], '1114': ['1114'], '1112': ['1112'], '1111': ['1111'], '1069': ['1069', '1064', '1065', '1070', '1031'], '1036': ['1036'], '1092': ['1092', '1150', '1093', '1094', '1144', '1149', '1037', '1145', '1151'], '1088': ['1088', '1142', '1141', '1143', '1140'], '1090': ['1090'], '1091': ['1091'], '1115': ['1115'], '1062': ['1062'], '1117': ['1117', '1118', '1116', '1119', '1120'], '1075': ['1075'], '1132': ['1132']})"
34,"defaultdict(<class 'list'>, {'1040': ['1040', '1080', '1079', '1081', '1078', '1095', '1082', '1084', '1042', '1083', '1085', '1138'], '1096': ['1096', '1136', '1135', '1137', '1140'], '1041': ['1041', '1126', '1125', '1127', '1124', '1129', '1043', '1121', '1122', '1123', '1045'], '1128': ['1128', '1131', '1132', '1130', '1133'], '1032': ['1032', '1160', '1161', '1162', '1146', '1052', '1063', '1053', '1049'], '1051': ['1051'], '1055': ['1055'], '1057': ['1057', '1060', '1061', '1105', '1106', '1107', '1058', '1059', '1113'], '1071': ['1071'], '1147': ['1147', '1148', '1158', '1157', '1159', '1156', '1033', '1153', '1154', '1155', '1152', '1109'], '1066': ['1066', '1067', '1064', '1065', '1031', '1110'], '1056': ['1056'], '1072': ['1072'], '1101': ['1101'], '1102': ['1102', '1103', '1104', '1117', '1118', '1039', '1097', '1098', '1099', '1035', '1112', '1111'], '1108': ['1108', '1115', '1116', '1119'], '1114': ['1114'], '1038': ['1038'], '1048': ['1048'], '1050': ['1050'], '1054': ['1054'], '1068': ['1068', '1077', '1075', '1076', '1074'], '1100': ['1100'], '1034': ['1034'], '1030': ['1030', '1046', '1069', '1047', '1070'], '1086': ['1086', '1089', '1044', '1087', '1090'], '1036': ['1036', '1092', '1150', '1093', '1094', '1151', '1149', '1037', '1144'], '1145': ['1145'], '1088': ['1088', '1142', '1141', '1143', '1139'], '1091': ['1091'], '1062': ['1062'], '1073': ['1073'], '1120': ['1120'], '1134': ['1134']})"
34,"defaultdict(<class 'list'>, {'1040': ['1040', '1080', '1081', '1082', '1084', '1042', '1083', '1085', '1078', '1079', '1095', '1136'], '1096': ['1096', '1138', '1135', '1137', '1139'], '1041': ['1041', '1126', '1125', '1127', '1128', '1124', '1131', '1043', '1121', '1122', '1123', '1045'], '1129': ['1129', '1130', '1134'], '1032': ['1032', '1052', '1063', '1053', '1049'], '1160': ['1160'], '1051': ['1051', '1055', '1056', '1075', '1076'], '1057': ['1057', '1060', '1071', '1072'], '1147': ['1147', '1148', '1158', '1157', '1159', '1156', '1161', '1162'], '1066': ['1066'], '1061': ['1061', '1062', '1073', '1074'], '1033': ['1033', '1153', '1154', '1155', '1152'], '1101': ['1101'], '1109': ['1109', '1105', '1106', '1107', '1058', '1059', '1113'], '1102': ['1102', '1103', '1104', '1098', '1099'], '1108': ['1108'], '1110': ['1110'], '1114': ['1114', '1030', '1046', '1069', '1064', '1065', '1070', '1031', '1047'], '1038': ['1038', '1048', '1054', '1068', '1034'], '1050': ['1050'], '1039': ['1039', '1097', '1112', '1035', '1111'], '1100': ['1100'], '1067': ['1067'], '1086': ['1086', '1089', '1087', '1090', '1091', '1044'], '1036': ['1036', '1092', '1150', '1151', '1149'], '1093': ['1093', '1094', '1144', '1037'], '1145': ['1145'], '1088': ['1088', '1142', '1141', '1143', '1140'], '1115': ['1115'], '1077': ['1077'], '1117': ['1117', '1118', '1116', '1119', '1120'], '1146': ['1146'], '1132': ['1132'], '1133': ['1133']})"
34,"defaultdict(<class 'list'>, {'1040': ['1040', '1080', '1081', '1082', '1078', '1095', '1083'], '1079': ['1079', '1077', '1075', '1076', '1074'], '1084': ['1084', '1042', '1085', '1086', '1089', '1044', '1087', '1090', '1091'], '1096': ['1096', '1138', '1135', '1137', '1139', '1136', '1140'], '1041': ['1041'], '1126': ['1126', '1125', '1127', '1043', '1121', '1122', '1123', '1045', '1124'], '1128': ['1128', '1131', '1132', '1130', '1133'], '1129': ['1129', '1134'], '1032': ['1032', '1052', '1063', '1053', '1049', '1160', '1161', '1162', '1146'], '1051': ['1051', '1055', '1056', '1046', '1047'], '1057': ['1057', '1060', '1061', '1105', '1106', '1107', '1058', '1059', '1062'], '1071': ['1071', '1072', '1073'], '1147': ['1147', '1148', '1158', '1157', '1159', '1033', '1153', '1155', '1156'], '1066': ['1066'], '1101': ['1101', '1102', '1103', '1039', '1097', '1098', '1099', '1035', '1100', '1104'], '1109': ['1109'], '1113': ['1113'], '1154': ['1154', '1036', '1150', '1151', '1152'], '1108': ['1108'], '1110': ['1110'], '1114': ['1114'], '1038': ['1038', '1048', '1068', '1034', '1067'], '1050': ['1050'], '1054': ['1054'], '1112': ['1112'], '1111': ['1111'], '1030': ['1030'], '1069': ['1069', '1064', '1065', '1070', '1031'], '1092': ['1092'], '1093': ['1093', '1094', '1144', '1149', '1037'], '1145': ['1145'], '1088': ['1088', '1142', '1141', '1143'], '1115': ['1115'], '1117': ['1117', '1118', '1116', '1119', '1120']})"
34,"defaultdict(<class 'list'>, {'1040': ['1040', '1080', '1079', '1081', '1078', '1095', '1082', '1096', '1083'], '1084': ['1084', '1042', '1085', '1086', '1087'], '1136': ['1136'], '1138': ['1138', '1137', '1139'], '1041': ['1041', '1126', '1125', '1127', '1124', '1129', '1043', '1121', '1122', '1123', '1045', '1119'], '1128': ['1128', '1131', '1132', '1130', '1133'], '1032': ['1032', '1052', '1063', '1053', '1049', '1160', '1161', '1162', '1146'], '1051': ['1051', '1038', '1048', '1050', '1034'], '1055': ['1055'], '1057': ['1057', '1060', '1071', '1061', '1072'], '1147': ['1147', '1093', '1094', '1145', '1144', '1037'], '1148': ['1148', '1158', '1157', '1159', '1156', '1153', '1154', '1155', '1152'], '1066': ['1066', '1068', '1067'], '1056': ['1056'], '1033': ['1033', '1109', '1113', '1110', '1111'], '1101': ['1101'], '1102': ['1102', '1039', '1097', '1098', '1099', '1035', '1112', '1100', '1117'], '1103': ['1103'], '1105': ['1105', '1106', '1107', '1058', '1059'], '1108': ['1108'], '1104': ['1104'], '1114': ['1114', '1030', '1046', '1069', '1064', '1065', '1070', '1031', '1047'], '1054': ['1054'], '1089': ['1089', '1149', '1044', '1090', '1091'], '1036': ['1036', '1092', '1150', '1151'], '1088': ['1088', '1142', '1141', '1143', '1140'], '1115': ['1115'], '1062': ['1062'], '1077': ['1077', '1075', '1076', '1073', '1074'], '1118': ['1118'], '1116': ['1116'], '1135': ['1135'], '1120': ['1120'], '1134': ['1134']})"
34,"defaultdict(<class 'list'>, {'1040': ['1040', '1080', '1079', '1077', '1076', '1078', '1081'], '1095': ['1095'], '1082': ['1082', '1084', '1042', '1083', '1085'], '1096': ['1096', '1138', '1135', '1137', '1139'], '1136': ['1136'], '1041': ['1041', '1126', '1125', '1127', '1124', '1043', '1121', '1122', '1123', '1045'], '1128': ['1128', '1131', '1132', '1130', '1133', '1129', '1120', '1134'], '1032': ['1032', '1052', '1053', '1049', '1050', '1054', '1063', '1051', '1055'], '1160': ['1160'], '1057': ['1057', '1060', '1061', '1105', '1106', '1107', '1058', '1059', '1113'], '1071': ['1071'], '1147': ['1147', '1036', '1092', '1150', '1093', '1094', '1151', '1149', '1037', '1145', '1144', '1091'], '1148': ['1148', '1158', '1157', '1159', '1033', '1153', '1154', '1155', '1152', '1156', '1109'], '1161': ['1161'], '1066': ['1066', '1110', '1064', '1065', '1031'], '1056': ['1056', '1104', '1030', '1046', '1047'], '1072': ['1072'], '1162': ['1162'], '1101': ['1101', '1102', '1098', '1099', '1100'], '1103': ['1103'], '1108': ['1108', '1115', '1118', '1116', '1119'], '1114': ['1114'], '1038': ['1038', '1048', '1068', '1034', '1067'], '1039': ['1039', '1097', '1112', '1035', '1111', '1117'], '1069': ['1069'], '1070': ['1070'], '1086': ['1086', '1089', '1044', '1087', '1090'], '1088': ['1088', '1142', '1141', '1143'], '1062': ['1062'], '1146': ['1146'], '1075': ['1075'], '1073': ['1073'], '1074': ['1074'], '1140': ['1140']})"
34,"defaultdict(<class 'list'>, {'1040': ['1040', '1080', '1079', '1081', '1078'], '1095': ['1095'], '1082': ['1082'], '1084': ['1084', '1042', '1085', '1086', '1089', '1044', '1087', '1090', '1091'], '1096': ['1096', '1138', '1135', '1137', '1139'], '1136': ['1136'], '1041': ['1041'], '1126': ['1126', '1125', '1127', '1043', '1121', '1122', '1123', '1045', '1124'], '1128': ['1128', '1131', '1132', '1130', '1133', '1129', '1134'], '1032': ['1032', '1052', '1063', '1053', '1049', '1051', '1055', '1050', '1054'], '1160': ['1160'], '1057': ['1057', '1060', '1061', '1058', '1059', '1062', '1071'], '1147': ['1147', '1148', '1158', '1157', '1159'], '1161': ['1161'], '1066': ['1066'], '1056': ['1056'], '1072': ['1072'], '1162': ['1162'], '1033': ['1033', '1109', '1110', '1039', '1097', '1112', '1035', '1111'], '1101': ['1101', '1102', '1098', '1099', '1100'], '1153': ['1153', '1154', '1155', '1156', '1152'], '1103': ['1103'], '1105': ['1105', '1106', '1113', '1107', '1114'], '1108': ['1108'], '1104': ['1104', '1030', '1046', '1069', '1064', '1065', '1070', '1031', '1047'], '1038': ['1038', '1048', '1068', '1034', '1067'], '1083': ['1083'], '1036': ['1036'], '1092': ['1092', '1150', '1093', '1094', '1144', '1149', '1037', '1145', '1151'], '1088': ['1088', '1142', '1141', '1143', '1140'], '1115': ['1115'], '1077': ['1077', '1075', '1076', '1073', '1074'], '1117': ['1117', '1118', '1116', '1119', '1120'], '1146': ['1146']})"
34,"defaultdict(<class 'list'>, {'1040': ['1040', '1080', '1079', '1081', '1078', '1077', '1075', '1076', '1074'], '1095': ['1095'], '1082': ['1082', '1084', '1042', '1083', '1085'], '1096': ['1096', '1138', '1135', '1137', '1139'], '1136': ['1136'], '1041': ['1041', '1126', '1125', '1127', '1124'], '1128': ['1128', '1129', '1132', '1130', '1134', '1131', '1133'], '1032': ['1032', '1160', '1161', '1162', '1146', '1147', '1148', '1158', '1157', '1159', '1156', '1145'], '1052': ['1052'], '1063': ['1063'], '1051': ['1051', '1055', '1056', '1049', '1050'], '1057': ['1057', '1060', '1071', '1061', '1105', '1106', '1107', '1058', '1059'], '1053': ['1053', '1054', '1062'], '1066': ['1066', '1110', '1064', '1065'], '1072': ['1072', '1070', '1073'], '1033': ['1033', '1109', '1153', '1155', '1152'], '1101': ['1101', '1102', '1098', '1099', '1100', '1103', '1108'], '1113': ['1113', '1114', '1115'], '1154': ['1154'], '1104': ['1104'], '1038': ['1038', '1048', '1068', '1034', '1067'], '1039': ['1039', '1097', '1112', '1035', '1111'], '1030': ['1030', '1046', '1069', '1047', '1031'], '1086': ['1086', '1089', '1044', '1087', '1090'], '1043': ['1043'], '1121': ['1121'], '1122': ['1122'], '1123': ['1123'], '1036': ['1036', '1092', '1150', '1151', '1149'], '1093': ['1093', '1094', '1144', '1037'], '1088': ['1088', '1142', '1141', '1143', '1140'], '1091': ['1091'], '1045': ['1045'], '1117': ['1117', '1118', '1116', '1119', '1120']})"
34,"defaultdict(<class 'list'>, {'1040': ['1040', '1080', '1081', '1082', '1078', '1084', '1042', '1083', '1085'], '1079': ['1079', '1077', '1075', '1076', '1074'], '1095': ['1095'], '1096': ['1096', '1138', '1135', '1137', '1139', '1136', '1088', '1142', '1141', '1143', '1140'], '1041': ['1041', '1126', '1125', '1127', '1124'], '1128': ['1128', '1131', '1132', '1130', '1133', '1129', '1120', '1134', '1119'], '1032': ['1032', '1063', '1071', '1066', '1067'], '1052': ['1052', '1053', '1038', '1048', '1054', '1034', '1049'], '1160': ['1160', '1147', '1161', '1162', '1146'], '1051': ['1051'], '1055': ['1055'], '1057': ['1057', '1060', '1061', '1058', '1059'], '1148': ['1148', '1158', '1157', '1159', '1156'], '1056': ['1056'], '1072': ['1072'], '1033': ['1033', '1153', '1154', '1155', '1152'], '1101': ['1101', '1102', '1103', '1100'], '1109': ['1109'], '1105': ['1105', '1106', '1113', '1107', '1114', '1108', '1115', '1116'], '1110': ['1110'], '1104': ['1104'], '1050': ['1050'], '1068': ['1068'], '1039': ['1039', '1097', '1098', '1099', '1035', '1112', '1111', '1117', '1118'], '1030': ['1030'], '1046': ['1046'], '1069': ['1069', '1064', '1065', '1070', '1031'], '1047': ['1047'], '1086': ['1086', '1089', '1087', '1090', '1091'], '1043': ['1043', '1121', '1122', '1123', '1045'], '1036': ['1036', '1092', '1150', '1151', '1149', '1093', '1094', '1144', '1037', '1145'], '1044': ['1044'], '1062': ['1062'], '1073': ['1073']})"
34,"defaultdict(<class 'list'>, {'1040': ['1040', '1080', '1081', '1082', '1078'], '1079': ['1079', '1077', '1075', '1076', '1074'], '1095': ['1095'], '1084': ['1084', '1042', '1085', '1086', '1089', '1044', '1087', '1090', '1091'], '1096': ['1096', '1138', '1135', '1137', '1139'], '1136': ['1136', '1140'], '1041': ['1041', '1126', '1125', '1127', '1043', '1121', '1122', '1123', '1045', '1124', '1131', '1133'], '1128': ['1128', '1129', '1130', '1134'], '1032': ['1032', '1052', '1063', '1053', '1049', '1051', '1038', '1048', '1050', '1034'], '1160': ['1160', '1147', '1161', '1145', '1146', '1162'], '1055': ['1055', '1056'], '1057': ['1057'], '1060': ['1060'], '1071': ['1071'], '1148': ['1148', '1158', '1157', '1159', '1156'], '1066': ['1066', '1068', '1067'], '1061': ['1061', '1054', '1062'], '1072': ['1072'], '1033': ['1033', '1101', '1109', '1153', '1100', '1154', '1155', '1152'], '1102': ['1102'], '1103': ['1103'], '1105': ['1105', '1106', '1107', '1058', '1059'], '1113': ['1113'], '1108': ['1108'], '1110': ['1110'], '1104': ['1104'], '1114': ['1114', '1030', '1046', '1069', '1064', '1065', '1070', '1031', '1047'], '1039': ['1039', '1097', '1098', '1099', '1035', '1112', '1111', '1117', '1118'], '1083': ['1083'], '1036': ['1036', '1092', '1150', '1093', '1094', '1151', '1149', '1037', '1144'], '1088': ['1088', '1142', '1141', '1143'], '1115': ['1115', '1116', '1119', '1120'], '1073': ['1073'], '1132': ['1132']})"
34,"defaultdict(<class 'list'>, {'1040': ['1040'], '1080': ['1080', '1079', '1077', '1076', '1078'], '1081': ['1081', '1082', '1084', '1042', '1083'], '1095': ['1095'], '1096': ['1096', '1138', '1135', '1137', '1139', '1136', '1140'], '1041': ['1041', '1126', '1125', '1127', '1124', '1129', '1122', '1123', '1045', '1043', '1121', '1134'], '1128': ['1128'], '1131': ['1131', '1120', '1132', '1130', '1133'], '1032': ['1032', '1052', '1063', '1053', '1049', '1051', '1038', '1048', '1050', '1034', '1055', '1054'], '1160': ['1160', '1147', '1161', '1162', '1146'], '1057': ['1057', '1071', '1072', '1073', '1074', '1060', '1061', '1062'], '1148': ['1148', '1158', '1157', '1159', '1156'], '1066': ['1066', '1068', '1067'], '1056': ['1056'], '1033': ['1033', '1109', '1153', '1155', '1152'], '1101': ['1101', '1102', '1103', '1100'], '1105': ['1105', '1106', '1107', '1058', '1059', '1113', '1114'], '1154': ['1154'], '1108': ['1108', '1115', '1116', '1119'], '1110': ['1110'], '1104': ['1104'], '1039': ['1039', '1097', '1098', '1099', '1035', '1112', '1111', '1117', '1118'], '1030': ['1030'], '1046': ['1046'], '1069': ['1069', '1064', '1065', '1070', '1031'], '1047': ['1047'], '1085': ['1085'], '1086': ['1086', '1089', '1044', '1087', '1090', '1036', '1092', '1091'], '1150': ['1150'], '1093': ['1093', '1094', '1145', '1144', '1037'], '1151': ['1151'], '1149': ['1149'], '1088': ['1088', '1142', '1141', '1143'], '1075': ['1075']})"
34,"defaultdict(<class 'list'>, {'1040': ['1040', '1080', '1081', '1078'], '1079': ['1079'], '1095': ['1095'], '1082': ['1082', '1084', '1042', '1083', '1085'], '1096': ['1096', '1138', '1135', '1137', '1139', '1136', '1140'], '1041': ['1041', '1126', '1125', '1127', '1124', '1129', '1043', '1121', '1122', '1123', '1045', '1119'], '1128': ['1128', '1131', '1132', '1130', '1133'], '1032': ['1032', '1160', '1161', '1162', '1146'], '1052': ['1052', '1053', '1049', '1050', '1054', '1051', '1055', '1062'], '1063': ['1063', '1057', '1060', '1071', '1061'], '1147': ['1147', '1148', '1158', '1157', '1159', '1156', '1153', '1154', '1155', '1151', '1152'], '1066': ['1066', '1038', '1048', '1068', '1034', '1067', '1064', '1065', '1031'], '1056': ['1056'], '1072': ['1072', '1114', '1070'], '1033': ['1033', '1109', '1113', '1110', '1111'], '1101': ['1101', '1102', '1098', '1099', '1100', '1103', '1039', '1097', '1035'], '1105': ['1105'], '1106': ['1106'], '1108': ['1108'], '1104': ['1104', '1030', '1046', '1047', '1117'], '1107': ['1107'], '1112': ['1112'], '1069': ['1069'], '1058': ['1058'], '1059': ['1059'], '1086': ['1086', '1087', '1088', '1141', '1143', '1089', '1044', '1090', '1142'], '1036': ['1036', '1092', '1150', '1093', '1094', '1144', '1149', '1037', '1145'], '1091': ['1091'], '1115': ['1115'], '1077': ['1077', '1075', '1076', '1073', '1074'], '1118': ['1118'], '1116': ['1116'], '1120': ['1120'], '1134': ['1134']})"
35,"defaultdict(<class 'list'>, {'1040': ['1040', '1080', '1079', '1081', '1078', '1095', '1082', '1084', '1042', '1083', '1085', '1086'], '1096': ['1096', '1138', '1135', '1137', '1139', '1136', '1088', '1142', '1141', '1143', '1140'], '1041': ['1041', '1126', '1125', '1127', '1124'], '1128': ['1128', '1131', '1132', '1130', '1133'], '1129': ['1129'], '1032': ['1032', '1160', '1161', '1162'], '1052': ['1052', '1053', '1049', '1050', '1054'], '1063': ['1063'], '1051': ['1051'], '1055': ['1055'], '1057': ['1057', '1060', '1071', '1061', '1072'], '1147': ['1147', '1036', '1092', '1145', '1146'], '1148': ['1148'], '1158': ['1158'], '1066': ['1066'], '1056': ['1056', '1077', '1075', '1076', '1074'], '1157': ['1157'], '1159': ['1159'], '1033': ['1033', '1153', '1154', '1155', '1151', '1152', '1156'], '1101': ['1101', '1102', '1098', '1099', '1100', '1103', '1039', '1097', '1035'], '1109': ['1109'], '1105': ['1105', '1106', '1107', '1058', '1059', '1113', '1108', '1114', '1115'], '1110': ['1110', '1111', '1064', '1065', '1031'], '1104': ['1104'], '1038': ['1038', '1048', '1068', '1034', '1067'], '1112': ['1112'], '1030': ['1030', '1046', '1069', '1047', '1070'], '1089': ['1089', '1044', '1087', '1090', '1091'], '1043': ['1043', '1121', '1122', '1123', '1045'], '1150': ['1150'], '1093': ['1093', '1094', '1144', '1149', '1037'], '1062': ['1062'], '1117': ['1117', '1118', '1116', '1119', '1120'], '1073': ['1073'], '1134': ['1134']})"
35,"defaultdict(<class 'list'>, {'1040': ['1040', '1080', '1079', '1081', '1078', '1095', '1082', '1084', '1042', '1083', '1085', '1096'], '1136': ['1136'], '1138': ['1138'], '1041': ['1041', '1126', '1125', '1127', '1124', '1131', '1122', '1123', '1045'], '1128': ['1128', '1129', '1132', '1130', '1134'], '1032': ['1032', '1052', '1063', '1053', '1049', '1160', '1161', '1162', '1146'], '1051': ['1051', '1055', '1056', '1050'], '1057': ['1057', '1060', '1071', '1061', '1072'], '1147': ['1147', '1148', '1158', '1157', '1159', '1156', '1145'], '1066': ['1066', '1038', '1048', '1068', '1034', '1067'], '1033': ['1033', '1109', '1153', '1155', '1152', '1101', '1154', '1100'], '1102': ['1102', '1039', '1097', '1098', '1099', '1035', '1112'], '1103': ['1103'], '1105': ['1105', '1106', '1107', '1058', '1059'], '1113': ['1113'], '1108': ['1108'], '1110': ['1110', '1111', '1064', '1065', '1031'], '1104': ['1104'], '1114': ['1114'], '1054': ['1054', '1062'], '1030': ['1030', '1046', '1069', '1047', '1070'], '1086': ['1086', '1089', '1092', '1044', '1090', '1091', '1036', '1087'], '1043': ['1043'], '1121': ['1121'], '1150': ['1150'], '1093': ['1093', '1094', '1151', '1149', '1037'], '1144': ['1144'], '1088': ['1088', '1142', '1141', '1143', '1139'], '1115': ['1115'], '1077': ['1077', '1075', '1076', '1073', '1074'], '1117': ['1117', '1118', '1116', '1119', '1120'], '1135': ['1135'], '1137': ['1137'], '1140': ['1140'], '1133': ['1133']})"
35,"defaultdict(<class 'list'>, {'1040': ['1040', '1080', '1079', '1077', '1076', '1078'], '1081': ['1081', '1095', '1082', '1084', '1042', '1083', '1085', '1096'], '1136': ['1136', '1135', '1140'], '1138': ['1138'], '1041': ['1041', '1126', '1125', '1127', '1124', '1129', '1122', '1123', '1045', '1043', '1121'], '1128': ['1128', '1131', '1132', '1130', '1133'], '1032': ['1032', '1160', '1161', '1162', '1146', '1147', '1148', '1158', '1157', '1159', '1155', '1156'], '1052': ['1052', '1053', '1054', '1051', '1038', '1048', '1068', '1034', '1067', '1049', '1050', '1055'], '1063': ['1063'], '1057': ['1057', '1060', '1071', '1058', '1059'], '1066': ['1066', '1110', '1064', '1065', '1031'], '1056': ['1056'], '1061': ['1061', '1062', '1075', '1073', '1074'], '1072': ['1072'], '1033': ['1033', '1101', '1102', '1103', '1104', '1098', '1099', '1100'], '1109': ['1109'], '1153': ['1153'], '1105': ['1105'], '1106': ['1106'], '1113': ['1113'], '1154': ['1154', '1036', '1150', '1151', '1152'], '1108': ['1108'], '1107': ['1107'], '1114': ['1114', '1115', '1118', '1116', '1119'], '1039': ['1039', '1097', '1112', '1035', '1111'], '1030': ['1030', '1046', '1069', '1047', '1070'], '1086': ['1086', '1087', '1088', '1141', '1143', '1142'], '1089': ['1089', '1149', '1044', '1090', '1091'], '1092': ['1092'], '1093': ['1093', '1094', '1145', '1144', '1037'], '1117': ['1117'], '1137': ['1137'], '1139': ['1139'], '1120': ['1120'], '1134': ['1134']})"
35,"defaultdict(<class 'list'>, {'1040': ['1040', '1080', '1081', '1082', '1078', '1079', '1095', '1083'], '1084': ['1084', '1042', '1085', '1086', '1089', '1044', '1087', '1090', '1091'], '1096': ['1096', '1136', '1135', '1137', '1140', '1138', '1088', '1142', '1141', '1143', '1139'], '1041': ['1041', '1126', '1125', '1127', '1124', '1129', '1122', '1123', '1045', '1043', '1121', '1134'], '1128': ['1128', '1131', '1132', '1133'], '1032': ['1032', '1063', '1066', '1068', '1067'], '1052': ['1052', '1051', '1053', '1049', '1050', '1038', '1048', '1034'], '1160': ['1160', '1147', '1161', '1145', '1146'], '1055': ['1055'], '1057': ['1057', '1060', '1071', '1061', '1105', '1106', '1107', '1058', '1059'], '1148': ['1148', '1158', '1157', '1159', '1156', '1033', '1153', '1154', '1155', '1152', '1109'], '1056': ['1056'], '1072': ['1072', '1075', '1076', '1073', '1074'], '1162': ['1162'], '1101': ['1101'], '1102': ['1102', '1039', '1097', '1098', '1099', '1035', '1112', '1100', '1111'], '1103': ['1103'], '1113': ['1113', '1114', '1115'], '1108': ['1108'], '1110': ['1110'], '1104': ['1104'], '1054': ['1054'], '1030': ['1030', '1046', '1069', '1047', '1070'], '1064': ['1064'], '1065': ['1065'], '1031': ['1031'], '1036': ['1036', '1092', '1150', '1151', '1149'], '1093': ['1093'], '1094': ['1094'], '1144': ['1144'], '1037': ['1037'], '1062': ['1062'], '1077': ['1077'], '1117': ['1117', '1118', '1116', '1119', '1120'], '1130': ['1130']})"
35,"defaultdict(<class 'list'>, {'1040': ['1040', '1080', '1081', '1082', '1078', '1095', '1083'], '1079': ['1079', '1077', '1075', '1076', '1074'], '1084': ['1084', '1042', '1085', '1086', '1089', '1044', '1087', '1090', '1091'], '1096': ['1096', '1138', '1135', '1137', '1139', '1136', '1140'], '1041': ['1041'], '1126': ['1126', '1125', '1127', '1043', '1121', '1122', '1123', '1045', '1124'], '1128': ['1128', '1131', '1132', '1130', '1133'], '1129': ['1129', '1134'], '1032': ['1032', '1052', '1063', '1053', '1049', '1160', '1161', '1162', '1146'], '1051': ['1051', '1055', '1056', '1046', '1047'], '1057': ['1057', '1060', '1061', '1105', '1106', '1107', '1058', '1059', '1062'], '1071': ['1071', '1072', '1073'], '1147': ['1147', '1148', '1158', '1157', '1159', '1033', '1153', '1155', '1156'], '1066': ['1066'], '1101': ['1101', '1102', '1103', '1039', '1097', '1098', '1099', '1035', '1100'], '1109': ['1109'], '1113': ['1113'], '1154': ['1154', '1036', '1150', '1151', '1152'], '1108': ['1108'], '1110': ['1110'], '1104': ['1104'], '1114': ['1114'], '1038': ['1038', '1048', '1068', '1034', '1067'], '1050': ['1050'], '1054': ['1054'], '1112': ['1112'], '1111': ['1111'], '1030': ['1030'], '1069': ['1069', '1064', '1065', '1070', '1031'], '1092': ['1092'], '1093': ['1093', '1094', '1144', '1149', '1037'], '1145': ['1145'], '1088': ['1088', '1142', '1141', '1143'], '1115': ['1115'], '1117': ['1117', '1118', '1116', '1119', '1120']})"
35,"defaultdict(<class 'list'>, {'1040': ['1040', '1080', '1079', '1081', '1078', '1095', '1082', '1084', '1042', '1083', '1085', '1136'], '1096': ['1096', '1138', '1135', '1137', '1139'], '1041': ['1041'], '1126': ['1126'], '1125': ['1125'], '1127': ['1127'], '1128': ['1128', '1131', '1132', '1130', '1133', '1129', '1134'], '1032': ['1032', '1160', '1161', '1162'], '1052': ['1052', '1051', '1053', '1049', '1050'], '1063': ['1063'], '1055': ['1055'], '1057': ['1057', '1060', '1071', '1061', '1072'], '1147': ['1147', '1036', '1092', '1145', '1146', '1150', '1093', '1094', '1151', '1149', '1037', '1144'], '1148': ['1148', '1158', '1157', '1159', '1153', '1154', '1155', '1156', '1152', '1033', '1109'], '1066': ['1066'], '1056': ['1056'], '1101': ['1101', '1102', '1103', '1039', '1097', '1098', '1099', '1035', '1100'], '1105': ['1105', '1106', '1108', '1107', '1115', '1113', '1114', '1058', '1059'], '1110': ['1110', '1111', '1064', '1065', '1031'], '1104': ['1104'], '1038': ['1038', '1048', '1068', '1077', '1075', '1076', '1074', '1034', '1067'], '1054': ['1054'], '1112': ['1112'], '1030': ['1030', '1046', '1069', '1047', '1070'], '1086': ['1086', '1087', '1088', '1141', '1143', '1089', '1044', '1090', '1091', '1142'], '1043': ['1043'], '1121': ['1121'], '1122': ['1122'], '1123': ['1123'], '1124': ['1124'], '1045': ['1045'], '1062': ['1062'], '1117': ['1117', '1118', '1116', '1119', '1120'], '1073': ['1073'], '1140': ['1140']})"
35,"defaultdict(<class 'list'>, {'1040': ['1040', '1080', '1079', '1077', '1076', '1078', '1075', '1074'], '1081': ['1081', '1082', '1084', '1042', '1083', '1095', '1096', '1085'], '1136': ['1136'], '1138': ['1138'], '1041': ['1041'], '1126': ['1126', '1125', '1127', '1128', '1131', '1132', '1130', '1133', '1129', '1120', '1134', '1124'], '1032': ['1032', '1160', '1161', '1162', '1146'], '1052': ['1052', '1053', '1049', '1050', '1054', '1051', '1055', '1061', '1062'], '1063': ['1063'], '1057': ['1057', '1071', '1072', '1073'], '1060': ['1060'], '1147': ['1147'], '1148': ['1148', '1158', '1157', '1159', '1156', '1153', '1154', '1155', '1152'], '1066': ['1066', '1038', '1048', '1068', '1067'], '1056': ['1056'], '1033': ['1033', '1109', '1113', '1110', '1111', '1105'], '1101': ['1101', '1102', '1098', '1099', '1100', '1103', '1039', '1097', '1035'], '1106': ['1106', '1108', '1107', '1058', '1059', '1115', '1116'], '1104': ['1104', '1030', '1046', '1047', '1117'], '1114': ['1114'], '1112': ['1112'], '1034': ['1034'], '1069': ['1069', '1064', '1065', '1070', '1031'], '1086': ['1086', '1089', '1044', '1087', '1090'], '1043': ['1043', '1121', '1122', '1123', '1045'], '1036': ['1036', '1092', '1150', '1151', '1149'], '1093': ['1093', '1094', '1144', '1037', '1143'], '1145': ['1145'], '1088': ['1088', '1141', '1135', '1140'], '1142': ['1142'], '1091': ['1091'], '1118': ['1118'], '1137': ['1137'], '1139': ['1139'], '1119': ['1119']})"
35,"defaultdict(<class 'list'>, {'1040': ['1040', '1080', '1079', '1081', '1078', '1038', '1048', '1068', '1034', '1067', '1077'], '1095': ['1095', '1082', '1084', '1083', '1085', '1042'], '1096': ['1096', '1138', '1135', '1137', '1139'], '1136': ['1136'], '1041': ['1041'], '1126': ['1126', '1125', '1127', '1043', '1121', '1122', '1123', '1045', '1124'], '1128': ['1128', '1129', '1132', '1130', '1134'], '1131': ['1131'], '1032': ['1032', '1160', '1161', '1162', '1146'], '1052': ['1052', '1053', '1049', '1050', '1054', '1051', '1055', '1062'], '1063': ['1063', '1066', '1064', '1065', '1031'], '1057': ['1057', '1060', '1061', '1058', '1059'], '1071': ['1071'], '1147': ['1147', '1148', '1158', '1157', '1159', '1156', '1154', '1155'], '1056': ['1056'], '1072': ['1072', '1075', '1076', '1073', '1074'], '1033': ['1033', '1101', '1109', '1153', '1100'], '1102': ['1102', '1103', '1104', '1117', '1118'], '1105': ['1105', '1106', '1113', '1107', '1114'], '1108': ['1108'], '1110': ['1110', '1039', '1097', '1112', '1035', '1111'], '1098': ['1098', '1099'], '1030': ['1030', '1046', '1069', '1047', '1070'], '1086': ['1086', '1087', '1088', '1141', '1143'], '1089': ['1089', '1092', '1044', '1090', '1091', '1036'], '1150': ['1150', '1093', '1094', '1144', '1149', '1037', '1151'], '1145': ['1145'], '1142': ['1142'], '1115': ['1115'], '1152': ['1152'], '1116': ['1116'], '1140': ['1140'], '1119': ['1119'], '1120': ['1120'], '1133': ['1133']})"
35,"defaultdict(<class 'list'>, {'1040': ['1040', '1080', '1079', '1081', '1078'], '1095': ['1095'], '1082': ['1082'], '1084': ['1084', '1042', '1085', '1086', '1087'], '1096': ['1096', '1136', '1135', '1137', '1140'], '1138': ['1138', '1134'], '1041': ['1041'], '1126': ['1126', '1125', '1127', '1043', '1121', '1122', '1123', '1045', '1124'], '1128': ['1128', '1131', '1132', '1130', '1133'], '1129': ['1129'], '1032': ['1032', '1052', '1063', '1053', '1049', '1051', '1055', '1050', '1054'], '1160': ['1160', '1147', '1161', '1162', '1146'], '1057': ['1057', '1060', '1061', '1058', '1059'], '1071': ['1071'], '1148': ['1148', '1158', '1157', '1159'], '1066': ['1066'], '1056': ['1056'], '1072': ['1072'], '1033': ['1033', '1101', '1102', '1098', '1099', '1100', '1103', '1108', '1107'], '1109': ['1109'], '1153': ['1153', '1154', '1155', '1156', '1152'], '1105': ['1105', '1113', '1114', '1115'], '1106': ['1106'], '1110': ['1110', '1030', '1046', '1069', '1047', '1070', '1064', '1065', '1031'], '1104': ['1104'], '1038': ['1038', '1048', '1068', '1034', '1067'], '1039': ['1039', '1097', '1112', '1035', '1111'], '1083': ['1083'], '1089': ['1089', '1149', '1044', '1090', '1091', '1093', '1094', '1037'], '1036': ['1036', '1092', '1150', '1145', '1144'], '1151': ['1151'], '1088': ['1088', '1142', '1141', '1143', '1139'], '1062': ['1062'], '1077': ['1077', '1075', '1076', '1073', '1074'], '1117': ['1117', '1118', '1116', '1119', '1120']})"
35,"defaultdict(<class 'list'>, {'1040': ['1040', '1080', '1079', '1081', '1078'], '1095': ['1095'], '1082': ['1082'], '1084': ['1084', '1042', '1085', '1086', '1089', '1044', '1087', '1090', '1091'], '1096': ['1096', '1138', '1135', '1137', '1139'], '1136': ['1136', '1133'], '1041': ['1041'], '1126': ['1126'], '1125': ['1125'], '1127': ['1127'], '1128': ['1128', '1129', '1132', '1130', '1134'], '1131': ['1131'], '1032': ['1032', '1160', '1161', '1162', '1146', '1147', '1148', '1158', '1156', '1157', '1159'], '1052': ['1052'], '1063': ['1063', '1057', '1071', '1066'], '1051': ['1051', '1055', '1056', '1049', '1050'], '1060': ['1060', '1061', '1062'], '1053': ['1053'], '1072': ['1072'], '1033': ['1033', '1153', '1154', '1155', '1152', '1109'], '1101': ['1101', '1102', '1098', '1099', '1100'], '1103': ['1103', '1104', '1030', '1046', '1047'], '1105': ['1105', '1106', '1107', '1058', '1059', '1113', '1108', '1114', '1115'], '1110': ['1110', '1039', '1097', '1112', '1035', '1111'], '1038': ['1038', '1048', '1068', '1034', '1067'], '1054': ['1054'], '1069': ['1069', '1064', '1065', '1070', '1031'], '1083': ['1083'], '1043': ['1043', '1121', '1122', '1123', '1045'], '1124': ['1124'], '1036': ['1036', '1092', '1150', '1093', '1094', '1151', '1149', '1037', '1144'], '1145': ['1145'], '1088': ['1088', '1142', '1141', '1143', '1140'], '1077': ['1077', '1075', '1076', '1073', '1074'], '1117': ['1117', '1118', '1116', '1119', '1120']})"
35,"defaultdict(<class 'list'>, {'1040': ['1040'], '1080': ['1080', '1079', '1077', '1076', '1078'], '1081': ['1081'], '1095': ['1095', '1082', '1084', '1042', '1083', '1085', '1086', '1089', '1044', '1087', '1090', '1091'], '1096': ['1096', '1138', '1135', '1137', '1139', '1136', '1088', '1142', '1141', '1143', '1140'], '1041': ['1041'], '1126': ['1126', '1125', '1127', '1043', '1121', '1122', '1123', '1045', '1124'], '1128': ['1128', '1129', '1132', '1130', '1134', '1131', '1120', '1133'], '1032': ['1032', '1052', '1063', '1053', '1049', '1051', '1055', '1050', '1054'], '1160': ['1160'], '1057': ['1057'], '1060': ['1060'], '1071': ['1071'], '1147': ['1147'], '1148': ['1148', '1158', '1157', '1159', '1156'], '1161': ['1161'], '1066': ['1066', '1110', '1111', '1064', '1065', '1031'], '1056': ['1056', '1030', '1046', '1069', '1047', '1070'], '1061': ['1061', '1062', '1075', '1073', '1074'], '1072': ['1072'], '1162': ['1162'], '1033': ['1033', '1153', '1154', '1155', '1152'], '1101': ['1101', '1102', '1098', '1099', '1100', '1103', '1039', '1097', '1035'], '1109': ['1109'], '1105': ['1105', '1106', '1107', '1058', '1059', '1113', '1108', '1114', '1115'], '1104': ['1104', '1117', '1118', '1116', '1119'], '1038': ['1038', '1048', '1068', '1034', '1067'], '1112': ['1112'], '1036': ['1036'], '1092': ['1092'], '1150': ['1150'], '1093': ['1093', '1094', '1151', '1149', '1037'], '1145': ['1145'], '1144': ['1144'], '1146': ['1146']})"
35,"defaultdict(<class 'list'>, {'1040': ['1040', '1080', '1081', '1082', '1078', '1079', '1095', '1096', '1083'], '1084': ['1084', '1042', '1085', '1086', '1087'], '1136': ['1136', '1133'], '1138': ['1138', '1137', '1139'], '1041': ['1041', '1126', '1125', '1127', '1131', '1124', '1128', '1043', '1121', '1122', '1123', '1045'], '1129': ['1129'], '1032': ['1032', '1160', '1161', '1162', '1146'], '1052': ['1052', '1051', '1053', '1049', '1050', '1054'], '1063': ['1063', '1057', '1060', '1071', '1061'], '1055': ['1055', '1056', '1075', '1076', '1074'], '1147': ['1147'], '1148': ['1148', '1158', '1157', '1159', '1153', '1154', '1155', '1156', '1152'], '1066': ['1066'], '1072': ['1072', '1062', '1073'], '1033': ['1033'], '1101': ['1101', '1102', '1098', '1099', '1100', '1103', '1039', '1097', '1035'], '1109': ['1109'], '1105': ['1105', '1106', '1113', '1107', '1114', '1108', '1058', '1059', '1115'], '1110': ['1110', '1111', '1064', '1065', '1031', '1030', '1046', '1069', '1047', '1070'], '1104': ['1104'], '1038': ['1038', '1048', '1068', '1034', '1067'], '1112': ['1112'], '1089': ['1089'], '1036': ['1036', '1092', '1150', '1151'], '1093': ['1093', '1094', '1145', '1144', '1037'], '1149': ['1149'], '1044': ['1044'], '1088': ['1088', '1142', '1141', '1143', '1140'], '1090': ['1090'], '1091': ['1091'], '1077': ['1077'], '1117': ['1117', '1118', '1116', '1119', '1120'], '1135': ['1135', '1134'], '1132': ['1132'], '1130': ['1130']})"
35,"defaultdict(<class 'list'>, {'1040': ['1040', '1080', '1079', '1077', '1076', '1078', '1081', '1082', '1083'], '1095': ['1095'], '1084': ['1084', '1042', '1085'], '1096': ['1096', '1138', '1135', '1137', '1139', '1136', '1088', '1142', '1141', '1143', '1140'], '1041': ['1041', '1126', '1125', '1127', '1124'], '1128': ['1128', '1131', '1132', '1130', '1133', '1129', '1120', '1134'], '1032': ['1032', '1160', '1161', '1162', '1146'], '1052': ['1052'], '1063': ['1063'], '1051': ['1051', '1055', '1056', '1049', '1050'], '1057': ['1057', '1060', '1061', '1105', '1106', '1107', '1058', '1059', '1113'], '1071': ['1071'], '1147': ['1147'], '1148': ['1148', '1158', '1157', '1159', '1156'], '1053': ['1053', '1038', '1048', '1054', '1034'], '1066': ['1066'], '1072': ['1072', '1075', '1073', '1074'], '1033': ['1033', '1101', '1109', '1153', '1100', '1154', '1155', '1152'], '1102': ['1102'], '1103': ['1103'], '1108': ['1108'], '1110': ['1110', '1111', '1064', '1065', '1031'], '1104': ['1104'], '1114': ['1114', '1030', '1046', '1069', '1047', '1070'], '1068': ['1068'], '1039': ['1039', '1097', '1112', '1035', '1117', '1098', '1099', '1118', '1119'], '1067': ['1067'], '1086': ['1086', '1089', '1044', '1087', '1090'], '1043': ['1043', '1121', '1122', '1123', '1045'], '1036': ['1036', '1092', '1150', '1093', '1094', '1151', '1149', '1037', '1144'], '1145': ['1145'], '1091': ['1091'], '1115': ['1115'], '1062': ['1062'], '1116': ['1116']})"
35,"defaultdict(<class 'list'>, {'1040': ['1040', '1080', '1081', '1082', '1078'], '1079': ['1079', '1077', '1075', '1076', '1074'], '1095': ['1095'], '1084': ['1084', '1042', '1085', '1086', '1089', '1044', '1087', '1090', '1091'], '1096': ['1096', '1138', '1135', '1137', '1139'], '1136': ['1136', '1140'], '1041': ['1041', '1126', '1125', '1127', '1043', '1121', '1122', '1123', '1045', '1124', '1131', '1133'], '1128': ['1128', '1129', '1130', '1134'], '1032': ['1032', '1052', '1063', '1053', '1049', '1051', '1038', '1048', '1050', '1034'], '1160': ['1160', '1147', '1161', '1145', '1146', '1162'], '1055': ['1055'], '1057': ['1057'], '1060': ['1060'], '1071': ['1071'], '1148': ['1148', '1158', '1157', '1159', '1156'], '1066': ['1066', '1068', '1067'], '1056': ['1056'], '1061': ['1061', '1054', '1062'], '1072': ['1072'], '1033': ['1033', '1101', '1109', '1153', '1100', '1154', '1155', '1152'], '1102': ['1102'], '1103': ['1103'], '1105': ['1105', '1106', '1107', '1058', '1059'], '1113': ['1113'], '1108': ['1108'], '1110': ['1110'], '1104': ['1104'], '1114': ['1114', '1030', '1046', '1069', '1064', '1065', '1070', '1031', '1047'], '1039': ['1039', '1097', '1098', '1099', '1035', '1112', '1111', '1117', '1118'], '1083': ['1083'], '1036': ['1036', '1092', '1150', '1093', '1094', '1151', '1149', '1037', '1144'], '1088': ['1088', '1142', '1141', '1143'], '1115': ['1115', '1116', '1119', '1120'], '1073': ['1073'], '1132': ['1132']})"
35,"defaultdict(<class 'list'>, {'1040': ['1040', '1080', '1079', '1077', '1076', '1078', '1081'], '1095': ['1095'], '1082': ['1082', '1084', '1042', '1083', '1085'], '1096': ['1096', '1138', '1135', '1137', '1139'], '1136': ['1136'], '1041': ['1041', '1126', '1125', '1127', '1124'], '1128': ['1128', '1131', '1132', '1130', '1133', '1129', '1120', '1134'], '1032': ['1032', '1052', '1053', '1049', '1050', '1054', '1063', '1051', '1055'], '1160': ['1160'], '1057': ['1057', '1060', '1061', '1105', '1106', '1107', '1058', '1059', '1113'], '1071': ['1071'], '1147': ['1147', '1036', '1092', '1150', '1093', '1094', '1151', '1149', '1037', '1145', '1144', '1091'], '1148': ['1148', '1158', '1157', '1159', '1033', '1153', '1154', '1155', '1152', '1156', '1109'], '1161': ['1161'], '1066': ['1066', '1110', '1064', '1065', '1031'], '1056': ['1056', '1104', '1030', '1046', '1047'], '1072': ['1072'], '1162': ['1162'], '1101': ['1101', '1102', '1098', '1099', '1100'], '1103': ['1103'], '1108': ['1108', '1115', '1118', '1116', '1119'], '1114': ['1114'], '1038': ['1038', '1048', '1068', '1034', '1067'], '1039': ['1039', '1097', '1112', '1035', '1111', '1117'], '1069': ['1069'], '1070': ['1070'], '1086': ['1086', '1089', '1044', '1087', '1090'], '1043': ['1043', '1121', '1122', '1123', '1045'], '1088': ['1088', '1142', '1141', '1143'], '1062': ['1062'], '1146': ['1146'], '1075': ['1075'], '1073': ['1073'], '1074': ['1074'], '1140': ['1140']})"
35,"defaultdict(<class 'list'>, {'1040': ['1040', '1080', '1081', '1078'], '1079': ['1079', '1077', '1075', '1076', '1074'], '1095': ['1095'], '1082': ['1082', '1084', '1042', '1085', '1086', '1087', '1083', '1089', '1044'], '1096': ['1096', '1138', '1135', '1137', '1139'], '1136': ['1136'], '1041': ['1041', '1126', '1125', '1127', '1124'], '1128': ['1128', '1131', '1132', '1130', '1133'], '1129': ['1129', '1134'], '1032': ['1032', '1160', '1161', '1162', '1146'], '1052': ['1052'], '1063': ['1063', '1066', '1038', '1048', '1068', '1034', '1067'], '1051': ['1051', '1055', '1056', '1049', '1050'], '1057': ['1057', '1060', '1061', '1062', '1073', '1071', '1072'], '1147': ['1147'], '1148': ['1148', '1158', '1157', '1159', '1156'], '1053': ['1053'], '1033': ['1033', '1153', '1154', '1155', '1152'], '1101': ['1101', '1102', '1098', '1099', '1100'], '1109': ['1109'], '1103': ['1103', '1104', '1030', '1046', '1047'], '1105': ['1105', '1106', '1107', '1058', '1059'], '1113': ['1113'], '1108': ['1108'], '1110': ['1110', '1111', '1064', '1065', '1031'], '1114': ['1114', '1069', '1070'], '1054': ['1054'], '1039': ['1039', '1097', '1112', '1035', '1117'], '1043': ['1043', '1121', '1122', '1123', '1045'], '1036': ['1036', '1092', '1150', '1093', '1094', '1151', '1149', '1037', '1144'], '1145': ['1145'], '1088': ['1088', '1142', '1141', '1143', '1140'], '1090': ['1090'], '1091': ['1091'], '1115': ['1115', '1118', '1116', '1119', '1120']})"
35,"defaultdict(<class 'list'>, {'1040': ['1040', '1080', '1081', '1082', '1078', '1095', '1083'], '1079': ['1079', '1077', '1075', '1076', '1074'], '1084': ['1084', '1042', '1085', '1086', '1089', '1044', '1087', '1090', '1091'], '1096': ['1096', '1138', '1135', '1137', '1139'], '1136': ['1136'], '1041': ['1041'], '1126': ['1126', '1125', '1127', '1043', '1121', '1122', '1123', '1045', '1124'], '1128': ['1128', '1131', '1132', '1130', '1133', '1129', '1120', '1134'], '1032': ['1032', '1160', '1161', '1162', '1146'], '1052': ['1052', '1053', '1049', '1050', '1054'], '1063': ['1063'], '1051': ['1051', '1055', '1056'], '1057': ['1057', '1060', '1061', '1062', '1073', '1071', '1072'], '1147': ['1147', '1148', '1158', '1157', '1159'], '1066': ['1066', '1067', '1064', '1065', '1031'], '1033': ['1033', '1153', '1154', '1155', '1152'], '1101': ['1101'], '1109': ['1109'], '1102': ['1102', '1039', '1097', '1098', '1099', '1035', '1112', '1100', '1111'], '1103': ['1103'], '1105': ['1105', '1106', '1107', '1058', '1059'], '1113': ['1113'], '1108': ['1108'], '1110': ['1110'], '1104': ['1104', '1030', '1046', '1047', '1117'], '1114': ['1114', '1115', '1118', '1116', '1119'], '1156': ['1156'], '1038': ['1038'], '1048': ['1048'], '1068': ['1068'], '1034': ['1034'], '1069': ['1069'], '1070': ['1070'], '1036': ['1036', '1092', '1150', '1093', '1094', '1151', '1149', '1037', '1144', '1145'], '1088': ['1088', '1142', '1141', '1143', '1140']})"
36,"defaultdict(<class 'list'>, {'1040': ['1040', '1080', '1079', '1081', '1078'], '1095': ['1095', '1082', '1084', '1083', '1085'], '1096': ['1096', '1138', '1135', '1137', '1139', '1136', '1140'], '1041': ['1041', '1126', '1125', '1127', '1124', '1129', '1043', '1121', '1122', '1123', '1045', '1134'], '1128': ['1128', '1131', '1132', '1133'], '1032': ['1032', '1052', '1063', '1053', '1049', '1160', '1161', '1162', '1146'], '1051': ['1051', '1055', '1050'], '1057': ['1057', '1060', '1061', '1058', '1059', '1071', '1072', '1062', '1073'], '1147': ['1147'], '1148': ['1148', '1158', '1157', '1159', '1156'], '1066': ['1066'], '1056': ['1056', '1077', '1075', '1076', '1074'], '1033': ['1033'], '1101': ['1101'], '1109': ['1109', '1105', '1106', '1113', '1107'], '1153': ['1153'], '1102': ['1102', '1103', '1104', '1098', '1099', '1039', '1097', '1035'], '1154': ['1154'], '1155': ['1155'], '1108': ['1108'], '1110': ['1110', '1112', '1111', '1117'], '1114': ['1114', '1030', '1046', '1069', '1047', '1070', '1064', '1065', '1031'], '1038': ['1038', '1048', '1054', '1068', '1034'], '1100': ['1100'], '1067': ['1067'], '1042': ['1042'], '1086': ['1086', '1087', '1088', '1141', '1143', '1142'], '1089': ['1089', '1149', '1044', '1090', '1091'], '1036': ['1036'], '1092': ['1092'], '1150': ['1150'], '1093': ['1093', '1094', '1145', '1144', '1037'], '1151': ['1151'], '1115': ['1115', '1118', '1116', '1119', '1120'], '1152': ['1152'], '1130': ['1130']})"
36,"defaultdict(<class 'list'>, {'1040': ['1040', '1080', '1081', '1082', '1078', '1095', '1083'], '1079': ['1079', '1077', '1075', '1076', '1074'], '1084': ['1084', '1042', '1085', '1086', '1089', '1044', '1087', '1090', '1091'], '1096': ['1096', '1138', '1135', '1137', '1139', '1136', '1140'], '1041': ['1041'], '1126': ['1126', '1125', '1127', '1043', '1121', '1122', '1123', '1045', '1124'], '1128': ['1128', '1131', '1132', '1130', '1133'], '1129': ['1129'], '1032': ['1032', '1052', '1063', '1053', '1049', '1160', '1161', '1162', '1146'], '1051': ['1051', '1055', '1056', '1046', '1047'], '1057': ['1057', '1060', '1061', '1105', '1106', '1107', '1058', '1059', '1062'], '1071': ['1071', '1072', '1073'], '1147': ['1147', '1148', '1158', '1157', '1159', '1033', '1153', '1155', '1156'], '1066': ['1066'], '1101': ['1101', '1102', '1103', '1039', '1097', '1098', '1099', '1035', '1100'], '1109': ['1109'], '1113': ['1113'], '1154': ['1154', '1036', '1150', '1151', '1152'], '1108': ['1108'], '1110': ['1110'], '1104': ['1104'], '1114': ['1114'], '1038': ['1038', '1048', '1068', '1034', '1067'], '1050': ['1050'], '1054': ['1054'], '1112': ['1112'], '1111': ['1111'], '1030': ['1030'], '1069': ['1069', '1064', '1065', '1070', '1031'], '1092': ['1092'], '1093': ['1093', '1094', '1144', '1149', '1037'], '1145': ['1145'], '1088': ['1088', '1142', '1141', '1143'], '1115': ['1115'], '1117': ['1117', '1118', '1116', '1119', '1120'], '1134': ['1134']})"
36,"defaultdict(<class 'list'>, {'1040': ['1040', '1080', '1079', '1081', '1078', '1095', '1082', '1084', '1042', '1083', '1085', '1086'], '1096': ['1096', '1138', '1135', '1137', '1139', '1136', '1088', '1142', '1141', '1143', '1140'], '1041': ['1041', '1126', '1125', '1127', '1043', '1121', '1122', '1123', '1045', '1124', '1129', '1134'], '1128': ['1128'], '1131': ['1131'], '1032': ['1032', '1063', '1160', '1161', '1162'], '1052': ['1052', '1051', '1053', '1049', '1050', '1055', '1054'], '1057': ['1057', '1060', '1071', '1061', '1105', '1106', '1107', '1058', '1059'], '1147': ['1147'], '1148': ['1148', '1158', '1157', '1159', '1156'], '1066': ['1066', '1110', '1064', '1065', '1031'], '1056': ['1056', '1077', '1075', '1076', '1074'], '1072': ['1072', '1062', '1073'], '1033': ['1033', '1101', '1102', '1103', '1039', '1097', '1098', '1099', '1035', '1112', '1111', '1100'], '1109': ['1109'], '1153': ['1153'], '1113': ['1113', '1114', '1115'], '1154': ['1154', '1036', '1150', '1151', '1152'], '1155': ['1155'], '1108': ['1108'], '1104': ['1104'], '1038': ['1038', '1048', '1068', '1034', '1067'], '1030': ['1030', '1046', '1069', '1047', '1070'], '1089': ['1089', '1149', '1044', '1090', '1091'], '1092': ['1092'], '1093': ['1093'], '1094': ['1094'], '1145': ['1145'], '1144': ['1144'], '1037': ['1037'], '1087': ['1087'], '1117': ['1117', '1118', '1116', '1119', '1120'], '1146': ['1146'], '1132': ['1132'], '1130': ['1130'], '1133': ['1133']})"
36,"defaultdict(<class 'list'>, {'1040': ['1040', '1080', '1079', '1081', '1078'], '1095': ['1095'], '1082': ['1082', '1084', '1042', '1083', '1085'], '1096': ['1096', '1138', '1135', '1137', '1139'], '1136': ['1136'], '1041': ['1041', '1126', '1125', '1043', '1121', '1122', '1123', '1045', '1124', '1127', '1129', '1119'], '1128': ['1128', '1131', '1132', '1130', '1133', '1120', '1134'], '1032': ['1032', '1160', '1147', '1161', '1145', '1146', '1162'], '1052': ['1052', '1051', '1053', '1049', '1050'], '1063': ['1063', '1071', '1066', '1067'], '1055': ['1055'], '1057': ['1057', '1060', '1061', '1058', '1059', '1105', '1106', '1113', '1107'], '1148': ['1148', '1158', '1157', '1159', '1156'], '1056': ['1056'], '1072': ['1072', '1075', '1076', '1073', '1074'], '1033': ['1033', '1153', '1154', '1036', '1150', '1151', '1152', '1155'], '1101': ['1101', '1108', '1100'], '1109': ['1109'], '1102': ['1102'], '1103': ['1103', '1104'], '1110': ['1110', '1039', '1097', '1098', '1099', '1035', '1112', '1111', '1117'], '1114': ['1114', '1030', '1046', '1069', '1047', '1070', '1064', '1065', '1031'], '1038': ['1038'], '1048': ['1048'], '1054': ['1054'], '1068': ['1068'], '1034': ['1034'], '1086': ['1086', '1087', '1088', '1141', '1143', '1142'], '1089': ['1089', '1092', '1044', '1090', '1091'], '1093': ['1093', '1094', '1144', '1149', '1037'], '1115': ['1115'], '1062': ['1062'], '1077': ['1077'], '1118': ['1118'], '1116': ['1116'], '1140': ['1140']})"
36,"defaultdict(<class 'list'>, {'1040': ['1040', '1080', '1079', '1081', '1078'], '1095': ['1095', '1082', '1084', '1042', '1083', '1085', '1086', '1089', '1087', '1090', '1091', '1044'], '1096': ['1096'], '1136': ['1136'], '1138': ['1138'], '1041': ['1041', '1126', '1125', '1127', '1043', '1121', '1122', '1123', '1045', '1124', '1128', '1132'], '1129': ['1129', '1131', '1120', '1130', '1134'], '1032': ['1032', '1160', '1147', '1148', '1158', '1157', '1159', '1161', '1162', '1155', '1156', '1146'], '1052': ['1052', '1053', '1049', '1050', '1054'], '1063': ['1063'], '1051': ['1051'], '1055': ['1055'], '1057': ['1057', '1060', '1061', '1058', '1059'], '1071': ['1071'], '1066': ['1066', '1038', '1048', '1068', '1034', '1067', '1077', '1076'], '1056': ['1056'], '1072': ['1072'], '1033': ['1033', '1109', '1105', '1113'], '1101': ['1101', '1102', '1103', '1100'], '1153': ['1153'], '1106': ['1106'], '1154': ['1154', '1036', '1092', '1150', '1093', '1094', '1151', '1149', '1037', '1144', '1145', '1152'], '1108': ['1108', '1107', '1115', '1116', '1119'], '1110': ['1110'], '1104': ['1104'], '1114': ['1114', '1030', '1046', '1069', '1047', '1070', '1064', '1065', '1031'], '1039': ['1039', '1097', '1098', '1099', '1035', '1112', '1111', '1117', '1118'], '1088': ['1088', '1142', '1141', '1143', '1139'], '1062': ['1062'], '1075': ['1075'], '1073': ['1073'], '1074': ['1074'], '1135': ['1135'], '1137': ['1137'], '1140': ['1140'], '1133': ['1133']})"
36,"defaultdict(<class 'list'>, {'1040': ['1040', '1080', '1081', '1095', '1082', '1084', '1042', '1083', '1085', '1079', '1077', '1078'], '1096': ['1096', '1138', '1135', '1137', '1139'], '1136': ['1136'], '1041': ['1041'], '1126': ['1126'], '1125': ['1125'], '1127': ['1127'], '1128': ['1128', '1129', '1132', '1130', '1134', '1131', '1133'], '1032': ['1032', '1052', '1051', '1053', '1049', '1050', '1063', '1055', '1054'], '1160': ['1160', '1147', '1161', '1162', '1146', '1036', '1092', '1145'], '1057': ['1057', '1060', '1061', '1058', '1059'], '1071': ['1071'], '1148': ['1148', '1158', '1157', '1159', '1156', '1153', '1154', '1155', '1152'], '1066': ['1066'], '1056': ['1056'], '1072': ['1072', '1075', '1076', '1073', '1074'], '1033': ['1033', '1101', '1102', '1039', '1097', '1098', '1099', '1035', '1100'], '1109': ['1109'], '1103': ['1103', '1104', '1030', '1046', '1047'], '1105': ['1105', '1106', '1113', '1107', '1114', '1108', '1115'], '1110': ['1110'], '1038': ['1038', '1048', '1068', '1034', '1067'], '1112': ['1112'], '1111': ['1111'], '1069': ['1069', '1064', '1065', '1070', '1031'], '1086': ['1086', '1089', '1044', '1087', '1090'], '1043': ['1043', '1121', '1122', '1123', '1045'], '1124': ['1124'], '1150': ['1150'], '1093': ['1093', '1094', '1151', '1149', '1037'], '1144': ['1144'], '1088': ['1088', '1142', '1141', '1143'], '1091': ['1091'], '1062': ['1062'], '1117': ['1117', '1118', '1116', '1119', '1120'], '1140': ['1140']})"
36,"defaultdict(<class 'list'>, {'1040': ['1040', '1080', '1081', '1095', '1082', '1084', '1083', '1085', '1042'], '1079': ['1079', '1077', '1075', '1076', '1074'], '1096': ['1096', '1138', '1135', '1137', '1139', '1136', '1088', '1142', '1141', '1143', '1140'], '1041': ['1041'], '1126': ['1126'], '1125': ['1125'], '1127': ['1127'], '1128': ['1128', '1129', '1132', '1130', '1134'], '1131': ['1131', '1133'], '1032': ['1032', '1052', '1063', '1053', '1049', '1054'], '1160': ['1160', '1147', '1161', '1145', '1146', '1162'], '1051': ['1051', '1055', '1056', '1050'], '1057': ['1057', '1060', '1061', '1058', '1059'], '1071': ['1071'], '1148': ['1148', '1158', '1157', '1159', '1156'], '1066': ['1066'], '1072': ['1072'], '1033': ['1033', '1109', '1153', '1155', '1152'], '1101': ['1101', '1102', '1098', '1099', '1100'], '1103': ['1103'], '1105': ['1105', '1106', '1113', '1107', '1114'], '1154': ['1154'], '1108': ['1108'], '1110': ['1110'], '1104': ['1104', '1030', '1046', '1047', '1117'], '1038': ['1038', '1048', '1068', '1034', '1067'], '1039': ['1039', '1097', '1112', '1035', '1111'], '1069': ['1069', '1064', '1065', '1070', '1031'], '1086': ['1086', '1089', '1044', '1087', '1090'], '1043': ['1043', '1121', '1122', '1123', '1045'], '1124': ['1124'], '1036': ['1036', '1092', '1150', '1093', '1094', '1144', '1149', '1037', '1151', '1091'], '1115': ['1115', '1118', '1116', '1119', '1120'], '1062': ['1062'], '1073': ['1073'], '1078': ['1078']})"
36,"defaultdict(<class 'list'>, {'1040': ['1040', '1080', '1079', '1077', '1076', '1078', '1081'], '1095': ['1095'], '1082': ['1082', '1084', '1042', '1083', '1085'], '1096': ['1096', '1138', '1135', '1137', '1139'], '1136': ['1136'], '1041': ['1041', '1126', '1125', '1127', '1124'], '1128': ['1128', '1131', '1132', '1130', '1133', '1129', '1120', '1134'], '1032': ['1032', '1052', '1053', '1049', '1050', '1054', '1063', '1051', '1055'], '1160': ['1160'], '1057': ['1057', '1060', '1061', '1105', '1106', '1107', '1058', '1059', '1113'], '1071': ['1071'], '1147': ['1147', '1036', '1092', '1150', '1093', '1094', '1151', '1149', '1037', '1145', '1144', '1091'], '1148': ['1148', '1158', '1157', '1159', '1033', '1153', '1154', '1155', '1152', '1156', '1109'], '1161': ['1161'], '1066': ['1066', '1110', '1064', '1065', '1031'], '1056': ['1056', '1104', '1030', '1046', '1047'], '1072': ['1072'], '1162': ['1162'], '1101': ['1101', '1102', '1098', '1099', '1100'], '1103': ['1103'], '1108': ['1108', '1115', '1118', '1116', '1119'], '1114': ['1114'], '1038': ['1038', '1048', '1068', '1034', '1067'], '1039': ['1039', '1097', '1112', '1035', '1111'], '1069': ['1069'], '1070': ['1070'], '1086': ['1086', '1089', '1044', '1087', '1090'], '1043': ['1043', '1121', '1122', '1123', '1045'], '1088': ['1088', '1142', '1141', '1143'], '1062': ['1062'], '1117': ['1117'], '1146': ['1146'], '1075': ['1075'], '1073': ['1073'], '1074': ['1074'], '1140': ['1140']})"
36,"defaultdict(<class 'list'>, {'1040': ['1040', '1080', '1081', '1078'], '1079': ['1079'], '1095': ['1095'], '1082': ['1082', '1084', '1042', '1083', '1085'], '1096': ['1096', '1138', '1135', '1137', '1139'], '1136': ['1136'], '1041': ['1041', '1126', '1125', '1127', '1124', '1129', '1043', '1121', '1122', '1123', '1045', '1119'], '1128': ['1128', '1131', '1132', '1130', '1133'], '1032': ['1032', '1160', '1161', '1162', '1146'], '1052': ['1052', '1053', '1049', '1050', '1054', '1051', '1055', '1062'], '1063': ['1063', '1057', '1060', '1071', '1061'], '1147': ['1147', '1148', '1158', '1157', '1159', '1156', '1153', '1154', '1155', '1151', '1152'], '1066': ['1066', '1038', '1048', '1068', '1034', '1067', '1064', '1065', '1031'], '1056': ['1056'], '1072': ['1072', '1114', '1070'], '1033': ['1033', '1109', '1113', '1110', '1111'], '1101': ['1101', '1102', '1098', '1099', '1100', '1103', '1039', '1097', '1035'], '1105': ['1105'], '1106': ['1106'], '1108': ['1108'], '1104': ['1104', '1030', '1046', '1047', '1117'], '1107': ['1107'], '1112': ['1112'], '1069': ['1069'], '1058': ['1058'], '1059': ['1059'], '1086': ['1086', '1087', '1088', '1141', '1143', '1089', '1044', '1090', '1142'], '1036': ['1036', '1092', '1150', '1093', '1094', '1144', '1149', '1037', '1145'], '1091': ['1091'], '1115': ['1115'], '1077': ['1077', '1075', '1076', '1073', '1074'], '1118': ['1118'], '1116': ['1116'], '1140': ['1140'], '1120': ['1120'], '1134': ['1134']})"
36,"defaultdict(<class 'list'>, {'1040': ['1040', '1080', '1079', '1081', '1078', '1038', '1048', '1068', '1034', '1067', '1077'], '1095': ['1095', '1082', '1084', '1083', '1085', '1042'], '1096': ['1096', '1138', '1135', '1137', '1139'], '1136': ['1136'], '1041': ['1041'], '1126': ['1126', '1125', '1127', '1043', '1121', '1122', '1123', '1045', '1124'], '1128': ['1128', '1129', '1132', '1130', '1134'], '1131': ['1131'], '1032': ['1032', '1160', '1161', '1162', '1146'], '1052': ['1052', '1053', '1049', '1050', '1054', '1051', '1055', '1062'], '1063': ['1063', '1066', '1064', '1065', '1031'], '1057': ['1057', '1060', '1061', '1058', '1059'], '1071': ['1071'], '1147': ['1147', '1148', '1158', '1157', '1159', '1156', '1154', '1155'], '1056': ['1056'], '1072': ['1072', '1075', '1076', '1073', '1074'], '1033': ['1033', '1101', '1109', '1153', '1100'], '1102': ['1102', '1103', '1104', '1117', '1118'], '1105': ['1105', '1106', '1113', '1107', '1114'], '1108': ['1108'], '1110': ['1110', '1039', '1097', '1112', '1035', '1111'], '1098': ['1098'], '1099': ['1099'], '1030': ['1030', '1046', '1069', '1047', '1070'], '1086': ['1086', '1087', '1088', '1141', '1143'], '1089': ['1089', '1092', '1044', '1090', '1091', '1036'], '1150': ['1150', '1093', '1094', '1144', '1149', '1037', '1151'], '1145': ['1145'], '1142': ['1142'], '1115': ['1115'], '1152': ['1152'], '1116': ['1116'], '1140': ['1140'], '1119': ['1119'], '1120': ['1120'], '1133': ['1133']})"
36,"defaultdict(<class 'list'>, {'1040': ['1040', '1080', '1079', '1081', '1078', '1095', '1082', '1084', '1042', '1083', '1085', '1096'], '1136': ['1136'], '1138': ['1138'], '1041': ['1041', '1126', '1125', '1127', '1043', '1121', '1122', '1123', '1045', '1124', '1128', '1132'], '1129': ['1129'], '1131': ['1131'], '1032': ['1032', '1160', '1161', '1162', '1146', '1147', '1148', '1158', '1156', '1157', '1159'], '1052': ['1052', '1051', '1053', '1049', '1050'], '1063': ['1063'], '1055': ['1055'], '1057': ['1057', '1060', '1061', '1105', '1106', '1107', '1058', '1059', '1113'], '1071': ['1071'], '1066': ['1066'], '1056': ['1056'], '1072': ['1072'], '1033': ['1033', '1153', '1154', '1155', '1152'], '1101': ['1101', '1102', '1103', '1108', '1100'], '1109': ['1109', '1110'], '1104': ['1104'], '1114': ['1114', '1030', '1046', '1069', '1064', '1065', '1070', '1031', '1047'], '1038': ['1038', '1048', '1068', '1034', '1067'], '1054': ['1054'], '1039': ['1039', '1097', '1098', '1099', '1035', '1112', '1111', '1117', '1118'], '1086': ['1086', '1089', '1044', '1087', '1090', '1088', '1142', '1091', '1141', '1143'], '1036': ['1036', '1092', '1150', '1093', '1094', '1151', '1149', '1037', '1144'], '1145': ['1145'], '1115': ['1115', '1116', '1119', '1120'], '1062': ['1062'], '1077': ['1077', '1075', '1076', '1073', '1074'], '1135': ['1135'], '1137': ['1137'], '1140': ['1140'], '1139': ['1139'], '1130': ['1130'], '1134': ['1134'], '1133': ['1133']})"
36,"defaultdict(<class 'list'>, {'1040': ['1040', '1080', '1079', '1038', '1048', '1068', '1034', '1067', '1077', '1076', '1078', '1081'], '1095': ['1095', '1082', '1084', '1042', '1083', '1085', '1096'], '1136': ['1136', '1141', '1140'], '1138': ['1138'], '1041': ['1041', '1126', '1125', '1043', '1121', '1122', '1123', '1045', '1124'], '1127': ['1127'], '1128': ['1128', '1131', '1132', '1130', '1133'], '1129': ['1129'], '1032': ['1032', '1052', '1063', '1053', '1049', '1160', '1146'], '1051': ['1051', '1055', '1056', '1050'], '1057': ['1057', '1060', '1061', '1105', '1106', '1107', '1058', '1059', '1113'], '1071': ['1071'], '1147': ['1147', '1148', '1158', '1157', '1159', '1156', '1161', '1033', '1153', '1154', '1155', '1152'], '1066': ['1066'], '1072': ['1072'], '1162': ['1162'], '1101': ['1101', '1102', '1103', '1039', '1097', '1098', '1099', '1035', '1100'], '1109': ['1109'], '1108': ['1108'], '1110': ['1110'], '1104': ['1104'], '1114': ['1114', '1030', '1046', '1069', '1064', '1065', '1070', '1031', '1047'], '1054': ['1054', '1062'], '1112': ['1112', '1111', '1117', '1118', '1119'], '1086': ['1086', '1089', '1044', '1087', '1090', '1088', '1142', '1091'], '1036': ['1036', '1092', '1150', '1151', '1149', '1093', '1094', '1144', '1037', '1143', '1145'], '1115': ['1115'], '1075': ['1075'], '1073': ['1073'], '1074': ['1074'], '1116': ['1116'], '1135': ['1135'], '1137': ['1137'], '1139': ['1139'], '1120': ['1120'], '1134': ['1134']})"
36,"defaultdict(<class 'list'>, {'1040': ['1040', '1080', '1081', '1082', '1084', '1042', '1083', '1085', '1078', '1079', '1095', '1136'], '1096': ['1096', '1138', '1135', '1137', '1139'], '1041': ['1041', '1126', '1125', '1127', '1128', '1124', '1131', '1043', '1121', '1122', '1123', '1045'], '1129': ['1129', '1130', '1134'], '1032': ['1032', '1052', '1063', '1053', '1049'], '1160': ['1160'], '1051': ['1051', '1055', '1056', '1075', '1076'], '1057': ['1057', '1060', '1071', '1072'], '1147': ['1147', '1148', '1158', '1157', '1159', '1156', '1161', '1162'], '1066': ['1066'], '1061': ['1061', '1062', '1073', '1074'], '1033': ['1033', '1153', '1154', '1155', '1152'], '1101': ['1101'], '1109': ['1109'], '1102': ['1102', '1103', '1104', '1098', '1099'], '1105': ['1105', '1106', '1107', '1058', '1059'], '1113': ['1113'], '1108': ['1108'], '1110': ['1110'], '1114': ['1114', '1030', '1046', '1069', '1064', '1065', '1070', '1031', '1047'], '1038': ['1038', '1048', '1054', '1068', '1034'], '1050': ['1050'], '1039': ['1039', '1097', '1112', '1035', '1111'], '1100': ['1100'], '1067': ['1067'], '1086': ['1086', '1089', '1087', '1090', '1091', '1044'], '1036': ['1036', '1092', '1150', '1151', '1149'], '1093': ['1093', '1094', '1144', '1037'], '1145': ['1145'], '1088': ['1088', '1142', '1141', '1143', '1140'], '1115': ['1115'], '1077': ['1077'], '1117': ['1117', '1118', '1116', '1119', '1120'], '1146': ['1146'], '1132': ['1132'], '1133': ['1133']})"
36,"defaultdict(<class 'list'>, {'1040': ['1040', '1080', '1081', '1082', '1078'], '1079': ['1079'], '1095': ['1095'], '1084': ['1084', '1042', '1085', '1086', '1089', '1087', '1090', '1091', '1044'], '1096': ['1096'], '1136': ['1136'], '1138': ['1138', '1134'], '1041': ['1041', '1126', '1125', '1127', '1124'], '1128': ['1128', '1131', '1132', '1130', '1133'], '1129': ['1129'], '1032': ['1032', '1160', '1161', '1162'], '1052': ['1052', '1053', '1049', '1050', '1054', '1051', '1055'], '1063': ['1063', '1066', '1038', '1048', '1068', '1067', '1034'], '1057': ['1057', '1060', '1061', '1058', '1059', '1105', '1106', '1107', '1062'], '1071': ['1071'], '1147': ['1147', '1145', '1144', '1146', '1036', '1092', '1150', '1093', '1094', '1151', '1149', '1037'], '1148': ['1148', '1158', '1157', '1159', '1033', '1109', '1153', '1154', '1155', '1156', '1152'], '1056': ['1056', '1077', '1075', '1076', '1074'], '1072': ['1072'], '1101': ['1101', '1039', '1097', '1098', '1099', '1035', '1112', '1100', '1111'], '1102': ['1102', '1103', '1104', '1117', '1118'], '1113': ['1113'], '1108': ['1108'], '1110': ['1110'], '1114': ['1114', '1030', '1046', '1069', '1064', '1065', '1070', '1031', '1047'], '1083': ['1083'], '1043': ['1043', '1121', '1122', '1123', '1045'], '1088': ['1088', '1142', '1141', '1143', '1139'], '1115': ['1115'], '1073': ['1073'], '1116': ['1116'], '1135': ['1135'], '1137': ['1137'], '1140': ['1140'], '1119': ['1119'], '1120': ['1120']})"
36,"defaultdict(<class 'list'>, {'1040': ['1040', '1080', '1079', '1081', '1078', '1095', '1082', '1084', '1042', '1083', '1085', '1138'], '1096': ['1096', '1136', '1135', '1137', '1140'], '1041': ['1041', '1126', '1125', '1043', '1121', '1122', '1123', '1045', '1124', '1127'], '1128': ['1128', '1129', '1132', '1130', '1134', '1131', '1120', '1133'], '1032': ['1032', '1052', '1063', '1053', '1049', '1051', '1038', '1048', '1050', '1034', '1054'], '1160': ['1160', '1147', '1161', '1162', '1146'], '1055': ['1055', '1056', '1030', '1046', '1047'], '1057': ['1057', '1060', '1071', '1061', '1105', '1106', '1107', '1058', '1059'], '1148': ['1148', '1158', '1157', '1159', '1156'], '1066': ['1066', '1067', '1064', '1065', '1031'], '1072': ['1072'], '1033': ['1033', '1153', '1154', '1036', '1150', '1151', '1152', '1155'], '1101': ['1101', '1102', '1103', '1108', '1100'], '1109': ['1109', '1113'], '1110': ['1110', '1039', '1097', '1098', '1099', '1035', '1112', '1111', '1117'], '1104': ['1104'], '1114': ['1114', '1115', '1118', '1116', '1119'], '1068': ['1068', '1077', '1075', '1076', '1074'], '1069': ['1069'], '1070': ['1070'], '1086': ['1086', '1089', '1044', '1087', '1090'], '1092': ['1092'], '1093': ['1093'], '1094': ['1094'], '1145': ['1145'], '1144': ['1144'], '1149': ['1149'], '1037': ['1037'], '1088': ['1088'], '1142': ['1142'], '1141': ['1141'], '1091': ['1091'], '1143': ['1143'], '1062': ['1062'], '1073': ['1073'], '1139': ['1139']})"
36,"defaultdict(<class 'list'>, {'1040': ['1040', '1080', '1079', '1081', '1078', '1095', '1082', '1084', '1042', '1083', '1085', '1096'], '1136': ['1136'], '1138': ['1138'], '1041': ['1041', '1126', '1125', '1127', '1124', '1131', '1122', '1123', '1045'], '1128': ['1128', '1129', '1132', '1130', '1134'], '1032': ['1032', '1052', '1063', '1053', '1049', '1160', '1161', '1162', '1146'], '1051': ['1051', '1055', '1056', '1050'], '1057': ['1057', '1060', '1071', '1061', '1072'], '1147': ['1147', '1148', '1158', '1157', '1159', '1156', '1145'], '1066': ['1066', '1038', '1048', '1068', '1034', '1067'], '1033': ['1033', '1109', '1153', '1155', '1152', '1101', '1154', '1100'], '1102': ['1102', '1039', '1097', '1098', '1099', '1035', '1112'], '1103': ['1103'], '1105': ['1105', '1106', '1107', '1058', '1059'], '1113': ['1113'], '1108': ['1108'], '1110': ['1110', '1111', '1064', '1065', '1031'], '1104': ['1104'], '1114': ['1114'], '1054': ['1054'], '1030': ['1030', '1046', '1069', '1047', '1070'], '1086': ['1086', '1089', '1092', '1044', '1090', '1091', '1036', '1087'], '1043': ['1043'], '1121': ['1121'], '1150': ['1150'], '1093': ['1093', '1094', '1151', '1149', '1037'], '1144': ['1144'], '1088': ['1088', '1142', '1141', '1143', '1139'], '1115': ['1115'], '1062': ['1062'], '1077': ['1077', '1075', '1076', '1073', '1074'], '1117': ['1117', '1118', '1116', '1119', '1120'], '1135': ['1135'], '1137': ['1137'], '1140': ['1140'], '1133': ['1133']})"
36,"defaultdict(<class 'list'>, {'1040': ['1040', '1080', '1081', '1082', '1078'], '1079': ['1079', '1077', '1075', '1076', '1074'], '1095': ['1095'], '1084': ['1084', '1042', '1085', '1086', '1089', '1044', '1087', '1090', '1091'], '1096': ['1096', '1138', '1135', '1137', '1139'], '1136': ['1136', '1140'], '1041': ['1041', '1126', '1125', '1127', '1043', '1121', '1122', '1123', '1045', '1124', '1131', '1133'], '1128': ['1128', '1129', '1130', '1134'], '1032': ['1032', '1052', '1063', '1053', '1049'], '1160': ['1160', '1147', '1161', '1145', '1146', '1162'], '1051': ['1051', '1038', '1048', '1050', '1034'], '1055': ['1055'], '1057': ['1057'], '1060': ['1060'], '1071': ['1071'], '1148': ['1148', '1158', '1157', '1159', '1156'], '1066': ['1066', '1068', '1067'], '1056': ['1056'], '1061': ['1061', '1054', '1062'], '1072': ['1072'], '1033': ['1033', '1101', '1109', '1153', '1100', '1154', '1155', '1152'], '1102': ['1102'], '1103': ['1103'], '1105': ['1105', '1106', '1107', '1058', '1059'], '1113': ['1113'], '1108': ['1108'], '1110': ['1110'], '1104': ['1104'], '1114': ['1114', '1030', '1046', '1069', '1064', '1065', '1070', '1031', '1047'], '1039': ['1039', '1097', '1098', '1099', '1035', '1112', '1111', '1117', '1118'], '1083': ['1083'], '1036': ['1036', '1092', '1150', '1093', '1094', '1151', '1149', '1037', '1144'], '1088': ['1088', '1142', '1141', '1143'], '1115': ['1115', '1116', '1119', '1120'], '1073': ['1073'], '1132': ['1132']})"
36,"defaultdict(<class 'list'>, {'1040': ['1040', '1080', '1081', '1095', '1082', '1084', '1042', '1083', '1085', '1078'], '1079': ['1079', '1077', '1075', '1076', '1074'], '1096': ['1096', '1138', '1135', '1137', '1139'], '1136': ['1136'], '1041': ['1041', '1126', '1125', '1127', '1043', '1121', '1122', '1123', '1045', '1124', '1128', '1132'], '1129': ['1129'], '1131': ['1131', '1120', '1133'], '1032': ['1032', '1160', '1161', '1162', '1146', '1063', '1147', '1148', '1158', '1157', '1159', '1156'], '1052': ['1052', '1051', '1055', '1056', '1049', '1050', '1053', '1054'], '1057': ['1057', '1060', '1061', '1105', '1106', '1107', '1058', '1059', '1062'], '1071': ['1071', '1072', '1073'], '1066': ['1066'], '1033': ['1033', '1153', '1154', '1155', '1152', '1109'], '1101': ['1101', '1102', '1098', '1099', '1100'], '1103': ['1103', '1104', '1030', '1046', '1047'], '1113': ['1113'], '1108': ['1108', '1115', '1118', '1116', '1119'], '1110': ['1110'], '1114': ['1114'], '1038': ['1038', '1048', '1068', '1034', '1067'], '1039': ['1039'], '1097': ['1097'], '1112': ['1112'], '1035': ['1035'], '1111': ['1111'], '1069': ['1069', '1064', '1065', '1070', '1031'], '1086': ['1086', '1087', '1088', '1141', '1143'], '1089': ['1089', '1044', '1090', '1091'], '1036': ['1036', '1092', '1150', '1151', '1149'], '1093': ['1093', '1094', '1144', '1037'], '1145': ['1145'], '1142': ['1142'], '1117': ['1117'], '1140': ['1140'], '1130': ['1130'], '1134': ['1134']})"
36,"defaultdict(<class 'list'>, {'1040': ['1040', '1080', '1079', '1081', '1078'], '1095': ['1095'], '1082': ['1082'], '1084': ['1084', '1042', '1085', '1086', '1089', '1044', '1087', '1090', '1091'], '1096': ['1096', '1136', '1135', '1137', '1140', '1138', '1088', '1142', '1141', '1143', '1139'], '1041': ['1041', '1126', '1125', '1127', '1128', '1124', '1043', '1121', '1122', '1123', '1045', '1132'], '1129': ['1129', '1131', '1120', '1130', '1134'], '1032': ['1032', '1160', '1161', '1162', '1146'], '1052': ['1052', '1053', '1049', '1050', '1054', '1051', '1055', '1061', '1062'], '1063': ['1063'], '1057': ['1057'], '1060': ['1060'], '1071': ['1071'], '1147': ['1147', '1148', '1158', '1157', '1159', '1153', '1154', '1155', '1156', '1152'], '1066': ['1066'], '1056': ['1056'], '1072': ['1072'], '1033': ['1033', '1101', '1102', '1103', '1100'], '1109': ['1109'], '1105': ['1105', '1106', '1113', '1058', '1059'], '1108': ['1108', '1107', '1115', '1116', '1119'], '1110': ['1110'], '1104': ['1104'], '1114': ['1114'], '1038': ['1038', '1048', '1068', '1034', '1067'], '1039': ['1039', '1097', '1098', '1099', '1035', '1112', '1111', '1117', '1118'], '1030': ['1030', '1046', '1069', '1047', '1070'], '1064': ['1064'], '1065': ['1065'], '1031': ['1031'], '1083': ['1083'], '1036': ['1036', '1092', '1150', '1145'], '1093': ['1093', '1094', '1151', '1149', '1037'], '1144': ['1144'], '1077': ['1077', '1075', '1076', '1073', '1074'], '1133': ['1133']})"
36,"defaultdict(<class 'list'>, {'1040': ['1040', '1080', '1079', '1081', '1078'], '1095': ['1095'], '1082': ['1082'], '1084': ['1084', '1042', '1085', '1086', '1089', '1044', '1087', '1090', '1091'], '1096': ['1096', '1138', '1135', '1137', '1139'], '1136': ['1136', '1133'], '1041': ['1041'], '1126': ['1126'], '1125': ['1125'], '1127': ['1127'], '1128': ['1128', '1129', '1132', '1130', '1134'], '1131': ['1131'], '1032': ['1032', '1160', '1161', '1162', '1146', '1147', '1148', '1158', '1156', '1157', '1159'], '1052': ['1052'], '1063': ['1063', '1057', '1071', '1066'], '1051': ['1051', '1055', '1056', '1049', '1050'], '1060': ['1060', '1061', '1062'], '1053': ['1053'], '1072': ['1072'], '1033': ['1033', '1153', '1154', '1155', '1152', '1109'], '1101': ['1101', '1102', '1098', '1099', '1100'], '1103': ['1103', '1104', '1030', '1046', '1047'], '1105': ['1105', '1106', '1107', '1058', '1059', '1113', '1108', '1114', '1115'], '1110': ['1110'], '1038': ['1038', '1048', '1068', '1034', '1067'], '1054': ['1054'], '1039': ['1039', '1097', '1112', '1035', '1111'], '1069': ['1069', '1064', '1065', '1070', '1031'], '1083': ['1083'], '1043': ['1043', '1121', '1122', '1123', '1045'], '1124': ['1124'], '1036': ['1036', '1092', '1150', '1093', '1094', '1151', '1149', '1037', '1144'], '1145': ['1145'], '1088': ['1088', '1142', '1141', '1143', '1140'], '1077': ['1077', '1075', '1076', '1073', '1074'], '1117': ['1117', '1118', '1116', '1119', '1120']})"
36,"defaultdict(<class 'list'>, {'1040': ['1040', '1080', '1079', '1081', '1078', '1095', '1082', '1084', '1042', '1083', '1085', '1077'], '1096': ['1096', '1138', '1135', '1137', '1139'], '1136': ['1136', '1140'], '1041': ['1041'], '1126': ['1126', '1125', '1127', '1043', '1121', '1122', '1123', '1045', '1124'], '1128': ['1128', '1131', '1132', '1130', '1133', '1129', '1120', '1134'], '1032': ['1032', '1052', '1053', '1038', '1048', '1054', '1034', '1049', '1050', '1068'], '1063': ['1063', '1057', '1071', '1072'], '1160': ['1160', '1147', '1161', '1162', '1146'], '1051': ['1051', '1055', '1056', '1046', '1047'], '1060': ['1060'], '1148': ['1148', '1158', '1157', '1159', '1156'], '1066': ['1066', '1067', '1064', '1065', '1031'], '1061': ['1061', '1062', '1075', '1073', '1074'], '1033': ['1033', '1153', '1154', '1155', '1152'], '1101': ['1101'], '1109': ['1109', '1105', '1113', '1110'], '1102': ['1102', '1039', '1097', '1098', '1099', '1035', '1112', '1100', '1111'], '1103': ['1103', '1104', '1117'], '1106': ['1106'], '1108': ['1108'], '1107': ['1107'], '1114': ['1114', '1115', '1118', '1116', '1119'], '1030': ['1030', '1069', '1070'], '1058': ['1058'], '1059': ['1059'], '1086': ['1086', '1089', '1044', '1087', '1090'], '1036': ['1036'], '1092': ['1092'], '1150': ['1150'], '1093': ['1093', '1094', '1151', '1149', '1037'], '1145': ['1145'], '1144': ['1144'], '1088': ['1088', '1142', '1141', '1143'], '1091': ['1091'], '1076': ['1076']})"
36,"defaultdict(<class 'list'>, {'1040': ['1040', '1080', '1081', '1082', '1078', '1079', '1084', '1042', '1083'], '1095': ['1095'], '1096': ['1096', '1138', '1135', '1137', '1139'], '1136': ['1136'], '1041': ['1041'], '1126': ['1126', '1125', '1127', '1128', '1124'], '1129': ['1129', '1131', '1120', '1130', '1134'], '1032': ['1032', '1160', '1147', '1161', '1145', '1146', '1148', '1158', '1157', '1159', '1156', '1162'], '1052': ['1052', '1053', '1049', '1050', '1054'], '1063': ['1063', '1071', '1072'], '1051': ['1051'], '1055': ['1055'], '1057': ['1057', '1060', '1061', '1105', '1106', '1107', '1058', '1059', '1113'], '1066': ['1066'], '1056': ['1056', '1077', '1075', '1076', '1074'], '1033': ['1033', '1153', '1154', '1155', '1152'], '1101': ['1101', '1102', '1098', '1099', '1100', '1103', '1039', '1097', '1035'], '1109': ['1109'], '1108': ['1108'], '1110': ['1110', '1111', '1064', '1065', '1031'], '1104': ['1104'], '1114': ['1114'], '1038': ['1038', '1048', '1068', '1034', '1067'], '1112': ['1112', '1117', '1118', '1116', '1119'], '1030': ['1030', '1046', '1069', '1047', '1070'], '1085': ['1085'], '1086': ['1086', '1089', '1044', '1087', '1090'], '1043': ['1043', '1121', '1122', '1123', '1045'], '1036': ['1036', '1092', '1150', '1093', '1094', '1151', '1149', '1037', '1144'], '1088': ['1088', '1142', '1141', '1143', '1140'], '1091': ['1091'], '1115': ['1115'], '1062': ['1062'], '1073': ['1073'], '1132': ['1132'], '1133': ['1133']})"
36,"defaultdict(<class 'list'>, {'1040': ['1040', '1080', '1081', '1078'], '1079': ['1079', '1077', '1075', '1076', '1074'], '1095': ['1095'], '1082': ['1082', '1084', '1042', '1085', '1086', '1087', '1083', '1089', '1044'], '1096': ['1096', '1138', '1135', '1137', '1139'], '1136': ['1136'], '1041': ['1041', '1126', '1125', '1127', '1124'], '1128': ['1128', '1131', '1132', '1130', '1133'], '1129': ['1129'], '1032': ['1032', '1160', '1161', '1162', '1146'], '1052': ['1052'], '1063': ['1063', '1066', '1038', '1048', '1068', '1034', '1067'], '1051': ['1051', '1055', '1056', '1049', '1050'], '1057': ['1057', '1060', '1061', '1062', '1073', '1071', '1072'], '1147': ['1147'], '1148': ['1148', '1158', '1157', '1159', '1156'], '1053': ['1053'], '1033': ['1033', '1153', '1154', '1155', '1152'], '1101': ['1101', '1102', '1098', '1099', '1100'], '1109': ['1109'], '1103': ['1103', '1104', '1030', '1046', '1047'], '1105': ['1105', '1106', '1107', '1058', '1059'], '1113': ['1113'], '1108': ['1108'], '1110': ['1110', '1111', '1064', '1065', '1031'], '1114': ['1114', '1069', '1070'], '1054': ['1054'], '1039': ['1039', '1097', '1112', '1035', '1117'], '1043': ['1043', '1121', '1122', '1123', '1045'], '1036': ['1036', '1092', '1150', '1093', '1094', '1151', '1149', '1037', '1144'], '1145': ['1145'], '1088': ['1088', '1142', '1141', '1143', '1140'], '1090': ['1090'], '1091': ['1091'], '1115': ['1115', '1118', '1116', '1119', '1120'], '1134': ['1134']})"
36,"defaultdict(<class 'list'>, {'1040': ['1040', '1080', '1079', '1077', '1078'], '1081': ['1081', '1095', '1082', '1084', '1042', '1083', '1085', '1086', '1087'], '1096': ['1096', '1136', '1135', '1137', '1140', '1138', '1088', '1142', '1141', '1143', '1139'], '1041': ['1041'], '1126': ['1126', '1125', '1127', '1043', '1121', '1122', '1123', '1045', '1124'], '1128': ['1128', '1129', '1132', '1130', '1134', '1131', '1120', '1133'], '1032': ['1032', '1063', '1066', '1068', '1067'], '1052': ['1052'], '1160': ['1160', '1161', '1162', '1146', '1147', '1148', '1158', '1157', '1159', '1156', '1092', '1145'], '1051': ['1051', '1055', '1056', '1049', '1050'], '1057': ['1057', '1060', '1061', '1058', '1059'], '1071': ['1071'], '1053': ['1053', '1038', '1048', '1054', '1034', '1062'], '1072': ['1072', '1075', '1076', '1073', '1074'], '1033': ['1033', '1109', '1105', '1113', '1114'], '1101': ['1101'], '1153': ['1153'], '1102': ['1102'], '1103': ['1103'], '1106': ['1106'], '1154': ['1154', '1036', '1150', '1151', '1152'], '1155': ['1155'], '1108': ['1108', '1107', '1115', '1116', '1119'], '1110': ['1110'], '1104': ['1104', '1030', '1046', '1047', '1117'], '1039': ['1039', '1097', '1098', '1099', '1035'], '1112': ['1112'], '1100': ['1100'], '1111': ['1111'], '1069': ['1069', '1064', '1065', '1070', '1031'], '1089': ['1089'], '1093': ['1093', '1094', '1144', '1149', '1037'], '1044': ['1044'], '1090': ['1090'], '1091': ['1091'], '1118': ['1118']})"
37,"defaultdict(<class 'list'>, {'1040': ['1040', '1080', '1079', '1081', '1078', '1077', '1075', '1076', '1074'], '1095': ['1095'], '1082': ['1082', '1084', '1042', '1083', '1085'], '1096': ['1096', '1138', '1135', '1137', '1139'], '1136': ['1136'], '1041': ['1041', '1126', '1125', '1127', '1124'], '1128': ['1128', '1129', '1132', '1130', '1134', '1131', '1133'], '1032': ['1032', '1160', '1161', '1162', '1146', '1147', '1148', '1158', '1157', '1159', '1156', '1145'], '1052': ['1052'], '1063': ['1063'], '1051': ['1051', '1055', '1056', '1049', '1050'], '1057': ['1057', '1060', '1071', '1061', '1105', '1106', '1107', '1058', '1059'], '1053': ['1053', '1054', '1062'], '1066': ['1066'], '1072': ['1072', '1070', '1073'], '1033': ['1033', '1109', '1153', '1155', '1152'], '1101': ['1101', '1102', '1098', '1099', '1100', '1103', '1108'], '1113': ['1113', '1114', '1115'], '1154': ['1154'], '1110': ['1110'], '1104': ['1104'], '1038': ['1038', '1048', '1068', '1034', '1067'], '1039': ['1039', '1097', '1112', '1035', '1111'], '1030': ['1030', '1046', '1069', '1047', '1031'], '1064': ['1064'], '1065': ['1065'], '1086': ['1086', '1089', '1044', '1087', '1090'], '1043': ['1043'], '1121': ['1121'], '1122': ['1122'], '1123': ['1123'], '1036': ['1036', '1092', '1150', '1151', '1149'], '1093': ['1093', '1094', '1144', '1037'], '1088': ['1088', '1142', '1141', '1143', '1140'], '1091': ['1091'], '1045': ['1045'], '1117': ['1117', '1118', '1116', '1119', '1120']})"
37,"defaultdict(<class 'list'>, {'1040': ['1040', '1080', '1079', '1077', '1076', '1078', '1068', '1067'], '1081': ['1081', '1082', '1084', '1042', '1083'], '1095': ['1095'], '1096': ['1096', '1138', '1135', '1137', '1139'], '1136': ['1136'], '1041': ['1041', '1126', '1125', '1127', '1124', '1043', '1121', '1122', '1123', '1045'], '1128': ['1128', '1131', '1132', '1130', '1133', '1129', '1120', '1134'], '1032': ['1032', '1160', '1161', '1162', '1146'], '1052': ['1052', '1051', '1055', '1056', '1049', '1050', '1053', '1038', '1048', '1054', '1034'], '1063': ['1063'], '1057': ['1057', '1060', '1061', '1105', '1106', '1107', '1058', '1059', '1113'], '1071': ['1071'], '1147': ['1147'], '1148': ['1148', '1158', '1157', '1159', '1156'], '1066': ['1066'], '1072': ['1072'], '1033': ['1033', '1101', '1109', '1153', '1100'], '1102': ['1102', '1103', '1104', '1117', '1118'], '1154': ['1154', '1151', '1152', '1036', '1150'], '1155': ['1155'], '1108': ['1108'], '1110': ['1110'], '1114': ['1114', '1115', '1116', '1119'], '1039': ['1039', '1097', '1112', '1035', '1111', '1098', '1099'], '1030': ['1030'], '1046': ['1046'], '1069': ['1069', '1064', '1065', '1070', '1031'], '1047': ['1047'], '1085': ['1085'], '1086': ['1086', '1089', '1044', '1087', '1090'], '1092': ['1092'], '1093': ['1093', '1094', '1144', '1149', '1037'], '1145': ['1145'], '1088': ['1088', '1142', '1141', '1143'], '1091': ['1091'], '1062': ['1062', '1075', '1073', '1074'], '1140': ['1140']})"
37,"defaultdict(<class 'list'>, {'1040': ['1040', '1080', '1079', '1081', '1078', '1038', '1048', '1068', '1034', '1067', '1077'], '1095': ['1095', '1082', '1084', '1083', '1085'], '1096': ['1096', '1138', '1135', '1137', '1139'], '1136': ['1136'], '1041': ['1041'], '1126': ['1126', '1125', '1127', '1043', '1121', '1122', '1123', '1045', '1124'], '1128': ['1128', '1129', '1132', '1130', '1134'], '1131': ['1131'], '1032': ['1032', '1160', '1161', '1162', '1146'], '1052': ['1052', '1053', '1049', '1050', '1054', '1051', '1055', '1062'], '1063': ['1063', '1066', '1064', '1065', '1031'], '1057': ['1057', '1060', '1061', '1058', '1059'], '1071': ['1071'], '1147': ['1147', '1148', '1158', '1157', '1159', '1156', '1154', '1155'], '1056': ['1056'], '1072': ['1072', '1075', '1076', '1073', '1074'], '1033': ['1033', '1101', '1109', '1153', '1100'], '1102': ['1102', '1103', '1104', '1117', '1118'], '1105': ['1105', '1106', '1113', '1107', '1114'], '1108': ['1108'], '1110': ['1110', '1039', '1097', '1112', '1035', '1111'], '1098': ['1098'], '1099': ['1099'], '1030': ['1030', '1046', '1069', '1047', '1070'], '1042': ['1042'], '1086': ['1086', '1087', '1088', '1141', '1143'], '1089': ['1089', '1092', '1044', '1090', '1091', '1036'], '1150': ['1150', '1093', '1094', '1144', '1149', '1037', '1151'], '1145': ['1145'], '1142': ['1142'], '1115': ['1115'], '1152': ['1152'], '1116': ['1116'], '1140': ['1140'], '1119': ['1119'], '1120': ['1120'], '1133': ['1133']})"
37,"defaultdict(<class 'list'>, {'1040': ['1040', '1080', '1079', '1081', '1078', '1095', '1082', '1084', '1042', '1083', '1085', '1077'], '1096': ['1096', '1138', '1135', '1137', '1139'], '1136': ['1136'], '1041': ['1041'], '1126': ['1126', '1125', '1127', '1043', '1121', '1122', '1123', '1045', '1124'], '1128': ['1128', '1131', '1132', '1130', '1133', '1129', '1120', '1134'], '1032': ['1032', '1052', '1053', '1038', '1048', '1054', '1034', '1049', '1050', '1068'], '1063': ['1063', '1057', '1071', '1072'], '1160': ['1160', '1147', '1161', '1162', '1146'], '1051': ['1051', '1055', '1056', '1046', '1047'], '1060': ['1060'], '1148': ['1148', '1158', '1157', '1159', '1156'], '1066': ['1066', '1067', '1064', '1065', '1031'], '1061': ['1061', '1062', '1075', '1073', '1074'], '1033': ['1033', '1153', '1154', '1155', '1152'], '1101': ['1101'], '1109': ['1109', '1105', '1113', '1110'], '1102': ['1102', '1039', '1097', '1098', '1099', '1035', '1112', '1100', '1111'], '1103': ['1103', '1104', '1117'], '1106': ['1106'], '1108': ['1108'], '1107': ['1107'], '1114': ['1114', '1115', '1118', '1116', '1119'], '1030': ['1030', '1069', '1070'], '1058': ['1058'], '1059': ['1059'], '1086': ['1086', '1089', '1044', '1087', '1090'], '1036': ['1036'], '1092': ['1092'], '1150': ['1150'], '1093': ['1093', '1094', '1151', '1149', '1037'], '1145': ['1145'], '1144': ['1144'], '1088': ['1088', '1142', '1141', '1143'], '1091': ['1091'], '1076': ['1076'], '1140': ['1140']})"
37,"defaultdict(<class 'list'>, {'1040': ['1040', '1080', '1079', '1081', '1078', '1095', '1082', '1096', '1083'], '1084': ['1084', '1042', '1085', '1086', '1087'], '1136': ['1136'], '1138': ['1138', '1137', '1139'], '1041': ['1041', '1126', '1125', '1127', '1124', '1129', '1043', '1121', '1122', '1123', '1045', '1119'], '1128': ['1128', '1131', '1132', '1130', '1133'], '1032': ['1032', '1052', '1063', '1053', '1049', '1160', '1161', '1162', '1146'], '1051': ['1051', '1038', '1048', '1050', '1034'], '1055': ['1055'], '1057': ['1057', '1060', '1071', '1061', '1072'], '1147': ['1147', '1093', '1094', '1145', '1144', '1037'], '1148': ['1148', '1158', '1157', '1159', '1156', '1153', '1154', '1155', '1152'], '1066': ['1066', '1068', '1067'], '1056': ['1056'], '1033': ['1033', '1109', '1113', '1110', '1111'], '1101': ['1101'], '1102': ['1102', '1039', '1097', '1098', '1099', '1035', '1112', '1100', '1117'], '1103': ['1103'], '1105': ['1105', '1106', '1107', '1058', '1059'], '1108': ['1108'], '1104': ['1104'], '1114': ['1114', '1030', '1046', '1069', '1064', '1065', '1070', '1031', '1047'], '1054': ['1054'], '1089': ['1089', '1149', '1044', '1090', '1091'], '1036': ['1036'], '1092': ['1092'], '1150': ['1150'], '1151': ['1151'], '1088': ['1088', '1142', '1141', '1143', '1140'], '1115': ['1115'], '1062': ['1062'], '1077': ['1077', '1075', '1076', '1073', '1074'], '1118': ['1118'], '1116': ['1116'], '1135': ['1135'], '1120': ['1120'], '1134': ['1134']})"
37,"defaultdict(<class 'list'>, {'1040': ['1040', '1080', '1079', '1081', '1078', '1095', '1082', '1084', '1042', '1083', '1085', '1096'], '1136': ['1136', '1135', '1140'], '1138': ['1138', '1134'], '1041': ['1041', '1126', '1125', '1127', '1124', '1128', '1131', '1132', '1130', '1133', '1129', '1120'], '1032': ['1032', '1063', '1160', '1161', '1162'], '1052': ['1052', '1051', '1053', '1049', '1050'], '1055': ['1055'], '1057': ['1057', '1060', '1061', '1105', '1106', '1107', '1058', '1059', '1108'], '1071': ['1071'], '1147': ['1147', '1036', '1092', '1145', '1146'], '1148': ['1148', '1158', '1157', '1159', '1156'], '1066': ['1066'], '1056': ['1056'], '1072': ['1072'], '1033': ['1033', '1109', '1110', '1064', '1065'], '1101': ['1101', '1102', '1098', '1099', '1100', '1103', '1039', '1097', '1035'], '1153': ['1153', '1154', '1155', '1151', '1152'], '1113': ['1113'], '1104': ['1104', '1112', '1111', '1117'], '1114': ['1114', '1115', '1118', '1116', '1119'], '1038': ['1038', '1048', '1068', '1034', '1067'], '1054': ['1054'], '1030': ['1030', '1046', '1069', '1047', '1070'], '1031': ['1031'], '1086': ['1086', '1089', '1044', '1087', '1090'], '1043': ['1043', '1121', '1122', '1123', '1045'], '1150': ['1150'], '1093': ['1093', '1094', '1144', '1149', '1037'], '1088': ['1088', '1142', '1141', '1143', '1139'], '1091': ['1091'], '1062': ['1062'], '1077': ['1077'], '1075': ['1075'], '1076': ['1076'], '1073': ['1073'], '1074': ['1074'], '1137': ['1137']})"
37,"defaultdict(<class 'list'>, {'1040': ['1040', '1080', '1079', '1081', '1078', '1095', '1082', '1084', '1042', '1083', '1085', '1096'], '1136': ['1136'], '1138': ['1138'], '1041': ['1041', '1126', '1125', '1127', '1124', '1131', '1122', '1123', '1045'], '1128': ['1128', '1129', '1132', '1130', '1134'], '1032': ['1032', '1052', '1063', '1053', '1049', '1160', '1161', '1162', '1146'], '1051': ['1051', '1055', '1056', '1050'], '1057': ['1057', '1060', '1071', '1061', '1072'], '1147': ['1147', '1148', '1158', '1157', '1159', '1156', '1145'], '1066': ['1066'], '1033': ['1033', '1109', '1153', '1155', '1152', '1101', '1154', '1100'], '1102': ['1102', '1039', '1097', '1098', '1099', '1035', '1112'], '1103': ['1103'], '1105': ['1105', '1106', '1107', '1058', '1059'], '1113': ['1113'], '1108': ['1108'], '1110': ['1110', '1111', '1064', '1065', '1031'], '1104': ['1104'], '1114': ['1114'], '1038': ['1038', '1048', '1068', '1034', '1067'], '1054': ['1054'], '1030': ['1030', '1046', '1069', '1047', '1070'], '1086': ['1086', '1089', '1092', '1044', '1090', '1091', '1036', '1087'], '1043': ['1043'], '1121': ['1121'], '1150': ['1150'], '1093': ['1093', '1094', '1151', '1149', '1037'], '1144': ['1144'], '1088': ['1088', '1142', '1141', '1143', '1139'], '1115': ['1115'], '1062': ['1062'], '1077': ['1077', '1075', '1076', '1073', '1074'], '1117': ['1117', '1118', '1116', '1119', '1120'], '1135': ['1135'], '1137': ['1137'], '1140': ['1140'], '1133': ['1133']})"
37,"defaultdict(<class 'list'>, {'1040': ['1040', '1080', '1081', '1095', '1082', '1084', '1042', '1083', '1085', '1078'], '1079': ['1079', '1077', '1075', '1076', '1074'], '1096': ['1096', '1138', '1135', '1137', '1139'], '1136': ['1136'], '1041': ['1041', '1126', '1125', '1127', '1043', '1121', '1122', '1123', '1045', '1124', '1128', '1132'], '1129': ['1129'], '1131': ['1131', '1120', '1133'], '1032': ['1032', '1160', '1161', '1162', '1146', '1063', '1147', '1148', '1158', '1157', '1159', '1156'], '1052': ['1052', '1051', '1055', '1056', '1049', '1050', '1053', '1054'], '1057': ['1057', '1060', '1061', '1105', '1106', '1107', '1058', '1059', '1062'], '1071': ['1071', '1072', '1073'], '1066': ['1066'], '1033': ['1033', '1153', '1154', '1155', '1152'], '1101': ['1101', '1102', '1098', '1099', '1100'], '1109': ['1109'], '1103': ['1103', '1104', '1030', '1046', '1047'], '1113': ['1113'], '1108': ['1108', '1115', '1118', '1116', '1119'], '1110': ['1110'], '1114': ['1114'], '1038': ['1038', '1048', '1068', '1034', '1067'], '1039': ['1039'], '1097': ['1097'], '1112': ['1112'], '1035': ['1035'], '1111': ['1111'], '1069': ['1069', '1064', '1065', '1070', '1031'], '1086': ['1086', '1087', '1088', '1141', '1143'], '1089': ['1089', '1044', '1090', '1091'], '1036': ['1036', '1092', '1150', '1151', '1149'], '1093': ['1093', '1094', '1144', '1037'], '1145': ['1145'], '1142': ['1142'], '1117': ['1117'], '1140': ['1140'], '1130': ['1130'], '1134': ['1134']})"
37,"defaultdict(<class 'list'>, {'1040': ['1040', '1080', '1079', '1077', '1076', '1078', '1081', '1082', '1083'], '1095': ['1095'], '1084': ['1084'], '1096': ['1096', '1138', '1135', '1137', '1139', '1136', '1088', '1142', '1141', '1143', '1140'], '1041': ['1041', '1126', '1125', '1127', '1124'], '1128': ['1128', '1131', '1132', '1130', '1133', '1129', '1120', '1134'], '1032': ['1032', '1160', '1161', '1162', '1146'], '1052': ['1052'], '1063': ['1063'], '1051': ['1051', '1055', '1056', '1049', '1050'], '1057': ['1057', '1060', '1061', '1105', '1106', '1107', '1058', '1059', '1113'], '1071': ['1071'], '1147': ['1147'], '1148': ['1148', '1158', '1157', '1159', '1156'], '1053': ['1053', '1038', '1048', '1054', '1034'], '1066': ['1066'], '1072': ['1072', '1075', '1073', '1074'], '1033': ['1033', '1101', '1109', '1153', '1100', '1154', '1155', '1152'], '1102': ['1102'], '1103': ['1103'], '1108': ['1108'], '1110': ['1110', '1111', '1064', '1065', '1031'], '1104': ['1104'], '1114': ['1114', '1030', '1046', '1069', '1047', '1070'], '1068': ['1068'], '1039': ['1039', '1097', '1112', '1035', '1117', '1098', '1099', '1118', '1119'], '1067': ['1067'], '1042': ['1042'], '1085': ['1085'], '1086': ['1086', '1089', '1044', '1087', '1090'], '1043': ['1043', '1121', '1122', '1123', '1045'], '1036': ['1036', '1092', '1150', '1093', '1094', '1151', '1149', '1037', '1144'], '1145': ['1145'], '1091': ['1091'], '1115': ['1115'], '1062': ['1062'], '1116': ['1116']})"
37,"defaultdict(<class 'list'>, {'1040': ['1040', '1080', '1079', '1081', '1078'], '1095': ['1095'], '1082': ['1082', '1084', '1042', '1085', '1086', '1087', '1083', '1089', '1044'], '1096': ['1096', '1138', '1135', '1137', '1139'], '1136': ['1136'], '1041': ['1041', '1126', '1125', '1127', '1124', '1131', '1043', '1121', '1122', '1123', '1045', '1133'], '1128': ['1128'], '1129': ['1129'], '1032': ['1032', '1063', '1160', '1161', '1162', '1147', '1148', '1158', '1157', '1159', '1156', '1146'], '1052': ['1052'], '1051': ['1051', '1055', '1056', '1049', '1050'], '1057': ['1057', '1060', '1061', '1058', '1059', '1105', '1106', '1113', '1107'], '1071': ['1071', '1072', '1073', '1074'], '1053': ['1053', '1038', '1048', '1054', '1034'], '1066': ['1066', '1068', '1067', '1077', '1076'], '1033': ['1033', '1153', '1154', '1155', '1152'], '1101': ['1101', '1102', '1098', '1099', '1100', '1103', '1039', '1097', '1035'], '1109': ['1109'], '1108': ['1108'], '1110': ['1110'], '1104': ['1104', '1030', '1046', '1047'], '1114': ['1114'], '1112': ['1112'], '1111': ['1111'], '1069': ['1069', '1064', '1065', '1070', '1031'], '1036': ['1036'], '1092': ['1092', '1150', '1093', '1094', '1144', '1149', '1037', '1145', '1151'], '1088': ['1088', '1142', '1141', '1143', '1140'], '1090': ['1090'], '1091': ['1091'], '1115': ['1115'], '1062': ['1062'], '1117': ['1117', '1118', '1116', '1119', '1120'], '1075': ['1075'], '1132': ['1132'], '1130': ['1130'], '1134': ['1134']})"
37,"defaultdict(<class 'list'>, {'1040': ['1040', '1080', '1079', '1081', '1078', '1095', '1082', '1084', '1042', '1083', '1085', '1138'], '1096': ['1096', '1136', '1135', '1137', '1140'], '1041': ['1041', '1126', '1125', '1043', '1121', '1122', '1123', '1045', '1124'], '1127': ['1127'], '1128': ['1128', '1129', '1132', '1130', '1134', '1131', '1120', '1133'], '1032': ['1032', '1052', '1063', '1053', '1049', '1051', '1038', '1048', '1050', '1034', '1054'], '1160': ['1160', '1147', '1161', '1162', '1146'], '1055': ['1055', '1056', '1030', '1046', '1047'], '1057': ['1057', '1060', '1071', '1061', '1105', '1106', '1107', '1058', '1059'], '1148': ['1148', '1158', '1157', '1159', '1156'], '1066': ['1066', '1067', '1064', '1065', '1031'], '1072': ['1072'], '1033': ['1033', '1153', '1154', '1036', '1150', '1151', '1152', '1155'], '1101': ['1101', '1102', '1103', '1108', '1100'], '1109': ['1109', '1113'], '1110': ['1110', '1039', '1097', '1098', '1099', '1035', '1112', '1111', '1117'], '1104': ['1104'], '1114': ['1114', '1115', '1118', '1116', '1119'], '1068': ['1068', '1077', '1075', '1076', '1074'], '1069': ['1069'], '1070': ['1070'], '1086': ['1086', '1089', '1044', '1087', '1090'], '1092': ['1092'], '1093': ['1093'], '1094': ['1094'], '1145': ['1145'], '1144': ['1144'], '1149': ['1149'], '1037': ['1037'], '1088': ['1088'], '1142': ['1142'], '1141': ['1141'], '1091': ['1091'], '1143': ['1143'], '1062': ['1062'], '1073': ['1073'], '1139': ['1139']})"
37,"defaultdict(<class 'list'>, {'1040': ['1040', '1080', '1079', '1077', '1078'], '1081': ['1081', '1095', '1082', '1084', '1042', '1083', '1085', '1086', '1087'], '1096': ['1096', '1136', '1135', '1137', '1140', '1138', '1088', '1142', '1141', '1143', '1139'], '1041': ['1041'], '1126': ['1126', '1125', '1127', '1043', '1121', '1122', '1123', '1045', '1124'], '1128': ['1128', '1129', '1132', '1130', '1134', '1131', '1120', '1133'], '1032': ['1032', '1063', '1066', '1068', '1067'], '1052': ['1052'], '1160': ['1160', '1161', '1162', '1146', '1147', '1148', '1158', '1157', '1159', '1156', '1092', '1145'], '1051': ['1051', '1055', '1056', '1049', '1050'], '1057': ['1057', '1060', '1061', '1058', '1059'], '1071': ['1071'], '1053': ['1053', '1038', '1048', '1054', '1034'], '1072': ['1072', '1075', '1076', '1073', '1074'], '1033': ['1033', '1109', '1105', '1113', '1114'], '1101': ['1101'], '1153': ['1153'], '1102': ['1102'], '1103': ['1103'], '1106': ['1106'], '1154': ['1154', '1036', '1150', '1151', '1152'], '1155': ['1155'], '1108': ['1108', '1107', '1115', '1116', '1119'], '1110': ['1110'], '1104': ['1104', '1030', '1046', '1047', '1117'], '1039': ['1039', '1097', '1098', '1099', '1035'], '1112': ['1112'], '1100': ['1100'], '1111': ['1111'], '1069': ['1069', '1064', '1065', '1070', '1031'], '1089': ['1089'], '1093': ['1093', '1094', '1144', '1149', '1037'], '1044': ['1044'], '1090': ['1090'], '1091': ['1091'], '1062': ['1062'], '1118': ['1118']})"
37,"defaultdict(<class 'list'>, {'1040': ['1040', '1080', '1081', '1082', '1078', '1079', '1095', '1096', '1083'], '1084': ['1084', '1042', '1085', '1086', '1089', '1044', '1087', '1090', '1091'], '1136': ['1136', '1088', '1141', '1140'], '1138': ['1138'], '1041': ['1041', '1126', '1125', '1127', '1124', '1131', '1043', '1121', '1122', '1123', '1045', '1120'], '1128': ['1128', '1129', '1132', '1130', '1134'], '1032': ['1032', '1160', '1147', '1161', '1145', '1146', '1162'], '1052': ['1052', '1053', '1049', '1050', '1054', '1051', '1055', '1062'], '1063': ['1063'], '1057': ['1057', '1060', '1071', '1061', '1072'], '1148': ['1148'], '1158': ['1158'], '1066': ['1066', '1038', '1048', '1068', '1034', '1067', '1064', '1065', '1031'], '1056': ['1056', '1077', '1075', '1076', '1074'], '1157': ['1157'], '1159': ['1159'], '1033': ['1033', '1109', '1105', '1106', '1107', '1058', '1059', '1113'], '1101': ['1101', '1102', '1098', '1099', '1100', '1103', '1039', '1097', '1035'], '1153': ['1153', '1154', '1155', '1156', '1152'], '1108': ['1108'], '1110': ['1110'], '1104': ['1104'], '1114': ['1114', '1115', '1118', '1116', '1119'], '1112': ['1112'], '1111': ['1111'], '1030': ['1030'], '1046': ['1046'], '1069': ['1069'], '1047': ['1047'], '1070': ['1070'], '1036': ['1036', '1092', '1150', '1093', '1094', '1151', '1149', '1037', '1144'], '1142': ['1142', '1137', '1139'], '1143': ['1143'], '1117': ['1117'], '1073': ['1073'], '1135': ['1135'], '1133': ['1133']})"
37,"defaultdict(<class 'list'>, {'1040': ['1040', '1080', '1081', '1082', '1084', '1042', '1083', '1085', '1078', '1095'], '1079': ['1079', '1038', '1048', '1068', '1034', '1067', '1077', '1076'], '1096': ['1096', '1136', '1135', '1137', '1140', '1138', '1088', '1142', '1141', '1143', '1139'], '1041': ['1041'], '1126': ['1126', '1125', '1127', '1043', '1121', '1122', '1123', '1045', '1124'], '1128': ['1128', '1131', '1132', '1130', '1133'], '1129': ['1129'], '1032': ['1032'], '1052': ['1052', '1053', '1049', '1050', '1054'], '1063': ['1063'], '1160': ['1160'], '1051': ['1051'], '1055': ['1055'], '1057': ['1057', '1060', '1071', '1058', '1059'], '1147': ['1147', '1036', '1092', '1145', '1146', '1150', '1093', '1094', '1151', '1149', '1037', '1144'], '1148': ['1148', '1158', '1157', '1159', '1156', '1153', '1154', '1155', '1152'], '1161': ['1161'], '1066': ['1066'], '1056': ['1056'], '1061': ['1061', '1062', '1075', '1073', '1074'], '1072': ['1072'], '1162': ['1162'], '1033': ['1033', '1101', '1098', '1099', '1100'], '1109': ['1109', '1105', '1106', '1113', '1107'], '1102': ['1102', '1103', '1104', '1117', '1118'], '1108': ['1108'], '1110': ['1110'], '1114': ['1114', '1030', '1046', '1069', '1064', '1065', '1070', '1031', '1047'], '1039': ['1039'], '1097': ['1097'], '1112': ['1112'], '1035': ['1035'], '1111': ['1111'], '1086': ['1086', '1089', '1044', '1087', '1090'], '1091': ['1091'], '1115': ['1115', '1116', '1119', '1120'], '1134': ['1134']})"
37,"defaultdict(<class 'list'>, {'1040': ['1040'], '1080': ['1080', '1079', '1077', '1076', '1078'], '1081': ['1081', '1082', '1084', '1042', '1083'], '1095': ['1095'], '1096': ['1096', '1138', '1135', '1137', '1139', '1136', '1140'], '1041': ['1041', '1126', '1125', '1127', '1124', '1129', '1122', '1123', '1045', '1043', '1121', '1134'], '1128': ['1128'], '1131': ['1131', '1120', '1132', '1130', '1133'], '1032': ['1032', '1052', '1063', '1053', '1049', '1051', '1038', '1048', '1050', '1034', '1055', '1054'], '1160': ['1160', '1147', '1161', '1162', '1146'], '1057': ['1057', '1071', '1072', '1073', '1074', '1060', '1061', '1062'], '1148': ['1148', '1158', '1157', '1159', '1156'], '1066': ['1066', '1068', '1067'], '1056': ['1056'], '1033': ['1033', '1109', '1153', '1155', '1152'], '1101': ['1101', '1102', '1103', '1100'], '1105': ['1105', '1106', '1107', '1058', '1059', '1113', '1114'], '1154': ['1154'], '1108': ['1108', '1115', '1116', '1119'], '1110': ['1110'], '1104': ['1104'], '1039': ['1039', '1097', '1098', '1099', '1035', '1112', '1111', '1117', '1118'], '1030': ['1030'], '1046': ['1046'], '1069': ['1069', '1064', '1065', '1070', '1031'], '1047': ['1047'], '1085': ['1085'], '1086': ['1086', '1089', '1044', '1087', '1090'], '1036': ['1036'], '1092': ['1092'], '1150': ['1150'], '1093': ['1093', '1094', '1145', '1144', '1037'], '1151': ['1151'], '1149': ['1149'], '1088': ['1088', '1142', '1141', '1143'], '1091': ['1091'], '1075': ['1075']})"
37,"defaultdict(<class 'list'>, {'1040': ['1040', '1080', '1081', '1078', '1079', '1095', '1082', '1084', '1042', '1083', '1085'], '1096': ['1096', '1138', '1135', '1137', '1139', '1136', '1140'], '1041': ['1041'], '1126': ['1126', '1125', '1127', '1043', '1121', '1122', '1123', '1045', '1124'], '1128': ['1128', '1131', '1132', '1130', '1133'], '1129': ['1129'], '1032': ['1032', '1160', '1161', '1162', '1146'], '1052': ['1052', '1053', '1049', '1050', '1054', '1051', '1055', '1062'], '1063': ['1063', '1057', '1060', '1071', '1061'], '1147': ['1147'], '1148': ['1148'], '1158': ['1158'], '1066': ['1066'], '1056': ['1056'], '1072': ['1072'], '1157': ['1157'], '1159': ['1159'], '1033': ['1033', '1109', '1110', '1039', '1097', '1098', '1099', '1035', '1112', '1111'], '1101': ['1101', '1102', '1103', '1104', '1100'], '1153': ['1153'], '1105': ['1105', '1106', '1107', '1058', '1059', '1113', '1108', '1114', '1115'], '1154': ['1154'], '1155': ['1155'], '1156': ['1156'], '1038': ['1038', '1048', '1068', '1034', '1067'], '1030': ['1030', '1046', '1069', '1047', '1070'], '1064': ['1064'], '1065': ['1065'], '1031': ['1031'], '1086': ['1086', '1087', '1088', '1141', '1143', '1089', '1044', '1090', '1142'], '1036': ['1036', '1092', '1150', '1093', '1094', '1151', '1149', '1037', '1144'], '1145': ['1145'], '1091': ['1091'], '1077': ['1077', '1075', '1076', '1073', '1074'], '1117': ['1117', '1118', '1116', '1119', '1120'], '1152': ['1152'], '1134': ['1134']})"
37,"defaultdict(<class 'list'>, {'1040': ['1040', '1080', '1079', '1077', '1076', '1078', '1075', '1074'], '1081': ['1081', '1082', '1084', '1042', '1083', '1095', '1096', '1085'], '1136': ['1136'], '1138': ['1138'], '1041': ['1041'], '1126': ['1126', '1125', '1127', '1128', '1131', '1132', '1130', '1133', '1129', '1120', '1134', '1124'], '1032': ['1032', '1160', '1161', '1162', '1146'], '1052': ['1052', '1053', '1049', '1050', '1054', '1051', '1055', '1061', '1062'], '1063': ['1063'], '1057': ['1057', '1071', '1072', '1073'], '1060': ['1060'], '1147': ['1147'], '1148': ['1148', '1158', '1157', '1159', '1156', '1153', '1154', '1155', '1152'], '1066': ['1066', '1038', '1048', '1068', '1067'], '1056': ['1056'], '1033': ['1033', '1109', '1113', '1110', '1111', '1105'], '1101': ['1101', '1102', '1098', '1099', '1100', '1103', '1039', '1097', '1035'], '1106': ['1106', '1108', '1107', '1058', '1059'], '1104': ['1104', '1030', '1046', '1047', '1117'], '1114': ['1114'], '1112': ['1112'], '1034': ['1034'], '1069': ['1069', '1064', '1065', '1070', '1031'], '1086': ['1086', '1089', '1044', '1087', '1090'], '1043': ['1043', '1121', '1122', '1123', '1045'], '1036': ['1036', '1092', '1150', '1151', '1149'], '1093': ['1093', '1094', '1144', '1037', '1143'], '1145': ['1145'], '1088': ['1088', '1141', '1135', '1140'], '1142': ['1142'], '1091': ['1091'], '1115': ['1115'], '1118': ['1118'], '1116': ['1116'], '1137': ['1137'], '1139': ['1139'], '1119': ['1119']})"
37,"defaultdict(<class 'list'>, {'1040': ['1040', '1080', '1081', '1095', '1082', '1084', '1083', '1085', '1042'], '1079': ['1079', '1077', '1075', '1076', '1074'], '1096': ['1096', '1138', '1135', '1137', '1139', '1136', '1088', '1142', '1141', '1143', '1140'], '1041': ['1041'], '1126': ['1126'], '1125': ['1125'], '1127': ['1127'], '1128': ['1128', '1129', '1132', '1130', '1134'], '1131': ['1131', '1133'], '1032': ['1032', '1052', '1063', '1053', '1049'], '1160': ['1160', '1147', '1161', '1145', '1146', '1162'], '1051': ['1051', '1055', '1056', '1050'], '1057': ['1057', '1060', '1061', '1058', '1059'], '1071': ['1071'], '1148': ['1148', '1158', '1157', '1159', '1156'], '1066': ['1066'], '1072': ['1072'], '1033': ['1033', '1109', '1153', '1155', '1152'], '1101': ['1101', '1102', '1098', '1099', '1100'], '1103': ['1103'], '1105': ['1105', '1106', '1113', '1107', '1114'], '1154': ['1154'], '1108': ['1108'], '1110': ['1110'], '1104': ['1104', '1030', '1046', '1047', '1117'], '1038': ['1038', '1048', '1068', '1034', '1067'], '1054': ['1054'], '1039': ['1039', '1097', '1112', '1035', '1111'], '1069': ['1069', '1064', '1065', '1070', '1031'], '1086': ['1086', '1089', '1044', '1087', '1090'], '1043': ['1043', '1121', '1122', '1123', '1045'], '1124': ['1124'], '1036': ['1036', '1092', '1150', '1093', '1094', '1144', '1149', '1037', '1151', '1091'], '1115': ['1115', '1118', '1116', '1119', '1120'], '1062': ['1062'], '1073': ['1073'], '1078': ['1078']})"
37,"defaultdict(<class 'list'>, {'1040': ['1040', '1080', '1081', '1082', '1078'], '1079': ['1079', '1077', '1075', '1076', '1074'], '1095': ['1095'], '1084': ['1084', '1042', '1085', '1086', '1089', '1044', '1087', '1090', '1091'], '1096': ['1096', '1138', '1135', '1137', '1139'], '1136': ['1136'], '1041': ['1041', '1126', '1125', '1127', '1043', '1121', '1122', '1123', '1045', '1124', '1131', '1133'], '1128': ['1128', '1129', '1130', '1134'], '1032': ['1032', '1052', '1063', '1053', '1049'], '1160': ['1160', '1147', '1161', '1145', '1146', '1162'], '1051': ['1051', '1038', '1048', '1050', '1034'], '1055': ['1055'], '1057': ['1057'], '1060': ['1060'], '1071': ['1071'], '1148': ['1148', '1158', '1157', '1159', '1156'], '1066': ['1066', '1068', '1067'], '1056': ['1056'], '1061': ['1061', '1054', '1062'], '1072': ['1072'], '1033': ['1033', '1101', '1109', '1153', '1100', '1154', '1155', '1152'], '1102': ['1102'], '1103': ['1103'], '1105': ['1105', '1106', '1107', '1058', '1059'], '1113': ['1113'], '1108': ['1108'], '1110': ['1110'], '1104': ['1104'], '1114': ['1114', '1030', '1046', '1069', '1064', '1065', '1070', '1031', '1047'], '1039': ['1039', '1097', '1098', '1099', '1035', '1112', '1111', '1117', '1118'], '1083': ['1083'], '1036': ['1036', '1092', '1150', '1093', '1094', '1151', '1149', '1037', '1144'], '1088': ['1088', '1142', '1141', '1143'], '1115': ['1115', '1116', '1119', '1120'], '1073': ['1073'], '1140': ['1140'], '1132': ['1132']})"
38,"defaultdict(<class 'list'>, {'1040': ['1040', '1080', '1081', '1082', '1078'], '1079': ['1079'], '1095': ['1095'], '1084': ['1084', '1042', '1085', '1086', '1089', '1087', '1090', '1091', '1044'], '1096': ['1096'], '1136': ['1136'], '1138': ['1138', '1134'], '1041': ['1041', '1126', '1125', '1127', '1124'], '1128': ['1128', '1131', '1132', '1130', '1133'], '1129': ['1129'], '1032': ['1032', '1160', '1161', '1162'], '1052': ['1052', '1053', '1049', '1050', '1054', '1051', '1055'], '1063': ['1063'], '1057': ['1057', '1060', '1061', '1058', '1059', '1105', '1106', '1107', '1062'], '1071': ['1071'], '1147': ['1147', '1145', '1144', '1146', '1036', '1092', '1150', '1093', '1094', '1151', '1149', '1037'], '1148': ['1148', '1158', '1157', '1159', '1033', '1109', '1153', '1154', '1155', '1156', '1152'], '1066': ['1066', '1038', '1048', '1068', '1067'], '1056': ['1056', '1077', '1075', '1076', '1074'], '1072': ['1072'], '1101': ['1101', '1039', '1097', '1098', '1099', '1035', '1112', '1100', '1111'], '1102': ['1102', '1103', '1104', '1117', '1118'], '1113': ['1113'], '1108': ['1108'], '1110': ['1110'], '1114': ['1114', '1030', '1046', '1069', '1064', '1065', '1070', '1031', '1047'], '1034': ['1034'], '1083': ['1083'], '1043': ['1043', '1121', '1122', '1123', '1045'], '1088': ['1088', '1142', '1141', '1143', '1139'], '1115': ['1115'], '1073': ['1073'], '1116': ['1116'], '1135': ['1135'], '1137': ['1137'], '1140': ['1140'], '1119': ['1119'], '1120': ['1120']})"
38,"defaultdict(<class 'list'>, {'1040': ['1040', '1080', '1079', '1081', '1078'], '1095': ['1095', '1082', '1084', '1083', '1085', '1042', '1086', '1089', '1044', '1087', '1090', '1091'], '1096': ['1096', '1138', '1135', '1137', '1139', '1136', '1088', '1142', '1141', '1143', '1140'], '1041': ['1041', '1126', '1125', '1127', '1124'], '1128': ['1128', '1131', '1132', '1130', '1133', '1129', '1120', '1134'], '1032': ['1032', '1160', '1161', '1162', '1146'], '1052': ['1052', '1051', '1053', '1038', '1048', '1054', '1034', '1049', '1050', '1055', '1056'], '1063': ['1063', '1057', '1071', '1066', '1067'], '1060': ['1060'], '1147': ['1147'], '1148': ['1148', '1158', '1157', '1159', '1156'], '1061': ['1061', '1062', '1075', '1073', '1074', '1076'], '1072': ['1072'], '1033': ['1033', '1153', '1154', '1155', '1152'], '1101': ['1101', '1102', '1098', '1099', '1100'], '1109': ['1109'], '1103': ['1103', '1104', '1030', '1046', '1047'], '1105': ['1105', '1106', '1107', '1058', '1059'], '1113': ['1113'], '1108': ['1108'], '1110': ['1110', '1039', '1097', '1112', '1111'], '1114': ['1114'], '1068': ['1068'], '1035': ['1035'], '1069': ['1069', '1064', '1065', '1070', '1031'], '1043': ['1043', '1121', '1122', '1123', '1045'], '1036': ['1036'], '1092': ['1092'], '1150': ['1150'], '1093': ['1093'], '1094': ['1094'], '1145': ['1145'], '1151': ['1151'], '1144': ['1144'], '1149': ['1149'], '1037': ['1037'], '1115': ['1115', '1117', '1118', '1116', '1119'], '1077': ['1077']})"
38,"defaultdict(<class 'list'>, {'1040': ['1040', '1080', '1079', '1081', '1078', '1095', '1082', '1084', '1042', '1083', '1085', '1138'], '1096': ['1096', '1136', '1135', '1137', '1140'], '1041': ['1041', '1126', '1125', '1127', '1124', '1129', '1043', '1121', '1122', '1123', '1045'], '1128': ['1128', '1131', '1132', '1130', '1133'], '1032': ['1032', '1160', '1161', '1162', '1146'], '1052': ['1052'], '1063': ['1063'], '1051': ['1051'], '1055': ['1055'], '1057': ['1057', '1060', '1061', '1105', '1106', '1107', '1058', '1059', '1113'], '1071': ['1071'], '1147': ['1147', '1148', '1158', '1157', '1159', '1156', '1033', '1153', '1154', '1155', '1152', '1109'], '1053': ['1053'], '1066': ['1066', '1067', '1064', '1065', '1031', '1110'], '1056': ['1056'], '1072': ['1072'], '1101': ['1101'], '1102': ['1102', '1103', '1104', '1117', '1118', '1039', '1097', '1098', '1099', '1035', '1112', '1111'], '1108': ['1108', '1115', '1116', '1119'], '1114': ['1114'], '1038': ['1038'], '1048': ['1048'], '1049': ['1049'], '1050': ['1050'], '1054': ['1054'], '1068': ['1068', '1077', '1075', '1076', '1074'], '1100': ['1100'], '1034': ['1034'], '1030': ['1030', '1046', '1069', '1047', '1070'], '1086': ['1086', '1089', '1044', '1087', '1090'], '1036': ['1036', '1092', '1150', '1093', '1094', '1151', '1149', '1037', '1144'], '1145': ['1145'], '1088': ['1088', '1142', '1141', '1143', '1139'], '1091': ['1091'], '1062': ['1062'], '1073': ['1073'], '1120': ['1120'], '1134': ['1134']})"
38,"defaultdict(<class 'list'>, {'1040': ['1040', '1080', '1079', '1077', '1076', '1078', '1081'], '1095': ['1095'], '1082': ['1082', '1084', '1042', '1083', '1085'], '1096': ['1096', '1138', '1135', '1137', '1139'], '1136': ['1136'], '1041': ['1041', '1126', '1125', '1127', '1124'], '1128': ['1128', '1131', '1132', '1130', '1133', '1129', '1120', '1134'], '1032': ['1032', '1052', '1053', '1049', '1050', '1054', '1063', '1051', '1055'], '1160': ['1160'], '1057': ['1057', '1060', '1061', '1105', '1106', '1107', '1058', '1059', '1113'], '1071': ['1071'], '1147': ['1147', '1036', '1092', '1150', '1093', '1094', '1151', '1149', '1037', '1145', '1144', '1091'], '1148': ['1148'], '1158': ['1158', '1157', '1159', '1033', '1153', '1154', '1155', '1152', '1156'], '1161': ['1161'], '1066': ['1066', '1110', '1064', '1065', '1031'], '1056': ['1056', '1104', '1030', '1046', '1047'], '1072': ['1072'], '1162': ['1162'], '1101': ['1101', '1102', '1098', '1099', '1100'], '1109': ['1109'], '1103': ['1103'], '1108': ['1108', '1115', '1118', '1116', '1119'], '1114': ['1114'], '1038': ['1038', '1048', '1068', '1034', '1067'], '1039': ['1039', '1097', '1112', '1035', '1111'], '1069': ['1069'], '1070': ['1070'], '1086': ['1086', '1089', '1044', '1087', '1090'], '1043': ['1043', '1121', '1122', '1123', '1045'], '1088': ['1088', '1142', '1141', '1143'], '1062': ['1062'], '1117': ['1117'], '1146': ['1146'], '1075': ['1075'], '1073': ['1073'], '1074': ['1074'], '1140': ['1140']})"
38,"defaultdict(<class 'list'>, {'1040': ['1040', '1080', '1079', '1081', '1078'], '1095': ['1095'], '1082': ['1082'], '1084': ['1084', '1042', '1085', '1086', '1089', '1044', '1087', '1090', '1091'], '1096': ['1096', '1138', '1135', '1137', '1139'], '1136': ['1136'], '1041': ['1041'], '1126': ['1126', '1125', '1127', '1043', '1121', '1122', '1123', '1045', '1124'], '1128': ['1128', '1131', '1132', '1130', '1133', '1129', '1134'], '1032': ['1032', '1052', '1063', '1053', '1049', '1051', '1055', '1050', '1054'], '1160': ['1160'], '1057': ['1057', '1060', '1061', '1058', '1059', '1062', '1071'], '1147': ['1147', '1148', '1158', '1157', '1159'], '1161': ['1161'], '1066': ['1066'], '1056': ['1056'], '1072': ['1072'], '1162': ['1162'], '1033': ['1033', '1109', '1110', '1039', '1097', '1112', '1035', '1111'], '1101': ['1101', '1102', '1098', '1099', '1100'], '1153': ['1153', '1154', '1155', '1156', '1152'], '1103': ['1103'], '1105': ['1105', '1106', '1113', '1107', '1114'], '1108': ['1108'], '1104': ['1104'], '1038': ['1038', '1048', '1068', '1034', '1067'], '1030': ['1030'], '1046': ['1046'], '1069': ['1069', '1064', '1065', '1070', '1031'], '1047': ['1047'], '1083': ['1083'], '1036': ['1036'], '1092': ['1092', '1150', '1093', '1094', '1144', '1149', '1037', '1145', '1151'], '1088': ['1088', '1142', '1141', '1143', '1140'], '1115': ['1115'], '1077': ['1077', '1075', '1076', '1073', '1074'], '1117': ['1117', '1118', '1116', '1119', '1120'], '1146': ['1146']})"
38,"defaultdict(<class 'list'>, {'1040': ['1040', '1080', '1079', '1081', '1078', '1095', '1082', '1096', '1083'], '1084': ['1084', '1042', '1085', '1086', '1087'], '1136': ['1136'], '1138': ['1138', '1137', '1139'], '1041': ['1041', '1126', '1125', '1127', '1124', '1129', '1043', '1121', '1122', '1123', '1045', '1119'], '1128': ['1128', '1131', '1132', '1130', '1133'], '1032': ['1032', '1052', '1063', '1053', '1049', '1160', '1161', '1162', '1146'], '1051': ['1051', '1038', '1048', '1050', '1034'], '1055': ['1055'], '1057': ['1057', '1060', '1071', '1061', '1072'], '1147': ['1147'], '1148': ['1148', '1158', '1157', '1159', '1156', '1153', '1154', '1155', '1152'], '1066': ['1066', '1068', '1067'], '1056': ['1056'], '1033': ['1033', '1109', '1113', '1110', '1111'], '1101': ['1101'], '1102': ['1102', '1039', '1097', '1098', '1099', '1035', '1112', '1100', '1117'], '1103': ['1103'], '1105': ['1105', '1106', '1107', '1058', '1059'], '1108': ['1108'], '1104': ['1104'], '1114': ['1114', '1030', '1046', '1069', '1064', '1065', '1070', '1031', '1047'], '1054': ['1054'], '1089': ['1089', '1149', '1044', '1090', '1091'], '1036': ['1036'], '1092': ['1092'], '1150': ['1150'], '1093': ['1093', '1094', '1145', '1144', '1037'], '1151': ['1151'], '1088': ['1088', '1142', '1141', '1143', '1140'], '1115': ['1115'], '1062': ['1062'], '1077': ['1077', '1075', '1076', '1073', '1074'], '1118': ['1118'], '1116': ['1116'], '1135': ['1135'], '1120': ['1120'], '1134': ['1134']})"
38,"defaultdict(<class 'list'>, {'1040': ['1040', '1080', '1079', '1081', '1078', '1095', '1082', '1084', '1042', '1083', '1085', '1096'], '1136': ['1136'], '1138': ['1138'], '1041': ['1041', '1126', '1125', '1127', '1128', '1124', '1122', '1123', '1045', '1043', '1121', '1132'], '1129': ['1129'], '1131': ['1131'], '1032': ['1032', '1160', '1161', '1162', '1146'], '1052': ['1052', '1053'], '1063': ['1063', '1071', '1072'], '1051': ['1051', '1055', '1056', '1049', '1050'], '1057': ['1057', '1060', '1061', '1058', '1059'], '1147': ['1147', '1148', '1158', '1157', '1159', '1156', '1033', '1153', '1154', '1155', '1152', '1109'], '1066': ['1066'], '1101': ['1101', '1102', '1098', '1099', '1100'], '1103': ['1103'], '1105': ['1105', '1106', '1113', '1108', '1107'], '1110': ['1110'], '1104': ['1104'], '1114': ['1114', '1030', '1046', '1069', '1064', '1065', '1070', '1031', '1047'], '1038': ['1038', '1048', '1068', '1034', '1067'], '1054': ['1054', '1062'], '1039': ['1039', '1097', '1112', '1035', '1111'], '1086': ['1086', '1089', '1044', '1087', '1090'], '1036': ['1036', '1092', '1145', '1144', '1150', '1093', '1094', '1151', '1149', '1037', '1091'], '1088': ['1088', '1142', '1141', '1143', '1140'], '1115': ['1115'], '1077': ['1077', '1075', '1076', '1073', '1074'], '1117': ['1117'], '1118': ['1118'], '1116': ['1116'], '1135': ['1135'], '1137': ['1137'], '1139': ['1139'], '1119': ['1119'], '1120': ['1120'], '1130': ['1130'], '1134': ['1134'], '1133': ['1133']})"
38,"defaultdict(<class 'list'>, {'1040': ['1040', '1080', '1038', '1048', '1068', '1034', '1067', '1077', '1078'], '1079': ['1079', '1081', '1095', '1082', '1084', '1042', '1083', '1085'], '1096': ['1096', '1136', '1135', '1137', '1140', '1138', '1088', '1142', '1141', '1143', '1139'], '1041': ['1041', '1126', '1125', '1127', '1124', '1129', '1122', '1123', '1045', '1043', '1121', '1134'], '1128': ['1128'], '1131': ['1131'], '1032': ['1032', '1160', '1161', '1162', '1146'], '1052': ['1052', '1051', '1053', '1049', '1050'], '1063': ['1063', '1057', '1060', '1071', '1061'], '1055': ['1055'], '1147': ['1147', '1036', '1092', '1150', '1093', '1094', '1151', '1149', '1037', '1145', '1144', '1091'], '1148': ['1148', '1158', '1157', '1159', '1153', '1154', '1155', '1156', '1152'], '1066': ['1066'], '1056': ['1056'], '1072': ['1072', '1075', '1076', '1073', '1074'], '1033': ['1033'], '1101': ['1101'], '1109': ['1109'], '1102': ['1102'], '1103': ['1103', '1104', '1030', '1046', '1047'], '1105': ['1105', '1106', '1107', '1058', '1059'], '1113': ['1113'], '1108': ['1108'], '1110': ['1110'], '1114': ['1114'], '1054': ['1054'], '1039': ['1039', '1097', '1112', '1035', '1111', '1098', '1099', '1117', '1118'], '1100': ['1100'], '1069': ['1069', '1064', '1065', '1070', '1031'], '1086': ['1086', '1089', '1044', '1087', '1090'], '1115': ['1115'], '1062': ['1062'], '1116': ['1116'], '1119': ['1119'], '1120': ['1120'], '1132': ['1132'], '1130': ['1130'], '1133': ['1133']})"
38,"defaultdict(<class 'list'>, {'1040': ['1040', '1080', '1079', '1081', '1078', '1038', '1048', '1068', '1034', '1067', '1077'], '1095': ['1095', '1082', '1084', '1083', '1085'], '1096': ['1096', '1138', '1135', '1137', '1139'], '1136': ['1136'], '1041': ['1041'], '1126': ['1126', '1125', '1127', '1043', '1121', '1122', '1123', '1045', '1124'], '1128': ['1128', '1129', '1132', '1130', '1134'], '1131': ['1131'], '1032': ['1032', '1160', '1161', '1162', '1146'], '1052': ['1052', '1053', '1049', '1050', '1054', '1051', '1055', '1062'], '1063': ['1063', '1066', '1064', '1065', '1031'], '1057': ['1057', '1060', '1061', '1058', '1059'], '1071': ['1071'], '1147': ['1147', '1148', '1158', '1157', '1159', '1156', '1154', '1155'], '1056': ['1056'], '1072': ['1072', '1075', '1076', '1073', '1074'], '1033': ['1033', '1101', '1109', '1153', '1100'], '1102': ['1102', '1103', '1104', '1117', '1118'], '1105': ['1105', '1106', '1113', '1107', '1114'], '1108': ['1108'], '1110': ['1110'], '1039': ['1039', '1097', '1112', '1035', '1111'], '1098': ['1098'], '1099': ['1099'], '1030': ['1030', '1046', '1069', '1047', '1070'], '1042': ['1042'], '1086': ['1086', '1087', '1088', '1141', '1143'], '1089': ['1089', '1092', '1044', '1090', '1091', '1036'], '1150': ['1150', '1093', '1094', '1144', '1149', '1037', '1151'], '1145': ['1145'], '1142': ['1142'], '1115': ['1115'], '1152': ['1152'], '1116': ['1116'], '1140': ['1140'], '1119': ['1119'], '1120': ['1120'], '1133': ['1133']})"
38,"defaultdict(<class 'list'>, {'1040': ['1040', '1080', '1081', '1078'], '1079': ['1079', '1077', '1075', '1076', '1074'], '1095': ['1095'], '1082': ['1082', '1084', '1042', '1085', '1086', '1087', '1083', '1089', '1044'], '1096': ['1096', '1138', '1135', '1137', '1139'], '1136': ['1136'], '1041': ['1041', '1126', '1125', '1127', '1124'], '1128': ['1128', '1131', '1132', '1130', '1133'], '1129': ['1129'], '1032': ['1032', '1160', '1161', '1162', '1146'], '1052': ['1052'], '1063': ['1063', '1066', '1038', '1048', '1068', '1034', '1067'], '1051': ['1051', '1055', '1056', '1049', '1050'], '1057': ['1057', '1060', '1061', '1062', '1073', '1071', '1072'], '1147': ['1147'], '1148': ['1148', '1158', '1157', '1159', '1156'], '1053': ['1053'], '1033': ['1033', '1153', '1154', '1155', '1152'], '1101': ['1101', '1102', '1098', '1099', '1100'], '1109': ['1109'], '1103': ['1103', '1104', '1030', '1046', '1047'], '1105': ['1105', '1106', '1107', '1058', '1059'], '1113': ['1113'], '1108': ['1108'], '1110': ['1110', '1111', '1064', '1065', '1031'], '1114': ['1114'], '1054': ['1054'], '1039': ['1039', '1097', '1112', '1035', '1117'], '1069': ['1069'], '1070': ['1070'], '1043': ['1043', '1121', '1122', '1123', '1045'], '1036': ['1036', '1092', '1150', '1093', '1094', '1151', '1149', '1037', '1144'], '1145': ['1145'], '1088': ['1088', '1142', '1141', '1143', '1140'], '1090': ['1090'], '1091': ['1091'], '1115': ['1115', '1118', '1116', '1119', '1120'], '1134': ['1134']})"
38,"defaultdict(<class 'list'>, {'1040': ['1040', '1080', '1081', '1095', '1082', '1084', '1042', '1083', '1085', '1079', '1077', '1078'], '1096': ['1096', '1138', '1135', '1137', '1139'], '1136': ['1136'], '1041': ['1041'], '1126': ['1126'], '1125': ['1125'], '1127': ['1127'], '1128': ['1128', '1129', '1132', '1130', '1134', '1131', '1133'], '1032': ['1032', '1052', '1051', '1053', '1049', '1050', '1063', '1055', '1054'], '1160': ['1160', '1147', '1161', '1162', '1146', '1036', '1092', '1145'], '1057': ['1057', '1060', '1061', '1058', '1059'], '1071': ['1071'], '1148': ['1148', '1158', '1157', '1159', '1156', '1153', '1154', '1155', '1152'], '1066': ['1066'], '1056': ['1056'], '1072': ['1072', '1075', '1076', '1073', '1074'], '1033': ['1033', '1101', '1102', '1039', '1097', '1098', '1099', '1035', '1100'], '1109': ['1109'], '1103': ['1103', '1104', '1030', '1046', '1047'], '1105': ['1105', '1106', '1113', '1107', '1114'], '1108': ['1108'], '1110': ['1110'], '1038': ['1038', '1048', '1068', '1034', '1067'], '1112': ['1112'], '1111': ['1111'], '1069': ['1069', '1064', '1065', '1070', '1031'], '1086': ['1086', '1089', '1044', '1087', '1090'], '1043': ['1043', '1121', '1122', '1123', '1045'], '1124': ['1124'], '1150': ['1150'], '1093': ['1093', '1094', '1151', '1149', '1037'], '1144': ['1144'], '1088': ['1088', '1142', '1141', '1143'], '1091': ['1091'], '1115': ['1115'], '1062': ['1062'], '1117': ['1117', '1118', '1116', '1119', '1120'], '1140': ['1140']})"
38,"defaultdict(<class 'list'>, {'1040': ['1040', '1080', '1079', '1038', '1048', '1068', '1034', '1067', '1077', '1076', '1078', '1081'], '1095': ['1095', '1082', '1084', '1042', '1083', '1085', '1096'], '1136': ['1136'], '1138': ['1138'], '1041': ['1041', '1126', '1125', '1043', '1121', '1122', '1123', '1045', '1124'], '1127': ['1127'], '1128': ['1128', '1131', '1132', '1130', '1133'], '1129': ['1129'], '1032': ['1032', '1052', '1063', '1053', '1049', '1160', '1146'], '1051': ['1051', '1055', '1056', '1050'], '1057': ['1057', '1060', '1061', '1105', '1106', '1107', '1058', '1059', '1113'], '1071': ['1071'], '1147': ['1147', '1148', '1158', '1157', '1159', '1156', '1161', '1033', '1153', '1154', '1155', '1152'], '1066': ['1066'], '1072': ['1072'], '1162': ['1162'], '1101': ['1101', '1102', '1103', '1039', '1097', '1098', '1099', '1035', '1100'], '1109': ['1109'], '1108': ['1108'], '1110': ['1110'], '1104': ['1104'], '1114': ['1114', '1030', '1046', '1069', '1064', '1065', '1070', '1031', '1047'], '1054': ['1054', '1062'], '1112': ['1112', '1111', '1117', '1118', '1119'], '1086': ['1086', '1089', '1044', '1087', '1090', '1088', '1142', '1091'], '1036': ['1036', '1092', '1150', '1151', '1149', '1093', '1094', '1144', '1037', '1143', '1145'], '1141': ['1141'], '1115': ['1115'], '1075': ['1075'], '1073': ['1073'], '1074': ['1074'], '1116': ['1116'], '1135': ['1135'], '1137': ['1137'], '1140': ['1140'], '1139': ['1139'], '1120': ['1120'], '1134': ['1134']})"
38,"defaultdict(<class 'list'>, {'1040': ['1040', '1080', '1081', '1082', '1078', '1084', '1042', '1083', '1085'], '1079': ['1079'], '1095': ['1095'], '1096': ['1096', '1138', '1135', '1137', '1139', '1136', '1088', '1142', '1141', '1143', '1140'], '1041': ['1041', '1126', '1125', '1127', '1124'], '1128': ['1128', '1131', '1132', '1130', '1133', '1129', '1120', '1134', '1119'], '1032': ['1032', '1063', '1071', '1066', '1067'], '1052': ['1052', '1053', '1038', '1048', '1054', '1034', '1049'], '1160': ['1160', '1147', '1161', '1162', '1146'], '1051': ['1051'], '1055': ['1055'], '1057': ['1057', '1060', '1061', '1058', '1059'], '1148': ['1148', '1158', '1157', '1159', '1156'], '1056': ['1056'], '1072': ['1072'], '1033': ['1033', '1153', '1154', '1155', '1152'], '1101': ['1101', '1102', '1103', '1100'], '1109': ['1109'], '1105': ['1105', '1106', '1113', '1107', '1114', '1108', '1115', '1116'], '1110': ['1110'], '1104': ['1104'], '1050': ['1050'], '1068': ['1068'], '1039': ['1039', '1097', '1098', '1099', '1035', '1112', '1111', '1117', '1118'], '1030': ['1030'], '1046': ['1046'], '1069': ['1069', '1064', '1065', '1070', '1031'], '1047': ['1047'], '1086': ['1086', '1089', '1087', '1090', '1091'], '1043': ['1043', '1121', '1122', '1123', '1045'], '1036': ['1036', '1092', '1150', '1151', '1149', '1093', '1094', '1144', '1037', '1145'], '1044': ['1044'], '1062': ['1062'], '1077': ['1077'], '1075': ['1075'], '1076': ['1076'], '1073': ['1073'], '1074': ['1074']})"
38,"defaultdict(<class 'list'>, {'1040': ['1040'], '1080': ['1080', '1079', '1077', '1076', '1078'], '1081': ['1081'], '1095': ['1095'], '1082': ['1082', '1084', '1042', '1083', '1085'], '1096': ['1096', '1138', '1135', '1137', '1139', '1136', '1088', '1142', '1141', '1143', '1140'], '1041': ['1041'], '1126': ['1126', '1125', '1127', '1043', '1121', '1122', '1123', '1045', '1124'], '1128': ['1128', '1129', '1132', '1130', '1134', '1131', '1120', '1133'], '1032': ['1032', '1052', '1063', '1053', '1049', '1051', '1055', '1050', '1054'], '1160': ['1160'], '1057': ['1057'], '1060': ['1060'], '1071': ['1071'], '1147': ['1147'], '1148': ['1148', '1158', '1157', '1159', '1156'], '1161': ['1161'], '1066': ['1066', '1110', '1111', '1064', '1065', '1031'], '1056': ['1056', '1030', '1046', '1069', '1047', '1070'], '1061': ['1061', '1062', '1075', '1073', '1074'], '1072': ['1072'], '1162': ['1162'], '1033': ['1033', '1153', '1154', '1155', '1152'], '1101': ['1101', '1102', '1098', '1099', '1100', '1103', '1039', '1097', '1035'], '1109': ['1109'], '1105': ['1105', '1106', '1107', '1058', '1059', '1113', '1108', '1114', '1115'], '1104': ['1104', '1117', '1118', '1116', '1119'], '1038': ['1038', '1048', '1068', '1034', '1067'], '1112': ['1112'], '1086': ['1086', '1089', '1044', '1087', '1090'], '1036': ['1036'], '1092': ['1092'], '1150': ['1150'], '1093': ['1093', '1094', '1151', '1149', '1037'], '1145': ['1145'], '1144': ['1144'], '1091': ['1091'], '1146': ['1146']})"
38,"defaultdict(<class 'list'>, {'1040': ['1040', '1080', '1081', '1082', '1083'], '1079': ['1079', '1077', '1075', '1076', '1074', '1078'], '1095': ['1095'], '1084': ['1084', '1042', '1085', '1086', '1089', '1044', '1087', '1090', '1091', '1088'], '1096': ['1096', '1138', '1135', '1137', '1139'], '1136': ['1136'], '1041': ['1041', '1126', '1125', '1127', '1124'], '1128': ['1128', '1129', '1132', '1130', '1134'], '1131': ['1131'], '1032': ['1032', '1063', '1160', '1147', '1148', '1158', '1157', '1159', '1156', '1161', '1162', '1146'], '1052': ['1052', '1053', '1049', '1050', '1054', '1051', '1055', '1062'], '1057': ['1057', '1060', '1061', '1058', '1059'], '1071': ['1071', '1072', '1073'], '1066': ['1066'], '1056': ['1056'], '1033': ['1033', '1153', '1154', '1155', '1152'], '1101': ['1101', '1102', '1098', '1099', '1100'], '1109': ['1109'], '1103': ['1103'], '1105': ['1105', '1106', '1113', '1107', '1114'], '1108': ['1108'], '1110': ['1110', '1111', '1064', '1065', '1031', '1039', '1097', '1112', '1035'], '1104': ['1104', '1030', '1046', '1069', '1047', '1070'], '1038': ['1038', '1048', '1068', '1034', '1067'], '1043': ['1043', '1121', '1122', '1123', '1045'], '1036': ['1036'], '1092': ['1092'], '1150': ['1150'], '1093': ['1093', '1094', '1144', '1149', '1037'], '1145': ['1145'], '1151': ['1151'], '1142': ['1142'], '1141': ['1141'], '1143': ['1143'], '1115': ['1115', '1118', '1116', '1119', '1120'], '1117': ['1117'], '1140': ['1140'], '1133': ['1133']})"
38,"defaultdict(<class 'list'>, {'1040': ['1040', '1080', '1079', '1081', '1078', '1095', '1082', '1084', '1042', '1083', '1085', '1086'], '1096': ['1096', '1138', '1135', '1137', '1139', '1136', '1088', '1142', '1141', '1143', '1140'], '1041': ['1041', '1126', '1125', '1127', '1043', '1121', '1122', '1123', '1045', '1124', '1129', '1134'], '1128': ['1128'], '1131': ['1131'], '1032': ['1032', '1063', '1160', '1161', '1162'], '1052': ['1052', '1051', '1053', '1049', '1050'], '1055': ['1055'], '1057': ['1057', '1060', '1071', '1061', '1105', '1106', '1107', '1058', '1059'], '1147': ['1147'], '1148': ['1148', '1158', '1157', '1159', '1156'], '1066': ['1066', '1110', '1064', '1065', '1031'], '1056': ['1056', '1077', '1075', '1076', '1074'], '1072': ['1072', '1062', '1073'], '1033': ['1033', '1101', '1102', '1103', '1039', '1097', '1098', '1099', '1035', '1112', '1111', '1100'], '1109': ['1109'], '1153': ['1153'], '1113': ['1113', '1114', '1115'], '1154': ['1154', '1036', '1150', '1151', '1152'], '1155': ['1155'], '1108': ['1108'], '1104': ['1104'], '1038': ['1038', '1048', '1068', '1034', '1067'], '1054': ['1054'], '1030': ['1030', '1046', '1069', '1047', '1070'], '1089': ['1089', '1149', '1044', '1090', '1091'], '1092': ['1092'], '1093': ['1093'], '1094': ['1094'], '1145': ['1145'], '1144': ['1144'], '1037': ['1037'], '1087': ['1087'], '1117': ['1117', '1118', '1116', '1119', '1120'], '1146': ['1146'], '1132': ['1132'], '1130': ['1130'], '1133': ['1133']})"
38,"defaultdict(<class 'list'>, {'1040': ['1040', '1080', '1079', '1081', '1078'], '1095': ['1095'], '1082': ['1082', '1084', '1042', '1083', '1085'], '1096': ['1096', '1138', '1135', '1137', '1139'], '1136': ['1136'], '1041': ['1041'], '1126': ['1126'], '1125': ['1125'], '1127': ['1127'], '1128': ['1128', '1131', '1132', '1130', '1133', '1129', '1134'], '1032': ['1032', '1160', '1161', '1162'], '1052': ['1052', '1051', '1053', '1049', '1050'], '1063': ['1063'], '1055': ['1055'], '1057': ['1057', '1060', '1071', '1061', '1072'], '1147': ['1147', '1036', '1092', '1145', '1146', '1150', '1093', '1094', '1151', '1149', '1037', '1144'], '1148': ['1148', '1158', '1157', '1159', '1153', '1154', '1155', '1156', '1152', '1033', '1109'], '1066': ['1066'], '1056': ['1056'], '1101': ['1101', '1102', '1103', '1039', '1097', '1098', '1099', '1035', '1100'], '1105': ['1105', '1106', '1108', '1107', '1115', '1113', '1114', '1058', '1059'], '1110': ['1110', '1111', '1064', '1065', '1031'], '1104': ['1104'], '1038': ['1038', '1048', '1068', '1077', '1075', '1076', '1074', '1034', '1067'], '1054': ['1054'], '1112': ['1112'], '1030': ['1030', '1046', '1069', '1047', '1070'], '1086': ['1086', '1087', '1088', '1141', '1143', '1089', '1044', '1090', '1091', '1142'], '1043': ['1043'], '1121': ['1121'], '1122': ['1122'], '1123': ['1123'], '1124': ['1124'], '1045': ['1045'], '1062': ['1062'], '1117': ['1117', '1118', '1116', '1119', '1120'], '1073': ['1073'], '1140': ['1140']})"
39,"defaultdict(<class 'list'>, {'1040': ['1040', '1080', '1081', '1082', '1078', '1079', '1095', '1096', '1083'], '1084': ['1084', '1042', '1085', '1086', '1087'], '1136': ['1136', '1133'], '1138': ['1138', '1137', '1139'], '1041': ['1041', '1126', '1125', '1127', '1131', '1124', '1128', '1043', '1121', '1122', '1123', '1045'], '1129': ['1129'], '1032': ['1032', '1160', '1161', '1162', '1146'], '1052': ['1052', '1051', '1053', '1049', '1050', '1054'], '1063': ['1063', '1057', '1060', '1071', '1061'], '1055': ['1055', '1056', '1075', '1076', '1074'], '1147': ['1147'], '1148': ['1148', '1158', '1157', '1159', '1153', '1154', '1155', '1156', '1152'], '1066': ['1066'], '1072': ['1072', '1062', '1073'], '1033': ['1033'], '1101': ['1101', '1102', '1098', '1099', '1100'], '1109': ['1109'], '1103': ['1103'], '1105': ['1105', '1106', '1113', '1107', '1114', '1108', '1058', '1059', '1115'], '1110': ['1110', '1111', '1064', '1065', '1031', '1030', '1046', '1069', '1047', '1070'], '1104': ['1104'], '1038': ['1038', '1048', '1068', '1034', '1067'], '1039': ['1039'], '1097': ['1097'], '1112': ['1112'], '1035': ['1035'], '1089': ['1089'], '1036': ['1036', '1092', '1150', '1151'], '1093': ['1093', '1094', '1145', '1144', '1037'], '1149': ['1149'], '1044': ['1044'], '1088': ['1088', '1142', '1141', '1143', '1140'], '1090': ['1090'], '1091': ['1091'], '1077': ['1077'], '1117': ['1117', '1118', '1116', '1119', '1120'], '1135': ['1135', '1134'], '1132': ['1132'], '1130': ['1130']})"
39,"defaultdict(<class 'list'>, {'1040': ['1040'], '1080': ['1080'], '1079': ['1079'], '1081': ['1081'], '1095': ['1095'], '1082': ['1082'], '1084': ['1084', '1042', '1085', '1086', '1087'], '1096': ['1096', '1136', '1135', '1137', '1140'], '1138': ['1138', '1134'], '1041': ['1041'], '1126': ['1126', '1125', '1127', '1043', '1121', '1122', '1123', '1045', '1124'], '1128': ['1128', '1131', '1132', '1130', '1133'], '1129': ['1129'], '1032': ['1032', '1052', '1063', '1053', '1049', '1051', '1055', '1050', '1054'], '1160': ['1160', '1147', '1161', '1162', '1146'], '1057': ['1057', '1060', '1061', '1058', '1059'], '1071': ['1071'], '1148': ['1148', '1158', '1157', '1159'], '1066': ['1066'], '1056': ['1056'], '1072': ['1072'], '1033': ['1033', '1101', '1102', '1098', '1099', '1100', '1103', '1108', '1107'], '1109': ['1109'], '1153': ['1153', '1154', '1155', '1156', '1152'], '1105': ['1105', '1113', '1114', '1115'], '1106': ['1106'], '1110': ['1110', '1030', '1046', '1069', '1047', '1070', '1064', '1065', '1031'], '1104': ['1104'], '1038': ['1038', '1048', '1068', '1034', '1067'], '1039': ['1039', '1097', '1112', '1035', '1111'], '1083': ['1083'], '1089': ['1089', '1149', '1044', '1090', '1091', '1093', '1094', '1037'], '1036': ['1036', '1092', '1150', '1145', '1144'], '1151': ['1151'], '1088': ['1088', '1142', '1141', '1143', '1139'], '1062': ['1062'], '1077': ['1077', '1075', '1076', '1073', '1074'], '1117': ['1117', '1118', '1116', '1119', '1120'], '1078': ['1078']})"
39,"defaultdict(<class 'list'>, {'1040': ['1040', '1080', '1081', '1095', '1082', '1084', '1042', '1083', '1085', '1078'], '1079': ['1079', '1077', '1075', '1076', '1074'], '1096': ['1096', '1138', '1135', '1137', '1139'], '1136': ['1136'], '1041': ['1041', '1126', '1125', '1127', '1043', '1121', '1122', '1123', '1045', '1124', '1128', '1132'], '1129': ['1129'], '1131': ['1131'], '1032': ['1032', '1160', '1161', '1162', '1146', '1063', '1147', '1148', '1158', '1157', '1159', '1156'], '1052': ['1052', '1051', '1055', '1056', '1049', '1050', '1053', '1054'], '1057': ['1057', '1060', '1061', '1105', '1106', '1107', '1058', '1059', '1062'], '1071': ['1071', '1072', '1073'], '1066': ['1066'], '1033': ['1033', '1153', '1154', '1155', '1152'], '1101': ['1101', '1102', '1098', '1099', '1100'], '1109': ['1109'], '1103': ['1103', '1104', '1030', '1046', '1047'], '1113': ['1113'], '1108': ['1108', '1115', '1118', '1116', '1119'], '1110': ['1110'], '1114': ['1114'], '1038': ['1038', '1048', '1068', '1034', '1067'], '1039': ['1039'], '1097': ['1097'], '1112': ['1112'], '1035': ['1035'], '1111': ['1111'], '1069': ['1069', '1064', '1065', '1070', '1031'], '1086': ['1086', '1087', '1088', '1141', '1143'], '1089': ['1089', '1044', '1090', '1091'], '1036': ['1036', '1092', '1150', '1151', '1149'], '1093': ['1093', '1094', '1144', '1037'], '1145': ['1145'], '1142': ['1142'], '1117': ['1117'], '1140': ['1140'], '1120': ['1120'], '1130': ['1130'], '1134': ['1134'], '1133': ['1133']})"
39,"defaultdict(<class 'list'>, {'1040': ['1040', '1080', '1081', '1078'], '1079': ['1079'], '1095': ['1095'], '1082': ['1082', '1084', '1042', '1083', '1085'], '1096': ['1096', '1138', '1135', '1137', '1139'], '1136': ['1136'], '1041': ['1041', '1126', '1125', '1127', '1124', '1129', '1043', '1121', '1122', '1123', '1045', '1119'], '1128': ['1128', '1131', '1132', '1130', '1133'], '1032': ['1032', '1160', '1161', '1162', '1146'], '1052': ['1052', '1053', '1049', '1050', '1054'], '1063': ['1063', '1057', '1060', '1071', '1061'], '1051': ['1051'], '1055': ['1055'], '1147': ['1147', '1148', '1158', '1157', '1159', '1156', '1153', '1154', '1155', '1151', '1152'], '1066': ['1066', '1038', '1048', '1068', '1034', '1067', '1064', '1065', '1031'], '1056': ['1056'], '1072': ['1072', '1114', '1070'], '1033': ['1033', '1109', '1113', '1110', '1111'], '1101': ['1101', '1102', '1098', '1099', '1100', '1103', '1039', '1097', '1035'], '1105': ['1105'], '1106': ['1106'], '1108': ['1108'], '1104': ['1104', '1030', '1046', '1047', '1117'], '1107': ['1107'], '1112': ['1112'], '1069': ['1069'], '1058': ['1058'], '1059': ['1059'], '1086': ['1086', '1087', '1088', '1141', '1143', '1089', '1044', '1090', '1142'], '1036': ['1036', '1092', '1150', '1093', '1094', '1144', '1149', '1037', '1145'], '1091': ['1091'], '1115': ['1115'], '1062': ['1062'], '1077': ['1077', '1075', '1076', '1073', '1074'], '1118': ['1118'], '1116': ['1116'], '1140': ['1140'], '1120': ['1120'], '1134': ['1134']})"
39,"defaultdict(<class 'list'>, {'1040': ['1040', '1080', '1081', '1082', '1078', '1095', '1083'], '1079': ['1079', '1077', '1075', '1076', '1074'], '1084': ['1084', '1042', '1085', '1086', '1089', '1044', '1087', '1090', '1091'], '1096': ['1096', '1138', '1135', '1137', '1139'], '1136': ['1136'], '1041': ['1041'], '1126': ['1126', '1125', '1127', '1043', '1121', '1122', '1123', '1045', '1124'], '1128': ['1128', '1131', '1132', '1130', '1133', '1129', '1120', '1134'], '1032': ['1032', '1160', '1161', '1162', '1146'], '1052': ['1052', '1053', '1049', '1050', '1054'], '1063': ['1063'], '1051': ['1051', '1055', '1056'], '1057': ['1057', '1060', '1061', '1062', '1073', '1071', '1072'], '1147': ['1147', '1148', '1158', '1157', '1159'], '1066': ['1066', '1067', '1064', '1065', '1031'], '1033': ['1033', '1153', '1154', '1155', '1152'], '1101': ['1101'], '1109': ['1109'], '1102': ['1102'], '1103': ['1103'], '1105': ['1105', '1106', '1107', '1058', '1059'], '1113': ['1113'], '1108': ['1108'], '1110': ['1110'], '1104': ['1104', '1030', '1046', '1047', '1117'], '1114': ['1114', '1115', '1118', '1116', '1119'], '1156': ['1156'], '1038': ['1038'], '1048': ['1048'], '1068': ['1068'], '1039': ['1039', '1097', '1098', '1099', '1035'], '1112': ['1112'], '1100': ['1100'], '1034': ['1034'], '1111': ['1111'], '1069': ['1069'], '1070': ['1070'], '1036': ['1036', '1092', '1150', '1093', '1094', '1151', '1149', '1037', '1144', '1145'], '1088': ['1088', '1142', '1141', '1143', '1140']})"
39,"defaultdict(<class 'list'>, {'1040': ['1040', '1080', '1081', '1082', '1078'], '1079': ['1079', '1077', '1075', '1076', '1074'], '1095': ['1095'], '1084': ['1084', '1042', '1085', '1086', '1089', '1044', '1087', '1090', '1091'], '1096': ['1096', '1138', '1135', '1137', '1139'], '1136': ['1136'], '1041': ['1041', '1126', '1125', '1127', '1043', '1121', '1122', '1123', '1045', '1124', '1131', '1133'], '1128': ['1128', '1129', '1130', '1134'], '1032': ['1032', '1052', '1063', '1053', '1049'], '1160': ['1160', '1147', '1161', '1145', '1146', '1162'], '1051': ['1051', '1038', '1048', '1050', '1034'], '1055': ['1055'], '1057': ['1057'], '1060': ['1060'], '1071': ['1071'], '1148': ['1148', '1158', '1157', '1159', '1156'], '1066': ['1066', '1068', '1067'], '1056': ['1056'], '1061': ['1061'], '1072': ['1072'], '1033': ['1033', '1101', '1109', '1153', '1100', '1154', '1155', '1152'], '1102': ['1102'], '1103': ['1103'], '1105': ['1105', '1106', '1107', '1058', '1059'], '1113': ['1113'], '1108': ['1108'], '1110': ['1110'], '1104': ['1104'], '1114': ['1114', '1030', '1046', '1069', '1064', '1065', '1070', '1031', '1047'], '1054': ['1054'], '1039': ['1039', '1097', '1098', '1099', '1035', '1112', '1111', '1117', '1118'], '1083': ['1083'], '1036': ['1036', '1092', '1150', '1093', '1094', '1151', '1149', '1037', '1144'], '1088': ['1088', '1142', '1141', '1143'], '1115': ['1115', '1116', '1119', '1120'], '1062': ['1062'], '1073': ['1073'], '1140': ['1140'], '1132': ['1132']})"
39,"defaultdict(<class 'list'>, {'1040': ['1040', '1080', '1079', '1077', '1076', '1078', '1081', '1082', '1083'], '1095': ['1095'], '1084': ['1084'], '1096': ['1096', '1138', '1135', '1137', '1139'], '1136': ['1136'], '1041': ['1041', '1126', '1125', '1127', '1124'], '1128': ['1128', '1131', '1132', '1130', '1133', '1129', '1120', '1134'], '1032': ['1032', '1160', '1161', '1162', '1146'], '1052': ['1052'], '1063': ['1063'], '1051': ['1051', '1055', '1056', '1049', '1050'], '1057': ['1057', '1060', '1061', '1105', '1106', '1107', '1058', '1059', '1113'], '1071': ['1071'], '1147': ['1147'], '1148': ['1148', '1158', '1157', '1159', '1156'], '1053': ['1053', '1038', '1048', '1054', '1034'], '1066': ['1066'], '1072': ['1072', '1075', '1073', '1074'], '1033': ['1033', '1101', '1109', '1153', '1100', '1154', '1155', '1152'], '1102': ['1102'], '1103': ['1103'], '1108': ['1108'], '1110': ['1110', '1111', '1064', '1065', '1031'], '1104': ['1104'], '1114': ['1114', '1030', '1046', '1069', '1047', '1070'], '1068': ['1068'], '1039': ['1039', '1097', '1112', '1035', '1117', '1098', '1099', '1118', '1119'], '1067': ['1067'], '1042': ['1042'], '1085': ['1085'], '1086': ['1086', '1089', '1044', '1087', '1090'], '1043': ['1043', '1121', '1122', '1123', '1045'], '1036': ['1036', '1092', '1150', '1093', '1094', '1151', '1149', '1037', '1144'], '1145': ['1145'], '1088': ['1088', '1142', '1141', '1143', '1140'], '1091': ['1091'], '1115': ['1115'], '1062': ['1062'], '1116': ['1116']})"
39,"defaultdict(<class 'list'>, {'1040': ['1040', '1080', '1079', '1081', '1078', '1095', '1082', '1084', '1042', '1083', '1085', '1096'], '1136': ['1136'], '1138': ['1138'], '1041': ['1041', '1126', '1125', '1127', '1124', '1131', '1122', '1123', '1045'], '1128': ['1128', '1129', '1132', '1130', '1134'], '1032': ['1032', '1052', '1063', '1053', '1049', '1160', '1161', '1162', '1146'], '1051': ['1051', '1055', '1056', '1050'], '1057': ['1057', '1060', '1071', '1061', '1072'], '1147': ['1147', '1148', '1158', '1157', '1159', '1156', '1145'], '1066': ['1066'], '1033': ['1033', '1109', '1153', '1155', '1152', '1101', '1154', '1100'], '1102': ['1102'], '1103': ['1103'], '1105': ['1105', '1106', '1107', '1058', '1059'], '1113': ['1113'], '1108': ['1108'], '1110': ['1110', '1111', '1064', '1065', '1031'], '1104': ['1104'], '1114': ['1114'], '1038': ['1038', '1048', '1068', '1034', '1067'], '1054': ['1054'], '1039': ['1039', '1097', '1098', '1099', '1035'], '1112': ['1112'], '1030': ['1030', '1046', '1069', '1047', '1070'], '1086': ['1086', '1089', '1092', '1044', '1090', '1091', '1036', '1087'], '1043': ['1043'], '1121': ['1121'], '1150': ['1150'], '1093': ['1093', '1094', '1151', '1149', '1037'], '1144': ['1144'], '1088': ['1088', '1142', '1141', '1143', '1139'], '1115': ['1115'], '1062': ['1062'], '1077': ['1077', '1075', '1076', '1073', '1074'], '1117': ['1117', '1118', '1116', '1119', '1120'], '1135': ['1135'], '1137': ['1137'], '1140': ['1140'], '1133': ['1133']})"
39,"defaultdict(<class 'list'>, {'1040': ['1040'], '1080': ['1080', '1079', '1077', '1076', '1078'], '1081': ['1081'], '1095': ['1095'], '1082': ['1082', '1084', '1042', '1083', '1085'], '1096': ['1096', '1138', '1135', '1137', '1139', '1136', '1088', '1142', '1141', '1143', '1140'], '1041': ['1041'], '1126': ['1126', '1125', '1127', '1043', '1121', '1122', '1123', '1045', '1124'], '1128': ['1128', '1129', '1132', '1130', '1134', '1131', '1120', '1133'], '1032': ['1032', '1052', '1063', '1053', '1049', '1051', '1055', '1050', '1054'], '1160': ['1160'], '1057': ['1057'], '1060': ['1060'], '1071': ['1071'], '1147': ['1147'], '1148': ['1148', '1158', '1157', '1159', '1156'], '1161': ['1161'], '1066': ['1066', '1110', '1111', '1064', '1065', '1031'], '1056': ['1056'], '1061': ['1061', '1062', '1075', '1073', '1074'], '1072': ['1072'], '1162': ['1162'], '1033': ['1033', '1153', '1154', '1155', '1152'], '1101': ['1101', '1102', '1098', '1099', '1100', '1103', '1039', '1097', '1035'], '1109': ['1109'], '1105': ['1105', '1106', '1107', '1058', '1059', '1113', '1108', '1114', '1115'], '1104': ['1104', '1117', '1118', '1116', '1119'], '1038': ['1038', '1048', '1068', '1034', '1067'], '1112': ['1112'], '1030': ['1030', '1046', '1069', '1047', '1070'], '1086': ['1086', '1089', '1044', '1087', '1090'], '1036': ['1036'], '1092': ['1092'], '1150': ['1150'], '1093': ['1093', '1094', '1151', '1149', '1037'], '1145': ['1145'], '1144': ['1144'], '1091': ['1091'], '1146': ['1146']})"
39,"defaultdict(<class 'list'>, {'1040': ['1040', '1080', '1079', '1038', '1048', '1068', '1034', '1067', '1077', '1076', '1078', '1081'], '1095': ['1095', '1082', '1084', '1042', '1083', '1085', '1096'], '1136': ['1136'], '1138': ['1138'], '1041': ['1041', '1126', '1125', '1043', '1121', '1122', '1123', '1045', '1124'], '1127': ['1127'], '1128': ['1128', '1131', '1132', '1130', '1133'], '1129': ['1129'], '1032': ['1032', '1052', '1063', '1053', '1049', '1160', '1146'], '1051': ['1051', '1055', '1056', '1050'], '1057': ['1057', '1060', '1061', '1105', '1106', '1107', '1058', '1059', '1113'], '1071': ['1071'], '1147': ['1147', '1148', '1158', '1157', '1159', '1156', '1161', '1033', '1153', '1154', '1155', '1152'], '1066': ['1066'], '1072': ['1072'], '1162': ['1162'], '1101': ['1101', '1102', '1103', '1039', '1097', '1098', '1099', '1035', '1100'], '1109': ['1109'], '1108': ['1108'], '1110': ['1110'], '1104': ['1104'], '1114': ['1114', '1030', '1046', '1069', '1064', '1065', '1070', '1031', '1047'], '1054': ['1054'], '1112': ['1112', '1111', '1117', '1118', '1119'], '1086': ['1086', '1089', '1044', '1087', '1090', '1088', '1142', '1091'], '1036': ['1036', '1092', '1150', '1151', '1149', '1093', '1094', '1144', '1037', '1143', '1145'], '1141': ['1141'], '1115': ['1115'], '1062': ['1062'], '1075': ['1075'], '1073': ['1073'], '1074': ['1074'], '1116': ['1116'], '1135': ['1135'], '1137': ['1137'], '1140': ['1140'], '1139': ['1139'], '1120': ['1120'], '1134': ['1134']})"
39,"defaultdict(<class 'list'>, {'1040': ['1040', '1080', '1081', '1082', '1084', '1042', '1083', '1085', '1078', '1079', '1095', '1136'], '1096': ['1096', '1138', '1135', '1137', '1139'], '1041': ['1041', '1126', '1125', '1127', '1128', '1124', '1131', '1043', '1121', '1122', '1123', '1045'], '1129': ['1129', '1130', '1134'], '1032': ['1032', '1052', '1063', '1053', '1049'], '1160': ['1160'], '1051': ['1051', '1055', '1056', '1075', '1076'], '1057': ['1057', '1060', '1071', '1072'], '1147': ['1147'], '1148': ['1148', '1158', '1157', '1159', '1156'], '1161': ['1161'], '1066': ['1066'], '1061': ['1061', '1062', '1073', '1074'], '1162': ['1162'], '1033': ['1033', '1153', '1154', '1155', '1152'], '1101': ['1101'], '1109': ['1109'], '1102': ['1102', '1103', '1104', '1098', '1099'], '1105': ['1105', '1106', '1107', '1058', '1059'], '1113': ['1113'], '1108': ['1108'], '1110': ['1110'], '1114': ['1114', '1030', '1046', '1069', '1064', '1065', '1070', '1031', '1047'], '1038': ['1038', '1048', '1054', '1068', '1034'], '1050': ['1050'], '1039': ['1039', '1097', '1112', '1035', '1111'], '1100': ['1100'], '1067': ['1067'], '1086': ['1086', '1089', '1087', '1090', '1091', '1044'], '1036': ['1036', '1092', '1150', '1151', '1149'], '1093': ['1093', '1094', '1144', '1037'], '1145': ['1145'], '1088': ['1088', '1142', '1141', '1143', '1140'], '1115': ['1115'], '1077': ['1077'], '1117': ['1117', '1118', '1116', '1119', '1120'], '1146': ['1146'], '1132': ['1132'], '1133': ['1133']})"
39,"defaultdict(<class 'list'>, {'1040': ['1040', '1080', '1081', '1082', '1083'], '1079': ['1079', '1077', '1075', '1076', '1074'], '1095': ['1095'], '1084': ['1084', '1042', '1085', '1086', '1089', '1044', '1087', '1090', '1091', '1088'], '1096': ['1096', '1138', '1135', '1137', '1139'], '1136': ['1136'], '1041': ['1041', '1126', '1125', '1127', '1124'], '1128': ['1128', '1129', '1132', '1130', '1134'], '1131': ['1131'], '1032': ['1032', '1063', '1160', '1147', '1148', '1158', '1157', '1159', '1156', '1161', '1162', '1146'], '1052': ['1052', '1053', '1049', '1050', '1054', '1051', '1055', '1062'], '1057': ['1057', '1060', '1061', '1058', '1059'], '1071': ['1071', '1072', '1073'], '1066': ['1066'], '1056': ['1056'], '1033': ['1033', '1153', '1154', '1155', '1152'], '1101': ['1101', '1102', '1098', '1099', '1100'], '1109': ['1109'], '1103': ['1103'], '1105': ['1105', '1106', '1113', '1107', '1114'], '1108': ['1108'], '1110': ['1110', '1111', '1064', '1065', '1031', '1039', '1097', '1112', '1035'], '1104': ['1104', '1030', '1046', '1069', '1047', '1070'], '1038': ['1038', '1048', '1068', '1034', '1067'], '1043': ['1043', '1121', '1122', '1123', '1045'], '1036': ['1036'], '1092': ['1092'], '1150': ['1150'], '1093': ['1093', '1094', '1144', '1149', '1037'], '1145': ['1145'], '1151': ['1151'], '1142': ['1142'], '1141': ['1141'], '1143': ['1143'], '1115': ['1115', '1118', '1116', '1119', '1120'], '1117': ['1117'], '1078': ['1078'], '1140': ['1140'], '1133': ['1133']})"
39,"defaultdict(<class 'list'>, {'1040': ['1040', '1080', '1081', '1082', '1078', '1079', '1095', '1083'], '1084': ['1084', '1042', '1085', '1086', '1089', '1044', '1087', '1090', '1091'], '1096': ['1096', '1136', '1135', '1137', '1140', '1138', '1088', '1142', '1141', '1143', '1139'], '1041': ['1041', '1126', '1125', '1127', '1124', '1129', '1122', '1123', '1045', '1043', '1121', '1134'], '1128': ['1128', '1131', '1132', '1133'], '1032': ['1032', '1063', '1066', '1068', '1067'], '1052': ['1052', '1051', '1053', '1049', '1050', '1038', '1048', '1034'], '1160': ['1160', '1147', '1161', '1145', '1146'], '1055': ['1055'], '1057': ['1057', '1060', '1071', '1061', '1105', '1106', '1107', '1058', '1059'], '1148': ['1148', '1158', '1157', '1159', '1156', '1033', '1153', '1154', '1155', '1152', '1109'], '1056': ['1056'], '1072': ['1072', '1075', '1076', '1073', '1074'], '1162': ['1162'], '1101': ['1101'], '1102': ['1102'], '1103': ['1103'], '1113': ['1113', '1114', '1115'], '1108': ['1108'], '1110': ['1110'], '1104': ['1104'], '1054': ['1054'], '1039': ['1039', '1097', '1098', '1099', '1035'], '1112': ['1112'], '1100': ['1100'], '1111': ['1111'], '1030': ['1030', '1046', '1069', '1047', '1070'], '1064': ['1064'], '1065': ['1065'], '1031': ['1031'], '1036': ['1036', '1092', '1150', '1151', '1149'], '1093': ['1093'], '1094': ['1094'], '1144': ['1144'], '1037': ['1037'], '1062': ['1062'], '1077': ['1077'], '1117': ['1117', '1118', '1116', '1119', '1120'], '1130': ['1130']})"
39,"defaultdict(<class 'list'>, {'1040': ['1040', '1080', '1079', '1077', '1076', '1078'], '1081': ['1081', '1095', '1082', '1084', '1042', '1083', '1085', '1096'], '1136': ['1136', '1135', '1140'], '1138': ['1138'], '1041': ['1041', '1126', '1125', '1127', '1124', '1129', '1122', '1123', '1045', '1043', '1121'], '1128': ['1128', '1131', '1132', '1130', '1133'], '1032': ['1032', '1160', '1161', '1162', '1146', '1147', '1148', '1158', '1157', '1159', '1155', '1156'], '1052': ['1052', '1053', '1054', '1051', '1038', '1048', '1068', '1034', '1067', '1049', '1050', '1055'], '1063': ['1063'], '1057': ['1057', '1060', '1071', '1058', '1059'], '1066': ['1066', '1110', '1064', '1065', '1031'], '1056': ['1056'], '1061': ['1061', '1062', '1075', '1073', '1074'], '1072': ['1072'], '1033': ['1033', '1101', '1102', '1103', '1104', '1098', '1099', '1100'], '1109': ['1109'], '1153': ['1153'], '1105': ['1105'], '1106': ['1106'], '1113': ['1113'], '1154': ['1154'], '1108': ['1108'], '1107': ['1107'], '1114': ['1114', '1115', '1118', '1116', '1119'], '1039': ['1039', '1097', '1112', '1035', '1111'], '1030': ['1030', '1046', '1069', '1047', '1070'], '1086': ['1086', '1087', '1088', '1141', '1143', '1142'], '1089': ['1089', '1149', '1044', '1090', '1091'], '1036': ['1036'], '1092': ['1092'], '1150': ['1150'], '1093': ['1093', '1094', '1145', '1144', '1037'], '1151': ['1151'], '1117': ['1117'], '1152': ['1152'], '1137': ['1137'], '1139': ['1139'], '1120': ['1120'], '1134': ['1134']})"
39,"defaultdict(<class 'list'>, {'1040': ['1040', '1080', '1079', '1077', '1076', '1078', '1068', '1067'], '1081': ['1081', '1082', '1084', '1042', '1083'], '1095': ['1095'], '1096': ['1096', '1138', '1135', '1137', '1139'], '1136': ['1136'], '1041': ['1041', '1126', '1125', '1127', '1124', '1043', '1121', '1122', '1123', '1045'], '1128': ['1128', '1131', '1132', '1130', '1133', '1129', '1120', '1134'], '1032': ['1032', '1160', '1161', '1162', '1146'], '1052': ['1052', '1051', '1055', '1056', '1049', '1050', '1053', '1038', '1048', '1054', '1034'], '1063': ['1063'], '1057': ['1057', '1060', '1061', '1105', '1106', '1107', '1058', '1059', '1113'], '1071': ['1071'], '1147': ['1147'], '1148': ['1148', '1158', '1157', '1159', '1156'], '1066': ['1066'], '1072': ['1072'], '1033': ['1033', '1101', '1109', '1153', '1100'], '1102': ['1102', '1103', '1104', '1117', '1118'], '1154': ['1154', '1151', '1152'], '1155': ['1155'], '1108': ['1108'], '1110': ['1110'], '1114': ['1114', '1115', '1116', '1119'], '1039': ['1039', '1097', '1112', '1035', '1111', '1098', '1099'], '1030': ['1030'], '1046': ['1046'], '1069': ['1069', '1064', '1065', '1070', '1031'], '1047': ['1047'], '1085': ['1085'], '1086': ['1086', '1089', '1044', '1087', '1090'], '1036': ['1036'], '1092': ['1092'], '1150': ['1150'], '1093': ['1093', '1094', '1144', '1149', '1037'], '1145': ['1145'], '1088': ['1088', '1142', '1141', '1143'], '1091': ['1091'], '1062': ['1062', '1075', '1073', '1074'], '1140': ['1140']})"
39,"defaultdict(<class 'list'>, {'1040': ['1040', '1080', '1079', '1081', '1078', '1095', '1082', '1084', '1042', '1083', '1085', '1086'], '1096': ['1096', '1138', '1135', '1137', '1139', '1136', '1088', '1142', '1141', '1143', '1140'], '1041': ['1041', '1126', '1125', '1127', '1124'], '1128': ['1128', '1131', '1132', '1130', '1133'], '1129': ['1129'], '1032': ['1032', '1160', '1161', '1162'], '1052': ['1052', '1053', '1049', '1050', '1054'], '1063': ['1063'], '1051': ['1051'], '1055': ['1055'], '1057': ['1057', '1060', '1071', '1061', '1072'], '1147': ['1147', '1036', '1092', '1145', '1146'], '1148': ['1148'], '1158': ['1158'], '1066': ['1066'], '1056': ['1056', '1077', '1075', '1076', '1074'], '1157': ['1157'], '1159': ['1159'], '1033': ['1033', '1153', '1154', '1155', '1151', '1152', '1156'], '1101': ['1101', '1102', '1098', '1099', '1100', '1103', '1039', '1097', '1035'], '1109': ['1109'], '1105': ['1105', '1106', '1107', '1058', '1059', '1113', '1108', '1114', '1115'], '1110': ['1110', '1111', '1064', '1065', '1031'], '1104': ['1104'], '1038': ['1038', '1048', '1068', '1034', '1067'], '1112': ['1112'], '1030': ['1030', '1046', '1069', '1047', '1070'], '1089': ['1089', '1044', '1087', '1090', '1091'], '1043': ['1043'], '1121': ['1121'], '1122': ['1122'], '1123': ['1123'], '1150': ['1150'], '1093': ['1093', '1094', '1144', '1149', '1037'], '1045': ['1045'], '1062': ['1062'], '1117': ['1117', '1118', '1116', '1119', '1120'], '1073': ['1073'], '1134': ['1134']})"
40,"defaultdict(<class 'list'>, {'1040': ['1040', '1080', '1079', '1081', '1078'], '1095': ['1095'], '1082': ['1082'], '1084': ['1084', '1042', '1085', '1086', '1089', '1044', '1087', '1090', '1091'], '1096': ['1096'], '1136': ['1136', '1133'], '1138': ['1138'], '1041': ['1041'], '1126': ['1126'], '1125': ['1125'], '1127': ['1127'], '1128': ['1128', '1129', '1132', '1130', '1134'], '1131': ['1131'], '1032': ['1032', '1160', '1161', '1162', '1146', '1147', '1148', '1158', '1156', '1157', '1159'], '1052': ['1052'], '1063': ['1063', '1057', '1071', '1066'], '1051': ['1051', '1055', '1056', '1049', '1050'], '1060': ['1060', '1061', '1062'], '1053': ['1053'], '1072': ['1072'], '1033': ['1033', '1153', '1154', '1155', '1152', '1109'], '1101': ['1101', '1102', '1098', '1099', '1100'], '1103': ['1103', '1104', '1030', '1046', '1047'], '1105': ['1105', '1106', '1107', '1058', '1059', '1113', '1108', '1114', '1115'], '1110': ['1110'], '1038': ['1038', '1048', '1068', '1034', '1067'], '1054': ['1054'], '1039': ['1039', '1097', '1112', '1035', '1111'], '1069': ['1069', '1064', '1065', '1070', '1031'], '1083': ['1083'], '1043': ['1043', '1121', '1122', '1123', '1045'], '1124': ['1124'], '1036': ['1036', '1092', '1150', '1093', '1094', '1151', '1149', '1037', '1144'], '1145': ['1145'], '1088': ['1088', '1142', '1141', '1143', '1140'], '1077': ['1077', '1075', '1076', '1073', '1074'], '1117': ['1117', '1118', '1116', '1119', '1120'], '1135': ['1135'], '1137': ['1137'], '1139': ['1139']})"
40,"defaultdict(<class 'list'>, {'1040': ['1040', '1080', '1079', '1077', '1076', '1078', '1075', '1074'], '1081': ['1081', '1082', '1084', '1042', '1083', '1095', '1096', '1085'], '1136': ['1136'], '1138': ['1138'], '1041': ['1041'], '1126': ['1126', '1125', '1127', '1128', '1131', '1132', '1130', '1133', '1129', '1120', '1134', '1124'], '1032': ['1032', '1160', '1161', '1162', '1146'], '1052': ['1052', '1053', '1049', '1050', '1054', '1051', '1055', '1061', '1062'], '1063': ['1063'], '1057': ['1057'], '1060': ['1060'], '1071': ['1071'], '1147': ['1147'], '1148': ['1148', '1158', '1157', '1159', '1156', '1153', '1154', '1155', '1152'], '1066': ['1066', '1038', '1048', '1068', '1067'], '1056': ['1056'], '1072': ['1072'], '1033': ['1033', '1109', '1113', '1110', '1111', '1105'], '1101': ['1101', '1102', '1098', '1099', '1100', '1103', '1039', '1097', '1035'], '1106': ['1106', '1108', '1107', '1058', '1059'], '1104': ['1104', '1030', '1046', '1047', '1117'], '1114': ['1114'], '1112': ['1112'], '1034': ['1034'], '1069': ['1069', '1064', '1065', '1070', '1031'], '1086': ['1086', '1089', '1044', '1087', '1090'], '1043': ['1043', '1121', '1122', '1123', '1045'], '1036': ['1036', '1092', '1150', '1151', '1149'], '1093': ['1093', '1094', '1144', '1037', '1143'], '1145': ['1145'], '1088': ['1088', '1141', '1135', '1140'], '1142': ['1142'], '1091': ['1091'], '1115': ['1115'], '1118': ['1118'], '1073': ['1073'], '1116': ['1116'], '1137': ['1137'], '1139': ['1139'], '1119': ['1119']})"
40,"defaultdict(<class 'list'>, {'1040': ['1040', '1080', '1081', '1082', '1084', '1042', '1083', '1085', '1078', '1095'], '1079': ['1079', '1038', '1048', '1068', '1034', '1067', '1077', '1076'], '1096': ['1096', '1136', '1135', '1137', '1140', '1138', '1088', '1142', '1141', '1143', '1139'], '1041': ['1041'], '1126': ['1126', '1125', '1127', '1043', '1121', '1122', '1123', '1045', '1124'], '1128': ['1128', '1131', '1132', '1130', '1133'], '1129': ['1129'], '1032': ['1032'], '1052': ['1052', '1053', '1049', '1050', '1054'], '1063': ['1063'], '1160': ['1160'], '1051': ['1051'], '1055': ['1055'], '1057': ['1057', '1060', '1071', '1058', '1059'], '1147': ['1147', '1036', '1092', '1145', '1146'], '1148': ['1148', '1158', '1157', '1159', '1156', '1153', '1154', '1155', '1152'], '1161': ['1161'], '1066': ['1066'], '1056': ['1056'], '1061': ['1061', '1062', '1075', '1073', '1074'], '1072': ['1072'], '1162': ['1162'], '1033': ['1033', '1101', '1098', '1099', '1100'], '1109': ['1109', '1105', '1106', '1113', '1107'], '1102': ['1102', '1103', '1104', '1117', '1118'], '1108': ['1108'], '1110': ['1110'], '1114': ['1114', '1030', '1046', '1069', '1064', '1065', '1070', '1031', '1047'], '1039': ['1039'], '1097': ['1097'], '1112': ['1112'], '1035': ['1035'], '1111': ['1111'], '1086': ['1086', '1089', '1044', '1087', '1090'], '1150': ['1150'], '1093': ['1093', '1094', '1151', '1149', '1037'], '1144': ['1144'], '1091': ['1091'], '1115': ['1115', '1116', '1119', '1120'], '1134': ['1134']})"
40,"defaultdict(<class 'list'>, {'1040': ['1040', '1080', '1079', '1081', '1078'], '1095': ['1095', '1082', '1084', '1042', '1083', '1085', '1086', '1089', '1087', '1090', '1091', '1044'], '1096': ['1096'], '1136': ['1136'], '1138': ['1138'], '1041': ['1041', '1126', '1125', '1127', '1043', '1121', '1122', '1123', '1045', '1124', '1128', '1132'], '1129': ['1129', '1131', '1120', '1130', '1134'], '1032': ['1032', '1160', '1147', '1148', '1158', '1157', '1159', '1161', '1162', '1155', '1156', '1146'], '1052': ['1052'], '1063': ['1063'], '1051': ['1051'], '1055': ['1055'], '1057': ['1057', '1060', '1061', '1058', '1059'], '1071': ['1071'], '1053': ['1053'], '1066': ['1066', '1038', '1048', '1068', '1034', '1067', '1077', '1076'], '1056': ['1056'], '1072': ['1072'], '1033': ['1033', '1109', '1105', '1113'], '1101': ['1101', '1102', '1103', '1100'], '1153': ['1153'], '1106': ['1106'], '1154': ['1154', '1036', '1092', '1150', '1093', '1094', '1151', '1149', '1037', '1144', '1145', '1152'], '1108': ['1108', '1107', '1115', '1116', '1119'], '1110': ['1110'], '1104': ['1104'], '1114': ['1114', '1030', '1046', '1069', '1047', '1070', '1064', '1065', '1031'], '1049': ['1049'], '1050': ['1050'], '1054': ['1054'], '1039': ['1039', '1097', '1098', '1099', '1035', '1112', '1111', '1117', '1118'], '1088': ['1088', '1142', '1141', '1143', '1139'], '1062': ['1062'], '1075': ['1075'], '1073': ['1073'], '1074': ['1074'], '1135': ['1135'], '1137': ['1137'], '1140': ['1140'], '1133': ['1133']})"
40,"defaultdict(<class 'list'>, {'1040': ['1040', '1080', '1081', '1078', '1079', '1095', '1082', '1084', '1042', '1083', '1085'], '1096': ['1096', '1138', '1135', '1137', '1139', '1136', '1140'], '1041': ['1041'], '1126': ['1126', '1125', '1127', '1043', '1121', '1122', '1123', '1045', '1124'], '1128': ['1128', '1131', '1132', '1130', '1133'], '1129': ['1129'], '1032': ['1032', '1160', '1161', '1162', '1146'], '1052': ['1052', '1053', '1049', '1050', '1054'], '1063': ['1063', '1057', '1060', '1071', '1061'], '1051': ['1051'], '1055': ['1055'], '1147': ['1147'], '1148': ['1148'], '1158': ['1158'], '1066': ['1066'], '1056': ['1056'], '1072': ['1072'], '1157': ['1157'], '1159': ['1159'], '1033': ['1033', '1109', '1110', '1039', '1097', '1098', '1099', '1035', '1112', '1111'], '1101': ['1101', '1102', '1103', '1104', '1100'], '1153': ['1153'], '1105': ['1105', '1106', '1107', '1058', '1059', '1113', '1108', '1114', '1115'], '1154': ['1154'], '1155': ['1155'], '1156': ['1156'], '1038': ['1038', '1048', '1068', '1034', '1067'], '1030': ['1030', '1046', '1069', '1047', '1070'], '1064': ['1064'], '1065': ['1065'], '1031': ['1031'], '1086': ['1086', '1087', '1088', '1141', '1143', '1089', '1044', '1090', '1142'], '1036': ['1036', '1092', '1150', '1093', '1094', '1151', '1149', '1037', '1144'], '1145': ['1145'], '1091': ['1091'], '1062': ['1062'], '1077': ['1077', '1075', '1076', '1073', '1074'], '1117': ['1117', '1118', '1116', '1119', '1120'], '1152': ['1152'], '1134': ['1134']})"
40,"defaultdict(<class 'list'>, {'1040': ['1040', '1080', '1081', '1082', '1078', '1079', '1095', '1096', '1083'], '1084': ['1084', '1042', '1085', '1086', '1089', '1044', '1087', '1090', '1091'], '1136': ['1136', '1088', '1141', '1140'], '1138': ['1138'], '1041': ['1041', '1126', '1125', '1127', '1124'], '1128': ['1128', '1129', '1132', '1130', '1134'], '1131': ['1131'], '1032': ['1032', '1160', '1147', '1161', '1145', '1146', '1162'], '1052': ['1052', '1053', '1049', '1050', '1054', '1051', '1055', '1062'], '1063': ['1063'], '1057': ['1057', '1060', '1071', '1061', '1072'], '1148': ['1148'], '1158': ['1158'], '1066': ['1066', '1038', '1048', '1068', '1034', '1067', '1064', '1065', '1031'], '1056': ['1056', '1077', '1075', '1076', '1074'], '1157': ['1157'], '1159': ['1159'], '1033': ['1033', '1109', '1105', '1106', '1107', '1058', '1059', '1113'], '1101': ['1101', '1102', '1098', '1099', '1100', '1103', '1039', '1097', '1035'], '1153': ['1153', '1154', '1155', '1156', '1152'], '1108': ['1108'], '1110': ['1110'], '1104': ['1104'], '1114': ['1114', '1115', '1118', '1116', '1119'], '1112': ['1112'], '1111': ['1111'], '1030': ['1030'], '1046': ['1046'], '1069': ['1069'], '1047': ['1047'], '1070': ['1070'], '1043': ['1043', '1121', '1122', '1123', '1045'], '1036': ['1036', '1092', '1150', '1093', '1094', '1151', '1149', '1037', '1144'], '1142': ['1142', '1137', '1139'], '1143': ['1143'], '1117': ['1117'], '1073': ['1073'], '1135': ['1135'], '1120': ['1120'], '1133': ['1133']})"
40,"defaultdict(<class 'list'>, {'1040': ['1040', '1080', '1079', '1081', '1078', '1095', '1082', '1084', '1042', '1083', '1085', '1077'], '1096': ['1096', '1138', '1135', '1137', '1139'], '1136': ['1136'], '1041': ['1041'], '1126': ['1126', '1125', '1127', '1043', '1121', '1122', '1123', '1045', '1124'], '1128': ['1128', '1131', '1132', '1130', '1133', '1129', '1120', '1134'], '1032': ['1032', '1052', '1053', '1038', '1048', '1054', '1034', '1049', '1050', '1068'], '1063': ['1063', '1057', '1071', '1072'], '1160': ['1160', '1147', '1161', '1162', '1146'], '1051': ['1051', '1055', '1056', '1046', '1047'], '1060': ['1060'], '1148': ['1148', '1158', '1157', '1159', '1156'], '1066': ['1066', '1067', '1064', '1065', '1031'], '1061': ['1061', '1062', '1075', '1073', '1074'], '1033': ['1033', '1153', '1154', '1155', '1152'], '1101': ['1101'], '1109': ['1109'], '1102': ['1102', '1039', '1097', '1098', '1099', '1035', '1112', '1100', '1111'], '1103': ['1103', '1104', '1117'], '1105': ['1105'], '1106': ['1106'], '1113': ['1113'], '1108': ['1108'], '1110': ['1110'], '1107': ['1107'], '1114': ['1114', '1115', '1118', '1116', '1119'], '1030': ['1030', '1069', '1070'], '1058': ['1058'], '1059': ['1059'], '1086': ['1086', '1089', '1044', '1087', '1090'], '1036': ['1036'], '1092': ['1092'], '1150': ['1150'], '1093': ['1093', '1094', '1151', '1149', '1037'], '1145': ['1145'], '1144': ['1144'], '1088': ['1088', '1142', '1141', '1143'], '1091': ['1091'], '1076': ['1076'], '1140': ['1140']})"
40,"defaultdict(<class 'list'>, {'1040': ['1040', '1080', '1081', '1082', '1078', '1095', '1083'], '1079': ['1079', '1077', '1075', '1076', '1074'], '1084': ['1084', '1042', '1085', '1086', '1089', '1044', '1087', '1090', '1091'], '1096': ['1096', '1138', '1135', '1137', '1139'], '1136': ['1136'], '1041': ['1041'], '1126': ['1126', '1125', '1127', '1043', '1121', '1122', '1123', '1045', '1124'], '1128': ['1128', '1131', '1132', '1130', '1133', '1129', '1120', '1134'], '1032': ['1032', '1160', '1161', '1162', '1146'], '1052': ['1052', '1053', '1049', '1050', '1054'], '1063': ['1063'], '1051': ['1051', '1055', '1056'], '1057': ['1057', '1060', '1061', '1062', '1073', '1071', '1072'], '1147': ['1147', '1148', '1158', '1157', '1159'], '1066': ['1066', '1067', '1064', '1065', '1031'], '1033': ['1033', '1153', '1154', '1155', '1152'], '1101': ['1101'], '1109': ['1109'], '1102': ['1102'], '1103': ['1103'], '1105': ['1105', '1106', '1107', '1058', '1059'], '1113': ['1113'], '1108': ['1108'], '1110': ['1110'], '1104': ['1104', '1030', '1046', '1047', '1117'], '1114': ['1114', '1115', '1118', '1116', '1119'], '1156': ['1156'], '1038': ['1038'], '1048': ['1048'], '1068': ['1068'], '1039': ['1039', '1097', '1098', '1099', '1035'], '1112': ['1112'], '1100': ['1100'], '1034': ['1034'], '1111': ['1111'], '1069': ['1069'], '1070': ['1070'], '1036': ['1036', '1092', '1150', '1093', '1094', '1151', '1149', '1037', '1144'], '1145': ['1145'], '1088': ['1088', '1142', '1141', '1143', '1140']})"
40,"defaultdict(<class 'list'>, {'1040': ['1040', '1080', '1081', '1082', '1078', '1079', '1084', '1042', '1083'], '1095': ['1095'], '1096': ['1096', '1138', '1135', '1137', '1139'], '1136': ['1136'], '1041': ['1041'], '1126': ['1126', '1125', '1127', '1128', '1124'], '1129': ['1129', '1131', '1120', '1130', '1134'], '1032': ['1032', '1160', '1147', '1161', '1145', '1146', '1148', '1158', '1157', '1159', '1156', '1162'], '1052': ['1052', '1053', '1049', '1050', '1054'], '1063': ['1063', '1071', '1072'], '1051': ['1051'], '1055': ['1055'], '1057': ['1057', '1060', '1061', '1105', '1106', '1107', '1058', '1059', '1113'], '1066': ['1066'], '1056': ['1056', '1077', '1075', '1076', '1074'], '1033': ['1033', '1153', '1154', '1155', '1152'], '1101': ['1101', '1102', '1098', '1099', '1100', '1103', '1039', '1097', '1035'], '1109': ['1109'], '1108': ['1108'], '1110': ['1110', '1111', '1064', '1065', '1031'], '1104': ['1104'], '1114': ['1114'], '1038': ['1038', '1048', '1068', '1034', '1067'], '1112': ['1112', '1117', '1118', '1116', '1119'], '1030': ['1030'], '1046': ['1046'], '1069': ['1069'], '1047': ['1047'], '1070': ['1070'], '1085': ['1085'], '1086': ['1086', '1089', '1044', '1087', '1090'], '1043': ['1043', '1121', '1122', '1123', '1045'], '1036': ['1036', '1092', '1150', '1093', '1094', '1151', '1149', '1037', '1144'], '1088': ['1088', '1142', '1141', '1143', '1140'], '1091': ['1091'], '1115': ['1115'], '1062': ['1062'], '1073': ['1073'], '1132': ['1132'], '1133': ['1133']})"
40,"defaultdict(<class 'list'>, {'1040': ['1040', '1080', '1079', '1081', '1078', '1095', '1082', '1084', '1042', '1083', '1085', '1138'], '1096': ['1096', '1136', '1135', '1137', '1140'], '1041': ['1041', '1126', '1125', '1043', '1121', '1122', '1123', '1045', '1124'], '1127': ['1127'], '1128': ['1128', '1129', '1132', '1130', '1134'], '1131': ['1131'], '1032': ['1032', '1052', '1063', '1053', '1049', '1051', '1038', '1048', '1050', '1034', '1054'], '1160': ['1160', '1147', '1161', '1162', '1146'], '1055': ['1055', '1056', '1030', '1046', '1047'], '1057': ['1057', '1060', '1071', '1061', '1105', '1106', '1107', '1058', '1059'], '1148': ['1148', '1158', '1157', '1159', '1156'], '1066': ['1066', '1067', '1064', '1065', '1031'], '1072': ['1072'], '1033': ['1033', '1153', '1154', '1036', '1150', '1151', '1152', '1155'], '1101': ['1101', '1102', '1103', '1108', '1100'], '1109': ['1109', '1113'], '1110': ['1110', '1039', '1097', '1098', '1099', '1035', '1112', '1111', '1117'], '1104': ['1104'], '1114': ['1114', '1115', '1118', '1116', '1119'], '1068': ['1068', '1077', '1075', '1076', '1074'], '1069': ['1069'], '1070': ['1070'], '1086': ['1086', '1089', '1044', '1087', '1090'], '1092': ['1092'], '1093': ['1093'], '1094': ['1094'], '1145': ['1145'], '1144': ['1144'], '1149': ['1149'], '1037': ['1037'], '1088': ['1088'], '1142': ['1142'], '1141': ['1141'], '1091': ['1091'], '1143': ['1143'], '1062': ['1062'], '1073': ['1073'], '1139': ['1139'], '1120': ['1120'], '1133': ['1133']})"
40,"defaultdict(<class 'list'>, {'1040': ['1040', '1080', '1079', '1081', '1078', '1095', '1082', '1084', '1042', '1083', '1085', '1096'], '1136': ['1136', '1135', '1140'], '1138': ['1138', '1134'], '1041': ['1041', '1126', '1125', '1127', '1124'], '1128': ['1128', '1131', '1132', '1130', '1133'], '1129': ['1129'], '1032': ['1032', '1063', '1160', '1161', '1162'], '1052': ['1052', '1051', '1053', '1049', '1050'], '1055': ['1055'], '1057': ['1057', '1060', '1061', '1105', '1106', '1107', '1058', '1059', '1108'], '1071': ['1071'], '1147': ['1147', '1036', '1092', '1145', '1146'], '1148': ['1148', '1158', '1157', '1159', '1156'], '1066': ['1066'], '1056': ['1056'], '1072': ['1072'], '1033': ['1033', '1109', '1110', '1064', '1065'], '1101': ['1101', '1102', '1098', '1099', '1100', '1103', '1039', '1097', '1035'], '1153': ['1153', '1154', '1155', '1151', '1152'], '1113': ['1113'], '1104': ['1104', '1112', '1111', '1117'], '1114': ['1114', '1115', '1118', '1116', '1119'], '1038': ['1038', '1048', '1068', '1034', '1067'], '1054': ['1054'], '1030': ['1030', '1046', '1069', '1047', '1070'], '1031': ['1031'], '1086': ['1086', '1089', '1044', '1087', '1090'], '1043': ['1043', '1121', '1122', '1123', '1045'], '1150': ['1150'], '1093': ['1093', '1094', '1144', '1149', '1037'], '1088': ['1088', '1142', '1141', '1143', '1139'], '1091': ['1091'], '1062': ['1062'], '1077': ['1077'], '1075': ['1075'], '1076': ['1076'], '1073': ['1073'], '1074': ['1074'], '1137': ['1137'], '1120': ['1120']})"
40,"defaultdict(<class 'list'>, {'1040': ['1040', '1080', '1079', '1081', '1078', '1095', '1082', '1084', '1042', '1083', '1085', '1096'], '1136': ['1136'], '1138': ['1138'], '1041': ['1041', '1126', '1125', '1127', '1043', '1121', '1122', '1123', '1045', '1124', '1128', '1132'], '1129': ['1129'], '1131': ['1131'], '1032': ['1032', '1160', '1161', '1162', '1146', '1147', '1148', '1158', '1156', '1157', '1159'], '1052': ['1052', '1051', '1053', '1049', '1050'], '1063': ['1063'], '1055': ['1055'], '1057': ['1057', '1060', '1061', '1105', '1106', '1107', '1058', '1059', '1113'], '1071': ['1071'], '1066': ['1066'], '1056': ['1056'], '1072': ['1072'], '1033': ['1033', '1153', '1154', '1155', '1152'], '1101': ['1101', '1102', '1103', '1108', '1100'], '1109': ['1109', '1110'], '1104': ['1104'], '1114': ['1114', '1030', '1046', '1069', '1064', '1065', '1070', '1031', '1047'], '1038': ['1038', '1048', '1068', '1034', '1067'], '1054': ['1054'], '1039': ['1039', '1097', '1098', '1099', '1035', '1112', '1111', '1117', '1118'], '1086': ['1086', '1089', '1044', '1087', '1090', '1088', '1142', '1091', '1141', '1143'], '1036': ['1036', '1092', '1150', '1093', '1094', '1151', '1149', '1037', '1144'], '1145': ['1145'], '1115': ['1115', '1116', '1119', '1120'], '1062': ['1062'], '1077': ['1077'], '1075': ['1075'], '1076': ['1076'], '1073': ['1073'], '1074': ['1074'], '1135': ['1135'], '1137': ['1137'], '1140': ['1140'], '1139': ['1139'], '1130': ['1130'], '1134': ['1134'], '1133': ['1133']})"
40,"defaultdict(<class 'list'>, {'1040': ['1040'], '1080': ['1080'], '1079': ['1079'], '1081': ['1081'], '1095': ['1095', '1082', '1084', '1083', '1085'], '1096': ['1096', '1138', '1135', '1137', '1139', '1136', '1140'], '1041': ['1041', '1126', '1125', '1127', '1124', '1129', '1043', '1121', '1122', '1123', '1045', '1134'], '1128': ['1128', '1131', '1132', '1133'], '1032': ['1032', '1052', '1063', '1053', '1049', '1160', '1161', '1162', '1146'], '1051': ['1051', '1055', '1050'], '1057': ['1057', '1060', '1061', '1058', '1059', '1071', '1072', '1062', '1073'], '1147': ['1147'], '1148': ['1148', '1158', '1157', '1159', '1156'], '1066': ['1066'], '1056': ['1056', '1077', '1075', '1076', '1074'], '1033': ['1033'], '1101': ['1101'], '1109': ['1109', '1105', '1106', '1113', '1107'], '1153': ['1153'], '1102': ['1102', '1103', '1104', '1098', '1099', '1039', '1097', '1035'], '1154': ['1154'], '1155': ['1155'], '1108': ['1108'], '1110': ['1110', '1112', '1111', '1117'], '1114': ['1114', '1030', '1046', '1069', '1047', '1070', '1064', '1065', '1031'], '1038': ['1038', '1048', '1054', '1068', '1034'], '1100': ['1100'], '1067': ['1067'], '1042': ['1042'], '1086': ['1086', '1087', '1088', '1141', '1143', '1142'], '1089': ['1089', '1149', '1044', '1090', '1091'], '1036': ['1036'], '1092': ['1092'], '1150': ['1150'], '1093': ['1093', '1094', '1145', '1144', '1037'], '1151': ['1151'], '1115': ['1115', '1118', '1116', '1119', '1120'], '1152': ['1152'], '1078': ['1078'], '1130': ['1130']})"
40,"defaultdict(<class 'list'>, {'1040': ['1040', '1080', '1079', '1081', '1078'], '1095': ['1095'], '1082': ['1082'], '1084': ['1084'], '1096': ['1096', '1136', '1135', '1137', '1140', '1138', '1088', '1142', '1141', '1143', '1139'], '1041': ['1041', '1126', '1125', '1127', '1128', '1124', '1043', '1121', '1122', '1123', '1045', '1132'], '1129': ['1129', '1131', '1120', '1130', '1134'], '1032': ['1032', '1160', '1161', '1162', '1146'], '1052': ['1052', '1053', '1049', '1050', '1054', '1051', '1055', '1061', '1062'], '1063': ['1063'], '1057': ['1057'], '1060': ['1060'], '1071': ['1071'], '1147': ['1147', '1148', '1158', '1157', '1159', '1153', '1154', '1155', '1156', '1152'], '1066': ['1066'], '1056': ['1056'], '1072': ['1072'], '1033': ['1033', '1101', '1102', '1103', '1100'], '1109': ['1109'], '1105': ['1105', '1106', '1113', '1058', '1059'], '1108': ['1108', '1107', '1115', '1116', '1119'], '1110': ['1110'], '1104': ['1104'], '1114': ['1114'], '1038': ['1038', '1048', '1068', '1034', '1067'], '1039': ['1039', '1097', '1098', '1099', '1035', '1112', '1111', '1117', '1118'], '1030': ['1030', '1046', '1069', '1047', '1070'], '1064': ['1064'], '1065': ['1065'], '1031': ['1031'], '1042': ['1042'], '1083': ['1083'], '1085': ['1085'], '1086': ['1086', '1089', '1044', '1087', '1090'], '1036': ['1036', '1092', '1150', '1145'], '1093': ['1093', '1094', '1151', '1149', '1037'], '1144': ['1144'], '1091': ['1091'], '1077': ['1077', '1075', '1076', '1073', '1074'], '1133': ['1133']})"
40,"defaultdict(<class 'list'>, {'1040': ['1040', '1080', '1081', '1082', '1078'], '1079': ['1079'], '1095': ['1095'], '1084': ['1084', '1042', '1085', '1086', '1089', '1087', '1090', '1091', '1044'], '1096': ['1096'], '1136': ['1136'], '1138': ['1138', '1134'], '1041': ['1041', '1126', '1125', '1127', '1124'], '1128': ['1128', '1131', '1132', '1130', '1133'], '1129': ['1129'], '1032': ['1032', '1160', '1161', '1162'], '1052': ['1052', '1053', '1049', '1050', '1054'], '1063': ['1063'], '1051': ['1051'], '1055': ['1055'], '1057': ['1057', '1060', '1061', '1058', '1059', '1105', '1106', '1107', '1062'], '1071': ['1071'], '1147': ['1147', '1145', '1144', '1146', '1036', '1092', '1150', '1093', '1094', '1151', '1149', '1037'], '1148': ['1148', '1158', '1157', '1159', '1033', '1109', '1153', '1154', '1155', '1156', '1152'], '1066': ['1066', '1038', '1048', '1068', '1067'], '1056': ['1056', '1077', '1075', '1076', '1074'], '1072': ['1072'], '1101': ['1101', '1039', '1097', '1098', '1099', '1035', '1112', '1100', '1111'], '1102': ['1102', '1103', '1104', '1117', '1118'], '1113': ['1113'], '1108': ['1108'], '1110': ['1110'], '1114': ['1114', '1030', '1046', '1069', '1064', '1065', '1070', '1031', '1047'], '1034': ['1034'], '1083': ['1083'], '1043': ['1043', '1121', '1122', '1123', '1045'], '1088': ['1088', '1142', '1141', '1143', '1139'], '1115': ['1115'], '1073': ['1073'], '1116': ['1116'], '1135': ['1135'], '1137': ['1137'], '1140': ['1140'], '1119': ['1119'], '1120': ['1120']})"
40,"defaultdict(<class 'list'>, {'1040': ['1040'], '1080': ['1080', '1079', '1077', '1076', '1078'], '1081': ['1081', '1082', '1084', '1042', '1083'], '1095': ['1095'], '1096': ['1096', '1138', '1135', '1137', '1139', '1136', '1140'], '1041': ['1041', '1126', '1125', '1127', '1124', '1129', '1122', '1123', '1045', '1043', '1121', '1134'], '1128': ['1128'], '1131': ['1131', '1120', '1132', '1130', '1133'], '1032': ['1032', '1052', '1063', '1053', '1049'], '1160': ['1160', '1147', '1161', '1162', '1146'], '1051': ['1051', '1038', '1048', '1050', '1034'], '1055': ['1055'], '1057': ['1057', '1071', '1072', '1073', '1074', '1060', '1061', '1062'], '1148': ['1148', '1158', '1157', '1159', '1156'], '1066': ['1066', '1068', '1067'], '1056': ['1056'], '1033': ['1033', '1109', '1153', '1155', '1152'], '1101': ['1101', '1102', '1103', '1100'], '1105': ['1105', '1106', '1107', '1058', '1059', '1113', '1114'], '1154': ['1154'], '1108': ['1108', '1115', '1116', '1119'], '1110': ['1110'], '1104': ['1104'], '1054': ['1054'], '1039': ['1039', '1097', '1098', '1099', '1035', '1112', '1111', '1117', '1118'], '1030': ['1030'], '1046': ['1046'], '1069': ['1069', '1064', '1065', '1070', '1031'], '1047': ['1047'], '1085': ['1085'], '1086': ['1086', '1089', '1044', '1087', '1090'], '1036': ['1036'], '1092': ['1092'], '1150': ['1150'], '1093': ['1093', '1094', '1145', '1144', '1037'], '1151': ['1151'], '1149': ['1149'], '1088': ['1088', '1142', '1141', '1143'], '1091': ['1091'], '1075': ['1075']})"
40,"defaultdict(<class 'list'>, {'1040': ['1040', '1080', '1081', '1082', '1078', '1095', '1083'], '1079': ['1079', '1077', '1075', '1076', '1074'], '1084': ['1084', '1042', '1085', '1086', '1089', '1044', '1087', '1090', '1091'], '1096': ['1096', '1138', '1135', '1137', '1139', '1136', '1140'], '1041': ['1041'], '1126': ['1126', '1125', '1127', '1043', '1121', '1122', '1123', '1045', '1124'], '1128': ['1128', '1131', '1132', '1130', '1133'], '1129': ['1129'], '1032': ['1032', '1052', '1063', '1053', '1049', '1160', '1161', '1162', '1146'], '1051': ['1051', '1055', '1056', '1046', '1047'], '1057': ['1057', '1060', '1061', '1105', '1106', '1107', '1058', '1059', '1062'], '1071': ['1071', '1072', '1073'], '1147': ['1147', '1148', '1158', '1157', '1159', '1033', '1153', '1155', '1156'], '1066': ['1066'], '1101': ['1101'], '1109': ['1109'], '1102': ['1102'], '1103': ['1103'], '1113': ['1113'], '1154': ['1154', '1036', '1150', '1151', '1152'], '1108': ['1108'], '1110': ['1110'], '1104': ['1104'], '1114': ['1114'], '1038': ['1038', '1048', '1068', '1034', '1067'], '1050': ['1050'], '1054': ['1054'], '1039': ['1039', '1097', '1098', '1099', '1035'], '1112': ['1112'], '1100': ['1100'], '1111': ['1111'], '1030': ['1030'], '1069': ['1069', '1064', '1065', '1070', '1031'], '1092': ['1092'], '1093': ['1093', '1094', '1144', '1149', '1037'], '1145': ['1145'], '1088': ['1088', '1142', '1141', '1143'], '1115': ['1115'], '1117': ['1117', '1118', '1116', '1119', '1120'], '1134': ['1134']})"
40,"defaultdict(<class 'list'>, {'1040': ['1040', '1080', '1079', '1081', '1078'], '1095': ['1095'], '1082': ['1082'], '1084': ['1084'], '1096': ['1096', '1138', '1135', '1137', '1139'], '1136': ['1136'], '1041': ['1041', '1126', '1125', '1043', '1121', '1122', '1123', '1045', '1124', '1127', '1129', '1119'], '1128': ['1128', '1131', '1132', '1130', '1133', '1120', '1134'], '1032': ['1032', '1160', '1147', '1161', '1145', '1146', '1162'], '1052': ['1052', '1051', '1053', '1049', '1050'], '1063': ['1063', '1071', '1066', '1067'], '1055': ['1055'], '1057': ['1057', '1060', '1061', '1058', '1059', '1105', '1106', '1113', '1107'], '1148': ['1148', '1158', '1157', '1159', '1156'], '1056': ['1056'], '1072': ['1072', '1075', '1076', '1073', '1074'], '1033': ['1033', '1153', '1154', '1036', '1150', '1151', '1152', '1155'], '1101': ['1101', '1108', '1100'], '1109': ['1109'], '1102': ['1102'], '1103': ['1103', '1104'], '1110': ['1110', '1039', '1097', '1098', '1099', '1035', '1112', '1111', '1117'], '1114': ['1114', '1030', '1046', '1069', '1047', '1070', '1064', '1065', '1031'], '1038': ['1038'], '1048': ['1048'], '1054': ['1054'], '1068': ['1068'], '1034': ['1034'], '1042': ['1042'], '1083': ['1083'], '1085': ['1085'], '1086': ['1086', '1087', '1088', '1141', '1143', '1142'], '1089': ['1089', '1092', '1044', '1090', '1091'], '1093': ['1093', '1094', '1144', '1149', '1037'], '1115': ['1115'], '1062': ['1062'], '1077': ['1077'], '1118': ['1118'], '1116': ['1116'], '1140': ['1140']})"
40,"defaultdict(<class 'list'>, {'1040': ['1040', '1080', '1079', '1081', '1078'], '1095': ['1095'], '1082': ['1082'], '1084': ['1084', '1042', '1085', '1086', '1089', '1044', '1087', '1090', '1091'], '1096': ['1096', '1138', '1135', '1137', '1139'], '1136': ['1136'], '1041': ['1041'], '1126': ['1126', '1125', '1127', '1043', '1121', '1122', '1123', '1045', '1124'], '1128': ['1128', '1131', '1132', '1130', '1133', '1129', '1134'], '1032': ['1032', '1052', '1063', '1053', '1049', '1051', '1055', '1050', '1054'], '1160': ['1160'], '1057': ['1057'], '1060': ['1060', '1061', '1058', '1059', '1062'], '1071': ['1071'], '1147': ['1147', '1148', '1158', '1157', '1159'], '1161': ['1161'], '1066': ['1066'], '1056': ['1056'], '1072': ['1072'], '1162': ['1162'], '1033': ['1033', '1109', '1110', '1039', '1097', '1112', '1035', '1111'], '1101': ['1101', '1102', '1098', '1099', '1100'], '1153': ['1153', '1154', '1155', '1156', '1152'], '1103': ['1103'], '1105': ['1105', '1106', '1113', '1107', '1114'], '1108': ['1108'], '1104': ['1104'], '1038': ['1038', '1048', '1068', '1034', '1067'], '1030': ['1030'], '1046': ['1046'], '1069': ['1069', '1064', '1065', '1070', '1031'], '1047': ['1047'], '1083': ['1083'], '1036': ['1036'], '1092': ['1092', '1150', '1093', '1094', '1144', '1149', '1037', '1145', '1151'], '1088': ['1088', '1142', '1141', '1143', '1140'], '1115': ['1115'], '1077': ['1077', '1075', '1076', '1073', '1074'], '1117': ['1117', '1118', '1116', '1119', '1120'], '1146': ['1146']})"
41,"defaultdict(<class 'list'>, {'1040': ['1040', '1080', '1079', '1081', '1078', '1095', '1082', '1096', '1083'], '1084': ['1084', '1042', '1085', '1086', '1087'], '1136': ['1136'], '1138': ['1138', '1137', '1139'], '1041': ['1041', '1126', '1125', '1127', '1124'], '1128': ['1128', '1131', '1132', '1130', '1133'], '1129': ['1129'], '1032': ['1032', '1052', '1063', '1053', '1049', '1160', '1161', '1162', '1146'], '1051': ['1051', '1038', '1048', '1050', '1034'], '1055': ['1055'], '1057': ['1057', '1060', '1071', '1061', '1072'], '1147': ['1147'], '1148': ['1148', '1158', '1157', '1159', '1156', '1153', '1154', '1155', '1152'], '1066': ['1066', '1068', '1067'], '1056': ['1056'], '1033': ['1033', '1109', '1113', '1110', '1111'], '1101': ['1101'], '1102': ['1102', '1039', '1097', '1098', '1099', '1035', '1112', '1100', '1117'], '1103': ['1103'], '1105': ['1105', '1106', '1107', '1058', '1059'], '1108': ['1108'], '1104': ['1104'], '1114': ['1114', '1030', '1046', '1069', '1064', '1065', '1070', '1031', '1047'], '1054': ['1054'], '1089': ['1089', '1149', '1044', '1090', '1091'], '1043': ['1043', '1121', '1122', '1123', '1045'], '1036': ['1036'], '1092': ['1092'], '1150': ['1150'], '1093': ['1093', '1094', '1145', '1144', '1037'], '1151': ['1151'], '1088': ['1088', '1142', '1141', '1143', '1140'], '1115': ['1115'], '1062': ['1062'], '1077': ['1077', '1075', '1076', '1073', '1074'], '1118': ['1118'], '1116': ['1116'], '1135': ['1135'], '1119': ['1119'], '1120': ['1120'], '1134': ['1134']})"
41,"defaultdict(<class 'list'>, {'1040': ['1040', '1080', '1079', '1081', '1078', '1095', '1082', '1084', '1042', '1083', '1085', '1096'], '1136': ['1136', '1135', '1140'], '1138': ['1138'], '1041': ['1041', '1126', '1125', '1127', '1124'], '1128': ['1128', '1131', '1132', '1130', '1133'], '1129': ['1129'], '1032': ['1032', '1063', '1160', '1161', '1162'], '1052': ['1052', '1051', '1053', '1049', '1050'], '1055': ['1055'], '1057': ['1057', '1060', '1061', '1105', '1106', '1107', '1058', '1059', '1108'], '1071': ['1071'], '1147': ['1147', '1036', '1092', '1145', '1146'], '1148': ['1148', '1158', '1157', '1159', '1156'], '1066': ['1066'], '1056': ['1056'], '1072': ['1072'], '1033': ['1033', '1109', '1110', '1064', '1065'], '1101': ['1101', '1102', '1098', '1099', '1100', '1103', '1039', '1097', '1035'], '1153': ['1153', '1154', '1155', '1151', '1152'], '1113': ['1113'], '1104': ['1104', '1112', '1111', '1117'], '1114': ['1114', '1115', '1118', '1116', '1119'], '1038': ['1038', '1048', '1068', '1034', '1067'], '1054': ['1054'], '1030': ['1030', '1046', '1069', '1047', '1070'], '1031': ['1031'], '1086': ['1086', '1089', '1044', '1087', '1090'], '1043': ['1043', '1121', '1122', '1123', '1045'], '1150': ['1150'], '1093': ['1093', '1094', '1144', '1149', '1037'], '1088': ['1088', '1142', '1141', '1143', '1139'], '1091': ['1091'], '1062': ['1062'], '1077': ['1077'], '1075': ['1075'], '1076': ['1076'], '1073': ['1073'], '1074': ['1074'], '1137': ['1137'], '1120': ['1120'], '1134': ['1134']})"
41,"defaultdict(<class 'list'>, {'1040': ['1040', '1080', '1079', '1077', '1076', '1078'], '1081': ['1081', '1095', '1082', '1084', '1042', '1083', '1085', '1096'], '1136': ['1136', '1135', '1140'], '1138': ['1138'], '1041': ['1041', '1126', '1125', '1127', '1124', '1129', '1122', '1123', '1045', '1043', '1121'], '1128': ['1128', '1131', '1132', '1130', '1133'], '1032': ['1032', '1160', '1161', '1162', '1146', '1147', '1148', '1158', '1157', '1159', '1155', '1156'], '1052': ['1052', '1053', '1054'], '1063': ['1063'], '1051': ['1051', '1038', '1048', '1068', '1034', '1067', '1049', '1050'], '1055': ['1055'], '1057': ['1057', '1060', '1071', '1058', '1059'], '1066': ['1066', '1110', '1064', '1065', '1031'], '1056': ['1056'], '1061': ['1061', '1062', '1075', '1073', '1074'], '1072': ['1072'], '1033': ['1033', '1101', '1102', '1103', '1104', '1098', '1099', '1100'], '1109': ['1109'], '1153': ['1153'], '1105': ['1105'], '1106': ['1106'], '1113': ['1113'], '1154': ['1154'], '1108': ['1108'], '1107': ['1107'], '1114': ['1114', '1115', '1118', '1116', '1119'], '1039': ['1039', '1097', '1112', '1035', '1111'], '1030': ['1030', '1046', '1069', '1047', '1070'], '1086': ['1086', '1087', '1088', '1141', '1143', '1142'], '1089': ['1089', '1149', '1044', '1090', '1091'], '1036': ['1036'], '1092': ['1092'], '1150': ['1150'], '1093': ['1093', '1094', '1145', '1144', '1037'], '1151': ['1151'], '1117': ['1117'], '1152': ['1152'], '1137': ['1137'], '1139': ['1139'], '1120': ['1120'], '1134': ['1134']})"
41,"defaultdict(<class 'list'>, {'1040': ['1040', '1080', '1079', '1077', '1078'], '1081': ['1081', '1095', '1082', '1084', '1042', '1083', '1085', '1086', '1087'], '1096': ['1096', '1136', '1135', '1137', '1140', '1138', '1088', '1142', '1141', '1143', '1139'], '1041': ['1041'], '1126': ['1126', '1125', '1127', '1043', '1121', '1122', '1123', '1045', '1124'], '1128': ['1128', '1129', '1132', '1130', '1134', '1131', '1120', '1133'], '1032': ['1032', '1063', '1066', '1068', '1067'], '1052': ['1052'], '1160': ['1160', '1161', '1162', '1146', '1147', '1148', '1158', '1157', '1159', '1156', '1092', '1145'], '1051': ['1051', '1055', '1056', '1049', '1050'], '1057': ['1057', '1060', '1061', '1058', '1059'], '1071': ['1071'], '1053': ['1053', '1038', '1048', '1054', '1034'], '1072': ['1072', '1075', '1076', '1073', '1074'], '1033': ['1033'], '1101': ['1101'], '1109': ['1109'], '1153': ['1153'], '1102': ['1102'], '1103': ['1103'], '1105': ['1105'], '1106': ['1106'], '1113': ['1113'], '1154': ['1154', '1036', '1150', '1151', '1152'], '1155': ['1155'], '1108': ['1108', '1107', '1115', '1116', '1119'], '1110': ['1110'], '1104': ['1104', '1030', '1046', '1047', '1117'], '1114': ['1114'], '1039': ['1039', '1097', '1098', '1099', '1035'], '1112': ['1112'], '1100': ['1100'], '1111': ['1111'], '1069': ['1069', '1064', '1065', '1070', '1031'], '1089': ['1089'], '1093': ['1093', '1094', '1144', '1149', '1037'], '1044': ['1044'], '1090': ['1090'], '1091': ['1091'], '1062': ['1062'], '1118': ['1118']})"
41,"defaultdict(<class 'list'>, {'1040': ['1040', '1080', '1079', '1081', '1078', '1077', '1075', '1076', '1074'], '1095': ['1095'], '1082': ['1082', '1084', '1042', '1083', '1085'], '1096': ['1096', '1138', '1135', '1137', '1139'], '1136': ['1136'], '1041': ['1041', '1126', '1125', '1127', '1124'], '1128': ['1128', '1129', '1132', '1130', '1134', '1131', '1133'], '1032': ['1032', '1160', '1161', '1162', '1146', '1147', '1148', '1158', '1157', '1159', '1156', '1145'], '1052': ['1052'], '1063': ['1063'], '1051': ['1051', '1055', '1056', '1049', '1050'], '1057': ['1057', '1060', '1071', '1061', '1105', '1106', '1107', '1058', '1059'], '1053': ['1053', '1054', '1062'], '1066': ['1066'], '1072': ['1072', '1070', '1073'], '1033': ['1033', '1109', '1153', '1155', '1152'], '1101': ['1101', '1102', '1098', '1099', '1100', '1103', '1108'], '1113': ['1113', '1114', '1115'], '1154': ['1154'], '1110': ['1110'], '1104': ['1104'], '1038': ['1038', '1048', '1068', '1034', '1067'], '1039': ['1039', '1097', '1112', '1035', '1111'], '1030': ['1030', '1046', '1069', '1047', '1031'], '1064': ['1064'], '1065': ['1065'], '1086': ['1086'], '1089': ['1089'], '1043': ['1043'], '1121': ['1121'], '1122': ['1122'], '1123': ['1123'], '1036': ['1036', '1092', '1150', '1151', '1149'], '1093': ['1093', '1094', '1144', '1037'], '1044': ['1044'], '1087': ['1087'], '1088': ['1088', '1142', '1141', '1143', '1140'], '1090': ['1090'], '1091': ['1091'], '1045': ['1045'], '1117': ['1117', '1118', '1116', '1119', '1120']})"
41,"defaultdict(<class 'list'>, {'1040': ['1040', '1080', '1081', '1082', '1084', '1042', '1083', '1085', '1078'], '1079': ['1079', '1038', '1048', '1068', '1034', '1067', '1077', '1076'], '1095': ['1095'], '1096': ['1096', '1136', '1135', '1137', '1140', '1138', '1088', '1142', '1141', '1143', '1139'], '1041': ['1041'], '1126': ['1126', '1125', '1127', '1043', '1121', '1122', '1123', '1045', '1124'], '1128': ['1128', '1131', '1132', '1130', '1133'], '1129': ['1129'], '1032': ['1032'], '1052': ['1052', '1053', '1049', '1050', '1054'], '1063': ['1063'], '1160': ['1160'], '1051': ['1051'], '1055': ['1055'], '1057': ['1057', '1060', '1071', '1058', '1059'], '1147': ['1147', '1036', '1092', '1145', '1146'], '1148': ['1148', '1158', '1157', '1159', '1156', '1153', '1154', '1155', '1152'], '1161': ['1161'], '1066': ['1066'], '1056': ['1056'], '1061': ['1061', '1062', '1075', '1073', '1074'], '1072': ['1072'], '1162': ['1162'], '1033': ['1033', '1101', '1098', '1099', '1100'], '1109': ['1109', '1105', '1106', '1113', '1107'], '1102': ['1102', '1103', '1104', '1117', '1118'], '1108': ['1108'], '1110': ['1110'], '1114': ['1114', '1030', '1046', '1069', '1064', '1065', '1070', '1031', '1047'], '1039': ['1039'], '1097': ['1097'], '1112': ['1112'], '1035': ['1035'], '1111': ['1111'], '1086': ['1086', '1089', '1044', '1087', '1090'], '1150': ['1150'], '1093': ['1093', '1094', '1151', '1149', '1037'], '1144': ['1144'], '1091': ['1091'], '1115': ['1115', '1116', '1119', '1120'], '1134': ['1134']})"
41,"defaultdict(<class 'list'>, {'1040': ['1040', '1080', '1081', '1082', '1083'], '1079': ['1079', '1077', '1075', '1076', '1074'], '1095': ['1095'], '1084': ['1084', '1042', '1085', '1086', '1089', '1044', '1087', '1090', '1091', '1088'], '1096': ['1096', '1138', '1135', '1137', '1139'], '1136': ['1136'], '1041': ['1041', '1126', '1125', '1127', '1124'], '1128': ['1128', '1129', '1132', '1130', '1134'], '1131': ['1131'], '1032': ['1032', '1063', '1160', '1147', '1148', '1158', '1157', '1159', '1156', '1161', '1162', '1146'], '1052': ['1052', '1053', '1049', '1050', '1054', '1051', '1055', '1062'], '1057': ['1057', '1060', '1061', '1058', '1059'], '1071': ['1071'], '1066': ['1066'], '1056': ['1056'], '1072': ['1072'], '1033': ['1033', '1153', '1154', '1155', '1152'], '1101': ['1101', '1102', '1098', '1099', '1100'], '1109': ['1109'], '1103': ['1103'], '1105': ['1105', '1106', '1113', '1107', '1114'], '1108': ['1108'], '1110': ['1110', '1111', '1064', '1065', '1031', '1039', '1097', '1112', '1035'], '1104': ['1104', '1030', '1046', '1069', '1047', '1070'], '1038': ['1038', '1048', '1068', '1034', '1067'], '1043': ['1043', '1121', '1122', '1123', '1045'], '1036': ['1036'], '1092': ['1092'], '1150': ['1150'], '1093': ['1093', '1094', '1144', '1149', '1037'], '1145': ['1145'], '1151': ['1151'], '1142': ['1142'], '1141': ['1141'], '1143': ['1143'], '1115': ['1115', '1118', '1116', '1119', '1120'], '1117': ['1117'], '1073': ['1073'], '1078': ['1078'], '1140': ['1140'], '1133': ['1133']})"
41,"defaultdict(<class 'list'>, {'1040': ['1040', '1080', '1081', '1078'], '1079': ['1079'], '1095': ['1095'], '1082': ['1082', '1084', '1042', '1083', '1085'], '1096': ['1096', '1138', '1135', '1137', '1139'], '1136': ['1136'], '1041': ['1041', '1126', '1125', '1127', '1124', '1129', '1043', '1121', '1122', '1123', '1045', '1119'], '1128': ['1128', '1131', '1132', '1130', '1133'], '1032': ['1032', '1160', '1161', '1162', '1146'], '1052': ['1052', '1053', '1049', '1050', '1054'], '1063': ['1063', '1057', '1060', '1071', '1061'], '1051': ['1051'], '1055': ['1055'], '1147': ['1147'], '1148': ['1148', '1158', '1157', '1159', '1156'], '1066': ['1066', '1038', '1048', '1068', '1034', '1067', '1064', '1065', '1031'], '1056': ['1056'], '1072': ['1072', '1114', '1070'], '1033': ['1033', '1109', '1113', '1110', '1111'], '1101': ['1101', '1102', '1098', '1099', '1100', '1103', '1039', '1097', '1035'], '1153': ['1153', '1154', '1155', '1151', '1152'], '1105': ['1105'], '1106': ['1106'], '1108': ['1108'], '1104': ['1104', '1030', '1046', '1047', '1117'], '1107': ['1107'], '1112': ['1112'], '1069': ['1069'], '1058': ['1058'], '1059': ['1059'], '1086': ['1086', '1087', '1088', '1141', '1143', '1089', '1044', '1090', '1142'], '1036': ['1036', '1092', '1150', '1093', '1094', '1144', '1149', '1037', '1145'], '1091': ['1091'], '1115': ['1115'], '1062': ['1062'], '1077': ['1077', '1075', '1076', '1073', '1074'], '1118': ['1118'], '1116': ['1116'], '1140': ['1140'], '1120': ['1120'], '1134': ['1134']})"
41,"defaultdict(<class 'list'>, {'1040': ['1040', '1080', '1079', '1077', '1076', '1078', '1081'], '1095': ['1095'], '1082': ['1082', '1084', '1042', '1083', '1085'], '1096': ['1096', '1138', '1135', '1137', '1139'], '1136': ['1136'], '1041': ['1041', '1126', '1125', '1127', '1124'], '1128': ['1128', '1131', '1132', '1130', '1133', '1129', '1120', '1134'], '1032': ['1032', '1052', '1053', '1049', '1050', '1054', '1063', '1051', '1055'], '1160': ['1160'], '1057': ['1057', '1060', '1061', '1105', '1106', '1107', '1058', '1059', '1113'], '1071': ['1071'], '1147': ['1147'], '1148': ['1148'], '1158': ['1158', '1157', '1159', '1033', '1153', '1154', '1155', '1152', '1156'], '1161': ['1161'], '1066': ['1066', '1110', '1064', '1065', '1031'], '1056': ['1056', '1104', '1030', '1046', '1047'], '1072': ['1072'], '1162': ['1162'], '1101': ['1101', '1102', '1098', '1099', '1100'], '1109': ['1109'], '1103': ['1103'], '1108': ['1108', '1115', '1118', '1116', '1119'], '1114': ['1114'], '1038': ['1038', '1048', '1068', '1034', '1067'], '1039': ['1039', '1097', '1112', '1035', '1111'], '1069': ['1069'], '1070': ['1070'], '1086': ['1086', '1089', '1044', '1087', '1090'], '1043': ['1043', '1121', '1122', '1123', '1045'], '1036': ['1036'], '1092': ['1092', '1150', '1093', '1094', '1151', '1149', '1037', '1145', '1144'], '1088': ['1088', '1142', '1141', '1143'], '1091': ['1091'], '1062': ['1062'], '1117': ['1117'], '1146': ['1146'], '1075': ['1075'], '1073': ['1073'], '1074': ['1074'], '1140': ['1140']})"
41,"defaultdict(<class 'list'>, {'1040': ['1040', '1080', '1079', '1038', '1048', '1068', '1034', '1067', '1077', '1076', '1078', '1081'], '1095': ['1095'], '1082': ['1082', '1084', '1042', '1083', '1085'], '1096': ['1096'], '1136': ['1136'], '1138': ['1138'], '1041': ['1041', '1126', '1125', '1043', '1121', '1122', '1123', '1045', '1124'], '1127': ['1127'], '1128': ['1128', '1131', '1132', '1130', '1133'], '1129': ['1129'], '1032': ['1032', '1052', '1063', '1053', '1049', '1160', '1146'], '1051': ['1051', '1055', '1056', '1050'], '1057': ['1057', '1060', '1061', '1105', '1106', '1107', '1058', '1059', '1113'], '1071': ['1071'], '1147': ['1147', '1148', '1158', '1157', '1159', '1156', '1161', '1033', '1153', '1154', '1155', '1152'], '1066': ['1066'], '1072': ['1072'], '1162': ['1162'], '1101': ['1101', '1102', '1103', '1039', '1097', '1098', '1099', '1035', '1100'], '1109': ['1109'], '1108': ['1108'], '1110': ['1110'], '1104': ['1104'], '1114': ['1114', '1030', '1046', '1069', '1064', '1065', '1070', '1031', '1047'], '1054': ['1054'], '1112': ['1112', '1111', '1117', '1118', '1119'], '1086': ['1086', '1089', '1044', '1087', '1090', '1088', '1142', '1091'], '1036': ['1036', '1092', '1150', '1151', '1149', '1093', '1094', '1144', '1037', '1143', '1145'], '1141': ['1141'], '1115': ['1115'], '1062': ['1062'], '1075': ['1075'], '1073': ['1073'], '1074': ['1074'], '1116': ['1116'], '1135': ['1135'], '1137': ['1137'], '1140': ['1140'], '1139': ['1139'], '1120': ['1120'], '1134': ['1134']})"
41,"defaultdict(<class 'list'>, {'1040': ['1040'], '1080': ['1080'], '1079': ['1079', '1077', '1075', '1076', '1074'], '1081': ['1081'], '1095': ['1095', '1082', '1084', '1083', '1085'], '1096': ['1096', '1138', '1135', '1137', '1139', '1136', '1088', '1142', '1141', '1143', '1140'], '1041': ['1041'], '1126': ['1126'], '1125': ['1125'], '1127': ['1127'], '1128': ['1128', '1129', '1132', '1130', '1134'], '1131': ['1131', '1133'], '1032': ['1032', '1052', '1063', '1053', '1049'], '1160': ['1160', '1147', '1161', '1145', '1146', '1162'], '1051': ['1051', '1055', '1056', '1050'], '1057': ['1057', '1060', '1061', '1058', '1059'], '1071': ['1071'], '1148': ['1148', '1158', '1157', '1159', '1156'], '1066': ['1066'], '1072': ['1072'], '1033': ['1033', '1109', '1153', '1155', '1152'], '1101': ['1101', '1102', '1098', '1099', '1100'], '1103': ['1103'], '1105': ['1105', '1106', '1113', '1107', '1114'], '1154': ['1154'], '1108': ['1108'], '1110': ['1110'], '1104': ['1104', '1030', '1046', '1047', '1117'], '1038': ['1038', '1048', '1068', '1034', '1067'], '1054': ['1054'], '1039': ['1039', '1097', '1112', '1035', '1111'], '1069': ['1069', '1064', '1065', '1070', '1031'], '1042': ['1042'], '1086': ['1086', '1089', '1044', '1087', '1090'], '1043': ['1043', '1121', '1122', '1123', '1045'], '1124': ['1124'], '1036': ['1036', '1092', '1150', '1093', '1094', '1144', '1149', '1037', '1151', '1091'], '1115': ['1115', '1118', '1116', '1119', '1120'], '1062': ['1062'], '1073': ['1073'], '1078': ['1078']})"
41,"defaultdict(<class 'list'>, {'1040': ['1040', '1080', '1079', '1081', '1078'], '1095': ['1095'], '1082': ['1082', '1084', '1042', '1083', '1085'], '1096': ['1096', '1136', '1135', '1137', '1140'], '1138': ['1138'], '1041': ['1041', '1126', '1125', '1127', '1124', '1129', '1043', '1121', '1122', '1123', '1045'], '1128': ['1128', '1131', '1132', '1130', '1133'], '1032': ['1032', '1160', '1161', '1162', '1146'], '1052': ['1052'], '1063': ['1063'], '1051': ['1051'], '1055': ['1055'], '1057': ['1057', '1060', '1061', '1105', '1106', '1107', '1058', '1059', '1113'], '1071': ['1071'], '1147': ['1147', '1148', '1158', '1157', '1159', '1156', '1033', '1153', '1154', '1155', '1152', '1109'], '1053': ['1053'], '1066': ['1066', '1067', '1064', '1065', '1031', '1110'], '1056': ['1056'], '1072': ['1072'], '1101': ['1101'], '1102': ['1102', '1103', '1104', '1117', '1118', '1039', '1097', '1098', '1099', '1035', '1112', '1111'], '1108': ['1108', '1115', '1116', '1119'], '1114': ['1114'], '1038': ['1038'], '1048': ['1048'], '1049': ['1049'], '1050': ['1050'], '1054': ['1054'], '1068': ['1068', '1077', '1075', '1076', '1074'], '1100': ['1100'], '1034': ['1034'], '1030': ['1030', '1046', '1069', '1047', '1070'], '1086': ['1086', '1089', '1044', '1087', '1090'], '1036': ['1036', '1092', '1150', '1093', '1094', '1151', '1149', '1037', '1144'], '1145': ['1145'], '1088': ['1088', '1142', '1141', '1143', '1139'], '1091': ['1091'], '1062': ['1062'], '1073': ['1073'], '1120': ['1120'], '1134': ['1134']})"
41,"defaultdict(<class 'list'>, {'1040': ['1040', '1080', '1079', '1081', '1078', '1095', '1082', '1084', '1042', '1083', '1085', '1086'], '1096': ['1096', '1138', '1135', '1137', '1139', '1136', '1088', '1142', '1141', '1143', '1140'], '1041': ['1041'], '1126': ['1126', '1125', '1127', '1043', '1121', '1122', '1123', '1045', '1124'], '1128': ['1128'], '1129': ['1129'], '1131': ['1131'], '1032': ['1032', '1063', '1160', '1161', '1162'], '1052': ['1052', '1051', '1053', '1049', '1050'], '1055': ['1055'], '1057': ['1057', '1060', '1071', '1061', '1105', '1106', '1107', '1058', '1059'], '1147': ['1147'], '1148': ['1148', '1158', '1157', '1159', '1156'], '1066': ['1066', '1110', '1064', '1065', '1031'], '1056': ['1056', '1077', '1075', '1076', '1074'], '1072': ['1072', '1062', '1073'], '1033': ['1033', '1101', '1102', '1103', '1039', '1097', '1098', '1099', '1035', '1112', '1111', '1100'], '1109': ['1109'], '1153': ['1153'], '1113': ['1113', '1114', '1115'], '1154': ['1154', '1036', '1150', '1151', '1152'], '1155': ['1155'], '1108': ['1108'], '1104': ['1104'], '1038': ['1038', '1048', '1068', '1034', '1067'], '1054': ['1054'], '1030': ['1030', '1046', '1069', '1047', '1070'], '1089': ['1089', '1149', '1044', '1090', '1091'], '1092': ['1092'], '1093': ['1093'], '1094': ['1094'], '1145': ['1145'], '1144': ['1144'], '1037': ['1037'], '1087': ['1087'], '1117': ['1117', '1118', '1116', '1119', '1120'], '1146': ['1146'], '1132': ['1132'], '1130': ['1130'], '1134': ['1134'], '1133': ['1133']})"
41,"defaultdict(<class 'list'>, {'1040': ['1040', '1080', '1079', '1081', '1078'], '1095': ['1095'], '1082': ['1082', '1084', '1042', '1085', '1086', '1087', '1083', '1089', '1044'], '1096': ['1096', '1138', '1135', '1137', '1139'], '1136': ['1136'], '1041': ['1041', '1126', '1125', '1127', '1124', '1131', '1043', '1121', '1122', '1123', '1045', '1133'], '1128': ['1128'], '1129': ['1129'], '1032': ['1032', '1063', '1160', '1161', '1162', '1147', '1148', '1158', '1157', '1159', '1156', '1146'], '1052': ['1052'], '1051': ['1051', '1055', '1056', '1049', '1050'], '1057': ['1057', '1060', '1061', '1058', '1059', '1105', '1106', '1113', '1107'], '1071': ['1071', '1072', '1073', '1074'], '1053': ['1053', '1038', '1048', '1054', '1034'], '1066': ['1066', '1068', '1067', '1077', '1076'], '1033': ['1033', '1153', '1154', '1155', '1152'], '1101': ['1101', '1102', '1098', '1099', '1100', '1103', '1039', '1097', '1035'], '1109': ['1109'], '1108': ['1108'], '1110': ['1110'], '1104': ['1104', '1030', '1046', '1047'], '1114': ['1114'], '1112': ['1112'], '1111': ['1111'], '1069': ['1069', '1064', '1065', '1070', '1031'], '1036': ['1036'], '1092': ['1092', '1150', '1093', '1094', '1144', '1149', '1037', '1145', '1151'], '1088': ['1088'], '1090': ['1090'], '1142': ['1142'], '1141': ['1141'], '1091': ['1091'], '1143': ['1143'], '1115': ['1115'], '1062': ['1062'], '1117': ['1117', '1118', '1116', '1119', '1120'], '1075': ['1075'], '1140': ['1140'], '1132': ['1132'], '1130': ['1130'], '1134': ['1134']})"
41,"defaultdict(<class 'list'>, {'1040': ['1040', '1080', '1081', '1082', '1078', '1079', '1095', '1096', '1083'], '1084': ['1084', '1042', '1085', '1086', '1087'], '1136': ['1136', '1133'], '1138': ['1138', '1137', '1139'], '1041': ['1041', '1126', '1125', '1127', '1131', '1124', '1128', '1043', '1121', '1122', '1123', '1045'], '1129': ['1129'], '1032': ['1032', '1160', '1161', '1162', '1146'], '1052': ['1052', '1051', '1053', '1049', '1050', '1054'], '1063': ['1063', '1057', '1060', '1071', '1061'], '1055': ['1055', '1056', '1075', '1076', '1074'], '1147': ['1147'], '1148': ['1148', '1158', '1157', '1159', '1153', '1154', '1155', '1156', '1152'], '1066': ['1066'], '1072': ['1072'], '1033': ['1033'], '1101': ['1101', '1102', '1098', '1099', '1100'], '1109': ['1109'], '1103': ['1103'], '1105': ['1105', '1106', '1113', '1107', '1114', '1108', '1058', '1059', '1115'], '1110': ['1110', '1111', '1064', '1065', '1031', '1030', '1046', '1069', '1047', '1070'], '1104': ['1104'], '1038': ['1038', '1048', '1068', '1034', '1067'], '1039': ['1039'], '1097': ['1097'], '1112': ['1112'], '1035': ['1035'], '1089': ['1089'], '1036': ['1036', '1092', '1150', '1151'], '1093': ['1093', '1094', '1145', '1144', '1037'], '1149': ['1149'], '1044': ['1044'], '1088': ['1088', '1142', '1141', '1143', '1140'], '1090': ['1090'], '1091': ['1091'], '1062': ['1062'], '1077': ['1077'], '1117': ['1117', '1118', '1116', '1119', '1120'], '1073': ['1073'], '1135': ['1135', '1134'], '1132': ['1132'], '1130': ['1130']})"
41,"defaultdict(<class 'list'>, {'1040': ['1040', '1080', '1079', '1081', '1078'], '1095': ['1095'], '1082': ['1082'], '1084': ['1084'], '1096': ['1096', '1138', '1135', '1137', '1139'], '1136': ['1136'], '1041': ['1041', '1126', '1125', '1043', '1121', '1122', '1123', '1045', '1124', '1127', '1129', '1119'], '1128': ['1128', '1131', '1132', '1130', '1133', '1120', '1134'], '1032': ['1032', '1160', '1147', '1161', '1145', '1146', '1162'], '1052': ['1052', '1051', '1053', '1049', '1050'], '1063': ['1063', '1071', '1066', '1067'], '1055': ['1055'], '1057': ['1057', '1060', '1061', '1058', '1059', '1105', '1106', '1113', '1107'], '1148': ['1148', '1158', '1157', '1159', '1156'], '1056': ['1056'], '1072': ['1072', '1075', '1076', '1073', '1074'], '1033': ['1033', '1153', '1154', '1036', '1150', '1151', '1152', '1155'], '1101': ['1101', '1108', '1100'], '1109': ['1109'], '1102': ['1102'], '1103': ['1103', '1104'], '1110': ['1110', '1039', '1097', '1098', '1099', '1035', '1112', '1111', '1117'], '1114': ['1114', '1030', '1046', '1069', '1047', '1070', '1064', '1065', '1031'], '1038': ['1038'], '1048': ['1048'], '1054': ['1054'], '1068': ['1068'], '1034': ['1034'], '1042': ['1042'], '1083': ['1083'], '1085': ['1085'], '1086': ['1086', '1087', '1088', '1141', '1143'], '1089': ['1089', '1092', '1044', '1090', '1091'], '1093': ['1093', '1094', '1144', '1149', '1037'], '1142': ['1142'], '1115': ['1115'], '1062': ['1062'], '1077': ['1077'], '1118': ['1118'], '1116': ['1116'], '1140': ['1140']})"
42,"defaultdict(<class 'list'>, {'1040': ['1040', '1080', '1081', '1078'], '1079': ['1079', '1077', '1075', '1076', '1074'], '1095': ['1095'], '1082': ['1082', '1084', '1042', '1085', '1086', '1087', '1083', '1089', '1044'], '1096': ['1096', '1138', '1135', '1137', '1139'], '1136': ['1136'], '1041': ['1041', '1126', '1125', '1127', '1124'], '1128': ['1128', '1131', '1132', '1130', '1133'], '1129': ['1129'], '1032': ['1032', '1160', '1161', '1162', '1146'], '1052': ['1052'], '1063': ['1063', '1066', '1038', '1048', '1068', '1034', '1067'], '1051': ['1051', '1055', '1056', '1049', '1050'], '1057': ['1057', '1060', '1061', '1062', '1073', '1071', '1072'], '1147': ['1147'], '1148': ['1148', '1158', '1157', '1159', '1156'], '1053': ['1053'], '1033': ['1033'], '1101': ['1101', '1102', '1098', '1099', '1100'], '1109': ['1109'], '1153': ['1153'], '1103': ['1103', '1104', '1030', '1046', '1047'], '1105': ['1105', '1106', '1107', '1058', '1059'], '1113': ['1113'], '1154': ['1154'], '1155': ['1155'], '1108': ['1108'], '1110': ['1110', '1111', '1064', '1065', '1031'], '1114': ['1114'], '1054': ['1054'], '1039': ['1039', '1097', '1112', '1035', '1117'], '1069': ['1069'], '1070': ['1070'], '1043': ['1043', '1121', '1122', '1123', '1045'], '1036': ['1036', '1092', '1150', '1093', '1094', '1151', '1149', '1037', '1144'], '1145': ['1145'], '1088': ['1088', '1142', '1141', '1143', '1140'], '1090': ['1090'], '1091': ['1091'], '1115': ['1115', '1118', '1116', '1119', '1120'], '1152': ['1152'], '1134': ['1134']})"
42,"defaultdict(<class 'list'>, {'1040': ['1040', '1080', '1079', '1081', '1078', '1095', '1082', '1084', '1042', '1083', '1085', '1077'], '1096': ['1096', '1138', '1135', '1137', '1139'], '1136': ['1136'], '1041': ['1041'], '1126': ['1126', '1125', '1127', '1043', '1121', '1122', '1123', '1045', '1124'], '1128': ['1128', '1131', '1132', '1130', '1133', '1129', '1120', '1134'], '1032': ['1032', '1052', '1053', '1038', '1048', '1054', '1034', '1049', '1050', '1068'], '1063': ['1063', '1057', '1071', '1072'], '1160': ['1160', '1147', '1161', '1162', '1146'], '1051': ['1051', '1055', '1056', '1046', '1047'], '1060': ['1060'], '1148': ['1148', '1158', '1157', '1159', '1156'], '1066': ['1066', '1067', '1064', '1065', '1031'], '1061': ['1061', '1062', '1075', '1073', '1074'], '1033': ['1033', '1153', '1154', '1155', '1152'], '1101': ['1101'], '1109': ['1109'], '1102': ['1102', '1039', '1097', '1098', '1099', '1035', '1112', '1100', '1111'], '1103': ['1103'], '1105': ['1105'], '1106': ['1106'], '1113': ['1113'], '1108': ['1108'], '1110': ['1110'], '1104': ['1104'], '1107': ['1107'], '1114': ['1114', '1115', '1118', '1116', '1119'], '1030': ['1030', '1069', '1070'], '1058': ['1058'], '1059': ['1059'], '1086': ['1086', '1089', '1044', '1087', '1090'], '1036': ['1036'], '1092': ['1092'], '1150': ['1150'], '1093': ['1093', '1094', '1151', '1149', '1037'], '1145': ['1145'], '1144': ['1144'], '1088': ['1088', '1142', '1141', '1143'], '1091': ['1091'], '1117': ['1117'], '1076': ['1076'], '1140': ['1140']})"
42,"defaultdict(<class 'list'>, {'1040': ['1040', '1080', '1038', '1048', '1068', '1034', '1067', '1077', '1078'], '1079': ['1079', '1081', '1095', '1082', '1084', '1042', '1083', '1085'], '1096': ['1096', '1136', '1135', '1137', '1140', '1138', '1088', '1142', '1141', '1143', '1139'], '1041': ['1041', '1126', '1125', '1127', '1124', '1129', '1122', '1123', '1045', '1043', '1121', '1134'], '1128': ['1128'], '1131': ['1131'], '1032': ['1032', '1160', '1161', '1162', '1146'], '1052': ['1052', '1051', '1053', '1049', '1050'], '1063': ['1063', '1057', '1060', '1071', '1061'], '1055': ['1055'], '1147': ['1147', '1036', '1092', '1150', '1093', '1094', '1151', '1149', '1037', '1145', '1144', '1091'], '1148': ['1148', '1158', '1157', '1159', '1153', '1154', '1155', '1156', '1152'], '1066': ['1066'], '1056': ['1056'], '1072': ['1072', '1075', '1076', '1073', '1074'], '1033': ['1033'], '1101': ['1101'], '1109': ['1109'], '1102': ['1102'], '1103': ['1103'], '1105': ['1105', '1106', '1107', '1058', '1059'], '1113': ['1113'], '1108': ['1108'], '1110': ['1110'], '1104': ['1104'], '1114': ['1114'], '1054': ['1054'], '1039': ['1039', '1097', '1112', '1035', '1111', '1098', '1099', '1117', '1118'], '1100': ['1100'], '1030': ['1030'], '1046': ['1046'], '1069': ['1069', '1064', '1065', '1070', '1031'], '1047': ['1047'], '1086': ['1086', '1089', '1044', '1087', '1090'], '1115': ['1115'], '1062': ['1062'], '1116': ['1116'], '1119': ['1119'], '1120': ['1120'], '1132': ['1132'], '1130': ['1130'], '1133': ['1133']})"
42,"defaultdict(<class 'list'>, {'1040': ['1040', '1080', '1079', '1081', '1078', '1095', '1082', '1084', '1042', '1083', '1085', '1096'], '1136': ['1136'], '1138': ['1138'], '1041': ['1041', '1126', '1125', '1127', '1128', '1124', '1122', '1123', '1045', '1043', '1121', '1132'], '1129': ['1129'], '1131': ['1131'], '1032': ['1032', '1160', '1161', '1162', '1146'], '1052': ['1052', '1053'], '1063': ['1063', '1071', '1072'], '1051': ['1051', '1055', '1056', '1049', '1050'], '1057': ['1057', '1060', '1061', '1058', '1059'], '1147': ['1147', '1148', '1158', '1157', '1159', '1156', '1033', '1153', '1154', '1155', '1152', '1109'], '1066': ['1066'], '1101': ['1101', '1102', '1098', '1099', '1100'], '1103': ['1103'], '1105': ['1105'], '1106': ['1106'], '1113': ['1113'], '1108': ['1108'], '1110': ['1110'], '1104': ['1104'], '1107': ['1107'], '1114': ['1114', '1030', '1046', '1069', '1064', '1065', '1070', '1031', '1047'], '1038': ['1038', '1048', '1068', '1034', '1067'], '1054': ['1054', '1062'], '1039': ['1039', '1097', '1112', '1035', '1111'], '1086': ['1086', '1089', '1044', '1087', '1090'], '1036': ['1036', '1092', '1145', '1144', '1150', '1093', '1094', '1151', '1149', '1037', '1091'], '1088': ['1088', '1142', '1141', '1143', '1140'], '1115': ['1115'], '1077': ['1077', '1075', '1076', '1073', '1074'], '1117': ['1117'], '1118': ['1118'], '1116': ['1116'], '1135': ['1135'], '1137': ['1137'], '1139': ['1139'], '1119': ['1119'], '1120': ['1120'], '1130': ['1130'], '1134': ['1134'], '1133': ['1133']})"
42,"defaultdict(<class 'list'>, {'1040': ['1040', '1080', '1079', '1081', '1078', '1038', '1048', '1068', '1034', '1067', '1077'], '1095': ['1095', '1082', '1084', '1083', '1085'], '1096': ['1096', '1138', '1135', '1137', '1139'], '1136': ['1136'], '1041': ['1041'], '1126': ['1126', '1125', '1127', '1043', '1121', '1122', '1123', '1045', '1124'], '1128': ['1128', '1129', '1132', '1130', '1134'], '1131': ['1131'], '1032': ['1032', '1160', '1161', '1162', '1146'], '1052': ['1052', '1053', '1049', '1050', '1054', '1051', '1055', '1062'], '1063': ['1063', '1066', '1064', '1065', '1031'], '1057': ['1057', '1060', '1061', '1058', '1059'], '1071': ['1071'], '1147': ['1147', '1148', '1158', '1157', '1159', '1156', '1154', '1155'], '1056': ['1056'], '1072': ['1072', '1075', '1076', '1073', '1074'], '1033': ['1033', '1101', '1109', '1153', '1100'], '1102': ['1102', '1103', '1104', '1117', '1118'], '1105': ['1105'], '1106': ['1106'], '1113': ['1113'], '1108': ['1108'], '1110': ['1110'], '1107': ['1107'], '1114': ['1114'], '1039': ['1039', '1097', '1112', '1035', '1111'], '1098': ['1098'], '1099': ['1099'], '1030': ['1030', '1046', '1069', '1047', '1070'], '1042': ['1042'], '1086': ['1086', '1087', '1088', '1141', '1143'], '1089': ['1089', '1092', '1044', '1090', '1091', '1036'], '1150': ['1150', '1093', '1094', '1144', '1149', '1037', '1151'], '1145': ['1145'], '1142': ['1142'], '1115': ['1115'], '1152': ['1152'], '1116': ['1116'], '1140': ['1140'], '1119': ['1119'], '1120': ['1120'], '1133': ['1133']})"
42,"defaultdict(<class 'list'>, {'1040': ['1040', '1080', '1079', '1081', '1078'], '1095': ['1095', '1082', '1084', '1083', '1085', '1042', '1086', '1089', '1044', '1087', '1090', '1091'], '1096': ['1096', '1138', '1135', '1137', '1139', '1136', '1088', '1142', '1141', '1143', '1140'], '1041': ['1041', '1126', '1125', '1127', '1124'], '1128': ['1128', '1131', '1132', '1130', '1133', '1129', '1120', '1134'], '1032': ['1032', '1160', '1161', '1162', '1146'], '1052': ['1052', '1051', '1053', '1038', '1048', '1054', '1034', '1049', '1050', '1055', '1056'], '1063': ['1063', '1057', '1071', '1066', '1067'], '1060': ['1060'], '1147': ['1147'], '1148': ['1148', '1158', '1157', '1159', '1156'], '1061': ['1061', '1062', '1075', '1073', '1074', '1076'], '1072': ['1072'], '1033': ['1033'], '1101': ['1101', '1102', '1098', '1099', '1100'], '1109': ['1109'], '1153': ['1153'], '1103': ['1103', '1104', '1030', '1046', '1047'], '1105': ['1105', '1106', '1107', '1058', '1059'], '1113': ['1113'], '1154': ['1154'], '1155': ['1155'], '1108': ['1108'], '1110': ['1110', '1039', '1097', '1112', '1111'], '1114': ['1114'], '1068': ['1068'], '1035': ['1035'], '1069': ['1069', '1064', '1065', '1070', '1031'], '1043': ['1043', '1121', '1122', '1123', '1045'], '1036': ['1036'], '1092': ['1092'], '1150': ['1150'], '1093': ['1093'], '1094': ['1094'], '1145': ['1145'], '1151': ['1151'], '1144': ['1144'], '1149': ['1149'], '1037': ['1037'], '1115': ['1115', '1117', '1118', '1116', '1119'], '1077': ['1077'], '1152': ['1152']})"
42,"defaultdict(<class 'list'>, {'1040': ['1040', '1080', '1079', '1081', '1078'], '1095': ['1095'], '1082': ['1082', '1084', '1042', '1083', '1085'], '1096': ['1096', '1138', '1135', '1137', '1139'], '1136': ['1136'], '1041': ['1041'], '1126': ['1126'], '1125': ['1125'], '1127': ['1127'], '1128': ['1128', '1131', '1132', '1130', '1133', '1129', '1134'], '1032': ['1032', '1160', '1161', '1162'], '1052': ['1052', '1051', '1053', '1049', '1050'], '1063': ['1063'], '1055': ['1055'], '1057': ['1057', '1060', '1071', '1061', '1072'], '1147': ['1147', '1036', '1092', '1145', '1146', '1150', '1093', '1094', '1151', '1149', '1037', '1144'], '1148': ['1148', '1158', '1157', '1159', '1153', '1154', '1155', '1156', '1152', '1033', '1109'], '1066': ['1066'], '1056': ['1056'], '1101': ['1101', '1102', '1103', '1039', '1097', '1098', '1099', '1035', '1100'], '1105': ['1105', '1106', '1108', '1107', '1115'], '1113': ['1113'], '1110': ['1110', '1111', '1064', '1065', '1031'], '1104': ['1104'], '1114': ['1114'], '1038': ['1038', '1048', '1068', '1077', '1075', '1076', '1074', '1034', '1067'], '1054': ['1054'], '1112': ['1112'], '1030': ['1030', '1046', '1069', '1047', '1070'], '1058': ['1058'], '1059': ['1059'], '1086': ['1086', '1087', '1088', '1141', '1143', '1089', '1044', '1090', '1091', '1142'], '1043': ['1043'], '1121': ['1121'], '1122': ['1122'], '1123': ['1123'], '1124': ['1124'], '1045': ['1045'], '1062': ['1062'], '1117': ['1117', '1118', '1116', '1119', '1120'], '1073': ['1073'], '1140': ['1140']})"
42,"defaultdict(<class 'list'>, {'1040': ['1040', '1080', '1081', '1082', '1078', '1079', '1084', '1042', '1083'], '1095': ['1095'], '1096': ['1096', '1138', '1135', '1137', '1139'], '1136': ['1136'], '1041': ['1041'], '1126': ['1126', '1125', '1127', '1128', '1124'], '1129': ['1129', '1131', '1120', '1130', '1134'], '1032': ['1032', '1160', '1147', '1161', '1145', '1146', '1148', '1158', '1157', '1159', '1156', '1162'], '1052': ['1052', '1053', '1049', '1050', '1054'], '1063': ['1063'], '1051': ['1051'], '1055': ['1055'], '1057': ['1057', '1060', '1061', '1105', '1106', '1107', '1058', '1059', '1113'], '1071': ['1071'], '1066': ['1066'], '1056': ['1056', '1077', '1075', '1076', '1074'], '1072': ['1072'], '1033': ['1033', '1153', '1154', '1155', '1152'], '1101': ['1101', '1102', '1098', '1099', '1100', '1103', '1039', '1097', '1035'], '1109': ['1109'], '1108': ['1108'], '1110': ['1110', '1111', '1064', '1065', '1031'], '1104': ['1104'], '1114': ['1114'], '1038': ['1038', '1048', '1068', '1034', '1067'], '1112': ['1112', '1117', '1118', '1116', '1119'], '1030': ['1030'], '1046': ['1046'], '1069': ['1069'], '1047': ['1047'], '1070': ['1070'], '1085': ['1085'], '1086': ['1086', '1089', '1044', '1087', '1090'], '1043': ['1043', '1121', '1122', '1123', '1045'], '1036': ['1036', '1092', '1150', '1093', '1094', '1151', '1149', '1037', '1144'], '1088': ['1088', '1142', '1141', '1143', '1140'], '1091': ['1091'], '1115': ['1115'], '1062': ['1062'], '1073': ['1073'], '1132': ['1132'], '1133': ['1133']})"
42,"defaultdict(<class 'list'>, {'1040': ['1040', '1080', '1079', '1081', '1078', '1095', '1082', '1084', '1042', '1083', '1085', '1138'], '1096': ['1096', '1136', '1135', '1137', '1140'], '1041': ['1041', '1126', '1125', '1043', '1121', '1122', '1123', '1045', '1124'], '1127': ['1127'], '1128': ['1128', '1129', '1132', '1130', '1134'], '1131': ['1131'], '1032': ['1032', '1052', '1063', '1053', '1049'], '1160': ['1160', '1147', '1161', '1162', '1146'], '1051': ['1051', '1038', '1048', '1050', '1034'], '1055': ['1055', '1056', '1030', '1046', '1047'], '1057': ['1057', '1060', '1071', '1061', '1105', '1106', '1107', '1058', '1059'], '1148': ['1148', '1158', '1157', '1159', '1156'], '1066': ['1066', '1067', '1064', '1065', '1031'], '1072': ['1072'], '1033': ['1033', '1153', '1154', '1036', '1150', '1151', '1152', '1155'], '1101': ['1101', '1102', '1103', '1108', '1100'], '1109': ['1109', '1113'], '1110': ['1110', '1039', '1097', '1098', '1099', '1035', '1112', '1111', '1117'], '1104': ['1104'], '1114': ['1114', '1115', '1118', '1116', '1119'], '1054': ['1054'], '1068': ['1068', '1077', '1075', '1076', '1074'], '1069': ['1069'], '1070': ['1070'], '1086': ['1086', '1089', '1044', '1087', '1090'], '1092': ['1092'], '1093': ['1093'], '1094': ['1094'], '1145': ['1145'], '1144': ['1144'], '1149': ['1149'], '1037': ['1037'], '1088': ['1088'], '1142': ['1142'], '1141': ['1141'], '1091': ['1091'], '1143': ['1143'], '1062': ['1062'], '1073': ['1073'], '1139': ['1139'], '1120': ['1120'], '1133': ['1133']})"
42,"defaultdict(<class 'list'>, {'1040': ['1040'], '1080': ['1080', '1079', '1077', '1076', '1078'], '1081': ['1081', '1082', '1084', '1042', '1083'], '1095': ['1095'], '1096': ['1096', '1138', '1135', '1137', '1139', '1136', '1140'], '1041': ['1041', '1126', '1125', '1127', '1124', '1129', '1122', '1123', '1045', '1043', '1121', '1134'], '1128': ['1128'], '1131': ['1131', '1120', '1132', '1130', '1133'], '1032': ['1032', '1052', '1063', '1053', '1049'], '1160': ['1160', '1147', '1161', '1162', '1146'], '1051': ['1051', '1038', '1048', '1050', '1034'], '1055': ['1055'], '1057': ['1057', '1071', '1072', '1073', '1074', '1060', '1061', '1062'], '1148': ['1148', '1158', '1157', '1159', '1156'], '1066': ['1066', '1068', '1067'], '1056': ['1056'], '1033': ['1033', '1109', '1153', '1155', '1152'], '1101': ['1101', '1102', '1103', '1100'], '1105': ['1105', '1106', '1107', '1058', '1059'], '1113': ['1113'], '1154': ['1154'], '1108': ['1108', '1115', '1116', '1119'], '1110': ['1110'], '1104': ['1104'], '1114': ['1114'], '1054': ['1054'], '1039': ['1039', '1097', '1098', '1099', '1035', '1112', '1111', '1117', '1118'], '1030': ['1030'], '1046': ['1046'], '1069': ['1069', '1064', '1065', '1070', '1031'], '1047': ['1047'], '1085': ['1085'], '1086': ['1086', '1089', '1044', '1087', '1090'], '1036': ['1036'], '1092': ['1092'], '1150': ['1150'], '1093': ['1093', '1094', '1145', '1144', '1037'], '1151': ['1151'], '1149': ['1149'], '1088': ['1088', '1142', '1141', '1143'], '1091': ['1091'], '1075': ['1075']})"
42,"defaultdict(<class 'list'>, {'1040': ['1040', '1080', '1081', '1082', '1078'], '1079': ['1079', '1077', '1075', '1076', '1074'], '1095': ['1095'], '1084': ['1084', '1042', '1085', '1086', '1089', '1044', '1087', '1090', '1091'], '1096': ['1096', '1138', '1135', '1137', '1139'], '1136': ['1136'], '1041': ['1041', '1126', '1125', '1127', '1043', '1121', '1122', '1123', '1045', '1124', '1131', '1133'], '1128': ['1128'], '1129': ['1129'], '1032': ['1032', '1052', '1063', '1053', '1049'], '1160': ['1160', '1147', '1161', '1145', '1146', '1162'], '1051': ['1051', '1038', '1048', '1050', '1034'], '1055': ['1055'], '1057': ['1057'], '1060': ['1060'], '1071': ['1071'], '1148': ['1148', '1158', '1157', '1159', '1156'], '1066': ['1066', '1068', '1067'], '1056': ['1056'], '1061': ['1061'], '1072': ['1072'], '1033': ['1033', '1101', '1109', '1153', '1100', '1154', '1155', '1152'], '1102': ['1102'], '1103': ['1103'], '1105': ['1105', '1106', '1107', '1058', '1059'], '1113': ['1113'], '1108': ['1108'], '1110': ['1110'], '1104': ['1104'], '1114': ['1114', '1030', '1046', '1069', '1064', '1065', '1070', '1031', '1047'], '1054': ['1054'], '1039': ['1039', '1097', '1098', '1099', '1035', '1112', '1111', '1117', '1118'], '1083': ['1083'], '1036': ['1036', '1092', '1150', '1093', '1094', '1151', '1149', '1037', '1144'], '1088': ['1088', '1142', '1141', '1143'], '1115': ['1115', '1116', '1119', '1120'], '1062': ['1062'], '1073': ['1073'], '1140': ['1140'], '1132': ['1132'], '1130': ['1130'], '1134': ['1134']})"
42,"defaultdict(<class 'list'>, {'1040': ['1040', '1080', '1079', '1081', '1078', '1095', '1082', '1084', '1042', '1083', '1085', '1096'], '1136': ['1136'], '1138': ['1138'], '1041': ['1041', '1126', '1125', '1127', '1043', '1121', '1122', '1123', '1045', '1124', '1128', '1132'], '1129': ['1129'], '1131': ['1131'], '1032': ['1032', '1160', '1161', '1162', '1146', '1147', '1148', '1158', '1156', '1157', '1159'], '1052': ['1052', '1051', '1053', '1049', '1050'], '1063': ['1063'], '1055': ['1055'], '1057': ['1057', '1060', '1061', '1105', '1106', '1107', '1058', '1059', '1113'], '1071': ['1071'], '1066': ['1066'], '1056': ['1056'], '1072': ['1072'], '1033': ['1033', '1153', '1154', '1155', '1152'], '1101': ['1101', '1102', '1103', '1108', '1100'], '1109': ['1109', '1110'], '1104': ['1104'], '1114': ['1114', '1030', '1046', '1069', '1064', '1065', '1070', '1031', '1047'], '1038': ['1038', '1048', '1068', '1034', '1067'], '1054': ['1054'], '1039': ['1039', '1097', '1098', '1099', '1035', '1112', '1111', '1117', '1118'], '1086': ['1086', '1089', '1044', '1087', '1090', '1088', '1142', '1091'], '1036': ['1036', '1092', '1150', '1093', '1094', '1151', '1149', '1037', '1144'], '1145': ['1145'], '1141': ['1141'], '1143': ['1143'], '1115': ['1115', '1116', '1119', '1120'], '1062': ['1062'], '1077': ['1077'], '1075': ['1075'], '1076': ['1076'], '1073': ['1073'], '1074': ['1074'], '1135': ['1135'], '1137': ['1137'], '1140': ['1140'], '1139': ['1139'], '1130': ['1130'], '1134': ['1134'], '1133': ['1133']})"
42,"defaultdict(<class 'list'>, {'1040': ['1040', '1080', '1081', '1095', '1082', '1084', '1042', '1083', '1085', '1079', '1077', '1078'], '1096': ['1096', '1138', '1135', '1137', '1139'], '1136': ['1136'], '1041': ['1041'], '1126': ['1126'], '1125': ['1125'], '1127': ['1127'], '1128': ['1128', '1129', '1132', '1130', '1134', '1131', '1133'], '1032': ['1032', '1052', '1051', '1053', '1049', '1050', '1063', '1055', '1054'], '1160': ['1160', '1147', '1161', '1162', '1146', '1036', '1092', '1145'], '1057': ['1057', '1060', '1061', '1058', '1059'], '1071': ['1071'], '1148': ['1148', '1158', '1157', '1159', '1156', '1153', '1154', '1155', '1152'], '1066': ['1066'], '1056': ['1056'], '1072': ['1072', '1075', '1076', '1073', '1074'], '1033': ['1033', '1101', '1102', '1039', '1097', '1098', '1099', '1035', '1100'], '1109': ['1109'], '1103': ['1103', '1104', '1030', '1046', '1047'], '1105': ['1105'], '1106': ['1106'], '1113': ['1113'], '1108': ['1108'], '1110': ['1110'], '1107': ['1107'], '1114': ['1114'], '1038': ['1038', '1048', '1068', '1034', '1067'], '1112': ['1112'], '1111': ['1111'], '1069': ['1069', '1064', '1065', '1070', '1031'], '1086': ['1086', '1089', '1044', '1087', '1090'], '1043': ['1043', '1121', '1122', '1123', '1045'], '1124': ['1124'], '1150': ['1150'], '1093': ['1093', '1094', '1151', '1149', '1037'], '1144': ['1144'], '1088': ['1088', '1142', '1141', '1143'], '1091': ['1091'], '1115': ['1115'], '1062': ['1062'], '1117': ['1117', '1118', '1116', '1119', '1120'], '1140': ['1140']})"
42,"defaultdict(<class 'list'>, {'1040': ['1040', '1080', '1079', '1081', '1078', '1095', '1082', '1084', '1042', '1083', '1085', '1096'], '1136': ['1136'], '1138': ['1138'], '1041': ['1041', '1126', '1125', '1127', '1124', '1131', '1122', '1123', '1045'], '1128': ['1128', '1129', '1132', '1130', '1134'], '1032': ['1032', '1052', '1063', '1053', '1049', '1160', '1161', '1162', '1146'], '1051': ['1051', '1055', '1056', '1050'], '1057': ['1057', '1060', '1071', '1061', '1072'], '1147': ['1147', '1148', '1158', '1157', '1159', '1156', '1145'], '1066': ['1066'], '1033': ['1033', '1109', '1153', '1155', '1152'], '1101': ['1101'], '1102': ['1102'], '1103': ['1103'], '1105': ['1105', '1106', '1107', '1058', '1059'], '1113': ['1113'], '1154': ['1154'], '1108': ['1108'], '1110': ['1110', '1111', '1064', '1065', '1031'], '1104': ['1104'], '1114': ['1114'], '1038': ['1038', '1048', '1068', '1034', '1067'], '1054': ['1054'], '1039': ['1039', '1097', '1098', '1099', '1035'], '1112': ['1112'], '1100': ['1100'], '1030': ['1030', '1046', '1069', '1047', '1070'], '1086': ['1086', '1089', '1092', '1044', '1090', '1091', '1036', '1087'], '1043': ['1043'], '1121': ['1121'], '1150': ['1150'], '1093': ['1093', '1094', '1151', '1149', '1037'], '1144': ['1144'], '1088': ['1088', '1142', '1141', '1143', '1139'], '1115': ['1115'], '1062': ['1062'], '1077': ['1077', '1075', '1076', '1073', '1074'], '1117': ['1117', '1118', '1116', '1119', '1120'], '1135': ['1135'], '1137': ['1137'], '1140': ['1140'], '1133': ['1133']})"
42,"defaultdict(<class 'list'>, {'1040': ['1040', '1080', '1081', '1082', '1078', '1084', '1042', '1083', '1085'], '1079': ['1079'], '1095': ['1095'], '1096': ['1096', '1138', '1135', '1137', '1139', '1136', '1088', '1142', '1141', '1143', '1140'], '1041': ['1041', '1126', '1125', '1127', '1124'], '1128': ['1128', '1131', '1132', '1130', '1133', '1129', '1120', '1134', '1119'], '1032': ['1032', '1063', '1071', '1066', '1067'], '1052': ['1052', '1053', '1038', '1048', '1054', '1034', '1049'], '1160': ['1160', '1147', '1161', '1162', '1146'], '1051': ['1051'], '1055': ['1055'], '1057': ['1057', '1060', '1061', '1058', '1059'], '1148': ['1148'], '1158': ['1158'], '1056': ['1056'], '1072': ['1072'], '1157': ['1157'], '1159': ['1159'], '1033': ['1033', '1153', '1154', '1155', '1152'], '1101': ['1101', '1102', '1103', '1100'], '1109': ['1109'], '1105': ['1105', '1106', '1113', '1107', '1114', '1108', '1115', '1116'], '1110': ['1110'], '1104': ['1104'], '1156': ['1156'], '1050': ['1050'], '1068': ['1068'], '1039': ['1039', '1097', '1098', '1099', '1035', '1112', '1111', '1117', '1118'], '1030': ['1030'], '1046': ['1046'], '1069': ['1069', '1064', '1065', '1070', '1031'], '1047': ['1047'], '1086': ['1086', '1089', '1087', '1090', '1091'], '1043': ['1043', '1121', '1122', '1123', '1045'], '1036': ['1036', '1092', '1150', '1151', '1149', '1093', '1094', '1144', '1037', '1145'], '1044': ['1044'], '1062': ['1062'], '1077': ['1077'], '1075': ['1075'], '1076': ['1076'], '1073': ['1073'], '1074': ['1074']})"
42,"defaultdict(<class 'list'>, {'1040': ['1040', '1080', '1081', '1082', '1078'], '1079': ['1079'], '1095': ['1095'], '1084': ['1084', '1042', '1085', '1086', '1089', '1044', '1087', '1090', '1091'], '1096': ['1096', '1136', '1135', '1137', '1140', '1138', '1088', '1142', '1141', '1143', '1139'], '1041': ['1041', '1126', '1125', '1127', '1124', '1129', '1122', '1123', '1045', '1043', '1121', '1134'], '1128': ['1128', '1131', '1132', '1133'], '1032': ['1032', '1063', '1066', '1068', '1067'], '1052': ['1052', '1051', '1053', '1049', '1050', '1038', '1048', '1034'], '1160': ['1160', '1147', '1161', '1145', '1146'], '1055': ['1055'], '1057': ['1057', '1060', '1071', '1061', '1105', '1106', '1107', '1058', '1059'], '1148': ['1148', '1158', '1157', '1159', '1156', '1033', '1153', '1154', '1155', '1152', '1109'], '1056': ['1056'], '1072': ['1072', '1075', '1076', '1073', '1074'], '1162': ['1162'], '1101': ['1101'], '1102': ['1102'], '1103': ['1103'], '1113': ['1113', '1114', '1115'], '1108': ['1108'], '1110': ['1110'], '1104': ['1104'], '1054': ['1054'], '1039': ['1039', '1097', '1098', '1099', '1035'], '1112': ['1112'], '1100': ['1100'], '1111': ['1111'], '1030': ['1030', '1046', '1069', '1047', '1070'], '1064': ['1064'], '1065': ['1065'], '1031': ['1031'], '1083': ['1083'], '1036': ['1036', '1092', '1150', '1151', '1149'], '1093': ['1093'], '1094': ['1094'], '1144': ['1144'], '1037': ['1037'], '1062': ['1062'], '1077': ['1077'], '1117': ['1117', '1118', '1116', '1119', '1120'], '1130': ['1130']})"
42,"defaultdict(<class 'list'>, {'1040': ['1040', '1080', '1081', '1082', '1078', '1095', '1083'], '1079': ['1079', '1077', '1075', '1076', '1074'], '1084': ['1084', '1042', '1085', '1086', '1089', '1044', '1087', '1090', '1091'], '1096': ['1096', '1138', '1135', '1137', '1139'], '1136': ['1136'], '1041': ['1041'], '1126': ['1126', '1125', '1127', '1043', '1121', '1122', '1123', '1045', '1124'], '1128': ['1128', '1131', '1132', '1130', '1133', '1129', '1120', '1134'], '1032': ['1032', '1160', '1161', '1162', '1146'], '1052': ['1052', '1053', '1049', '1050', '1054'], '1063': ['1063'], '1051': ['1051', '1055', '1056'], '1057': ['1057', '1060', '1061', '1062', '1073'], '1071': ['1071'], '1147': ['1147', '1148', '1158', '1157', '1159'], '1066': ['1066', '1067', '1064', '1065', '1031'], '1072': ['1072'], '1033': ['1033', '1153', '1154', '1155', '1152'], '1101': ['1101'], '1109': ['1109'], '1102': ['1102'], '1103': ['1103'], '1105': ['1105', '1106', '1107', '1058', '1059'], '1113': ['1113'], '1108': ['1108'], '1110': ['1110'], '1104': ['1104', '1030', '1046', '1047', '1117'], '1114': ['1114', '1115', '1118', '1116', '1119'], '1156': ['1156'], '1038': ['1038'], '1048': ['1048'], '1068': ['1068'], '1039': ['1039', '1097', '1098', '1099', '1035'], '1112': ['1112'], '1100': ['1100'], '1034': ['1034'], '1111': ['1111'], '1069': ['1069'], '1070': ['1070'], '1036': ['1036', '1092', '1150', '1093', '1094', '1151', '1149', '1037', '1144'], '1145': ['1145'], '1088': ['1088', '1142', '1141', '1143', '1140']})"
43,"defaultdict(<class 'list'>, {'1040': ['1040', '1080', '1079', '1081', '1078', '1095', '1082', '1084', '1042', '1083', '1085', '1096'], '1136': ['1136'], '1138': ['1138'], '1041': ['1041', '1126', '1125', '1127', '1124'], '1128': ['1128', '1131', '1132', '1130', '1133'], '1129': ['1129'], '1032': ['1032', '1063', '1160', '1161', '1162'], '1052': ['1052', '1051', '1053', '1049', '1050'], '1055': ['1055'], '1057': ['1057', '1060', '1061', '1105', '1106', '1107', '1058', '1059', '1108'], '1071': ['1071'], '1147': ['1147', '1036', '1092', '1145', '1146'], '1148': ['1148', '1158', '1157', '1159', '1156'], '1066': ['1066'], '1056': ['1056'], '1072': ['1072'], '1033': ['1033', '1109', '1110', '1064', '1065'], '1101': ['1101', '1102', '1098', '1099', '1100', '1103', '1039', '1097', '1035'], '1153': ['1153', '1154', '1155', '1151', '1152'], '1113': ['1113'], '1104': ['1104', '1112', '1111', '1117'], '1114': ['1114', '1115', '1118', '1116', '1119'], '1038': ['1038', '1048', '1068', '1034', '1067'], '1054': ['1054'], '1030': ['1030', '1046', '1069', '1047', '1070'], '1031': ['1031'], '1086': ['1086', '1089', '1044', '1087', '1090'], '1043': ['1043', '1121', '1122', '1123', '1045'], '1150': ['1150'], '1093': ['1093', '1094', '1144', '1149', '1037'], '1088': ['1088', '1142', '1141', '1143', '1139'], '1091': ['1091'], '1062': ['1062'], '1077': ['1077'], '1075': ['1075'], '1076': ['1076'], '1073': ['1073'], '1074': ['1074'], '1135': ['1135'], '1137': ['1137'], '1140': ['1140'], '1120': ['1120'], '1134': ['1134']})"
43,"defaultdict(<class 'list'>, {'1040': ['1040', '1080', '1079', '1081', '1078', '1095', '1082', '1084', '1042', '1083', '1085', '1086'], '1096': ['1096', '1138', '1135', '1137', '1139', '1136', '1088', '1142', '1141', '1143', '1140'], '1041': ['1041', '1126', '1125', '1127', '1124'], '1128': ['1128', '1131', '1132', '1130', '1133'], '1129': ['1129'], '1032': ['1032', '1160', '1161', '1162'], '1052': ['1052', '1053', '1049', '1050', '1054'], '1063': ['1063'], '1051': ['1051'], '1055': ['1055'], '1057': ['1057', '1060', '1071', '1061', '1072'], '1147': ['1147', '1036', '1092', '1145', '1146'], '1148': ['1148'], '1158': ['1158'], '1066': ['1066'], '1056': ['1056', '1077', '1075', '1076', '1074'], '1157': ['1157'], '1159': ['1159'], '1033': ['1033', '1153', '1154', '1155', '1151', '1152', '1156'], '1101': ['1101', '1102', '1098', '1099', '1100', '1103', '1039', '1097', '1035'], '1109': ['1109'], '1105': ['1105', '1106', '1107', '1058', '1059', '1113', '1108', '1114', '1115'], '1110': ['1110', '1111', '1064', '1065', '1031'], '1104': ['1104'], '1038': ['1038', '1048', '1068', '1034', '1067'], '1112': ['1112'], '1030': ['1030'], '1046': ['1046'], '1069': ['1069'], '1047': ['1047'], '1070': ['1070'], '1089': ['1089', '1044', '1087', '1090', '1091'], '1043': ['1043'], '1121': ['1121'], '1122': ['1122'], '1123': ['1123'], '1150': ['1150'], '1093': ['1093', '1094', '1144', '1149', '1037'], '1045': ['1045'], '1062': ['1062'], '1117': ['1117', '1118', '1116', '1119', '1120'], '1073': ['1073'], '1134': ['1134']})"
43,"defaultdict(<class 'list'>, {'1040': ['1040'], '1080': ['1080', '1079', '1077', '1076', '1078'], '1081': ['1081'], '1095': ['1095'], '1082': ['1082', '1084', '1042', '1083', '1085'], '1096': ['1096', '1138', '1135', '1137', '1139', '1136', '1088', '1142', '1141', '1143', '1140'], '1041': ['1041'], '1126': ['1126', '1125', '1127', '1043', '1121', '1122', '1123', '1045', '1124'], '1128': ['1128', '1129', '1132', '1130', '1134', '1131', '1120', '1133'], '1032': ['1032', '1052', '1063', '1053', '1049', '1051', '1055', '1050', '1054'], '1160': ['1160'], '1057': ['1057'], '1060': ['1060'], '1071': ['1071'], '1147': ['1147'], '1148': ['1148', '1158', '1157', '1159', '1156'], '1161': ['1161'], '1066': ['1066', '1110', '1111', '1064', '1065', '1031'], '1056': ['1056'], '1061': ['1061', '1062', '1075', '1073', '1074'], '1072': ['1072'], '1162': ['1162'], '1033': ['1033', '1153', '1154', '1155', '1152'], '1101': ['1101', '1102', '1098', '1099', '1100'], '1109': ['1109'], '1103': ['1103'], '1105': ['1105', '1106', '1107', '1058', '1059', '1113', '1108', '1114', '1115'], '1104': ['1104', '1117', '1118', '1116', '1119'], '1038': ['1038', '1048', '1068', '1034', '1067'], '1039': ['1039'], '1097': ['1097'], '1112': ['1112'], '1035': ['1035'], '1030': ['1030', '1046', '1069', '1047', '1070'], '1086': ['1086', '1089', '1044', '1087', '1090'], '1036': ['1036'], '1092': ['1092'], '1150': ['1150'], '1093': ['1093', '1094', '1151', '1149', '1037'], '1145': ['1145'], '1144': ['1144'], '1091': ['1091'], '1146': ['1146']})"
43,"defaultdict(<class 'list'>, {'1040': ['1040', '1080', '1079', '1081', '1078', '1038', '1048', '1068', '1034', '1067', '1077'], '1095': ['1095', '1082', '1084', '1083', '1085'], '1096': ['1096', '1138', '1135', '1137', '1139'], '1136': ['1136'], '1041': ['1041'], '1126': ['1126', '1125', '1127', '1043', '1121', '1122', '1123', '1045', '1124'], '1128': ['1128', '1129', '1132', '1130', '1134'], '1131': ['1131'], '1032': ['1032', '1160', '1161', '1162', '1146'], '1052': ['1052', '1053', '1049', '1050', '1054', '1051', '1055', '1062'], '1063': ['1063', '1066', '1064', '1065', '1031'], '1057': ['1057', '1060', '1061', '1058', '1059'], '1071': ['1071'], '1147': ['1147', '1148', '1158', '1157', '1159', '1156', '1154', '1155'], '1056': ['1056'], '1072': ['1072', '1075', '1076', '1073', '1074'], '1033': ['1033', '1101', '1109', '1153', '1100'], '1102': ['1102', '1103', '1104', '1117', '1118'], '1105': ['1105'], '1106': ['1106'], '1113': ['1113'], '1108': ['1108'], '1110': ['1110'], '1107': ['1107'], '1114': ['1114'], '1039': ['1039', '1097', '1112', '1035', '1111'], '1098': ['1098'], '1099': ['1099'], '1030': ['1030', '1046', '1069', '1047', '1070'], '1042': ['1042'], '1086': ['1086', '1087', '1088', '1141', '1143'], '1089': ['1089', '1092', '1044', '1090', '1091'], '1036': ['1036'], '1150': ['1150', '1093', '1094', '1144', '1149', '1037', '1151'], '1145': ['1145'], '1142': ['1142'], '1115': ['1115'], '1152': ['1152'], '1116': ['1116'], '1140': ['1140'], '1119': ['1119'], '1120': ['1120'], '1133': ['1133']})"
43,"defaultdict(<class 'list'>, {'1040': ['1040', '1080', '1079', '1077', '1076', '1078'], '1081': ['1081', '1095', '1082', '1084', '1042', '1083', '1085', '1096'], '1136': ['1136'], '1138': ['1138'], '1041': ['1041', '1126', '1125', '1127', '1124', '1129', '1122', '1123', '1045', '1043', '1121'], '1128': ['1128', '1131', '1132', '1130', '1133'], '1032': ['1032', '1160', '1161', '1162', '1146', '1147', '1148', '1158', '1157', '1159', '1155', '1156'], '1052': ['1052', '1053', '1054'], '1063': ['1063'], '1051': ['1051', '1038', '1048', '1068', '1034', '1067', '1049', '1050'], '1055': ['1055'], '1057': ['1057', '1060', '1071', '1058', '1059'], '1066': ['1066', '1110', '1064', '1065', '1031'], '1056': ['1056'], '1061': ['1061', '1062', '1075', '1073', '1074'], '1072': ['1072'], '1033': ['1033', '1101', '1102', '1103', '1104', '1098', '1099', '1100'], '1109': ['1109'], '1153': ['1153'], '1105': ['1105'], '1106': ['1106'], '1113': ['1113'], '1154': ['1154'], '1108': ['1108'], '1107': ['1107'], '1114': ['1114', '1115', '1118', '1116', '1119'], '1039': ['1039', '1097', '1112', '1035', '1111'], '1030': ['1030', '1046', '1069', '1047', '1070'], '1086': ['1086', '1087', '1088', '1141', '1143', '1142'], '1089': ['1089', '1149', '1044', '1090', '1091'], '1036': ['1036'], '1092': ['1092'], '1150': ['1150'], '1093': ['1093', '1094', '1145', '1144', '1037'], '1151': ['1151'], '1117': ['1117'], '1152': ['1152'], '1135': ['1135'], '1137': ['1137'], '1140': ['1140'], '1139': ['1139'], '1120': ['1120'], '1134': ['1134']})"
43,"defaultdict(<class 'list'>, {'1040': ['1040'], '1080': ['1080'], '1079': ['1079'], '1081': ['1081'], '1095': ['1095', '1082', '1084', '1083', '1085'], '1096': ['1096', '1138', '1135', '1137', '1139', '1136', '1140'], '1041': ['1041', '1126', '1125', '1127', '1124', '1129', '1043', '1121', '1122', '1123', '1045', '1134'], '1128': ['1128'], '1131': ['1131'], '1032': ['1032', '1052', '1063', '1053', '1049', '1160', '1161', '1162', '1146'], '1051': ['1051', '1055', '1050'], '1057': ['1057', '1060', '1061', '1058', '1059', '1071', '1072', '1062', '1073'], '1147': ['1147'], '1148': ['1148', '1158', '1157', '1159', '1156'], '1066': ['1066'], '1056': ['1056', '1077', '1075', '1076', '1074'], '1033': ['1033'], '1101': ['1101'], '1109': ['1109', '1105', '1106', '1113', '1107'], '1153': ['1153'], '1102': ['1102', '1103', '1104', '1098', '1099', '1039', '1097', '1035'], '1154': ['1154'], '1155': ['1155'], '1108': ['1108'], '1110': ['1110', '1112', '1111', '1117'], '1114': ['1114', '1030', '1046', '1069', '1047', '1070', '1064', '1065', '1031'], '1038': ['1038', '1048', '1054', '1068', '1034'], '1100': ['1100'], '1067': ['1067'], '1042': ['1042'], '1086': ['1086', '1087', '1088', '1141', '1143', '1142'], '1089': ['1089', '1149', '1044', '1090', '1091'], '1036': ['1036'], '1092': ['1092'], '1150': ['1150'], '1093': ['1093', '1094', '1145', '1144', '1037'], '1151': ['1151'], '1115': ['1115', '1118', '1116', '1119', '1120'], '1152': ['1152'], '1078': ['1078'], '1132': ['1132'], '1130': ['1130'], '1133': ['1133']})"
43,"defaultdict(<class 'list'>, {'1040': ['1040', '1080', '1081', '1082', '1084', '1042', '1083', '1085', '1078', '1079', '1095', '1136'], '1096': ['1096', '1138', '1135', '1137', '1139'], '1041': ['1041', '1126', '1125', '1127', '1128', '1124', '1131', '1043', '1121', '1122', '1123', '1045'], '1129': ['1129', '1130', '1134'], '1032': ['1032', '1052', '1063', '1053', '1049'], '1160': ['1160'], '1051': ['1051', '1055', '1056', '1075', '1076'], '1057': ['1057', '1060', '1071', '1072'], '1147': ['1147'], '1148': ['1148', '1158', '1157', '1159', '1156'], '1161': ['1161'], '1066': ['1066'], '1061': ['1061', '1062', '1073', '1074'], '1162': ['1162'], '1033': ['1033', '1153', '1154', '1155', '1152'], '1101': ['1101'], '1109': ['1109'], '1102': ['1102', '1103', '1104', '1098', '1099'], '1105': ['1105', '1106', '1107', '1058', '1059'], '1113': ['1113'], '1108': ['1108'], '1110': ['1110'], '1114': ['1114'], '1038': ['1038', '1048', '1054', '1068', '1034'], '1050': ['1050'], '1039': ['1039', '1097', '1112', '1035', '1111'], '1100': ['1100'], '1067': ['1067'], '1030': ['1030'], '1046': ['1046'], '1069': ['1069', '1064', '1065', '1070', '1031'], '1047': ['1047'], '1086': ['1086', '1089', '1087', '1090', '1091', '1044'], '1036': ['1036', '1092', '1150', '1151', '1149'], '1093': ['1093', '1094', '1144', '1037'], '1145': ['1145'], '1088': ['1088', '1142', '1141', '1143', '1140'], '1115': ['1115'], '1077': ['1077'], '1117': ['1117', '1118', '1116', '1119', '1120'], '1146': ['1146'], '1132': ['1132'], '1133': ['1133']})"
43,"defaultdict(<class 'list'>, {'1040': ['1040'], '1080': ['1080'], '1079': ['1079'], '1081': ['1081'], '1095': ['1095'], '1082': ['1082'], '1084': ['1084', '1042', '1085', '1086', '1087'], '1096': ['1096', '1136', '1135', '1137', '1140'], '1138': ['1138', '1134'], '1041': ['1041'], '1126': ['1126', '1125', '1127', '1043', '1121', '1122', '1123', '1045', '1124'], '1128': ['1128', '1131', '1132', '1130', '1133'], '1129': ['1129'], '1032': ['1032', '1052', '1063', '1053', '1049', '1051', '1055', '1050', '1054'], '1160': ['1160', '1147', '1161', '1162', '1146'], '1057': ['1057', '1060', '1061', '1058', '1059'], '1071': ['1071'], '1148': ['1148', '1158', '1157', '1159'], '1066': ['1066'], '1056': ['1056'], '1072': ['1072'], '1033': ['1033', '1101', '1102', '1098', '1099', '1100', '1103', '1108', '1107'], '1109': ['1109'], '1153': ['1153', '1154', '1155', '1156', '1152'], '1105': ['1105', '1113', '1114', '1115'], '1106': ['1106'], '1110': ['1110', '1030', '1046', '1069', '1047', '1070', '1064', '1065', '1031'], '1104': ['1104'], '1038': ['1038', '1048', '1068', '1034', '1067'], '1039': ['1039', '1097', '1112', '1035', '1111'], '1083': ['1083'], '1089': ['1089', '1149', '1044', '1090', '1091', '1093', '1094', '1037'], '1036': ['1036'], '1092': ['1092'], '1150': ['1150'], '1145': ['1145'], '1151': ['1151'], '1144': ['1144'], '1088': ['1088', '1142', '1141', '1143', '1139'], '1062': ['1062'], '1077': ['1077', '1075', '1076', '1073', '1074'], '1117': ['1117', '1118', '1116', '1119', '1120'], '1078': ['1078']})"
43,"defaultdict(<class 'list'>, {'1040': ['1040', '1080', '1079', '1081', '1078'], '1095': ['1095'], '1082': ['1082'], '1084': ['1084'], '1096': ['1096', '1138', '1135', '1137', '1139'], '1136': ['1136'], '1041': ['1041', '1126', '1125', '1043', '1121', '1122', '1123', '1045', '1124', '1127', '1129', '1119'], '1128': ['1128', '1131', '1132', '1130', '1133'], '1032': ['1032', '1160', '1147', '1161', '1145', '1146', '1162'], '1052': ['1052', '1051', '1053', '1049', '1050'], '1063': ['1063', '1071', '1066', '1067'], '1055': ['1055'], '1057': ['1057', '1060', '1061', '1058', '1059', '1105', '1106', '1113', '1107'], '1148': ['1148', '1158', '1157', '1159', '1156'], '1056': ['1056'], '1072': ['1072', '1075', '1076', '1073', '1074'], '1033': ['1033', '1153', '1154', '1036', '1150', '1151', '1152', '1155'], '1101': ['1101', '1108', '1100'], '1109': ['1109'], '1102': ['1102'], '1103': ['1103', '1104'], '1110': ['1110', '1039', '1097', '1098', '1099', '1035', '1112', '1111', '1117'], '1114': ['1114', '1030', '1046', '1069', '1047', '1070', '1064', '1065', '1031'], '1038': ['1038'], '1048': ['1048'], '1054': ['1054'], '1068': ['1068'], '1034': ['1034'], '1042': ['1042'], '1083': ['1083'], '1085': ['1085'], '1086': ['1086', '1087', '1088', '1141', '1143'], '1089': ['1089', '1092', '1044', '1090', '1091'], '1093': ['1093', '1094', '1144', '1149', '1037'], '1142': ['1142'], '1115': ['1115'], '1062': ['1062'], '1077': ['1077'], '1118': ['1118'], '1116': ['1116'], '1140': ['1140'], '1120': ['1120'], '1134': ['1134']})"
43,"defaultdict(<class 'list'>, {'1040': ['1040', '1080', '1079', '1081', '1078'], '1095': ['1095'], '1082': ['1082'], '1084': ['1084'], '1096': ['1096', '1136', '1135', '1137', '1140', '1138', '1088', '1142', '1141', '1143', '1139'], '1041': ['1041'], '1126': ['1126', '1125', '1127', '1128', '1124'], '1129': ['1129', '1131', '1120', '1130', '1134'], '1032': ['1032', '1160', '1161', '1162', '1146'], '1052': ['1052', '1053', '1049', '1050', '1054', '1051', '1055', '1061', '1062'], '1063': ['1063'], '1057': ['1057'], '1060': ['1060'], '1071': ['1071'], '1147': ['1147', '1148', '1158', '1157', '1159', '1153', '1154', '1155', '1156', '1152'], '1066': ['1066'], '1056': ['1056'], '1072': ['1072'], '1033': ['1033', '1101', '1102', '1103', '1100'], '1109': ['1109'], '1105': ['1105', '1106', '1113', '1058', '1059'], '1108': ['1108', '1107', '1115', '1116', '1119'], '1110': ['1110'], '1104': ['1104'], '1114': ['1114'], '1038': ['1038', '1048', '1068', '1034', '1067'], '1039': ['1039', '1097', '1098', '1099', '1035', '1112', '1111', '1117', '1118'], '1030': ['1030', '1046', '1069', '1047', '1070'], '1064': ['1064'], '1065': ['1065'], '1031': ['1031'], '1042': ['1042'], '1083': ['1083'], '1085': ['1085'], '1086': ['1086', '1089', '1044', '1087', '1090'], '1043': ['1043', '1121', '1122', '1123', '1045'], '1036': ['1036', '1092', '1150', '1145'], '1093': ['1093', '1094', '1151', '1149', '1037'], '1144': ['1144'], '1091': ['1091'], '1077': ['1077', '1075', '1076', '1073', '1074'], '1132': ['1132'], '1133': ['1133']})"
43,"defaultdict(<class 'list'>, {'1040': ['1040', '1080', '1079', '1077', '1076', '1078', '1081', '1082', '1083'], '1095': ['1095'], '1084': ['1084'], '1096': ['1096', '1138', '1135', '1137', '1139'], '1136': ['1136'], '1041': ['1041', '1126', '1125', '1127', '1124'], '1128': ['1128', '1131', '1132', '1130', '1133', '1129', '1120', '1134'], '1032': ['1032', '1160', '1161', '1162', '1146'], '1052': ['1052'], '1063': ['1063'], '1051': ['1051', '1055', '1056', '1049', '1050'], '1057': ['1057', '1060', '1061', '1105', '1106', '1107', '1058', '1059', '1113'], '1071': ['1071'], '1147': ['1147'], '1148': ['1148', '1158', '1157', '1159', '1156'], '1053': ['1053', '1038', '1048', '1054', '1034'], '1066': ['1066'], '1072': ['1072', '1075', '1073', '1074'], '1033': ['1033', '1101', '1109', '1153', '1100', '1154', '1155', '1152'], '1102': ['1102'], '1103': ['1103'], '1108': ['1108'], '1110': ['1110', '1111', '1064', '1065', '1031'], '1104': ['1104'], '1114': ['1114', '1030', '1046', '1069', '1047', '1070'], '1068': ['1068'], '1039': ['1039', '1097', '1112', '1035', '1117'], '1098': ['1098'], '1099': ['1099'], '1067': ['1067'], '1042': ['1042'], '1085': ['1085'], '1086': ['1086', '1089', '1044', '1087', '1090'], '1043': ['1043', '1121', '1122', '1123', '1045'], '1036': ['1036', '1092', '1150', '1093', '1094', '1151', '1149', '1037', '1144'], '1145': ['1145'], '1088': ['1088', '1142', '1141', '1143', '1140'], '1091': ['1091'], '1115': ['1115'], '1062': ['1062'], '1118': ['1118'], '1116': ['1116'], '1119': ['1119']})"
43,"defaultdict(<class 'list'>, {'1040': ['1040', '1080', '1079', '1081', '1078'], '1095': ['1095', '1082', '1084', '1042', '1083', '1085', '1086', '1089', '1087', '1090', '1091', '1044'], '1096': ['1096'], '1136': ['1136'], '1138': ['1138'], '1041': ['1041', '1126', '1125', '1127', '1043', '1121', '1122', '1123', '1045', '1124', '1128', '1132'], '1129': ['1129', '1131', '1120', '1130', '1134'], '1032': ['1032', '1160', '1147', '1148', '1158', '1157', '1159', '1161', '1162', '1155', '1156', '1146'], '1052': ['1052'], '1063': ['1063'], '1051': ['1051'], '1055': ['1055'], '1057': ['1057', '1060', '1061', '1058', '1059'], '1071': ['1071'], '1053': ['1053'], '1066': ['1066'], '1056': ['1056'], '1072': ['1072'], '1033': ['1033', '1109', '1105', '1113'], '1101': ['1101', '1102', '1103', '1100'], '1153': ['1153'], '1106': ['1106'], '1154': ['1154', '1036', '1092', '1150', '1093', '1094', '1151', '1149', '1037', '1144', '1145', '1152'], '1108': ['1108', '1107', '1115', '1116', '1119'], '1110': ['1110'], '1104': ['1104'], '1114': ['1114', '1030', '1046', '1069', '1047', '1070', '1064', '1065', '1031'], '1038': ['1038', '1048', '1068', '1034', '1067'], '1049': ['1049'], '1050': ['1050'], '1054': ['1054'], '1039': ['1039', '1097', '1098', '1099', '1035', '1112', '1111', '1117', '1118'], '1088': ['1088', '1142', '1141', '1143', '1139'], '1062': ['1062'], '1077': ['1077'], '1075': ['1075'], '1076': ['1076'], '1073': ['1073'], '1074': ['1074'], '1135': ['1135'], '1137': ['1137'], '1140': ['1140'], '1133': ['1133']})"
43,"defaultdict(<class 'list'>, {'1040': ['1040', '1080', '1079', '1077', '1076', '1078', '1068', '1067'], '1081': ['1081', '1082', '1084', '1042', '1083'], '1095': ['1095'], '1096': ['1096', '1138', '1135', '1137', '1139'], '1136': ['1136'], '1041': ['1041', '1126', '1125', '1127', '1124', '1043', '1121', '1122', '1123', '1045'], '1128': ['1128', '1131', '1132', '1130', '1133', '1129', '1120', '1134'], '1032': ['1032', '1160', '1161', '1162', '1146'], '1052': ['1052', '1051', '1055', '1056', '1049', '1050', '1053', '1038', '1048', '1054', '1034'], '1063': ['1063'], '1057': ['1057', '1060', '1061', '1105', '1106', '1107', '1058', '1059', '1113'], '1071': ['1071'], '1147': ['1147'], '1148': ['1148'], '1158': ['1158'], '1066': ['1066'], '1072': ['1072'], '1157': ['1157'], '1159': ['1159'], '1033': ['1033', '1101', '1109', '1153', '1100'], '1102': ['1102', '1103', '1104', '1117', '1118'], '1154': ['1154', '1151', '1152'], '1155': ['1155'], '1108': ['1108'], '1110': ['1110'], '1114': ['1114', '1115', '1116', '1119'], '1156': ['1156'], '1039': ['1039', '1097', '1112', '1035', '1111', '1098', '1099'], '1030': ['1030'], '1046': ['1046'], '1069': ['1069', '1064', '1065', '1070', '1031'], '1047': ['1047'], '1085': ['1085'], '1086': ['1086', '1089', '1044', '1087', '1090'], '1036': ['1036'], '1092': ['1092'], '1150': ['1150'], '1093': ['1093', '1094', '1144', '1149', '1037'], '1145': ['1145'], '1088': ['1088', '1142', '1141', '1143'], '1091': ['1091'], '1062': ['1062', '1075', '1073', '1074'], '1140': ['1140']})"
43,"defaultdict(<class 'list'>, {'1040': ['1040', '1080', '1081', '1095', '1082', '1084', '1042', '1083', '1085', '1078'], '1079': ['1079', '1077', '1075', '1076', '1074'], '1096': ['1096', '1138', '1135', '1137', '1139'], '1136': ['1136'], '1041': ['1041', '1126', '1125', '1127', '1043', '1121', '1122', '1123', '1045', '1124', '1128', '1132'], '1129': ['1129'], '1131': ['1131'], '1032': ['1032', '1160', '1161', '1162', '1146', '1063', '1147', '1148', '1158', '1157', '1159', '1156'], '1052': ['1052', '1051', '1055', '1056', '1049', '1050', '1053', '1054'], '1057': ['1057', '1060', '1061', '1105', '1106', '1107', '1058', '1059', '1062'], '1071': ['1071', '1072', '1073'], '1066': ['1066'], '1033': ['1033', '1153', '1154', '1155', '1152'], '1101': ['1101', '1102', '1098', '1099', '1100'], '1109': ['1109'], '1103': ['1103'], '1113': ['1113'], '1108': ['1108', '1115', '1118', '1116', '1119'], '1110': ['1110'], '1104': ['1104'], '1114': ['1114'], '1038': ['1038', '1048', '1068', '1034', '1067'], '1039': ['1039'], '1097': ['1097'], '1112': ['1112'], '1035': ['1035'], '1111': ['1111'], '1030': ['1030'], '1046': ['1046'], '1069': ['1069', '1064', '1065', '1070', '1031'], '1047': ['1047'], '1086': ['1086', '1087', '1088', '1141', '1143'], '1089': ['1089', '1044', '1090', '1091'], '1036': ['1036', '1092', '1150', '1151', '1149'], '1093': ['1093', '1094', '1144', '1037'], '1145': ['1145'], '1142': ['1142'], '1117': ['1117'], '1140': ['1140'], '1120': ['1120'], '1130': ['1130'], '1134': ['1134'], '1133': ['1133']})"
44,"defaultdict(<class 'list'>, {'1040': ['1040', '1080', '1081', '1082', '1078'], '1079': ['1079', '1077', '1075', '1076', '1074'], '1095': ['1095'], '1084': ['1084', '1042', '1085', '1086', '1089', '1044', '1087', '1090', '1091'], '1096': ['1096', '1138', '1135', '1137', '1139'], '1136': ['1136'], '1041': ['1041'], '1126': ['1126', '1125', '1127', '1043', '1121', '1122', '1123', '1045', '1124'], '1128': ['1128', '1131', '1132', '1130', '1133', '1129', '1120', '1134'], '1032': ['1032', '1160', '1161', '1162', '1146'], '1052': ['1052', '1053', '1049', '1050', '1054'], '1063': ['1063'], '1051': ['1051', '1055', '1056'], '1057': ['1057', '1060', '1061', '1062', '1073'], '1071': ['1071'], '1147': ['1147', '1148', '1158', '1157', '1159'], '1066': ['1066', '1067', '1064', '1065', '1031'], '1072': ['1072'], '1033': ['1033', '1153', '1154', '1155', '1152'], '1101': ['1101'], '1109': ['1109'], '1102': ['1102'], '1103': ['1103'], '1105': ['1105', '1106', '1107', '1058', '1059'], '1113': ['1113'], '1108': ['1108'], '1110': ['1110'], '1104': ['1104', '1030', '1046', '1047', '1117'], '1114': ['1114', '1115', '1118', '1116', '1119'], '1156': ['1156'], '1038': ['1038'], '1048': ['1048'], '1068': ['1068'], '1039': ['1039', '1097', '1098', '1099', '1035'], '1112': ['1112'], '1100': ['1100'], '1034': ['1034'], '1111': ['1111'], '1069': ['1069'], '1070': ['1070'], '1083': ['1083'], '1036': ['1036', '1092', '1150', '1093', '1094', '1151', '1149', '1037', '1144'], '1145': ['1145'], '1088': ['1088', '1142', '1141', '1143', '1140']})"
44,"defaultdict(<class 'list'>, {'1040': ['1040', '1080', '1079', '1081', '1078'], '1095': ['1095'], '1082': ['1082'], '1084': ['1084'], '1096': ['1096'], '1136': ['1136', '1133'], '1138': ['1138'], '1041': ['1041'], '1126': ['1126'], '1125': ['1125'], '1127': ['1127'], '1128': ['1128', '1129', '1132', '1130', '1134'], '1131': ['1131'], '1032': ['1032', '1160', '1161', '1162', '1146', '1147', '1148', '1158', '1156', '1157', '1159'], '1052': ['1052'], '1063': ['1063', '1057', '1071', '1066'], '1051': ['1051', '1055', '1056', '1049', '1050'], '1060': ['1060', '1061', '1062'], '1053': ['1053'], '1072': ['1072'], '1033': ['1033', '1153', '1154', '1155', '1152', '1109'], '1101': ['1101', '1102', '1098', '1099', '1100'], '1103': ['1103', '1104', '1030', '1046', '1047'], '1105': ['1105', '1106', '1107', '1058', '1059', '1113', '1108', '1114', '1115'], '1110': ['1110'], '1038': ['1038', '1048', '1068', '1034', '1067'], '1054': ['1054'], '1039': ['1039', '1097', '1112', '1035', '1111'], '1069': ['1069', '1064', '1065', '1070', '1031'], '1042': ['1042'], '1083': ['1083'], '1085': ['1085'], '1086': ['1086', '1089', '1044', '1087', '1090'], '1043': ['1043', '1121', '1122', '1123', '1045'], '1124': ['1124'], '1036': ['1036', '1092', '1150', '1093', '1094', '1151', '1149', '1037', '1144'], '1145': ['1145'], '1088': ['1088', '1142', '1141', '1143', '1140'], '1091': ['1091'], '1077': ['1077', '1075', '1076', '1073', '1074'], '1117': ['1117', '1118', '1116', '1119', '1120'], '1135': ['1135'], '1137': ['1137'], '1139': ['1139']})"
44,"defaultdict(<class 'list'>, {'1040': ['1040', '1080', '1081', '1082', '1084', '1042', '1083', '1085', '1078', '1079', '1095', '1136'], '1096': ['1096', '1138', '1135', '1137', '1139'], '1041': ['1041', '1126', '1125', '1127', '1128', '1124', '1131', '1043', '1121', '1122', '1123', '1045'], '1129': ['1129', '1130', '1134'], '1032': ['1032', '1052', '1063', '1053', '1049'], '1160': ['1160'], '1051': ['1051', '1055', '1056', '1075', '1076'], '1057': ['1057', '1060', '1071', '1072'], '1147': ['1147'], '1148': ['1148', '1158', '1157', '1159', '1156'], '1161': ['1161'], '1066': ['1066'], '1061': ['1061', '1062', '1073', '1074'], '1162': ['1162'], '1033': ['1033', '1153', '1154', '1155', '1152'], '1101': ['1101'], '1109': ['1109'], '1102': ['1102', '1103', '1104', '1098', '1099'], '1105': ['1105', '1106', '1107', '1058', '1059'], '1113': ['1113'], '1108': ['1108'], '1110': ['1110'], '1114': ['1114'], '1038': ['1038', '1048', '1054', '1068', '1034'], '1050': ['1050'], '1039': ['1039', '1097', '1112', '1035', '1111'], '1100': ['1100'], '1067': ['1067'], '1030': ['1030'], '1046': ['1046'], '1069': ['1069', '1064', '1065', '1070', '1031'], '1047': ['1047'], '1086': ['1086', '1089', '1087', '1090', '1091'], '1036': ['1036', '1092', '1150', '1151', '1149'], '1093': ['1093', '1094', '1144', '1037'], '1145': ['1145'], '1044': ['1044'], '1088': ['1088', '1142', '1141', '1143', '1140'], '1115': ['1115'], '1077': ['1077'], '1117': ['1117', '1118', '1116', '1119', '1120'], '1146': ['1146'], '1132': ['1132'], '1133': ['1133']})"
44,"defaultdict(<class 'list'>, {'1040': ['1040', '1080', '1081', '1082', '1078'], '1079': ['1079'], '1095': ['1095'], '1084': ['1084', '1042', '1085', '1086', '1089', '1044', '1087', '1090', '1091'], '1096': ['1096', '1136', '1135', '1137', '1140'], '1138': ['1138'], '1041': ['1041', '1126', '1125', '1127', '1124', '1129', '1122', '1123', '1045', '1043', '1121', '1134'], '1128': ['1128', '1131', '1132', '1133'], '1032': ['1032', '1063', '1066', '1068', '1067'], '1052': ['1052', '1051', '1053', '1049', '1050', '1038', '1048', '1034'], '1160': ['1160', '1147', '1161', '1145', '1146'], '1055': ['1055'], '1057': ['1057', '1060', '1071', '1061', '1105', '1106', '1107', '1058', '1059'], '1148': ['1148', '1158', '1157', '1159', '1156', '1033', '1153', '1154', '1155', '1152', '1109'], '1056': ['1056'], '1072': ['1072', '1075', '1076', '1073', '1074'], '1162': ['1162'], '1101': ['1101'], '1102': ['1102'], '1103': ['1103'], '1113': ['1113', '1114', '1115'], '1108': ['1108'], '1110': ['1110'], '1104': ['1104'], '1054': ['1054'], '1039': ['1039', '1097', '1098', '1099', '1035'], '1112': ['1112'], '1100': ['1100'], '1111': ['1111'], '1030': ['1030', '1046', '1069', '1047', '1070'], '1064': ['1064'], '1065': ['1065'], '1031': ['1031'], '1083': ['1083'], '1036': ['1036', '1092', '1150', '1151', '1149'], '1093': ['1093'], '1094': ['1094'], '1144': ['1144'], '1037': ['1037'], '1088': ['1088', '1142', '1141', '1143', '1139'], '1062': ['1062'], '1077': ['1077'], '1117': ['1117', '1118', '1116', '1119', '1120'], '1130': ['1130']})"
44,"defaultdict(<class 'list'>, {'1040': ['1040'], '1080': ['1080'], '1079': ['1079', '1077', '1075', '1076', '1074'], '1081': ['1081'], '1095': ['1095', '1082', '1084', '1083', '1085'], '1096': ['1096', '1138', '1135', '1137', '1139', '1136', '1088', '1142', '1141', '1143', '1140'], '1041': ['1041'], '1126': ['1126'], '1125': ['1125'], '1127': ['1127'], '1128': ['1128', '1129', '1132', '1130', '1134'], '1131': ['1131', '1133'], '1032': ['1032', '1052', '1063', '1053', '1049'], '1160': ['1160', '1147', '1161', '1145', '1146', '1162'], '1051': ['1051'], '1055': ['1055'], '1057': ['1057', '1060', '1061', '1058', '1059'], '1071': ['1071'], '1148': ['1148', '1158', '1157', '1159', '1156'], '1066': ['1066'], '1056': ['1056'], '1072': ['1072'], '1033': ['1033', '1109', '1153', '1155', '1152'], '1101': ['1101', '1102', '1098', '1099', '1100'], '1103': ['1103'], '1105': ['1105', '1106', '1113', '1107', '1114'], '1154': ['1154'], '1108': ['1108'], '1110': ['1110'], '1104': ['1104', '1030', '1046', '1047', '1117'], '1038': ['1038', '1048', '1068', '1034', '1067'], '1050': ['1050'], '1054': ['1054'], '1039': ['1039', '1097', '1112', '1035', '1111'], '1069': ['1069', '1064', '1065', '1070', '1031'], '1042': ['1042'], '1086': ['1086', '1089', '1044', '1087', '1090'], '1043': ['1043', '1121', '1122', '1123', '1045'], '1124': ['1124'], '1036': ['1036', '1092', '1150', '1093', '1094', '1144', '1149', '1037', '1151', '1091'], '1115': ['1115', '1118', '1116', '1119', '1120'], '1062': ['1062'], '1073': ['1073'], '1078': ['1078']})"
44,"defaultdict(<class 'list'>, {'1040': ['1040', '1080', '1081', '1078', '1079', '1095', '1082', '1084', '1042', '1083', '1085'], '1096': ['1096', '1138', '1135', '1137', '1139', '1136', '1140'], '1041': ['1041'], '1126': ['1126', '1125', '1127', '1043', '1121', '1122', '1123', '1045', '1124'], '1128': ['1128', '1131', '1132', '1130', '1133'], '1129': ['1129'], '1032': ['1032', '1160', '1161', '1162', '1146'], '1052': ['1052', '1053', '1049', '1050', '1054'], '1063': ['1063', '1057', '1060', '1071', '1061'], '1051': ['1051'], '1055': ['1055'], '1147': ['1147'], '1148': ['1148'], '1158': ['1158'], '1066': ['1066'], '1056': ['1056'], '1072': ['1072'], '1157': ['1157'], '1159': ['1159'], '1033': ['1033', '1109', '1110', '1039', '1097', '1098', '1099', '1035', '1112', '1111'], '1101': ['1101', '1102', '1103', '1104', '1100'], '1153': ['1153'], '1105': ['1105', '1106', '1107', '1058', '1059', '1113', '1108', '1114', '1115'], '1154': ['1154'], '1155': ['1155'], '1156': ['1156'], '1038': ['1038', '1048', '1068', '1034', '1067'], '1030': ['1030', '1046', '1069', '1047', '1070'], '1064': ['1064'], '1065': ['1065'], '1031': ['1031'], '1086': ['1086', '1087', '1088', '1141', '1143', '1089', '1044', '1090', '1142'], '1036': ['1036', '1092', '1150', '1093', '1094', '1151', '1149', '1037', '1144'], '1145': ['1145'], '1091': ['1091'], '1062': ['1062'], '1077': ['1077'], '1117': ['1117', '1118', '1116', '1119', '1120'], '1152': ['1152'], '1075': ['1075'], '1076': ['1076'], '1073': ['1073'], '1074': ['1074'], '1134': ['1134']})"
44,"defaultdict(<class 'list'>, {'1040': ['1040', '1080', '1081', '1082', '1078', '1084', '1042', '1083', '1085'], '1079': ['1079'], '1095': ['1095'], '1096': ['1096', '1138', '1135', '1137', '1139', '1136', '1088', '1142', '1141', '1143', '1140'], '1041': ['1041', '1126', '1125', '1127', '1124'], '1128': ['1128', '1131', '1132', '1130', '1133', '1129', '1120', '1134', '1119'], '1032': ['1032', '1063', '1071', '1066', '1067'], '1052': ['1052', '1053', '1038', '1048', '1054', '1034', '1049'], '1160': ['1160', '1147', '1161', '1162', '1146'], '1051': ['1051'], '1055': ['1055'], '1057': ['1057', '1060', '1061', '1058', '1059'], '1148': ['1148'], '1158': ['1158'], '1056': ['1056'], '1072': ['1072'], '1157': ['1157'], '1159': ['1159'], '1033': ['1033', '1153', '1154', '1155', '1152'], '1101': ['1101', '1102', '1103', '1100'], '1109': ['1109'], '1105': ['1105', '1106', '1113', '1107', '1114', '1108', '1115', '1116'], '1110': ['1110'], '1104': ['1104'], '1156': ['1156'], '1050': ['1050'], '1068': ['1068'], '1039': ['1039', '1097', '1098', '1099', '1035', '1112', '1111', '1117', '1118'], '1030': ['1030'], '1046': ['1046'], '1069': ['1069', '1064', '1065', '1070', '1031'], '1047': ['1047'], '1086': ['1086', '1089', '1087', '1090', '1091'], '1043': ['1043', '1121', '1122', '1123', '1045'], '1036': ['1036', '1092', '1150', '1151', '1149'], '1093': ['1093', '1094', '1144', '1037'], '1145': ['1145'], '1044': ['1044'], '1062': ['1062'], '1077': ['1077'], '1075': ['1075'], '1076': ['1076'], '1073': ['1073'], '1074': ['1074']})"
44,"defaultdict(<class 'list'>, {'1040': ['1040', '1080', '1081', '1078'], '1079': ['1079'], '1095': ['1095'], '1082': ['1082', '1084', '1042', '1083', '1085'], '1096': ['1096', '1138', '1135', '1137', '1139'], '1136': ['1136'], '1041': ['1041', '1126', '1125', '1127', '1124'], '1128': ['1128', '1131', '1132', '1130', '1133'], '1129': ['1129'], '1032': ['1032', '1160', '1161', '1162', '1146'], '1052': ['1052', '1053', '1049', '1050', '1054'], '1063': ['1063', '1057', '1060', '1071', '1061'], '1051': ['1051'], '1055': ['1055'], '1147': ['1147'], '1148': ['1148', '1158', '1157', '1159', '1156'], '1066': ['1066', '1038', '1048', '1068', '1034', '1067', '1064', '1065', '1031'], '1056': ['1056'], '1072': ['1072', '1114', '1070'], '1033': ['1033', '1109', '1113', '1110', '1111'], '1101': ['1101', '1102', '1098', '1099', '1100', '1103', '1039', '1097', '1035'], '1153': ['1153', '1154', '1155', '1151', '1152'], '1105': ['1105'], '1106': ['1106'], '1108': ['1108'], '1104': ['1104', '1030', '1046', '1047', '1117'], '1107': ['1107'], '1112': ['1112'], '1069': ['1069'], '1058': ['1058'], '1059': ['1059'], '1086': ['1086', '1087', '1088', '1141', '1143', '1089', '1044', '1090', '1142'], '1043': ['1043', '1121', '1122', '1123', '1045'], '1036': ['1036', '1092', '1150', '1093', '1094', '1144', '1149', '1037', '1145'], '1091': ['1091'], '1115': ['1115'], '1062': ['1062'], '1077': ['1077', '1075', '1076', '1073', '1074'], '1118': ['1118'], '1116': ['1116'], '1140': ['1140'], '1119': ['1119'], '1120': ['1120'], '1134': ['1134']})"
44,"defaultdict(<class 'list'>, {'1040': ['1040', '1080', '1081', '1078'], '1079': ['1079', '1077', '1075', '1076', '1074'], '1095': ['1095'], '1082': ['1082', '1084', '1042', '1085', '1086', '1087', '1083', '1089', '1044'], '1096': ['1096', '1138', '1135', '1137', '1139'], '1136': ['1136'], '1041': ['1041', '1126', '1125', '1127', '1124'], '1128': ['1128', '1131', '1132', '1130', '1133'], '1129': ['1129'], '1032': ['1032', '1160', '1161', '1162', '1146'], '1052': ['1052'], '1063': ['1063'], '1051': ['1051', '1055', '1056', '1049', '1050'], '1057': ['1057', '1060', '1061', '1062', '1073', '1071', '1072'], '1147': ['1147'], '1148': ['1148', '1158', '1157', '1159', '1156'], '1053': ['1053'], '1066': ['1066'], '1033': ['1033'], '1101': ['1101', '1102', '1098', '1099', '1100'], '1109': ['1109'], '1153': ['1153'], '1103': ['1103', '1104', '1030', '1046', '1047'], '1105': ['1105', '1106', '1107', '1058', '1059'], '1113': ['1113'], '1154': ['1154'], '1155': ['1155'], '1108': ['1108'], '1110': ['1110', '1111', '1064', '1065', '1031'], '1114': ['1114'], '1038': ['1038', '1048', '1068', '1034', '1067'], '1054': ['1054'], '1039': ['1039', '1097', '1112', '1035', '1117'], '1069': ['1069'], '1070': ['1070'], '1043': ['1043', '1121', '1122', '1123', '1045'], '1036': ['1036', '1092', '1150', '1093', '1094', '1151', '1149', '1037', '1144'], '1145': ['1145'], '1088': ['1088', '1142', '1141', '1143', '1140'], '1090': ['1090'], '1091': ['1091'], '1115': ['1115', '1118', '1116', '1119', '1120'], '1152': ['1152'], '1134': ['1134']})"
44,"defaultdict(<class 'list'>, {'1040': ['1040', '1080', '1081', '1082', '1078'], '1079': ['1079'], '1095': ['1095'], '1084': ['1084', '1042', '1085', '1086', '1089', '1087', '1090', '1091', '1044'], '1096': ['1096'], '1136': ['1136'], '1138': ['1138', '1134'], '1041': ['1041', '1126', '1125', '1127', '1124'], '1128': ['1128', '1131', '1132', '1130', '1133'], '1129': ['1129'], '1032': ['1032', '1160', '1161', '1162'], '1052': ['1052', '1053', '1049', '1050', '1054'], '1063': ['1063'], '1051': ['1051'], '1055': ['1055'], '1057': ['1057', '1060', '1061', '1058', '1059', '1105', '1106', '1107', '1062'], '1071': ['1071'], '1147': ['1147', '1145', '1144', '1146'], '1148': ['1148', '1158', '1157', '1159', '1033', '1109', '1153', '1154', '1155', '1156', '1152'], '1066': ['1066', '1038', '1048', '1068', '1067'], '1056': ['1056', '1077', '1075', '1076', '1074'], '1072': ['1072'], '1101': ['1101', '1039', '1097', '1098', '1099', '1035', '1112', '1100', '1111'], '1102': ['1102', '1103', '1104', '1117', '1118'], '1113': ['1113'], '1108': ['1108'], '1110': ['1110'], '1114': ['1114', '1030', '1046', '1069', '1064', '1065', '1070', '1031', '1047'], '1034': ['1034'], '1083': ['1083'], '1043': ['1043', '1121', '1122', '1123', '1045'], '1036': ['1036'], '1092': ['1092'], '1150': ['1150'], '1093': ['1093', '1094', '1151', '1149', '1037'], '1088': ['1088', '1142', '1141', '1143', '1139'], '1115': ['1115'], '1073': ['1073'], '1116': ['1116'], '1135': ['1135'], '1137': ['1137'], '1140': ['1140'], '1119': ['1119'], '1120': ['1120']})"
44,"defaultdict(<class 'list'>, {'1040': ['1040', '1080', '1079', '1081', '1078'], '1095': ['1095', '1082', '1084', '1083', '1085', '1042', '1086', '1089', '1044', '1087', '1090', '1091'], '1096': ['1096', '1138', '1135', '1137', '1139', '1136', '1088', '1142', '1141', '1143', '1140'], '1041': ['1041', '1126', '1125', '1127', '1124'], '1128': ['1128', '1131', '1132', '1130', '1133', '1129', '1120', '1134'], '1032': ['1032', '1160', '1161', '1162', '1146'], '1052': ['1052', '1051', '1053', '1038', '1048', '1054', '1034', '1049', '1050'], '1063': ['1063', '1057', '1071', '1066', '1067'], '1055': ['1055'], '1060': ['1060'], '1147': ['1147'], '1148': ['1148', '1158', '1157', '1159', '1156'], '1056': ['1056'], '1061': ['1061', '1062', '1075', '1073', '1074', '1076'], '1072': ['1072'], '1033': ['1033'], '1101': ['1101', '1102', '1098', '1099', '1100'], '1109': ['1109'], '1153': ['1153'], '1103': ['1103', '1104', '1030', '1046', '1047'], '1105': ['1105', '1106', '1107', '1058', '1059'], '1113': ['1113'], '1154': ['1154'], '1155': ['1155'], '1108': ['1108'], '1110': ['1110', '1039', '1097', '1112', '1111'], '1114': ['1114'], '1068': ['1068'], '1035': ['1035'], '1069': ['1069', '1064', '1065', '1070', '1031'], '1043': ['1043', '1121', '1122', '1123', '1045'], '1036': ['1036'], '1092': ['1092'], '1150': ['1150'], '1093': ['1093'], '1094': ['1094'], '1145': ['1145'], '1151': ['1151'], '1144': ['1144'], '1149': ['1149'], '1037': ['1037'], '1115': ['1115', '1117', '1118', '1116', '1119'], '1077': ['1077'], '1152': ['1152']})"
44,"defaultdict(<class 'list'>, {'1040': ['1040', '1080', '1079', '1077', '1076', '1078', '1075', '1074'], '1081': ['1081', '1082', '1084', '1042', '1083', '1095', '1096', '1085'], '1136': ['1136'], '1138': ['1138'], '1041': ['1041'], '1126': ['1126', '1125', '1127', '1128', '1131', '1132', '1130', '1133', '1129', '1120', '1134', '1124'], '1032': ['1032', '1160', '1161', '1162', '1146'], '1052': ['1052', '1053', '1049', '1050', '1054', '1051', '1055', '1061', '1062'], '1063': ['1063'], '1057': ['1057'], '1060': ['1060'], '1071': ['1071'], '1147': ['1147'], '1148': ['1148', '1158', '1157', '1159', '1156', '1153', '1154', '1155', '1152'], '1066': ['1066', '1038', '1048', '1068', '1067'], '1056': ['1056'], '1072': ['1072'], '1033': ['1033', '1109', '1113', '1110', '1111', '1105'], '1101': ['1101', '1102', '1098', '1099', '1100'], '1103': ['1103'], '1106': ['1106', '1108', '1107', '1058', '1059'], '1104': ['1104', '1030', '1046', '1047', '1117'], '1114': ['1114'], '1039': ['1039'], '1097': ['1097'], '1112': ['1112'], '1034': ['1034'], '1035': ['1035'], '1069': ['1069', '1064', '1065', '1070', '1031'], '1086': ['1086', '1089', '1044', '1087', '1090'], '1043': ['1043', '1121', '1122', '1123', '1045'], '1036': ['1036', '1092', '1150', '1151', '1149'], '1093': ['1093', '1094', '1144', '1037', '1143'], '1145': ['1145'], '1088': ['1088', '1141', '1135', '1140'], '1142': ['1142'], '1091': ['1091'], '1115': ['1115'], '1118': ['1118'], '1073': ['1073'], '1116': ['1116'], '1137': ['1137'], '1139': ['1139'], '1119': ['1119']})"
44,"defaultdict(<class 'list'>, {'1040': ['1040', '1080', '1081', '1082', '1078', '1095', '1083'], '1079': ['1079', '1077', '1075', '1076', '1074'], '1084': ['1084', '1042', '1085', '1086', '1089', '1044', '1087', '1090', '1091'], '1096': ['1096', '1138', '1135', '1137', '1139', '1136', '1140'], '1041': ['1041'], '1126': ['1126', '1125', '1127', '1043', '1121', '1122', '1123', '1045', '1124'], '1128': ['1128', '1131', '1132', '1130', '1133'], '1129': ['1129'], '1032': ['1032', '1052', '1063', '1053', '1049', '1160', '1161', '1162', '1146'], '1051': ['1051', '1055', '1056', '1046', '1047'], '1057': ['1057', '1060', '1061', '1105', '1106', '1107', '1058', '1059', '1062'], '1071': ['1071', '1072', '1073'], '1147': ['1147', '1148', '1158', '1157', '1159', '1033', '1153', '1155', '1156'], '1066': ['1066'], '1101': ['1101'], '1109': ['1109'], '1102': ['1102'], '1103': ['1103'], '1113': ['1113'], '1154': ['1154', '1036', '1150', '1151', '1152'], '1108': ['1108'], '1110': ['1110'], '1104': ['1104'], '1114': ['1114'], '1038': ['1038', '1048', '1068', '1034', '1067'], '1050': ['1050'], '1054': ['1054'], '1039': ['1039', '1097', '1098', '1099', '1035'], '1112': ['1112'], '1100': ['1100'], '1111': ['1111'], '1030': ['1030'], '1069': ['1069', '1064', '1065', '1070', '1031'], '1092': ['1092'], '1093': ['1093', '1094', '1144', '1149', '1037'], '1145': ['1145'], '1088': ['1088', '1142', '1141', '1143'], '1115': ['1115'], '1117': ['1117'], '1118': ['1118'], '1116': ['1116'], '1119': ['1119'], '1120': ['1120'], '1134': ['1134']})"
44,"defaultdict(<class 'list'>, {'1040': ['1040', '1080', '1081', '1082', '1078', '1079', '1095', '1096', '1083'], '1084': ['1084', '1042', '1085', '1086', '1089', '1044', '1087', '1090', '1091'], '1136': ['1136', '1088', '1141', '1140'], '1138': ['1138'], '1041': ['1041', '1126', '1125', '1127', '1124'], '1128': ['1128', '1129', '1132', '1130', '1134'], '1131': ['1131'], '1032': ['1032', '1160', '1147', '1161', '1145', '1146', '1162'], '1052': ['1052', '1053', '1049', '1050', '1054', '1051', '1055', '1062'], '1063': ['1063'], '1057': ['1057', '1060', '1071', '1061', '1072'], '1148': ['1148'], '1158': ['1158'], '1066': ['1066', '1038', '1048', '1068', '1034', '1067', '1064', '1065', '1031'], '1056': ['1056', '1077', '1075', '1076', '1074'], '1157': ['1157'], '1159': ['1159'], '1033': ['1033', '1109', '1105', '1106', '1107', '1058', '1059', '1113'], '1101': ['1101', '1102', '1098', '1099', '1100', '1103', '1039', '1097', '1035'], '1153': ['1153', '1154', '1155', '1156', '1152'], '1108': ['1108'], '1110': ['1110'], '1104': ['1104'], '1114': ['1114', '1115', '1118', '1116', '1119'], '1112': ['1112'], '1111': ['1111'], '1030': ['1030'], '1046': ['1046'], '1069': ['1069'], '1047': ['1047'], '1070': ['1070'], '1043': ['1043', '1121', '1122', '1123', '1045'], '1036': ['1036'], '1092': ['1092'], '1150': ['1150'], '1093': ['1093', '1094', '1151', '1149', '1037'], '1144': ['1144'], '1142': ['1142', '1137', '1139'], '1143': ['1143'], '1117': ['1117'], '1073': ['1073'], '1135': ['1135'], '1120': ['1120'], '1133': ['1133']})"
44,"defaultdict(<class 'list'>, {'1040': ['1040', '1080', '1079', '1081', '1078'], '1095': ['1095'], '1082': ['1082'], '1084': ['1084', '1042', '1085', '1086', '1089', '1044', '1087', '1090', '1091'], '1096': ['1096', '1138', '1135', '1137', '1139'], '1136': ['1136'], '1041': ['1041'], '1126': ['1126'], '1125': ['1125'], '1127': ['1127'], '1128': ['1128', '1131', '1132', '1130', '1133', '1129', '1134'], '1032': ['1032', '1052', '1063', '1053', '1049', '1051', '1055', '1050', '1054'], '1160': ['1160'], '1057': ['1057'], '1060': ['1060', '1061', '1058', '1059', '1062'], '1071': ['1071'], '1147': ['1147', '1148', '1158', '1157', '1159'], '1161': ['1161'], '1066': ['1066'], '1056': ['1056'], '1072': ['1072'], '1162': ['1162'], '1033': ['1033', '1109', '1110', '1039', '1097', '1112', '1035', '1111'], '1101': ['1101', '1102', '1098', '1099', '1100'], '1153': ['1153', '1154', '1155', '1156', '1152'], '1103': ['1103'], '1105': ['1105', '1106', '1113', '1107', '1114'], '1108': ['1108'], '1104': ['1104'], '1038': ['1038', '1048', '1068', '1034', '1067'], '1030': ['1030'], '1046': ['1046'], '1069': ['1069', '1064', '1065', '1070', '1031'], '1047': ['1047'], '1083': ['1083'], '1043': ['1043', '1121', '1122', '1123', '1045'], '1124': ['1124'], '1036': ['1036'], '1092': ['1092', '1150', '1093', '1094', '1144', '1149', '1037', '1145', '1151'], '1088': ['1088', '1142', '1141', '1143', '1140'], '1115': ['1115'], '1077': ['1077', '1075', '1076', '1073', '1074'], '1117': ['1117', '1118', '1116', '1119', '1120'], '1146': ['1146']})"
45,"defaultdict(<class 'list'>, {'1040': ['1040', '1080', '1081', '1082', '1084', '1042', '1083', '1085', '1078'], '1079': ['1079', '1038', '1048', '1068', '1034', '1067', '1077', '1076'], '1095': ['1095'], '1096': ['1096', '1136', '1135', '1137', '1140', '1138', '1088', '1142', '1141', '1143', '1139'], '1041': ['1041'], '1126': ['1126'], '1125': ['1125'], '1127': ['1127'], '1128': ['1128', '1131', '1132', '1130', '1133'], '1129': ['1129'], '1032': ['1032'], '1052': ['1052', '1053', '1049', '1050', '1054'], '1063': ['1063'], '1160': ['1160'], '1051': ['1051'], '1055': ['1055'], '1057': ['1057', '1060', '1071', '1058', '1059'], '1147': ['1147', '1036', '1092', '1145', '1146'], '1148': ['1148', '1158', '1157', '1159', '1156', '1153', '1154', '1155', '1152'], '1161': ['1161'], '1066': ['1066'], '1056': ['1056'], '1061': ['1061', '1062', '1075', '1073', '1074'], '1072': ['1072'], '1162': ['1162'], '1033': ['1033', '1101', '1098', '1099', '1100'], '1109': ['1109', '1105', '1106', '1113', '1107'], '1102': ['1102', '1103', '1104', '1117', '1118'], '1108': ['1108'], '1110': ['1110'], '1114': ['1114', '1030', '1046', '1069', '1064', '1065', '1070', '1031', '1047'], '1039': ['1039'], '1097': ['1097'], '1112': ['1112'], '1035': ['1035'], '1111': ['1111'], '1086': ['1086', '1089', '1044', '1087', '1090'], '1043': ['1043', '1121', '1122', '1123', '1045'], '1124': ['1124'], '1150': ['1150'], '1093': ['1093', '1094', '1151', '1149', '1037'], '1144': ['1144'], '1091': ['1091'], '1115': ['1115', '1116', '1119', '1120'], '1134': ['1134']})"
45,"defaultdict(<class 'list'>, {'1040': ['1040', '1080', '1038', '1048', '1068', '1034', '1067', '1077', '1078'], '1079': ['1079'], '1081': ['1081'], '1095': ['1095'], '1082': ['1082', '1084', '1042', '1083', '1085'], '1096': ['1096', '1136', '1135', '1137', '1140', '1138', '1088', '1142', '1141', '1143', '1139'], '1041': ['1041', '1126', '1125', '1127', '1124', '1129', '1122', '1123', '1045', '1043', '1121', '1134'], '1128': ['1128'], '1131': ['1131'], '1032': ['1032', '1160', '1161', '1162', '1146'], '1052': ['1052', '1051', '1053', '1049', '1050'], '1063': ['1063', '1057', '1060', '1071', '1061'], '1055': ['1055'], '1147': ['1147', '1036', '1092', '1150', '1093', '1094', '1151', '1149', '1037', '1145', '1144', '1091'], '1148': ['1148', '1158', '1157', '1159', '1153', '1154', '1155', '1156', '1152'], '1066': ['1066'], '1056': ['1056'], '1072': ['1072', '1075', '1076', '1073', '1074'], '1033': ['1033'], '1101': ['1101'], '1109': ['1109'], '1102': ['1102'], '1103': ['1103'], '1105': ['1105', '1106', '1107', '1058', '1059'], '1113': ['1113'], '1108': ['1108'], '1110': ['1110'], '1104': ['1104'], '1114': ['1114'], '1054': ['1054'], '1039': ['1039', '1097', '1112', '1035', '1111', '1098', '1099', '1117', '1118'], '1100': ['1100'], '1030': ['1030'], '1046': ['1046'], '1069': ['1069', '1064', '1065', '1070', '1031'], '1047': ['1047'], '1086': ['1086', '1089', '1044', '1087', '1090'], '1115': ['1115'], '1062': ['1062'], '1116': ['1116'], '1119': ['1119'], '1120': ['1120'], '1132': ['1132'], '1130': ['1130'], '1133': ['1133']})"
45,"defaultdict(<class 'list'>, {'1040': ['1040', '1080', '1079', '1081', '1078', '1095', '1082', '1084', '1042', '1083', '1085', '1096'], '1136': ['1136'], '1138': ['1138'], '1041': ['1041', '1126', '1125', '1127', '1128', '1124', '1122', '1123', '1045'], '1129': ['1129'], '1131': ['1131'], '1032': ['1032', '1160', '1161', '1162', '1146'], '1052': ['1052', '1053'], '1063': ['1063', '1071', '1072'], '1051': ['1051', '1055', '1056', '1049', '1050'], '1057': ['1057', '1060', '1061', '1058', '1059'], '1147': ['1147', '1148', '1158', '1157', '1159', '1156', '1033', '1153', '1154', '1155', '1152', '1109'], '1066': ['1066'], '1101': ['1101', '1102', '1098', '1099', '1100'], '1103': ['1103'], '1105': ['1105'], '1106': ['1106'], '1113': ['1113'], '1108': ['1108'], '1110': ['1110'], '1104': ['1104'], '1107': ['1107'], '1114': ['1114', '1030', '1046', '1069', '1064', '1065', '1070', '1031', '1047'], '1038': ['1038', '1048', '1068', '1034', '1067'], '1054': ['1054', '1062'], '1039': ['1039', '1097', '1112', '1035', '1111'], '1086': ['1086', '1089', '1044', '1087', '1090'], '1043': ['1043'], '1121': ['1121'], '1036': ['1036', '1092', '1145', '1144', '1150', '1093', '1094', '1151', '1149', '1037', '1091'], '1088': ['1088', '1142', '1141', '1143', '1140'], '1115': ['1115'], '1077': ['1077', '1075', '1076', '1073', '1074'], '1117': ['1117'], '1118': ['1118'], '1116': ['1116'], '1135': ['1135'], '1137': ['1137'], '1139': ['1139'], '1119': ['1119'], '1120': ['1120'], '1132': ['1132'], '1130': ['1130'], '1134': ['1134'], '1133': ['1133']})"
45,"defaultdict(<class 'list'>, {'1040': ['1040', '1080', '1079', '1081', '1078', '1095', '1082', '1084', '1042', '1083', '1085', '1086'], '1096': ['1096', '1138', '1135', '1137', '1139', '1136', '1088', '1142', '1141', '1143', '1140'], '1041': ['1041'], '1126': ['1126', '1125', '1127', '1043', '1121', '1122', '1123', '1045', '1124'], '1128': ['1128'], '1129': ['1129'], '1131': ['1131'], '1032': ['1032', '1063', '1160', '1161', '1162'], '1052': ['1052', '1051', '1053', '1049', '1050'], '1055': ['1055'], '1057': ['1057', '1060', '1071', '1061', '1105', '1106', '1107', '1058', '1059'], '1147': ['1147'], '1148': ['1148', '1158', '1157', '1159', '1156'], '1066': ['1066', '1110', '1064', '1065', '1031'], '1056': ['1056', '1077', '1075', '1076', '1074'], '1072': ['1072', '1062', '1073'], '1033': ['1033', '1101', '1102', '1103', '1039', '1097', '1098', '1099', '1035', '1112', '1111', '1100'], '1109': ['1109'], '1153': ['1153'], '1113': ['1113', '1114', '1115'], '1154': ['1154'], '1155': ['1155'], '1108': ['1108'], '1104': ['1104'], '1038': ['1038', '1048', '1068', '1034', '1067'], '1054': ['1054'], '1030': ['1030', '1046', '1069', '1047', '1070'], '1089': ['1089', '1149', '1044', '1090', '1091'], '1036': ['1036'], '1092': ['1092'], '1150': ['1150'], '1093': ['1093'], '1094': ['1094'], '1145': ['1145'], '1151': ['1151'], '1144': ['1144'], '1037': ['1037'], '1087': ['1087'], '1117': ['1117', '1118', '1116', '1119', '1120'], '1146': ['1146'], '1152': ['1152'], '1132': ['1132'], '1130': ['1130'], '1134': ['1134'], '1133': ['1133']})"
45,"defaultdict(<class 'list'>, {'1040': ['1040', '1080', '1079', '1077', '1076', '1078', '1068', '1067'], '1081': ['1081', '1082', '1084', '1042', '1083'], '1095': ['1095'], '1096': ['1096', '1138', '1135', '1137', '1139'], '1136': ['1136'], '1041': ['1041', '1126', '1125', '1127', '1124', '1043', '1121', '1122', '1123', '1045'], '1128': ['1128', '1131', '1132', '1130', '1133', '1129', '1120', '1134'], '1032': ['1032', '1160', '1161', '1162', '1146'], '1052': ['1052'], '1063': ['1063'], '1051': ['1051', '1055', '1056', '1049', '1050'], '1057': ['1057', '1060', '1061', '1105', '1106', '1107', '1058', '1059', '1113'], '1071': ['1071'], '1147': ['1147'], '1148': ['1148'], '1158': ['1158'], '1053': ['1053', '1038', '1048', '1054', '1034'], '1066': ['1066'], '1072': ['1072'], '1157': ['1157'], '1159': ['1159'], '1033': ['1033', '1101', '1109', '1153', '1100'], '1102': ['1102', '1103', '1104', '1117', '1118'], '1154': ['1154', '1151', '1152'], '1155': ['1155'], '1108': ['1108'], '1110': ['1110'], '1114': ['1114', '1115', '1116', '1119'], '1156': ['1156'], '1039': ['1039', '1097', '1112', '1035', '1111', '1098', '1099'], '1030': ['1030'], '1046': ['1046'], '1069': ['1069', '1064', '1065', '1070', '1031'], '1047': ['1047'], '1085': ['1085'], '1086': ['1086', '1089', '1044', '1087', '1090'], '1036': ['1036'], '1092': ['1092'], '1150': ['1150'], '1093': ['1093', '1094', '1144', '1149', '1037'], '1145': ['1145'], '1088': ['1088', '1142', '1141', '1143'], '1091': ['1091'], '1062': ['1062', '1075', '1073', '1074'], '1140': ['1140']})"
45,"defaultdict(<class 'list'>, {'1040': ['1040', '1080', '1079', '1081', '1078'], '1095': ['1095'], '1082': ['1082'], '1084': ['1084'], '1096': ['1096', '1136', '1135', '1137', '1140'], '1138': ['1138'], '1041': ['1041'], '1126': ['1126', '1125', '1127', '1128', '1124'], '1129': ['1129', '1131', '1120', '1130', '1134'], '1032': ['1032', '1160', '1161', '1162', '1146'], '1052': ['1052', '1053', '1049', '1050', '1054', '1051', '1055', '1061', '1062'], '1063': ['1063'], '1057': ['1057'], '1060': ['1060'], '1071': ['1071'], '1147': ['1147', '1148', '1158', '1157', '1159', '1153', '1154', '1155', '1156', '1152'], '1066': ['1066'], '1056': ['1056'], '1072': ['1072'], '1033': ['1033', '1101', '1102', '1103', '1100'], '1109': ['1109'], '1105': ['1105', '1106', '1113', '1058', '1059'], '1108': ['1108', '1107', '1115', '1116', '1119'], '1110': ['1110'], '1104': ['1104'], '1114': ['1114'], '1038': ['1038', '1048', '1068', '1034', '1067'], '1039': ['1039', '1097', '1098', '1099', '1035', '1112', '1111', '1117', '1118'], '1030': ['1030', '1046', '1069', '1047', '1070'], '1064': ['1064'], '1065': ['1065'], '1031': ['1031'], '1042': ['1042'], '1083': ['1083'], '1085': ['1085'], '1086': ['1086', '1089', '1044', '1087', '1090'], '1043': ['1043', '1121', '1122', '1123', '1045'], '1036': ['1036', '1092', '1150', '1145'], '1093': ['1093', '1094', '1151', '1149', '1037'], '1144': ['1144'], '1088': ['1088', '1142', '1141', '1143', '1139'], '1091': ['1091'], '1077': ['1077', '1075', '1076', '1073', '1074'], '1132': ['1132'], '1133': ['1133']})"
45,"defaultdict(<class 'list'>, {'1040': ['1040', '1080', '1081', '1082', '1083'], '1079': ['1079', '1077', '1075', '1076', '1074'], '1095': ['1095'], '1084': ['1084', '1042', '1085', '1086', '1089', '1044', '1087', '1090', '1091', '1088'], '1096': ['1096', '1138', '1135', '1137', '1139'], '1136': ['1136'], '1041': ['1041', '1126', '1125', '1127', '1124'], '1128': ['1128', '1129', '1132', '1130', '1134'], '1131': ['1131'], '1032': ['1032', '1063', '1160', '1147', '1148', '1158', '1157', '1159', '1156', '1161', '1162', '1146'], '1052': ['1052', '1053', '1049', '1050', '1054', '1051', '1055', '1062'], '1057': ['1057', '1060', '1061', '1058', '1059'], '1071': ['1071'], '1066': ['1066'], '1056': ['1056'], '1072': ['1072'], '1033': ['1033', '1153', '1154', '1155', '1152'], '1101': ['1101', '1102', '1098', '1099', '1100'], '1109': ['1109'], '1103': ['1103'], '1105': ['1105', '1106', '1113', '1107', '1114'], '1108': ['1108'], '1110': ['1110', '1111', '1064', '1065', '1031', '1039', '1097', '1112', '1035'], '1104': ['1104', '1030', '1046', '1069', '1047', '1070'], '1038': ['1038', '1048', '1068', '1034', '1067'], '1043': ['1043', '1121', '1122', '1123', '1045'], '1036': ['1036'], '1092': ['1092'], '1150': ['1150'], '1093': ['1093'], '1094': ['1094'], '1145': ['1145'], '1151': ['1151'], '1144': ['1144'], '1149': ['1149'], '1037': ['1037'], '1142': ['1142'], '1141': ['1141'], '1143': ['1143'], '1115': ['1115', '1118', '1116', '1119', '1120'], '1117': ['1117'], '1073': ['1073'], '1078': ['1078'], '1140': ['1140'], '1133': ['1133']})"
45,"defaultdict(<class 'list'>, {'1040': ['1040', '1080', '1079', '1081', '1078', '1095', '1082', '1084', '1042', '1083', '1085', '1077'], '1096': ['1096', '1138', '1135', '1137', '1139'], '1136': ['1136'], '1041': ['1041'], '1126': ['1126', '1125', '1127', '1043', '1121', '1122', '1123', '1045', '1124'], '1128': ['1128', '1131', '1132', '1130', '1133', '1129', '1120', '1134'], '1032': ['1032', '1052', '1053', '1038', '1048', '1054', '1034', '1049', '1050', '1068'], '1063': ['1063', '1057', '1071', '1072'], '1160': ['1160', '1147', '1161', '1162', '1146'], '1051': ['1051', '1055', '1056', '1046', '1047'], '1060': ['1060'], '1148': ['1148', '1158', '1157', '1159', '1156'], '1066': ['1066', '1067', '1064', '1065', '1031'], '1061': ['1061', '1062', '1075', '1073', '1074'], '1033': ['1033', '1153', '1154', '1155', '1152'], '1101': ['1101'], '1109': ['1109'], '1102': ['1102', '1039', '1097', '1098', '1099', '1035', '1112', '1100', '1111'], '1103': ['1103'], '1105': ['1105'], '1106': ['1106'], '1113': ['1113'], '1108': ['1108'], '1110': ['1110'], '1104': ['1104'], '1107': ['1107'], '1114': ['1114', '1115', '1118', '1116', '1119'], '1030': ['1030', '1069', '1070'], '1058': ['1058'], '1059': ['1059'], '1086': ['1086', '1089', '1044', '1087', '1090'], '1036': ['1036'], '1092': ['1092'], '1150': ['1150'], '1093': ['1093', '1094', '1151', '1149', '1037'], '1145': ['1145'], '1144': ['1144'], '1088': ['1088'], '1142': ['1142'], '1141': ['1141'], '1091': ['1091'], '1143': ['1143'], '1117': ['1117'], '1076': ['1076'], '1140': ['1140']})"
45,"defaultdict(<class 'list'>, {'1040': ['1040', '1080', '1079', '1081', '1078', '1095', '1082', '1084', '1042', '1083', '1085', '1096'], '1136': ['1136'], '1138': ['1138'], '1041': ['1041', '1126', '1125', '1127', '1124', '1131', '1122', '1123', '1045'], '1128': ['1128', '1129', '1132', '1130', '1134'], '1032': ['1032', '1052', '1063', '1053', '1049', '1160', '1161', '1162', '1146'], '1051': ['1051', '1055', '1056', '1050'], '1057': ['1057', '1060', '1071', '1061', '1072'], '1147': ['1147', '1148', '1158', '1157', '1159', '1156', '1145'], '1066': ['1066'], '1033': ['1033', '1109', '1153', '1155', '1152'], '1101': ['1101'], '1102': ['1102'], '1103': ['1103'], '1105': ['1105', '1106', '1107', '1058', '1059'], '1113': ['1113'], '1154': ['1154'], '1108': ['1108'], '1110': ['1110', '1111', '1064', '1065', '1031'], '1104': ['1104'], '1114': ['1114'], '1038': ['1038', '1048', '1068', '1034', '1067'], '1054': ['1054'], '1039': ['1039', '1097', '1098', '1099', '1035'], '1112': ['1112'], '1100': ['1100'], '1030': ['1030', '1046', '1069', '1047', '1070'], '1086': ['1086'], '1089': ['1089', '1092', '1044', '1090', '1091'], '1043': ['1043'], '1121': ['1121'], '1036': ['1036'], '1150': ['1150'], '1093': ['1093', '1094', '1151', '1149', '1037'], '1144': ['1144'], '1087': ['1087'], '1088': ['1088', '1142', '1141', '1143', '1139'], '1115': ['1115'], '1062': ['1062'], '1077': ['1077', '1075', '1076', '1073', '1074'], '1117': ['1117', '1118', '1116', '1119', '1120'], '1135': ['1135'], '1137': ['1137'], '1140': ['1140'], '1133': ['1133']})"
45,"defaultdict(<class 'list'>, {'1040': ['1040', '1080', '1081', '1082', '1078', '1079', '1095', '1096', '1083'], '1084': ['1084', '1042', '1085', '1086', '1087'], '1136': ['1136', '1133'], '1138': ['1138', '1137', '1139'], '1041': ['1041', '1126', '1125', '1127', '1131', '1124', '1128', '1043', '1121', '1122', '1123', '1045'], '1129': ['1129'], '1032': ['1032', '1160', '1161', '1162', '1146'], '1052': ['1052', '1051', '1053', '1049', '1050', '1054'], '1063': ['1063', '1057', '1060', '1071', '1061'], '1055': ['1055', '1056', '1075', '1076', '1074'], '1147': ['1147'], '1148': ['1148'], '1158': ['1158'], '1066': ['1066'], '1072': ['1072'], '1157': ['1157'], '1159': ['1159'], '1033': ['1033'], '1101': ['1101', '1102', '1098', '1099', '1100'], '1109': ['1109'], '1153': ['1153', '1154', '1155', '1156', '1152'], '1103': ['1103'], '1105': ['1105', '1106', '1113', '1107', '1114', '1108', '1058', '1059', '1115'], '1110': ['1110', '1111', '1064', '1065', '1031', '1030', '1046', '1069', '1047', '1070'], '1104': ['1104'], '1038': ['1038', '1048', '1068', '1034', '1067'], '1039': ['1039'], '1097': ['1097'], '1112': ['1112'], '1035': ['1035'], '1089': ['1089'], '1036': ['1036', '1092', '1150', '1151'], '1093': ['1093', '1094', '1145', '1144', '1037'], '1149': ['1149'], '1044': ['1044'], '1088': ['1088', '1142', '1141', '1143', '1140'], '1090': ['1090'], '1091': ['1091'], '1062': ['1062'], '1077': ['1077'], '1117': ['1117', '1118', '1116', '1119', '1120'], '1073': ['1073'], '1135': ['1135', '1134'], '1132': ['1132'], '1130': ['1130']})"
45,"defaultdict(<class 'list'>, {'1040': ['1040', '1080', '1079', '1081', '1078', '1095', '1082', '1096', '1083'], '1084': ['1084', '1042', '1085', '1086', '1087'], '1136': ['1136'], '1138': ['1138', '1137', '1139'], '1041': ['1041', '1126', '1125', '1127', '1124'], '1128': ['1128', '1131', '1132', '1130', '1133'], '1129': ['1129'], '1032': ['1032', '1052', '1063', '1053', '1049', '1160', '1161', '1162', '1146'], '1051': ['1051', '1038', '1048', '1050', '1034'], '1055': ['1055'], '1057': ['1057', '1060', '1071', '1061', '1072'], '1147': ['1147'], '1148': ['1148', '1158', '1157', '1159', '1156', '1153', '1154', '1155', '1152'], '1066': ['1066', '1068', '1067'], '1056': ['1056'], '1033': ['1033', '1109', '1113', '1110', '1111'], '1101': ['1101'], '1102': ['1102', '1039', '1097', '1098', '1099', '1035', '1112', '1100', '1117'], '1103': ['1103'], '1105': ['1105', '1106', '1107', '1058', '1059'], '1108': ['1108'], '1104': ['1104'], '1114': ['1114', '1030', '1046', '1069', '1064', '1065', '1070', '1031', '1047'], '1054': ['1054'], '1089': ['1089', '1149', '1044', '1090', '1091'], '1043': ['1043'], '1121': ['1121'], '1122': ['1122'], '1123': ['1123'], '1036': ['1036'], '1092': ['1092'], '1150': ['1150'], '1093': ['1093', '1094', '1145', '1144', '1037'], '1151': ['1151'], '1088': ['1088', '1142', '1141', '1143', '1140'], '1045': ['1045'], '1115': ['1115'], '1062': ['1062'], '1077': ['1077', '1075', '1076', '1073', '1074'], '1118': ['1118'], '1116': ['1116'], '1135': ['1135'], '1119': ['1119'], '1120': ['1120'], '1134': ['1134']})"
45,"defaultdict(<class 'list'>, {'1040': ['1040', '1080', '1079', '1081', '1078'], '1095': ['1095'], '1082': ['1082', '1084', '1042', '1085', '1086', '1087', '1083', '1089', '1044'], '1096': ['1096', '1138', '1135', '1137', '1139'], '1136': ['1136'], '1041': ['1041', '1126', '1125', '1127', '1124', '1131', '1043', '1121', '1122', '1123', '1045', '1133'], '1128': ['1128'], '1129': ['1129'], '1032': ['1032', '1063', '1160', '1161', '1162', '1147', '1148', '1158', '1157', '1159', '1156', '1146'], '1052': ['1052'], '1051': ['1051', '1055', '1056', '1049', '1050'], '1057': ['1057', '1060', '1061', '1058', '1059', '1105', '1106', '1113', '1107'], '1071': ['1071', '1072', '1073', '1074'], '1053': ['1053'], '1066': ['1066', '1068', '1067', '1077', '1076'], '1033': ['1033', '1153', '1154', '1155', '1152'], '1101': ['1101', '1102', '1098', '1099', '1100', '1103', '1039', '1097', '1035'], '1109': ['1109'], '1108': ['1108'], '1110': ['1110'], '1104': ['1104', '1030', '1046', '1047'], '1114': ['1114'], '1038': ['1038'], '1048': ['1048'], '1054': ['1054'], '1112': ['1112'], '1034': ['1034'], '1111': ['1111'], '1069': ['1069', '1064', '1065', '1070', '1031'], '1036': ['1036'], '1092': ['1092', '1150', '1093', '1094', '1144', '1149', '1037', '1145', '1151'], '1088': ['1088'], '1090': ['1090'], '1142': ['1142'], '1141': ['1141'], '1091': ['1091'], '1143': ['1143'], '1115': ['1115'], '1062': ['1062'], '1117': ['1117', '1118', '1116', '1119', '1120'], '1075': ['1075'], '1140': ['1140'], '1132': ['1132'], '1130': ['1130'], '1134': ['1134']})"
45,"defaultdict(<class 'list'>, {'1040': ['1040', '1080', '1079', '1081', '1078'], '1095': ['1095', '1082', '1084', '1042', '1083', '1085', '1086', '1089', '1087', '1090', '1091', '1044'], '1096': ['1096'], '1136': ['1136'], '1138': ['1138'], '1041': ['1041', '1126', '1125', '1127', '1043', '1121', '1122', '1123', '1045', '1124', '1128', '1132'], '1129': ['1129', '1131', '1120', '1130', '1134'], '1032': ['1032', '1160', '1147', '1148', '1158', '1157', '1159', '1161', '1162', '1155', '1156', '1146'], '1052': ['1052'], '1063': ['1063'], '1051': ['1051'], '1055': ['1055'], '1057': ['1057', '1060', '1061', '1058', '1059'], '1071': ['1071'], '1053': ['1053'], '1066': ['1066'], '1056': ['1056'], '1072': ['1072'], '1033': ['1033', '1109', '1105', '1113'], '1101': ['1101'], '1153': ['1153'], '1102': ['1102', '1103'], '1106': ['1106'], '1154': ['1154', '1036', '1092', '1150', '1093', '1094', '1151', '1149', '1037', '1144', '1145', '1152'], '1108': ['1108', '1107', '1115', '1116', '1119'], '1110': ['1110'], '1104': ['1104'], '1114': ['1114', '1030', '1046', '1069', '1047', '1070', '1064', '1065', '1031'], '1038': ['1038', '1048', '1068', '1034', '1067'], '1049': ['1049'], '1050': ['1050'], '1054': ['1054'], '1039': ['1039', '1097', '1098', '1099', '1035', '1112', '1111', '1117', '1118'], '1100': ['1100'], '1088': ['1088', '1142', '1141', '1143', '1139'], '1062': ['1062'], '1077': ['1077'], '1075': ['1075'], '1076': ['1076'], '1073': ['1073'], '1074': ['1074'], '1135': ['1135'], '1137': ['1137'], '1140': ['1140'], '1133': ['1133']})"
45,"defaultdict(<class 'list'>, {'1040': ['1040', '1080', '1079', '1077', '1076', '1078'], '1081': ['1081', '1095', '1082', '1084', '1042', '1083', '1085', '1096'], '1136': ['1136'], '1138': ['1138'], '1041': ['1041', '1126', '1125', '1127', '1124', '1129', '1122', '1123', '1045', '1043', '1121'], '1128': ['1128', '1131', '1132', '1130', '1133'], '1032': ['1032', '1160', '1161', '1162', '1146', '1147', '1148', '1158', '1157', '1159', '1155', '1156'], '1052': ['1052'], '1063': ['1063'], '1051': ['1051', '1038', '1048', '1068', '1034', '1067', '1049', '1050'], '1055': ['1055'], '1057': ['1057', '1060', '1071', '1058', '1059'], '1053': ['1053'], '1066': ['1066', '1110', '1064', '1065', '1031'], '1056': ['1056'], '1061': ['1061', '1062', '1075', '1073', '1074'], '1072': ['1072'], '1033': ['1033', '1101', '1102', '1103', '1104', '1098', '1099', '1100'], '1109': ['1109'], '1153': ['1153'], '1105': ['1105'], '1106': ['1106'], '1113': ['1113'], '1154': ['1154'], '1108': ['1108'], '1107': ['1107'], '1114': ['1114', '1115', '1118', '1116', '1119'], '1054': ['1054'], '1039': ['1039', '1097', '1112', '1035', '1111'], '1030': ['1030', '1046', '1069', '1047', '1070'], '1086': ['1086', '1087', '1088', '1141', '1143', '1142'], '1089': ['1089', '1149', '1044', '1090', '1091'], '1036': ['1036'], '1092': ['1092'], '1150': ['1150'], '1093': ['1093', '1094', '1145', '1144', '1037'], '1151': ['1151'], '1117': ['1117'], '1152': ['1152'], '1135': ['1135'], '1137': ['1137'], '1140': ['1140'], '1139': ['1139'], '1120': ['1120'], '1134': ['1134']})"
45,"defaultdict(<class 'list'>, {'1040': ['1040', '1080', '1079', '1081', '1078', '1077', '1075', '1076', '1074'], '1095': ['1095'], '1082': ['1082', '1084', '1042', '1083', '1085'], '1096': ['1096', '1138', '1135', '1137', '1139'], '1136': ['1136'], '1041': ['1041'], '1126': ['1126'], '1125': ['1125'], '1127': ['1127'], '1128': ['1128', '1129', '1132', '1130', '1134', '1131', '1133'], '1032': ['1032', '1160', '1161', '1162', '1146', '1147', '1148', '1158', '1157', '1159', '1156', '1145'], '1052': ['1052'], '1063': ['1063'], '1051': ['1051', '1055', '1056', '1049', '1050'], '1057': ['1057', '1060', '1071', '1061', '1105', '1106', '1107', '1058', '1059'], '1053': ['1053', '1054', '1062'], '1066': ['1066'], '1072': ['1072', '1070', '1073'], '1033': ['1033', '1109', '1153', '1155', '1152'], '1101': ['1101', '1102', '1098', '1099', '1100', '1103', '1108'], '1113': ['1113', '1114', '1115'], '1154': ['1154'], '1110': ['1110'], '1104': ['1104'], '1038': ['1038', '1048', '1068', '1034', '1067'], '1039': ['1039', '1097', '1112', '1035', '1111'], '1030': ['1030', '1046', '1069', '1047', '1031'], '1064': ['1064'], '1065': ['1065'], '1086': ['1086'], '1089': ['1089'], '1043': ['1043'], '1121': ['1121'], '1122': ['1122'], '1123': ['1123'], '1124': ['1124'], '1036': ['1036', '1092', '1150', '1151', '1149'], '1093': ['1093', '1094', '1144', '1037'], '1044': ['1044'], '1087': ['1087'], '1088': ['1088', '1142', '1141', '1143', '1140'], '1090': ['1090'], '1091': ['1091'], '1045': ['1045'], '1117': ['1117', '1118', '1116', '1119', '1120']})"
45,"defaultdict(<class 'list'>, {'1040': ['1040', '1080', '1081', '1082', '1078'], '1079': ['1079', '1077', '1075', '1076', '1074'], '1095': ['1095'], '1084': ['1084', '1042', '1085', '1086', '1089', '1044', '1087', '1090', '1091'], '1096': ['1096', '1138', '1135', '1137', '1139'], '1136': ['1136'], '1041': ['1041', '1126', '1125', '1127', '1043', '1121', '1122', '1123', '1045', '1124', '1131', '1133'], '1128': ['1128'], '1129': ['1129'], '1032': ['1032', '1052', '1063', '1053', '1049'], '1160': ['1160', '1147', '1161', '1145', '1146', '1162'], '1051': ['1051', '1038', '1048', '1050', '1034'], '1055': ['1055'], '1057': ['1057'], '1060': ['1060'], '1071': ['1071'], '1148': ['1148', '1158', '1157', '1159', '1156'], '1066': ['1066', '1068', '1067'], '1056': ['1056'], '1061': ['1061'], '1072': ['1072'], '1033': ['1033', '1101', '1109', '1153', '1100', '1154', '1155', '1152'], '1102': ['1102'], '1103': ['1103'], '1105': ['1105', '1106', '1107', '1058', '1059'], '1113': ['1113'], '1108': ['1108'], '1110': ['1110'], '1104': ['1104'], '1114': ['1114', '1030', '1046', '1069', '1064', '1065', '1070', '1031', '1047'], '1054': ['1054'], '1039': ['1039', '1097', '1098', '1099', '1035', '1112', '1111', '1117', '1118'], '1083': ['1083'], '1036': ['1036', '1092', '1150', '1093', '1094', '1151', '1149', '1037', '1144'], '1088': ['1088'], '1142': ['1142'], '1141': ['1141'], '1143': ['1143'], '1115': ['1115', '1116', '1119', '1120'], '1062': ['1062'], '1073': ['1073'], '1140': ['1140'], '1132': ['1132'], '1130': ['1130'], '1134': ['1134']})"
45,"defaultdict(<class 'list'>, {'1040': ['1040'], '1080': ['1080'], '1079': ['1079'], '1081': ['1081'], '1095': ['1095', '1082', '1084', '1083', '1085'], '1096': ['1096', '1138', '1135', '1137', '1139', '1136', '1140'], '1041': ['1041', '1126', '1125', '1127', '1124', '1129', '1043', '1121', '1122', '1123', '1045', '1134'], '1128': ['1128'], '1131': ['1131'], '1032': ['1032', '1052', '1063', '1053', '1049', '1160', '1161', '1162', '1146'], '1051': ['1051'], '1055': ['1055'], '1057': ['1057', '1060', '1061', '1058', '1059', '1071', '1072', '1062', '1073'], '1147': ['1147'], '1148': ['1148', '1158', '1157', '1159', '1156'], '1066': ['1066'], '1056': ['1056', '1077', '1075', '1076', '1074'], '1033': ['1033'], '1101': ['1101'], '1109': ['1109', '1105', '1106', '1113', '1107'], '1153': ['1153'], '1102': ['1102', '1103', '1104', '1098', '1099', '1039', '1097', '1035'], '1154': ['1154'], '1155': ['1155'], '1108': ['1108'], '1110': ['1110', '1112', '1111', '1117'], '1114': ['1114', '1030', '1046', '1069', '1047', '1070', '1064', '1065', '1031'], '1038': ['1038', '1048', '1054', '1068', '1034'], '1050': ['1050'], '1100': ['1100'], '1067': ['1067'], '1042': ['1042'], '1086': ['1086', '1087', '1088', '1141', '1143', '1142'], '1089': ['1089', '1149', '1044', '1090', '1091'], '1036': ['1036'], '1092': ['1092'], '1150': ['1150'], '1093': ['1093', '1094', '1145', '1144', '1037'], '1151': ['1151'], '1115': ['1115', '1118', '1116', '1119', '1120'], '1152': ['1152'], '1078': ['1078'], '1132': ['1132'], '1130': ['1130'], '1133': ['1133']})"
45,"defaultdict(<class 'list'>, {'1040': ['1040', '1080', '1079', '1081', '1078', '1095', '1082', '1084', '1042', '1083', '1085', '1096'], '1136': ['1136'], '1138': ['1138'], '1041': ['1041', '1126', '1125', '1127', '1043', '1121', '1122', '1123', '1045', '1124', '1128', '1132'], '1129': ['1129'], '1131': ['1131'], '1032': ['1032', '1160', '1161', '1162', '1146', '1147', '1148', '1158', '1156', '1157', '1159'], '1052': ['1052', '1051', '1053', '1049', '1050'], '1063': ['1063'], '1055': ['1055'], '1057': ['1057', '1060', '1061', '1105', '1106', '1107', '1058', '1059', '1113'], '1071': ['1071'], '1066': ['1066'], '1056': ['1056'], '1072': ['1072'], '1033': ['1033', '1153', '1154', '1155', '1152'], '1101': ['1101', '1102', '1103', '1108', '1100'], '1109': ['1109', '1110'], '1104': ['1104'], '1114': ['1114', '1030', '1046', '1069', '1064', '1065', '1070', '1031', '1047'], '1038': ['1038', '1048', '1068', '1034', '1067'], '1054': ['1054'], '1039': ['1039', '1097', '1098', '1099', '1035', '1112', '1111', '1117', '1118'], '1086': ['1086', '1089', '1044', '1087', '1090'], '1036': ['1036', '1092', '1150', '1093', '1094', '1151', '1149', '1037', '1144'], '1145': ['1145'], '1088': ['1088'], '1142': ['1142'], '1141': ['1141'], '1091': ['1091'], '1143': ['1143'], '1115': ['1115', '1116', '1119', '1120'], '1062': ['1062'], '1077': ['1077'], '1075': ['1075'], '1076': ['1076'], '1073': ['1073'], '1074': ['1074'], '1135': ['1135'], '1137': ['1137'], '1140': ['1140'], '1139': ['1139'], '1130': ['1130'], '1134': ['1134'], '1133': ['1133']})"
45,"defaultdict(<class 'list'>, {'1040': ['1040', '1080', '1079', '1038', '1048', '1068', '1034', '1067', '1077', '1076', '1078', '1081'], '1095': ['1095'], '1082': ['1082', '1084', '1042', '1083', '1085'], '1096': ['1096'], '1136': ['1136'], '1138': ['1138'], '1041': ['1041', '1126', '1125', '1043', '1121', '1122', '1123', '1045', '1124'], '1127': ['1127'], '1128': ['1128', '1131', '1132', '1130', '1133'], '1129': ['1129'], '1032': ['1032', '1052', '1063', '1053', '1049', '1160', '1146'], '1051': ['1051', '1055', '1056', '1050'], '1057': ['1057', '1060', '1061', '1105', '1106', '1107', '1058', '1059', '1113'], '1071': ['1071'], '1147': ['1147', '1148', '1158', '1157', '1159', '1156', '1161', '1033', '1153', '1154', '1155', '1152'], '1066': ['1066'], '1072': ['1072'], '1162': ['1162'], '1101': ['1101', '1102', '1103', '1039', '1097', '1098', '1099', '1035', '1100'], '1109': ['1109'], '1108': ['1108'], '1110': ['1110'], '1104': ['1104'], '1114': ['1114', '1030', '1046', '1069', '1064', '1065', '1070', '1031', '1047'], '1054': ['1054'], '1112': ['1112'], '1111': ['1111'], '1086': ['1086', '1089', '1044', '1087', '1090', '1088', '1142', '1091'], '1036': ['1036', '1092', '1150', '1151', '1149', '1093', '1094', '1144', '1037', '1143', '1145'], '1141': ['1141'], '1115': ['1115'], '1062': ['1062'], '1117': ['1117'], '1075': ['1075'], '1118': ['1118'], '1073': ['1073'], '1074': ['1074'], '1116': ['1116'], '1135': ['1135'], '1137': ['1137'], '1140': ['1140'], '1139': ['1139'], '1119': ['1119'], '1120': ['1120'], '1134': ['1134']})"
45,"defaultdict(<class 'list'>, {'1040': ['1040', '1080', '1079', '1077', '1076', '1078', '1081'], '1095': ['1095'], '1082': ['1082', '1084', '1042', '1083', '1085'], '1096': ['1096', '1138', '1135', '1137', '1139'], '1136': ['1136'], '1041': ['1041', '1126', '1125', '1127', '1124'], '1128': ['1128', '1131', '1132', '1130', '1133', '1129', '1120', '1134'], '1032': ['1032', '1052', '1053', '1049', '1050', '1054', '1063', '1051', '1055'], '1160': ['1160'], '1057': ['1057', '1060', '1061', '1105', '1106', '1107', '1058', '1059', '1113'], '1071': ['1071'], '1147': ['1147'], '1148': ['1148'], '1158': ['1158', '1157', '1159', '1033', '1153', '1154', '1155', '1152', '1156'], '1161': ['1161'], '1066': ['1066'], '1056': ['1056', '1104', '1030', '1046', '1047'], '1072': ['1072'], '1162': ['1162'], '1101': ['1101', '1102', '1098', '1099', '1100'], '1109': ['1109'], '1103': ['1103'], '1108': ['1108', '1115', '1118', '1116', '1119'], '1110': ['1110'], '1114': ['1114'], '1038': ['1038', '1048', '1068', '1034', '1067'], '1039': ['1039', '1097', '1112', '1035', '1111'], '1069': ['1069'], '1064': ['1064'], '1065': ['1065'], '1070': ['1070'], '1031': ['1031'], '1086': ['1086', '1089', '1044', '1087', '1090'], '1043': ['1043', '1121', '1122', '1123', '1045'], '1036': ['1036'], '1092': ['1092', '1150', '1093', '1094', '1151', '1149', '1037', '1145', '1144'], '1088': ['1088', '1142', '1141', '1143'], '1091': ['1091'], '1062': ['1062'], '1117': ['1117'], '1146': ['1146'], '1075': ['1075'], '1073': ['1073'], '1074': ['1074'], '1140': ['1140']})"
45,"defaultdict(<class 'list'>, {'1040': ['1040', '1080', '1079', '1081', '1078'], '1095': ['1095'], '1082': ['1082', '1084', '1042', '1083', '1085'], '1096': ['1096'], '1136': ['1136'], '1138': ['1138'], '1041': ['1041', '1126', '1125', '1127', '1124', '1129', '1043', '1121', '1122', '1123', '1045'], '1128': ['1128', '1131', '1132', '1130', '1133'], '1032': ['1032', '1160', '1161', '1162', '1146'], '1052': ['1052'], '1063': ['1063'], '1051': ['1051'], '1055': ['1055'], '1057': ['1057', '1060', '1061', '1105', '1106', '1107', '1058', '1059', '1113'], '1071': ['1071'], '1147': ['1147', '1148', '1158', '1157', '1159', '1156', '1033', '1153', '1154', '1155', '1152', '1109'], '1053': ['1053'], '1066': ['1066', '1067', '1064', '1065', '1031', '1110'], '1056': ['1056'], '1072': ['1072'], '1101': ['1101'], '1102': ['1102', '1103', '1104', '1117', '1118', '1039', '1097', '1098', '1099', '1035', '1112', '1111'], '1108': ['1108', '1115', '1116', '1119'], '1114': ['1114'], '1038': ['1038'], '1048': ['1048'], '1049': ['1049'], '1050': ['1050'], '1054': ['1054'], '1068': ['1068', '1077', '1075', '1076', '1074'], '1100': ['1100'], '1034': ['1034'], '1030': ['1030', '1046', '1069', '1047', '1070'], '1086': ['1086', '1089', '1044', '1087', '1090'], '1036': ['1036', '1092', '1150', '1093', '1094', '1151', '1149', '1037', '1144'], '1145': ['1145'], '1088': ['1088', '1142', '1141', '1143', '1139'], '1091': ['1091'], '1062': ['1062'], '1073': ['1073'], '1135': ['1135'], '1137': ['1137'], '1140': ['1140'], '1120': ['1120'], '1134': ['1134']})"
45,"defaultdict(<class 'list'>, {'1040': ['1040', '1080', '1079', '1077', '1078'], '1081': ['1081'], '1095': ['1095'], '1082': ['1082', '1084', '1042', '1083', '1085'], '1096': ['1096', '1136', '1135', '1137', '1140', '1138', '1088', '1142', '1141', '1143', '1139'], '1041': ['1041'], '1126': ['1126', '1125', '1127', '1043', '1121', '1122', '1123', '1045', '1124'], '1128': ['1128', '1129', '1132', '1130', '1134', '1131', '1120', '1133'], '1032': ['1032', '1063', '1066', '1068', '1067'], '1052': ['1052'], '1160': ['1160', '1161', '1162', '1146', '1147', '1148', '1158', '1157', '1159', '1156', '1092', '1145'], '1051': ['1051', '1055', '1056', '1049', '1050'], '1057': ['1057', '1060', '1061', '1058', '1059'], '1071': ['1071'], '1053': ['1053', '1038', '1048', '1054', '1034'], '1072': ['1072', '1075', '1076', '1073', '1074'], '1033': ['1033'], '1101': ['1101'], '1109': ['1109'], '1153': ['1153'], '1102': ['1102'], '1103': ['1103'], '1105': ['1105'], '1106': ['1106'], '1113': ['1113'], '1154': ['1154', '1036', '1150', '1151', '1152'], '1155': ['1155'], '1108': ['1108', '1107', '1115', '1116', '1119'], '1110': ['1110'], '1104': ['1104', '1030', '1046', '1047', '1117'], '1114': ['1114'], '1039': ['1039', '1097', '1098', '1099', '1035'], '1112': ['1112'], '1100': ['1100'], '1111': ['1111'], '1069': ['1069', '1064', '1065', '1070', '1031'], '1086': ['1086'], '1089': ['1089'], '1093': ['1093', '1094', '1144', '1149', '1037'], '1044': ['1044'], '1087': ['1087'], '1090': ['1090'], '1091': ['1091'], '1062': ['1062'], '1118': ['1118']})"
46,"defaultdict(<class 'list'>, {'1040': ['1040', '1080', '1079', '1077', '1076', '1078', '1081', '1082', '1083'], '1095': ['1095'], '1084': ['1084'], '1096': ['1096', '1138', '1135', '1137', '1139'], '1136': ['1136'], '1041': ['1041', '1126', '1125', '1127', '1124'], '1128': ['1128', '1131', '1132', '1130', '1133', '1129', '1120', '1134'], '1032': ['1032', '1160', '1161', '1162', '1146'], '1052': ['1052'], '1063': ['1063'], '1051': ['1051', '1055', '1056', '1049', '1050'], '1057': ['1057', '1060', '1061', '1105', '1106', '1107', '1058', '1059', '1113'], '1071': ['1071'], '1147': ['1147'], '1148': ['1148', '1158', '1157', '1159', '1156'], '1053': ['1053', '1038', '1048', '1054', '1034'], '1066': ['1066'], '1072': ['1072'], '1033': ['1033', '1101', '1109', '1153', '1100', '1154', '1155', '1152'], '1102': ['1102'], '1103': ['1103'], '1108': ['1108'], '1110': ['1110', '1111', '1064', '1065', '1031'], '1104': ['1104'], '1114': ['1114', '1030', '1046', '1069', '1047', '1070'], '1068': ['1068'], '1039': ['1039', '1097', '1112', '1035', '1117'], '1098': ['1098'], '1099': ['1099'], '1067': ['1067'], '1042': ['1042'], '1085': ['1085'], '1086': ['1086', '1089', '1044', '1087', '1090'], '1043': ['1043', '1121', '1122', '1123', '1045'], '1036': ['1036', '1092', '1150', '1093', '1094', '1151', '1149', '1037', '1144'], '1145': ['1145'], '1088': ['1088', '1142', '1141', '1143', '1140'], '1091': ['1091'], '1115': ['1115'], '1062': ['1062'], '1075': ['1075'], '1118': ['1118'], '1073': ['1073'], '1074': ['1074'], '1116': ['1116'], '1119': ['1119']})"
46,"defaultdict(<class 'list'>, {'1040': ['1040', '1080', '1081', '1082', '1078'], '1079': ['1079', '1077', '1075', '1076', '1074'], '1095': ['1095'], '1084': ['1084', '1042', '1085', '1086', '1089', '1044', '1087', '1090', '1091'], '1096': ['1096', '1138', '1135', '1137', '1139'], '1136': ['1136'], '1041': ['1041'], '1126': ['1126', '1125', '1127', '1043', '1121', '1122', '1123', '1045', '1124'], '1128': ['1128', '1131', '1132', '1130', '1133', '1129', '1120', '1134'], '1032': ['1032', '1160', '1161', '1162', '1146'], '1052': ['1052', '1053', '1049', '1050', '1054'], '1063': ['1063'], '1051': ['1051'], '1055': ['1055'], '1057': ['1057', '1060', '1061', '1062', '1073'], '1071': ['1071'], '1147': ['1147', '1148', '1158', '1157', '1159'], '1066': ['1066', '1067', '1064', '1065', '1031'], '1056': ['1056'], '1072': ['1072'], '1033': ['1033', '1153', '1154', '1155', '1152'], '1101': ['1101'], '1109': ['1109'], '1102': ['1102'], '1103': ['1103'], '1105': ['1105', '1106', '1107', '1058', '1059'], '1113': ['1113'], '1108': ['1108'], '1110': ['1110'], '1104': ['1104', '1030', '1046', '1047', '1117'], '1114': ['1114', '1115', '1118', '1116', '1119'], '1156': ['1156'], '1038': ['1038'], '1048': ['1048'], '1068': ['1068'], '1039': ['1039', '1097', '1098', '1099', '1035'], '1112': ['1112'], '1100': ['1100'], '1034': ['1034'], '1111': ['1111'], '1069': ['1069'], '1070': ['1070'], '1083': ['1083'], '1036': ['1036', '1092', '1150', '1093', '1094', '1151', '1149', '1037', '1144'], '1145': ['1145'], '1088': ['1088', '1142', '1141', '1143', '1140']})"
46,"defaultdict(<class 'list'>, {'1040': ['1040', '1080', '1079', '1081', '1078'], '1095': ['1095'], '1082': ['1082'], '1084': ['1084'], '1096': ['1096', '1136', '1135', '1137', '1140'], '1138': ['1138'], '1041': ['1041'], '1126': ['1126', '1125', '1127', '1128', '1124'], '1129': ['1129', '1131', '1120', '1130', '1134'], '1032': ['1032', '1160', '1161', '1162', '1146'], '1052': ['1052', '1053', '1049', '1050', '1054', '1051', '1055', '1061', '1062'], '1063': ['1063'], '1057': ['1057'], '1060': ['1060'], '1071': ['1071'], '1147': ['1147'], '1148': ['1148', '1158', '1157', '1159', '1153', '1154', '1155', '1156', '1152'], '1066': ['1066'], '1056': ['1056'], '1072': ['1072'], '1033': ['1033', '1101', '1102', '1103', '1100'], '1109': ['1109'], '1105': ['1105', '1106', '1113', '1058', '1059'], '1108': ['1108', '1107', '1115', '1116', '1119'], '1110': ['1110'], '1104': ['1104'], '1114': ['1114'], '1038': ['1038', '1048', '1068', '1034', '1067'], '1039': ['1039', '1097', '1098', '1099', '1035', '1112', '1111', '1117', '1118'], '1030': ['1030', '1046', '1069', '1047', '1070'], '1064': ['1064'], '1065': ['1065'], '1031': ['1031'], '1042': ['1042'], '1083': ['1083'], '1085': ['1085'], '1086': ['1086', '1089', '1044', '1087', '1090'], '1043': ['1043', '1121', '1122', '1123', '1045'], '1036': ['1036', '1092', '1150', '1145'], '1093': ['1093', '1094', '1151', '1149', '1037'], '1144': ['1144'], '1088': ['1088', '1142', '1141', '1143', '1139'], '1091': ['1091'], '1077': ['1077', '1075', '1076', '1073', '1074'], '1132': ['1132'], '1133': ['1133']})"
46,"defaultdict(<class 'list'>, {'1040': ['1040', '1080', '1079', '1081', '1078', '1095', '1082', '1084', '1042', '1083', '1085', '1138'], '1096': ['1096', '1136', '1135', '1137', '1140'], '1041': ['1041', '1126', '1125', '1043', '1121', '1122', '1123', '1045', '1124'], '1127': ['1127'], '1128': ['1128', '1129', '1132', '1130', '1134'], '1131': ['1131'], '1032': ['1032', '1052', '1063', '1053', '1049'], '1160': ['1160', '1147', '1161', '1162', '1146'], '1051': ['1051', '1038', '1048', '1050', '1034'], '1055': ['1055', '1056', '1030', '1046', '1047'], '1057': ['1057'], '1060': ['1060'], '1071': ['1071'], '1148': ['1148', '1158', '1157', '1159', '1156'], '1066': ['1066', '1067', '1064', '1065', '1031'], '1061': ['1061'], '1072': ['1072'], '1033': ['1033', '1153', '1154', '1036', '1150', '1151', '1152', '1155'], '1101': ['1101', '1102', '1103', '1108', '1100'], '1109': ['1109', '1113'], '1105': ['1105', '1106', '1107', '1058', '1059'], '1110': ['1110', '1039', '1097', '1098', '1099', '1035', '1112', '1111', '1117'], '1104': ['1104'], '1114': ['1114', '1115', '1118', '1116', '1119'], '1054': ['1054'], '1068': ['1068', '1077', '1075', '1076', '1074'], '1069': ['1069'], '1070': ['1070'], '1086': ['1086', '1089', '1044', '1087', '1090'], '1092': ['1092'], '1093': ['1093'], '1094': ['1094'], '1145': ['1145'], '1144': ['1144'], '1149': ['1149'], '1037': ['1037'], '1088': ['1088'], '1142': ['1142'], '1141': ['1141'], '1091': ['1091'], '1143': ['1143'], '1062': ['1062'], '1073': ['1073'], '1139': ['1139'], '1120': ['1120'], '1133': ['1133']})"
46,"defaultdict(<class 'list'>, {'1040': ['1040', '1080', '1081', '1095', '1082', '1084', '1042', '1083', '1085', '1078'], '1079': ['1079', '1077', '1075', '1076', '1074'], '1096': ['1096', '1138', '1135', '1137', '1139'], '1136': ['1136'], '1041': ['1041', '1126', '1125', '1127', '1043', '1121', '1122', '1123', '1045', '1124', '1128', '1132'], '1129': ['1129'], '1131': ['1131'], '1032': ['1032', '1160', '1161', '1162', '1146'], '1052': ['1052', '1051', '1055', '1056', '1049', '1050', '1053', '1054'], '1063': ['1063'], '1057': ['1057', '1060', '1061', '1105', '1106', '1107', '1058', '1059', '1062'], '1071': ['1071', '1072', '1073'], '1147': ['1147'], '1148': ['1148', '1158', '1157', '1159', '1156'], '1066': ['1066'], '1033': ['1033', '1153', '1154', '1155', '1152'], '1101': ['1101', '1102', '1098', '1099', '1100'], '1109': ['1109'], '1103': ['1103'], '1113': ['1113'], '1108': ['1108', '1115', '1118', '1116', '1119'], '1110': ['1110'], '1104': ['1104'], '1114': ['1114'], '1038': ['1038', '1048', '1068', '1034', '1067'], '1039': ['1039'], '1097': ['1097'], '1112': ['1112'], '1035': ['1035'], '1111': ['1111'], '1030': ['1030'], '1046': ['1046'], '1069': ['1069', '1064', '1065', '1070', '1031'], '1047': ['1047'], '1086': ['1086', '1087', '1088', '1141', '1143'], '1089': ['1089', '1044', '1090', '1091'], '1036': ['1036', '1092', '1150', '1151', '1149'], '1093': ['1093', '1094', '1144', '1037'], '1145': ['1145'], '1142': ['1142'], '1117': ['1117'], '1140': ['1140'], '1120': ['1120'], '1130': ['1130'], '1134': ['1134'], '1133': ['1133']})"
46,"defaultdict(<class 'list'>, {'1040': ['1040', '1080', '1081', '1082', '1078'], '1079': ['1079', '1077', '1075', '1076', '1074'], '1095': ['1095'], '1084': ['1084', '1042', '1085', '1086', '1089', '1044', '1087', '1090', '1091'], '1096': ['1096', '1138', '1135', '1137', '1139', '1136', '1140'], '1041': ['1041'], '1126': ['1126', '1125', '1127', '1043', '1121', '1122', '1123', '1045', '1124'], '1128': ['1128', '1131', '1132', '1130', '1133'], '1129': ['1129'], '1032': ['1032', '1052', '1063', '1053', '1049', '1160', '1161', '1162', '1146'], '1051': ['1051', '1055', '1056', '1046', '1047'], '1057': ['1057', '1060', '1061', '1105', '1106', '1107', '1058', '1059', '1062'], '1071': ['1071', '1072', '1073'], '1147': ['1147', '1148', '1158', '1157', '1159', '1033', '1153', '1155', '1156'], '1066': ['1066'], '1101': ['1101'], '1109': ['1109'], '1102': ['1102'], '1103': ['1103'], '1113': ['1113'], '1154': ['1154', '1036', '1150', '1151', '1152'], '1108': ['1108'], '1110': ['1110'], '1104': ['1104'], '1114': ['1114'], '1038': ['1038', '1048', '1068', '1034', '1067'], '1050': ['1050'], '1054': ['1054'], '1039': ['1039', '1097', '1098', '1099', '1035'], '1112': ['1112'], '1100': ['1100'], '1111': ['1111'], '1030': ['1030'], '1069': ['1069', '1064', '1065', '1070', '1031'], '1083': ['1083'], '1092': ['1092'], '1093': ['1093', '1094', '1144', '1149', '1037'], '1145': ['1145'], '1088': ['1088', '1142', '1141', '1143'], '1115': ['1115'], '1117': ['1117'], '1118': ['1118'], '1116': ['1116'], '1119': ['1119'], '1120': ['1120'], '1134': ['1134']})"
46,"defaultdict(<class 'list'>, {'1040': ['1040', '1080', '1081', '1082', '1078'], '1079': ['1079', '1077', '1075', '1076', '1074'], '1095': ['1095'], '1084': ['1084', '1042', '1085', '1086', '1089', '1044', '1087', '1090', '1091'], '1096': ['1096', '1138', '1135', '1137', '1139'], '1136': ['1136'], '1041': ['1041', '1126', '1125', '1127', '1043', '1121', '1122', '1123', '1045', '1124', '1131', '1133'], '1128': ['1128'], '1129': ['1129'], '1032': ['1032', '1052', '1063', '1053', '1049'], '1160': ['1160', '1147', '1161', '1145', '1146'], '1051': ['1051', '1038', '1048', '1050', '1034'], '1055': ['1055'], '1057': ['1057'], '1060': ['1060'], '1071': ['1071'], '1148': ['1148', '1158', '1157', '1159', '1156'], '1066': ['1066', '1068', '1067'], '1056': ['1056'], '1061': ['1061'], '1072': ['1072'], '1162': ['1162'], '1033': ['1033', '1101', '1109', '1153', '1100', '1154', '1155', '1152'], '1102': ['1102'], '1103': ['1103'], '1105': ['1105', '1106', '1107', '1058', '1059'], '1113': ['1113'], '1108': ['1108'], '1110': ['1110'], '1104': ['1104'], '1114': ['1114', '1030', '1046', '1069', '1064', '1065', '1070', '1031', '1047'], '1054': ['1054'], '1039': ['1039', '1097', '1098', '1099', '1035', '1112', '1111', '1117', '1118'], '1083': ['1083'], '1036': ['1036', '1092', '1150', '1093', '1094', '1151', '1149', '1037', '1144'], '1088': ['1088'], '1142': ['1142'], '1141': ['1141'], '1143': ['1143'], '1115': ['1115', '1116', '1119', '1120'], '1062': ['1062'], '1073': ['1073'], '1140': ['1140'], '1132': ['1132'], '1130': ['1130'], '1134': ['1134']})"
46,"defaultdict(<class 'list'>, {'1040': ['1040', '1080', '1081', '1082', '1078', '1079', '1084', '1042', '1083'], '1095': ['1095'], '1096': ['1096', '1138', '1135', '1137', '1139'], '1136': ['1136'], '1041': ['1041'], '1126': ['1126', '1125', '1127', '1128', '1124'], '1129': ['1129', '1131', '1120', '1130', '1134'], '1032': ['1032', '1160', '1147', '1161', '1145', '1146', '1148', '1158', '1157', '1159', '1156', '1162'], '1052': ['1052', '1053', '1049', '1050', '1054'], '1063': ['1063'], '1051': ['1051'], '1055': ['1055'], '1057': ['1057', '1060', '1061', '1105', '1106', '1107', '1058', '1059', '1113'], '1071': ['1071'], '1066': ['1066'], '1056': ['1056', '1077', '1075', '1076', '1074'], '1072': ['1072'], '1033': ['1033', '1153', '1154', '1155', '1152'], '1101': ['1101', '1102', '1098', '1099', '1100', '1103', '1039', '1097', '1035'], '1109': ['1109'], '1108': ['1108'], '1110': ['1110', '1111', '1064', '1065', '1031'], '1104': ['1104'], '1114': ['1114'], '1038': ['1038', '1048', '1068', '1034', '1067'], '1112': ['1112', '1117', '1118', '1116', '1119'], '1030': ['1030'], '1046': ['1046'], '1069': ['1069'], '1047': ['1047'], '1070': ['1070'], '1085': ['1085'], '1086': ['1086', '1089', '1044', '1087', '1090'], '1043': ['1043', '1121', '1122', '1123', '1045'], '1036': ['1036'], '1092': ['1092'], '1150': ['1150'], '1093': ['1093', '1094', '1151', '1149', '1037'], '1144': ['1144'], '1088': ['1088', '1142', '1141', '1143', '1140'], '1091': ['1091'], '1115': ['1115'], '1062': ['1062'], '1073': ['1073'], '1132': ['1132'], '1133': ['1133']})"
46,"defaultdict(<class 'list'>, {'1040': ['1040'], '1080': ['1080'], '1079': ['1079', '1077', '1075', '1076', '1074'], '1081': ['1081'], '1095': ['1095', '1082', '1084', '1083', '1085'], '1096': ['1096', '1138', '1135', '1137', '1139'], '1136': ['1136'], '1041': ['1041'], '1126': ['1126'], '1125': ['1125'], '1127': ['1127'], '1128': ['1128', '1129', '1132', '1130', '1134'], '1131': ['1131', '1133'], '1032': ['1032', '1052', '1063', '1053', '1049'], '1160': ['1160', '1147', '1161', '1145', '1146', '1162'], '1051': ['1051'], '1055': ['1055'], '1057': ['1057', '1060', '1061', '1058', '1059'], '1071': ['1071'], '1148': ['1148', '1158', '1157', '1159', '1156'], '1066': ['1066'], '1056': ['1056'], '1072': ['1072'], '1033': ['1033', '1109', '1153', '1155', '1152'], '1101': ['1101', '1102', '1098', '1099', '1100'], '1103': ['1103'], '1105': ['1105', '1106', '1113', '1107', '1114'], '1154': ['1154'], '1108': ['1108'], '1110': ['1110'], '1104': ['1104', '1030', '1046', '1047', '1117'], '1038': ['1038', '1048', '1068', '1034', '1067'], '1050': ['1050'], '1054': ['1054'], '1039': ['1039', '1097', '1112', '1035', '1111'], '1069': ['1069', '1064', '1065', '1070', '1031'], '1042': ['1042'], '1086': ['1086', '1089', '1044', '1087', '1090'], '1043': ['1043', '1121', '1122', '1123', '1045'], '1124': ['1124'], '1036': ['1036', '1092', '1150', '1093', '1094', '1144', '1149', '1037', '1151', '1091'], '1088': ['1088', '1142', '1141', '1143', '1140'], '1115': ['1115', '1118', '1116', '1119', '1120'], '1062': ['1062'], '1073': ['1073'], '1078': ['1078']})"
46,"defaultdict(<class 'list'>, {'1040': ['1040', '1080', '1079', '1081', '1078'], '1095': ['1095'], '1082': ['1082'], '1084': ['1084', '1042', '1085', '1086', '1089', '1044', '1087', '1090', '1091'], '1096': ['1096', '1138', '1135', '1137', '1139'], '1136': ['1136'], '1041': ['1041'], '1126': ['1126'], '1125': ['1125'], '1127': ['1127'], '1128': ['1128', '1131', '1132', '1130', '1133'], '1129': ['1129'], '1032': ['1032', '1052', '1063', '1053', '1049', '1051', '1055', '1050', '1054'], '1160': ['1160'], '1057': ['1057'], '1060': ['1060', '1061', '1058', '1059', '1062'], '1071': ['1071'], '1147': ['1147', '1148', '1158', '1157', '1159'], '1161': ['1161'], '1066': ['1066'], '1056': ['1056'], '1072': ['1072'], '1162': ['1162'], '1033': ['1033', '1109', '1110', '1039', '1097', '1112', '1035', '1111'], '1101': ['1101', '1102', '1098', '1099', '1100'], '1153': ['1153', '1154', '1155', '1156', '1152'], '1103': ['1103'], '1105': ['1105', '1106', '1113', '1107', '1114'], '1108': ['1108'], '1104': ['1104'], '1038': ['1038', '1048', '1068', '1034', '1067'], '1030': ['1030'], '1046': ['1046'], '1069': ['1069', '1064', '1065', '1070', '1031'], '1047': ['1047'], '1083': ['1083'], '1043': ['1043', '1121', '1122', '1123', '1045'], '1124': ['1124'], '1036': ['1036'], '1092': ['1092', '1150', '1093', '1094', '1144', '1149', '1037', '1145', '1151'], '1088': ['1088', '1142', '1141', '1143', '1140'], '1115': ['1115'], '1077': ['1077', '1075', '1076', '1073', '1074'], '1117': ['1117', '1118', '1116', '1119', '1120'], '1146': ['1146'], '1134': ['1134']})"
46,"defaultdict(<class 'list'>, {'1040': ['1040', '1080', '1081', '1082', '1078', '1079', '1095', '1096', '1083'], '1084': ['1084', '1042', '1085', '1086', '1087'], '1136': ['1136', '1133'], '1138': ['1138', '1137', '1139'], '1041': ['1041', '1126', '1125', '1127', '1131', '1124', '1128', '1043', '1121', '1122', '1123', '1045'], '1129': ['1129'], '1032': ['1032', '1160', '1161', '1162', '1146'], '1052': ['1052', '1051', '1053', '1049', '1050', '1054'], '1063': ['1063', '1057', '1060', '1071', '1061'], '1055': ['1055', '1056', '1075', '1076', '1074'], '1147': ['1147'], '1148': ['1148'], '1158': ['1158'], '1066': ['1066'], '1072': ['1072'], '1157': ['1157'], '1159': ['1159'], '1033': ['1033'], '1101': ['1101', '1102', '1098', '1099', '1100'], '1109': ['1109'], '1153': ['1153', '1154', '1155', '1156', '1152'], '1103': ['1103'], '1105': ['1105', '1106', '1113', '1107', '1114', '1108', '1058', '1059', '1115'], '1110': ['1110', '1111', '1064', '1065', '1031'], '1104': ['1104'], '1038': ['1038', '1048', '1068', '1034', '1067'], '1039': ['1039'], '1097': ['1097'], '1112': ['1112'], '1035': ['1035'], '1030': ['1030', '1046', '1069', '1047', '1070'], '1089': ['1089'], '1036': ['1036', '1092', '1150', '1151'], '1093': ['1093', '1094', '1145', '1144', '1037'], '1149': ['1149'], '1044': ['1044'], '1088': ['1088', '1142', '1141', '1143', '1140'], '1090': ['1090'], '1091': ['1091'], '1062': ['1062'], '1077': ['1077'], '1117': ['1117', '1118', '1116', '1119', '1120'], '1073': ['1073'], '1135': ['1135', '1134'], '1132': ['1132'], '1130': ['1130']})"
46,"defaultdict(<class 'list'>, {'1040': ['1040', '1080', '1081', '1082', '1078'], '1079': ['1079'], '1095': ['1095'], '1084': ['1084', '1042', '1085', '1086', '1089', '1044', '1087', '1090', '1091'], '1096': ['1096', '1136', '1135', '1137', '1140'], '1138': ['1138'], '1041': ['1041', '1126', '1125', '1127', '1124', '1129', '1122', '1123', '1045', '1043', '1121', '1134'], '1128': ['1128', '1131', '1132', '1133'], '1032': ['1032', '1063', '1066', '1068', '1067'], '1052': ['1052', '1051', '1053', '1049', '1050', '1038', '1048', '1034'], '1160': ['1160', '1147', '1161', '1145', '1146'], '1055': ['1055'], '1057': ['1057', '1060', '1071', '1061', '1105', '1106', '1107', '1058', '1059'], '1148': ['1148', '1158', '1157', '1159', '1156'], '1056': ['1056'], '1072': ['1072', '1075', '1076', '1073', '1074'], '1162': ['1162'], '1033': ['1033', '1153', '1154', '1155', '1152'], '1101': ['1101'], '1109': ['1109'], '1102': ['1102'], '1103': ['1103'], '1113': ['1113', '1114', '1115'], '1108': ['1108'], '1110': ['1110'], '1104': ['1104'], '1054': ['1054'], '1039': ['1039', '1097', '1098', '1099', '1035'], '1112': ['1112'], '1100': ['1100'], '1111': ['1111'], '1030': ['1030', '1046', '1069', '1047', '1070'], '1064': ['1064'], '1065': ['1065'], '1031': ['1031'], '1083': ['1083'], '1036': ['1036', '1092', '1150', '1151', '1149'], '1093': ['1093'], '1094': ['1094'], '1144': ['1144'], '1037': ['1037'], '1088': ['1088', '1142', '1141', '1143', '1139'], '1062': ['1062'], '1077': ['1077'], '1117': ['1117', '1118', '1116', '1119', '1120'], '1130': ['1130']})"
46,"defaultdict(<class 'list'>, {'1040': ['1040', '1080', '1081', '1082', '1083'], '1079': ['1079', '1077', '1075', '1076', '1074'], '1095': ['1095'], '1084': ['1084', '1042', '1085', '1086', '1089', '1044', '1087', '1090', '1091', '1088'], '1096': ['1096', '1138', '1135', '1137', '1139'], '1136': ['1136'], '1041': ['1041', '1126', '1125', '1127', '1124'], '1128': ['1128', '1129', '1132', '1130', '1134'], '1131': ['1131'], '1032': ['1032', '1063', '1160', '1147', '1148', '1158', '1157', '1159', '1156', '1161', '1162', '1146'], '1052': ['1052', '1053', '1049', '1050', '1054', '1051', '1055', '1062'], '1057': ['1057', '1060', '1061', '1058', '1059'], '1071': ['1071'], '1066': ['1066'], '1056': ['1056'], '1072': ['1072'], '1033': ['1033', '1153', '1154', '1155', '1152'], '1101': ['1101', '1102', '1098', '1099', '1100'], '1109': ['1109'], '1103': ['1103'], '1105': ['1105', '1106', '1113', '1107', '1114'], '1108': ['1108'], '1110': ['1110', '1111', '1064', '1065', '1031', '1039', '1097', '1112', '1035'], '1104': ['1104'], '1038': ['1038', '1048', '1068', '1034', '1067'], '1030': ['1030', '1046', '1069', '1047', '1070'], '1043': ['1043', '1121', '1122', '1123', '1045'], '1036': ['1036'], '1092': ['1092'], '1150': ['1150'], '1093': ['1093'], '1094': ['1094'], '1145': ['1145'], '1151': ['1151'], '1144': ['1144'], '1149': ['1149'], '1037': ['1037'], '1142': ['1142'], '1141': ['1141'], '1143': ['1143'], '1115': ['1115', '1118', '1116', '1119', '1120'], '1117': ['1117'], '1073': ['1073'], '1078': ['1078'], '1140': ['1140'], '1133': ['1133']})"
46,"defaultdict(<class 'list'>, {'1040': ['1040', '1080', '1079', '1081', '1078'], '1095': ['1095'], '1082': ['1082', '1084', '1042', '1083', '1085'], '1096': ['1096'], '1136': ['1136'], '1138': ['1138'], '1041': ['1041', '1126', '1125', '1127', '1124', '1129', '1043', '1121', '1122', '1123', '1045'], '1128': ['1128', '1131', '1132', '1130', '1133'], '1032': ['1032', '1160', '1161', '1162', '1146'], '1052': ['1052'], '1063': ['1063'], '1051': ['1051'], '1055': ['1055'], '1057': ['1057', '1060', '1061', '1105', '1106', '1107', '1058', '1059', '1113'], '1071': ['1071'], '1147': ['1147', '1148', '1158', '1157', '1159', '1156', '1033', '1153', '1154', '1155', '1152', '1109'], '1053': ['1053'], '1066': ['1066', '1067', '1064', '1065', '1031'], '1056': ['1056'], '1072': ['1072'], '1101': ['1101'], '1102': ['1102', '1103', '1104', '1117', '1118', '1039', '1097', '1098', '1099', '1035', '1112', '1111'], '1108': ['1108', '1115', '1116', '1119'], '1110': ['1110'], '1114': ['1114'], '1038': ['1038'], '1048': ['1048'], '1049': ['1049'], '1050': ['1050'], '1054': ['1054'], '1068': ['1068', '1077', '1075', '1076', '1074'], '1100': ['1100'], '1034': ['1034'], '1030': ['1030', '1046', '1069', '1047', '1070'], '1086': ['1086', '1089', '1044', '1087', '1090'], '1036': ['1036', '1092', '1150', '1093', '1094', '1151', '1149', '1037', '1144'], '1145': ['1145'], '1088': ['1088', '1142', '1141', '1143', '1139'], '1091': ['1091'], '1062': ['1062'], '1073': ['1073'], '1135': ['1135'], '1137': ['1137'], '1140': ['1140'], '1120': ['1120'], '1134': ['1134']})"
46,"defaultdict(<class 'list'>, {'1040': ['1040'], '1080': ['1080', '1079', '1077', '1076', '1078'], '1081': ['1081', '1082', '1084', '1042', '1083'], '1095': ['1095'], '1096': ['1096', '1138', '1135', '1137', '1139', '1136', '1140'], '1041': ['1041', '1126', '1125', '1127', '1124', '1129', '1122', '1123', '1045', '1043', '1121', '1134'], '1128': ['1128'], '1131': ['1131', '1120', '1132', '1130', '1133'], '1032': ['1032', '1052', '1063', '1053', '1049'], '1160': ['1160', '1147', '1161', '1162', '1146'], '1051': ['1051', '1038', '1048', '1050', '1034'], '1055': ['1055'], '1057': ['1057', '1071', '1072', '1073', '1074', '1060', '1061', '1062'], '1148': ['1148', '1158', '1157', '1159', '1156'], '1066': ['1066', '1068', '1067'], '1056': ['1056'], '1033': ['1033', '1109', '1153', '1155', '1152'], '1101': ['1101', '1102', '1103', '1100'], '1105': ['1105', '1106', '1107', '1058', '1059'], '1113': ['1113'], '1154': ['1154'], '1108': ['1108', '1115', '1116', '1119'], '1110': ['1110'], '1104': ['1104'], '1114': ['1114'], '1054': ['1054'], '1039': ['1039', '1097', '1098', '1099', '1035', '1112', '1111', '1117', '1118'], '1030': ['1030'], '1046': ['1046'], '1069': ['1069', '1064', '1065', '1070', '1031'], '1047': ['1047'], '1085': ['1085'], '1086': ['1086', '1089', '1044', '1087', '1090'], '1036': ['1036'], '1092': ['1092'], '1150': ['1150'], '1093': ['1093'], '1094': ['1094'], '1145': ['1145'], '1151': ['1151'], '1144': ['1144'], '1149': ['1149'], '1037': ['1037'], '1088': ['1088', '1142', '1141', '1143'], '1091': ['1091'], '1075': ['1075']})"
46,"defaultdict(<class 'list'>, {'1040': ['1040', '1080', '1079', '1077', '1076', '1078', '1068', '1067'], '1081': ['1081', '1082', '1084', '1042', '1083'], '1095': ['1095'], '1096': ['1096', '1138', '1135', '1137', '1139'], '1136': ['1136'], '1041': ['1041', '1126', '1125', '1127', '1124'], '1128': ['1128', '1131', '1132', '1130', '1133', '1129', '1120', '1134'], '1032': ['1032', '1160', '1161', '1162', '1146'], '1052': ['1052'], '1063': ['1063'], '1051': ['1051', '1055', '1056', '1049', '1050'], '1057': ['1057', '1060', '1061', '1105', '1106', '1107', '1058', '1059', '1113'], '1071': ['1071'], '1147': ['1147'], '1148': ['1148'], '1158': ['1158'], '1053': ['1053', '1038', '1048', '1054', '1034'], '1066': ['1066'], '1072': ['1072'], '1157': ['1157'], '1159': ['1159'], '1033': ['1033', '1101', '1109', '1153', '1100'], '1102': ['1102', '1103', '1104', '1117', '1118'], '1154': ['1154', '1151', '1152'], '1155': ['1155'], '1108': ['1108'], '1110': ['1110'], '1114': ['1114', '1115', '1116', '1119'], '1156': ['1156'], '1039': ['1039', '1097', '1112', '1035', '1111', '1098', '1099'], '1030': ['1030'], '1046': ['1046'], '1069': ['1069', '1064', '1065', '1070', '1031'], '1047': ['1047'], '1085': ['1085'], '1086': ['1086', '1089', '1044', '1087', '1090'], '1043': ['1043', '1121', '1122', '1123', '1045'], '1036': ['1036'], '1092': ['1092'], '1150': ['1150'], '1093': ['1093', '1094', '1144', '1149', '1037'], '1145': ['1145'], '1088': ['1088', '1142', '1141', '1143'], '1091': ['1091'], '1062': ['1062', '1075', '1073', '1074'], '1140': ['1140']})"
46,"defaultdict(<class 'list'>, {'1040': ['1040', '1080', '1081', '1095', '1082', '1084', '1042', '1083', '1085', '1079', '1077', '1078'], '1096': ['1096', '1138', '1135', '1137', '1139'], '1136': ['1136'], '1041': ['1041'], '1126': ['1126'], '1125': ['1125'], '1127': ['1127'], '1128': ['1128', '1129', '1132', '1130', '1134', '1131', '1133'], '1032': ['1032', '1052', '1051', '1053', '1049', '1050', '1063', '1055', '1054'], '1160': ['1160', '1147', '1161', '1162', '1146', '1036', '1092', '1145'], '1057': ['1057', '1060', '1061', '1058', '1059'], '1071': ['1071'], '1148': ['1148', '1158', '1157', '1159', '1156', '1153', '1154', '1155', '1152'], '1066': ['1066'], '1056': ['1056'], '1072': ['1072', '1075', '1076', '1073', '1074'], '1033': ['1033'], '1101': ['1101'], '1109': ['1109'], '1102': ['1102'], '1103': ['1103', '1104', '1030', '1046', '1047'], '1105': ['1105'], '1106': ['1106'], '1113': ['1113'], '1108': ['1108'], '1110': ['1110'], '1107': ['1107'], '1114': ['1114'], '1038': ['1038', '1048', '1068', '1034', '1067'], '1039': ['1039', '1097', '1098', '1099', '1035'], '1112': ['1112'], '1100': ['1100'], '1111': ['1111'], '1069': ['1069', '1064', '1065', '1070', '1031'], '1086': ['1086', '1089', '1044', '1087', '1090'], '1043': ['1043', '1121', '1122', '1123', '1045'], '1124': ['1124'], '1150': ['1150'], '1093': ['1093', '1094', '1151', '1149', '1037'], '1144': ['1144'], '1088': ['1088', '1142', '1141', '1143'], '1091': ['1091'], '1115': ['1115'], '1062': ['1062'], '1117': ['1117', '1118', '1116', '1119', '1120'], '1140': ['1140']})"
46,"defaultdict(<class 'list'>, {'1040': ['1040', '1080', '1079', '1081', '1078'], '1095': ['1095', '1082', '1084', '1042', '1083', '1085', '1086', '1089', '1087', '1090', '1091', '1044'], '1096': ['1096'], '1136': ['1136'], '1138': ['1138'], '1041': ['1041', '1126', '1125', '1127', '1043', '1121', '1122', '1123', '1045', '1124', '1128', '1132'], '1129': ['1129', '1131', '1120', '1130', '1134'], '1032': ['1032', '1160', '1147', '1148', '1158', '1157', '1159', '1161', '1162', '1155', '1156', '1146'], '1052': ['1052'], '1063': ['1063'], '1051': ['1051'], '1055': ['1055'], '1057': ['1057', '1060', '1061', '1058', '1059'], '1071': ['1071'], '1053': ['1053'], '1066': ['1066'], '1056': ['1056'], '1072': ['1072'], '1033': ['1033', '1109', '1105', '1113'], '1101': ['1101'], '1153': ['1153'], '1102': ['1102'], '1103': ['1103'], '1106': ['1106'], '1154': ['1154', '1036', '1092', '1150', '1093', '1094', '1151', '1149', '1037', '1144', '1145', '1152'], '1108': ['1108', '1107', '1115', '1116', '1119'], '1110': ['1110'], '1104': ['1104'], '1114': ['1114', '1030', '1046', '1069', '1047', '1070', '1064', '1065', '1031'], '1038': ['1038', '1048', '1068', '1034', '1067'], '1049': ['1049'], '1050': ['1050'], '1054': ['1054'], '1039': ['1039', '1097', '1098', '1099', '1035', '1112', '1111', '1117', '1118'], '1100': ['1100'], '1088': ['1088', '1142', '1141', '1143', '1139'], '1062': ['1062'], '1077': ['1077'], '1075': ['1075'], '1076': ['1076'], '1073': ['1073'], '1074': ['1074'], '1135': ['1135'], '1137': ['1137'], '1140': ['1140'], '1133': ['1133']})"
46,"defaultdict(<class 'list'>, {'1040': ['1040', '1080', '1079', '1081', '1078'], '1095': ['1095'], '1082': ['1082', '1084', '1042', '1083', '1085'], '1096': ['1096', '1138', '1135', '1137', '1139'], '1136': ['1136'], '1041': ['1041'], '1126': ['1126'], '1125': ['1125'], '1127': ['1127'], '1128': ['1128', '1131', '1132', '1130', '1133', '1129', '1134'], '1032': ['1032', '1160', '1161', '1162'], '1052': ['1052', '1051', '1053', '1049', '1050'], '1063': ['1063'], '1055': ['1055'], '1057': ['1057'], '1060': ['1060'], '1071': ['1071'], '1147': ['1147', '1036', '1092', '1145', '1146', '1150', '1093', '1094', '1151', '1149', '1037', '1144'], '1148': ['1148', '1158', '1157', '1159', '1153', '1154', '1155', '1156', '1152', '1033', '1109'], '1066': ['1066'], '1056': ['1056'], '1061': ['1061'], '1072': ['1072'], '1101': ['1101', '1102', '1103', '1039', '1097', '1098', '1099', '1035', '1100'], '1105': ['1105', '1106', '1108', '1107', '1115'], '1113': ['1113'], '1110': ['1110', '1111', '1064', '1065', '1031'], '1104': ['1104'], '1114': ['1114'], '1038': ['1038', '1048', '1068', '1077', '1075', '1076', '1074', '1034', '1067'], '1054': ['1054'], '1112': ['1112'], '1030': ['1030', '1046', '1069', '1047', '1070'], '1058': ['1058'], '1059': ['1059'], '1086': ['1086', '1087', '1088', '1141', '1143', '1089', '1044', '1090', '1091', '1142'], '1043': ['1043'], '1121': ['1121'], '1122': ['1122'], '1123': ['1123'], '1124': ['1124'], '1045': ['1045'], '1062': ['1062'], '1117': ['1117', '1118', '1116', '1119', '1120'], '1073': ['1073'], '1140': ['1140']})"
47,"defaultdict(<class 'list'>, {'1040': ['1040'], '1080': ['1080'], '1079': ['1079'], '1081': ['1081'], '1095': ['1095'], '1082': ['1082'], '1084': ['1084', '1042', '1085', '1086', '1087'], '1096': ['1096', '1136', '1135', '1137', '1140'], '1138': ['1138', '1134'], '1041': ['1041'], '1126': ['1126'], '1125': ['1125'], '1127': ['1127'], '1128': ['1128', '1131', '1132', '1130', '1133'], '1129': ['1129'], '1032': ['1032', '1052', '1063', '1053', '1049', '1051', '1055', '1050', '1054'], '1160': ['1160', '1147', '1161', '1162', '1146'], '1057': ['1057', '1060', '1061', '1058', '1059'], '1071': ['1071'], '1148': ['1148', '1158', '1157', '1159'], '1066': ['1066'], '1056': ['1056'], '1072': ['1072'], '1033': ['1033', '1101', '1102', '1098', '1099', '1100', '1103', '1108', '1107'], '1109': ['1109'], '1153': ['1153', '1154', '1155', '1156', '1152'], '1105': ['1105', '1113', '1114', '1115'], '1106': ['1106'], '1110': ['1110', '1030', '1046', '1069', '1047', '1070', '1064', '1065', '1031'], '1104': ['1104'], '1038': ['1038', '1048', '1068', '1034', '1067'], '1039': ['1039', '1097', '1112', '1035', '1111'], '1083': ['1083'], '1089': ['1089', '1149', '1044', '1090', '1091', '1093', '1094', '1037'], '1043': ['1043', '1121', '1122', '1123', '1045'], '1124': ['1124'], '1036': ['1036'], '1092': ['1092'], '1150': ['1150'], '1145': ['1145'], '1151': ['1151'], '1144': ['1144'], '1088': ['1088', '1142', '1141', '1143', '1139'], '1062': ['1062'], '1077': ['1077', '1075', '1076', '1073', '1074'], '1117': ['1117', '1118', '1116', '1119', '1120'], '1078': ['1078']})"
47,"defaultdict(<class 'list'>, {'1040': ['1040', '1080', '1079', '1081', '1078', '1095', '1082', '1084', '1042', '1083', '1085', '1096'], '1136': ['1136'], '1138': ['1138'], '1041': ['1041', '1126', '1125', '1127', '1124'], '1128': ['1128', '1131', '1132', '1130', '1133'], '1129': ['1129'], '1032': ['1032', '1063', '1160', '1161', '1162'], '1052': ['1052', '1051', '1053', '1049', '1050'], '1055': ['1055'], '1057': ['1057', '1060', '1061', '1105', '1106', '1107', '1058', '1059', '1108'], '1071': ['1071'], '1147': ['1147'], '1148': ['1148', '1158', '1157', '1159', '1156'], '1066': ['1066'], '1056': ['1056'], '1072': ['1072'], '1033': ['1033', '1109', '1110', '1064', '1065'], '1101': ['1101', '1102', '1098', '1099', '1100', '1103', '1039', '1097', '1035'], '1153': ['1153', '1154', '1155', '1151', '1152'], '1113': ['1113'], '1104': ['1104', '1112', '1111', '1117'], '1114': ['1114', '1115', '1118', '1116', '1119'], '1038': ['1038', '1048', '1068', '1034', '1067'], '1054': ['1054'], '1030': ['1030', '1046', '1069', '1047', '1070'], '1031': ['1031'], '1086': ['1086', '1089', '1044', '1087', '1090'], '1043': ['1043', '1121', '1122', '1123', '1045'], '1036': ['1036'], '1092': ['1092'], '1150': ['1150'], '1093': ['1093', '1094', '1144', '1149', '1037'], '1145': ['1145'], '1088': ['1088', '1142', '1141', '1143', '1139'], '1091': ['1091'], '1062': ['1062'], '1077': ['1077'], '1146': ['1146'], '1075': ['1075'], '1076': ['1076'], '1073': ['1073'], '1074': ['1074'], '1135': ['1135'], '1137': ['1137'], '1140': ['1140'], '1120': ['1120'], '1134': ['1134']})"
47,"defaultdict(<class 'list'>, {'1040': ['1040', '1080', '1079', '1038', '1048', '1068', '1034', '1067', '1077', '1076', '1078', '1081'], '1095': ['1095'], '1082': ['1082', '1084', '1042', '1083', '1085'], '1096': ['1096'], '1136': ['1136'], '1138': ['1138'], '1041': ['1041', '1126', '1125', '1043', '1121', '1122', '1123', '1045', '1124'], '1127': ['1127'], '1128': ['1128', '1131', '1132', '1130', '1133'], '1129': ['1129'], '1032': ['1032', '1052', '1063', '1053', '1049', '1160', '1146'], '1051': ['1051', '1055', '1056', '1050'], '1057': ['1057', '1060', '1061', '1105', '1106', '1107', '1058', '1059', '1113'], '1071': ['1071'], '1147': ['1147', '1148', '1158', '1157', '1159', '1156', '1161', '1033', '1153', '1154', '1155', '1152'], '1066': ['1066'], '1072': ['1072'], '1162': ['1162'], '1101': ['1101', '1102', '1103', '1039', '1097', '1098', '1099', '1035', '1100'], '1109': ['1109'], '1108': ['1108'], '1110': ['1110'], '1104': ['1104'], '1114': ['1114', '1030', '1046', '1069', '1064', '1065', '1070', '1031', '1047'], '1054': ['1054'], '1112': ['1112'], '1111': ['1111'], '1086': ['1086', '1089', '1044', '1087', '1090', '1088', '1142', '1091'], '1036': ['1036', '1092', '1150', '1151', '1149'], '1093': ['1093', '1094', '1144', '1037', '1143'], '1145': ['1145'], '1141': ['1141'], '1115': ['1115'], '1062': ['1062'], '1117': ['1117'], '1075': ['1075'], '1118': ['1118'], '1073': ['1073'], '1074': ['1074'], '1116': ['1116'], '1135': ['1135'], '1137': ['1137'], '1140': ['1140'], '1139': ['1139'], '1119': ['1119'], '1120': ['1120'], '1134': ['1134']})"
47,"defaultdict(<class 'list'>, {'1040': ['1040'], '1080': ['1080'], '1079': ['1079', '1077', '1075', '1076', '1074'], '1081': ['1081'], '1095': ['1095', '1082', '1084', '1083', '1085'], '1096': ['1096', '1138', '1135', '1137', '1139'], '1136': ['1136'], '1041': ['1041'], '1126': ['1126'], '1125': ['1125'], '1127': ['1127'], '1128': ['1128', '1129', '1132', '1130', '1134'], '1131': ['1131', '1133'], '1032': ['1032', '1052', '1063', '1053', '1049'], '1160': ['1160', '1147', '1161', '1145', '1146', '1162'], '1051': ['1051'], '1055': ['1055'], '1057': ['1057', '1060', '1061', '1058', '1059'], '1071': ['1071'], '1148': ['1148', '1158', '1157', '1159', '1156'], '1066': ['1066'], '1056': ['1056'], '1072': ['1072'], '1033': ['1033', '1109', '1153', '1155', '1152'], '1101': ['1101', '1102', '1098', '1099', '1100'], '1103': ['1103'], '1105': ['1105', '1106', '1113', '1107', '1114'], '1154': ['1154'], '1108': ['1108'], '1110': ['1110'], '1104': ['1104', '1030', '1046', '1047', '1117'], '1038': ['1038', '1048', '1068', '1034', '1067'], '1050': ['1050'], '1054': ['1054'], '1039': ['1039', '1097', '1112', '1035', '1111'], '1069': ['1069', '1064', '1065', '1070', '1031'], '1042': ['1042'], '1086': ['1086', '1089', '1044', '1087', '1090'], '1043': ['1043', '1121', '1122', '1123', '1045'], '1124': ['1124'], '1036': ['1036', '1092', '1150', '1093', '1094', '1144', '1149', '1037', '1151'], '1088': ['1088', '1142', '1141', '1143', '1140'], '1091': ['1091'], '1115': ['1115', '1118', '1116', '1119', '1120'], '1062': ['1062'], '1073': ['1073'], '1078': ['1078']})"
47,"defaultdict(<class 'list'>, {'1040': ['1040', '1080', '1081', '1082', '1078', '1079', '1095', '1096', '1083'], '1084': ['1084', '1042', '1085', '1086', '1089', '1044', '1087', '1090', '1091'], '1136': ['1136', '1088', '1141', '1140'], '1138': ['1138'], '1041': ['1041', '1126', '1125', '1127', '1124'], '1128': ['1128', '1129', '1132', '1130', '1134'], '1131': ['1131'], '1032': ['1032', '1160', '1147', '1161', '1145', '1146', '1162'], '1052': ['1052', '1053', '1049', '1050', '1054'], '1063': ['1063'], '1051': ['1051'], '1055': ['1055'], '1057': ['1057', '1060', '1071', '1061', '1072'], '1148': ['1148'], '1158': ['1158'], '1066': ['1066', '1038', '1048', '1068', '1034', '1067', '1064', '1065', '1031'], '1056': ['1056', '1077', '1075', '1076', '1074'], '1157': ['1157'], '1159': ['1159'], '1033': ['1033', '1109', '1105', '1106', '1107', '1058', '1059', '1113'], '1101': ['1101', '1102', '1098', '1099', '1100', '1103', '1039', '1097', '1035'], '1153': ['1153', '1154', '1155', '1156', '1152'], '1108': ['1108'], '1110': ['1110'], '1104': ['1104'], '1114': ['1114', '1115', '1118', '1116', '1119'], '1112': ['1112'], '1111': ['1111'], '1030': ['1030'], '1046': ['1046'], '1069': ['1069'], '1047': ['1047'], '1070': ['1070'], '1043': ['1043', '1121', '1122', '1123', '1045'], '1036': ['1036'], '1092': ['1092'], '1150': ['1150'], '1093': ['1093', '1094', '1151', '1149', '1037'], '1144': ['1144'], '1142': ['1142', '1137', '1139'], '1143': ['1143'], '1062': ['1062'], '1117': ['1117'], '1073': ['1073'], '1135': ['1135'], '1120': ['1120'], '1133': ['1133']})"
47,"defaultdict(<class 'list'>, {'1040': ['1040', '1080', '1079', '1081', '1078', '1038', '1048', '1068', '1034', '1067', '1077'], '1095': ['1095', '1082', '1084', '1083', '1085'], '1096': ['1096', '1138', '1135', '1137', '1139'], '1136': ['1136'], '1041': ['1041'], '1126': ['1126', '1125', '1127', '1043', '1121', '1122', '1123', '1045', '1124'], '1128': ['1128', '1129', '1132', '1130', '1134'], '1131': ['1131'], '1032': ['1032', '1160', '1161', '1162', '1146'], '1052': ['1052', '1053', '1049', '1050', '1054', '1051', '1055', '1062'], '1063': ['1063'], '1057': ['1057', '1060', '1061', '1058', '1059'], '1071': ['1071'], '1147': ['1147', '1148', '1158', '1157', '1159', '1156', '1154', '1155'], '1066': ['1066'], '1056': ['1056'], '1072': ['1072', '1075', '1076', '1073', '1074'], '1033': ['1033', '1101', '1109', '1153', '1100'], '1102': ['1102', '1103', '1104', '1117', '1118'], '1105': ['1105'], '1106': ['1106'], '1113': ['1113'], '1108': ['1108'], '1110': ['1110'], '1107': ['1107'], '1114': ['1114'], '1039': ['1039', '1097', '1112', '1035', '1111'], '1098': ['1098'], '1099': ['1099'], '1030': ['1030', '1046', '1069', '1047', '1070'], '1064': ['1064'], '1065': ['1065'], '1031': ['1031'], '1042': ['1042'], '1086': ['1086', '1087', '1088', '1141', '1143'], '1089': ['1089', '1092', '1044', '1090', '1091'], '1036': ['1036'], '1150': ['1150', '1093', '1094', '1144', '1149', '1037', '1151'], '1145': ['1145'], '1142': ['1142'], '1115': ['1115'], '1152': ['1152'], '1116': ['1116'], '1140': ['1140'], '1119': ['1119'], '1120': ['1120'], '1133': ['1133']})"
47,"defaultdict(<class 'list'>, {'1040': ['1040', '1080', '1081', '1095', '1082', '1084', '1042', '1083', '1085'], '1079': ['1079', '1077', '1075', '1076', '1074'], '1096': ['1096', '1138', '1135', '1137', '1139'], '1136': ['1136'], '1041': ['1041', '1126', '1125', '1127', '1043', '1121', '1122', '1123', '1045', '1124', '1128', '1132'], '1129': ['1129'], '1131': ['1131'], '1032': ['1032', '1160', '1161', '1162', '1146'], '1052': ['1052', '1051', '1055', '1056', '1049', '1050', '1053', '1054'], '1063': ['1063'], '1057': ['1057', '1060', '1061', '1105', '1106', '1107', '1058', '1059', '1062'], '1071': ['1071', '1072', '1073'], '1147': ['1147'], '1148': ['1148', '1158', '1157', '1159', '1156'], '1066': ['1066'], '1033': ['1033', '1153', '1154', '1155', '1152'], '1101': ['1101', '1102', '1098', '1099', '1100'], '1109': ['1109'], '1103': ['1103'], '1113': ['1113'], '1108': ['1108', '1115', '1118', '1116', '1119'], '1110': ['1110'], '1104': ['1104'], '1114': ['1114'], '1038': ['1038', '1048', '1068', '1034', '1067'], '1039': ['1039'], '1097': ['1097'], '1112': ['1112'], '1035': ['1035'], '1111': ['1111'], '1030': ['1030'], '1046': ['1046'], '1069': ['1069', '1064', '1065', '1070', '1031'], '1047': ['1047'], '1086': ['1086', '1087', '1088', '1141', '1143'], '1089': ['1089', '1044', '1090', '1091'], '1036': ['1036', '1092', '1150', '1151', '1149'], '1093': ['1093', '1094', '1144', '1037'], '1145': ['1145'], '1142': ['1142'], '1117': ['1117'], '1078': ['1078'], '1140': ['1140'], '1120': ['1120'], '1130': ['1130'], '1134': ['1134'], '1133': ['1133']})"
47,"defaultdict(<class 'list'>, {'1040': ['1040', '1080', '1079', '1077', '1076', '1078', '1081', '1082', '1083'], '1095': ['1095'], '1084': ['1084'], '1096': ['1096', '1138', '1135', '1137', '1139'], '1136': ['1136'], '1041': ['1041', '1126', '1125', '1127', '1124'], '1128': ['1128', '1131', '1132', '1130', '1133', '1129', '1120', '1134'], '1032': ['1032', '1160', '1161', '1162', '1146'], '1052': ['1052'], '1063': ['1063'], '1051': ['1051', '1055', '1056', '1049', '1050'], '1057': ['1057', '1060', '1061', '1105', '1106', '1107', '1058', '1059', '1113'], '1071': ['1071'], '1147': ['1147'], '1148': ['1148', '1158', '1157', '1159', '1156'], '1053': ['1053', '1038', '1048', '1054', '1034'], '1066': ['1066'], '1072': ['1072'], '1033': ['1033', '1101', '1109', '1153', '1100', '1154', '1155', '1152'], '1102': ['1102'], '1103': ['1103'], '1108': ['1108'], '1110': ['1110', '1111', '1064', '1065', '1031'], '1104': ['1104'], '1114': ['1114'], '1068': ['1068'], '1039': ['1039', '1097', '1112', '1035', '1117'], '1098': ['1098'], '1099': ['1099'], '1067': ['1067'], '1030': ['1030', '1046', '1069', '1047', '1070'], '1042': ['1042'], '1085': ['1085'], '1086': ['1086', '1089', '1044', '1087', '1090'], '1043': ['1043', '1121', '1122', '1123', '1045'], '1036': ['1036', '1092', '1150', '1093', '1094', '1151', '1149', '1037', '1144'], '1145': ['1145'], '1088': ['1088', '1142', '1141', '1143', '1140'], '1091': ['1091'], '1115': ['1115'], '1062': ['1062'], '1075': ['1075'], '1118': ['1118'], '1073': ['1073'], '1074': ['1074'], '1116': ['1116'], '1119': ['1119']})"
47,"defaultdict(<class 'list'>, {'1040': ['1040', '1080', '1081', '1078'], '1079': ['1079'], '1095': ['1095'], '1082': ['1082', '1084', '1042', '1083', '1085'], '1096': ['1096', '1138', '1135', '1137', '1139', '1136', '1140'], '1041': ['1041'], '1126': ['1126', '1125', '1127', '1043', '1121', '1122', '1123', '1045', '1124'], '1128': ['1128', '1131', '1132', '1130', '1133'], '1129': ['1129'], '1032': ['1032', '1160', '1161', '1162', '1146'], '1052': ['1052', '1053', '1049', '1050', '1054'], '1063': ['1063', '1057', '1060', '1071', '1061'], '1051': ['1051'], '1055': ['1055'], '1147': ['1147'], '1148': ['1148'], '1158': ['1158'], '1066': ['1066'], '1056': ['1056'], '1072': ['1072'], '1157': ['1157'], '1159': ['1159'], '1033': ['1033', '1109', '1110', '1039', '1097', '1098', '1099', '1035', '1112', '1111'], '1101': ['1101', '1102', '1103', '1104', '1100'], '1153': ['1153'], '1105': ['1105', '1106', '1107', '1058', '1059', '1113', '1108', '1114', '1115'], '1154': ['1154'], '1155': ['1155'], '1156': ['1156'], '1038': ['1038', '1048', '1068', '1034', '1067'], '1030': ['1030', '1046', '1069', '1047', '1070'], '1064': ['1064'], '1065': ['1065'], '1031': ['1031'], '1086': ['1086', '1087', '1088', '1141', '1143', '1089', '1044', '1090', '1142'], '1036': ['1036', '1092', '1150', '1093', '1094', '1151', '1149', '1037', '1144'], '1145': ['1145'], '1091': ['1091'], '1062': ['1062'], '1077': ['1077'], '1117': ['1117', '1118', '1116', '1119', '1120'], '1152': ['1152'], '1075': ['1075'], '1076': ['1076'], '1073': ['1073'], '1074': ['1074'], '1134': ['1134']})"
47,"defaultdict(<class 'list'>, {'1040': ['1040', '1080', '1079', '1081', '1078'], '1095': ['1095'], '1082': ['1082', '1084', '1042', '1083', '1085'], '1096': ['1096', '1138', '1135', '1137', '1139'], '1136': ['1136'], '1041': ['1041'], '1126': ['1126'], '1125': ['1125'], '1127': ['1127'], '1128': ['1128', '1131', '1132', '1130', '1133'], '1129': ['1129', '1134'], '1032': ['1032', '1160', '1161', '1162'], '1052': ['1052', '1051', '1053', '1049', '1050'], '1063': ['1063'], '1055': ['1055'], '1057': ['1057'], '1060': ['1060'], '1071': ['1071'], '1147': ['1147', '1036', '1092', '1145', '1146', '1150', '1093', '1094', '1151', '1149', '1037', '1144'], '1148': ['1148', '1158', '1157', '1159', '1153', '1154', '1155', '1156', '1152', '1033', '1109'], '1066': ['1066'], '1056': ['1056'], '1061': ['1061'], '1072': ['1072'], '1101': ['1101', '1102', '1103', '1039', '1097', '1098', '1099', '1035', '1100'], '1105': ['1105', '1106', '1108', '1107', '1115'], '1113': ['1113'], '1110': ['1110', '1111', '1064', '1065', '1031'], '1104': ['1104'], '1114': ['1114'], '1038': ['1038', '1048', '1068', '1077', '1075', '1076', '1074', '1034', '1067'], '1054': ['1054'], '1112': ['1112'], '1030': ['1030', '1046', '1069', '1047', '1070'], '1058': ['1058'], '1059': ['1059'], '1086': ['1086', '1087', '1088', '1141', '1143', '1089', '1044', '1090', '1091', '1142'], '1043': ['1043'], '1121': ['1121'], '1122': ['1122'], '1123': ['1123'], '1124': ['1124'], '1045': ['1045'], '1062': ['1062'], '1117': ['1117', '1118', '1116', '1119', '1120'], '1073': ['1073'], '1140': ['1140']})"
47,"defaultdict(<class 'list'>, {'1040': ['1040', '1080', '1081', '1082', '1078', '1084', '1042', '1083', '1085'], '1079': ['1079'], '1095': ['1095'], '1096': ['1096', '1138', '1135', '1137', '1139', '1136', '1088', '1142', '1141', '1143', '1140'], '1041': ['1041', '1126', '1125', '1127', '1124'], '1128': ['1128', '1131', '1132', '1130', '1133', '1129', '1120', '1134', '1119'], '1032': ['1032', '1063', '1071', '1066', '1067'], '1052': ['1052', '1053', '1038', '1048', '1054', '1034', '1049'], '1160': ['1160', '1147', '1161', '1162', '1146'], '1051': ['1051'], '1055': ['1055'], '1057': ['1057', '1060', '1061', '1058', '1059'], '1148': ['1148'], '1158': ['1158'], '1056': ['1056'], '1072': ['1072'], '1157': ['1157'], '1159': ['1159'], '1033': ['1033', '1153', '1154', '1155', '1152'], '1101': ['1101'], '1109': ['1109'], '1102': ['1102'], '1103': ['1103'], '1105': ['1105', '1106', '1113', '1107', '1114', '1108', '1115', '1116'], '1110': ['1110'], '1104': ['1104'], '1156': ['1156'], '1050': ['1050'], '1068': ['1068'], '1039': ['1039', '1097', '1098', '1099', '1035', '1112', '1111', '1117', '1118'], '1100': ['1100'], '1030': ['1030'], '1046': ['1046'], '1069': ['1069', '1064', '1065', '1070', '1031'], '1047': ['1047'], '1086': ['1086', '1089', '1087', '1090', '1091'], '1043': ['1043', '1121', '1122', '1123', '1045'], '1036': ['1036', '1092', '1150', '1151', '1149'], '1093': ['1093', '1094', '1144', '1037'], '1145': ['1145'], '1044': ['1044'], '1062': ['1062'], '1077': ['1077'], '1075': ['1075'], '1076': ['1076'], '1073': ['1073'], '1074': ['1074']})"
47,"defaultdict(<class 'list'>, {'1040': ['1040', '1080', '1079', '1081', '1078', '1077', '1075', '1076', '1074'], '1095': ['1095'], '1082': ['1082', '1084', '1042', '1083', '1085'], '1096': ['1096', '1138', '1135', '1137', '1139'], '1136': ['1136'], '1041': ['1041'], '1126': ['1126'], '1125': ['1125'], '1127': ['1127'], '1128': ['1128', '1129', '1132', '1130', '1134', '1131', '1133'], '1032': ['1032', '1160', '1161', '1162', '1146', '1147', '1148', '1158', '1157', '1159', '1156', '1145'], '1052': ['1052'], '1063': ['1063'], '1051': ['1051', '1055', '1056', '1049', '1050'], '1057': ['1057', '1060', '1071', '1061', '1105', '1106', '1107', '1058', '1059'], '1053': ['1053', '1054', '1062'], '1066': ['1066'], '1072': ['1072', '1070', '1073'], '1033': ['1033', '1109', '1153', '1155', '1152'], '1101': ['1101', '1102', '1098', '1099', '1100'], '1103': ['1103'], '1113': ['1113', '1114', '1115'], '1154': ['1154'], '1108': ['1108'], '1110': ['1110'], '1104': ['1104'], '1038': ['1038', '1048', '1068', '1034', '1067'], '1039': ['1039', '1097', '1112', '1035', '1111'], '1030': ['1030', '1046', '1069', '1047', '1031'], '1064': ['1064'], '1065': ['1065'], '1086': ['1086'], '1089': ['1089'], '1043': ['1043'], '1121': ['1121'], '1122': ['1122'], '1123': ['1123'], '1124': ['1124'], '1036': ['1036', '1092', '1150', '1151', '1149'], '1093': ['1093', '1094', '1144', '1037'], '1044': ['1044'], '1087': ['1087'], '1088': ['1088', '1142', '1141', '1143', '1140'], '1090': ['1090'], '1091': ['1091'], '1045': ['1045'], '1117': ['1117', '1118', '1116', '1119', '1120']})"
47,"defaultdict(<class 'list'>, {'1040': ['1040'], '1080': ['1080', '1079', '1077', '1076', '1078'], '1081': ['1081'], '1095': ['1095'], '1082': ['1082', '1084', '1042', '1083', '1085'], '1096': ['1096', '1138', '1135', '1137', '1139', '1136', '1088', '1142', '1141', '1143', '1140'], '1041': ['1041'], '1126': ['1126'], '1125': ['1125'], '1127': ['1127'], '1128': ['1128', '1129', '1132', '1130', '1134', '1131', '1120', '1133'], '1032': ['1032', '1052', '1063', '1053', '1049', '1051', '1055', '1050', '1054'], '1160': ['1160'], '1057': ['1057'], '1060': ['1060'], '1071': ['1071'], '1147': ['1147'], '1148': ['1148', '1158', '1157', '1159', '1156'], '1161': ['1161'], '1066': ['1066', '1110', '1111', '1064', '1065', '1031'], '1056': ['1056'], '1061': ['1061', '1062', '1075', '1073', '1074'], '1072': ['1072'], '1162': ['1162'], '1033': ['1033', '1153', '1154', '1155', '1152'], '1101': ['1101', '1102', '1098', '1099', '1100'], '1109': ['1109'], '1103': ['1103'], '1105': ['1105', '1106', '1107', '1058', '1059', '1113', '1108', '1114', '1115'], '1104': ['1104', '1117', '1118', '1116', '1119'], '1038': ['1038', '1048', '1068', '1034', '1067'], '1039': ['1039'], '1097': ['1097'], '1112': ['1112'], '1035': ['1035'], '1030': ['1030', '1046', '1069', '1047', '1070'], '1086': ['1086', '1089', '1044', '1087', '1090'], '1043': ['1043', '1121', '1122', '1123', '1045'], '1124': ['1124'], '1036': ['1036'], '1092': ['1092'], '1150': ['1150'], '1093': ['1093', '1094', '1151', '1149', '1037'], '1145': ['1145'], '1144': ['1144'], '1091': ['1091'], '1146': ['1146']})"
47,"defaultdict(<class 'list'>, {'1040': ['1040', '1080', '1079', '1081', '1078'], '1095': ['1095'], '1082': ['1082'], '1084': ['1084'], '1096': ['1096', '1138', '1135', '1137', '1139'], '1136': ['1136'], '1041': ['1041', '1126', '1125', '1043', '1121', '1122', '1123', '1045', '1124', '1127', '1129', '1119'], '1128': ['1128', '1131', '1132', '1130', '1133'], '1032': ['1032', '1160', '1147', '1161', '1145', '1146', '1162'], '1052': ['1052', '1051', '1053', '1049', '1050'], '1063': ['1063', '1071', '1066', '1067'], '1055': ['1055'], '1057': ['1057', '1060', '1061', '1058', '1059', '1105', '1106', '1113', '1107'], '1148': ['1148'], '1158': ['1158'], '1056': ['1056'], '1072': ['1072', '1075', '1076', '1073', '1074'], '1157': ['1157'], '1159': ['1159'], '1033': ['1033', '1153', '1154', '1036', '1150', '1151', '1152', '1155'], '1101': ['1101', '1108', '1100'], '1109': ['1109'], '1102': ['1102'], '1103': ['1103', '1104'], '1110': ['1110', '1039', '1097', '1098', '1099', '1035', '1112', '1111', '1117'], '1114': ['1114', '1030', '1046', '1069', '1047', '1070', '1064', '1065', '1031'], '1156': ['1156'], '1038': ['1038'], '1048': ['1048'], '1054': ['1054'], '1068': ['1068'], '1034': ['1034'], '1042': ['1042'], '1083': ['1083'], '1085': ['1085'], '1086': ['1086', '1087', '1088', '1141', '1143'], '1089': ['1089', '1092', '1044', '1090', '1091'], '1093': ['1093', '1094', '1144', '1149', '1037'], '1142': ['1142'], '1115': ['1115'], '1062': ['1062'], '1077': ['1077'], '1118': ['1118'], '1116': ['1116'], '1140': ['1140'], '1120': ['1120'], '1134': ['1134']})"
47,"defaultdict(<class 'list'>, {'1040': ['1040', '1080', '1079', '1081', '1078', '1095', '1082', '1084', '1042', '1083', '1085', '1086'], '1096': ['1096', '1138', '1135', '1137', '1139', '1136', '1088', '1142', '1141', '1143', '1140'], '1041': ['1041', '1126', '1125', '1127', '1124'], '1128': ['1128', '1131', '1132', '1130', '1133'], '1129': ['1129'], '1032': ['1032', '1160', '1161', '1162'], '1052': ['1052'], '1063': ['1063'], '1051': ['1051'], '1055': ['1055'], '1057': ['1057', '1060', '1071', '1061', '1072'], '1147': ['1147', '1036', '1092', '1145', '1146'], '1148': ['1148'], '1158': ['1158'], '1053': ['1053'], '1066': ['1066'], '1056': ['1056', '1077', '1075', '1076', '1074'], '1157': ['1157'], '1159': ['1159'], '1033': ['1033', '1153', '1154', '1155', '1151', '1152', '1156'], '1101': ['1101', '1102', '1098', '1099', '1100', '1103', '1039', '1097', '1035'], '1109': ['1109'], '1105': ['1105', '1106', '1107', '1058', '1059', '1113', '1108', '1114', '1115'], '1110': ['1110', '1111', '1064', '1065', '1031'], '1104': ['1104'], '1038': ['1038', '1048', '1068', '1034', '1067'], '1049': ['1049'], '1050': ['1050'], '1054': ['1054'], '1112': ['1112'], '1030': ['1030'], '1046': ['1046'], '1069': ['1069'], '1047': ['1047'], '1070': ['1070'], '1089': ['1089', '1044', '1087', '1090', '1091'], '1043': ['1043'], '1121': ['1121'], '1122': ['1122'], '1123': ['1123'], '1150': ['1150'], '1093': ['1093', '1094', '1144', '1149', '1037'], '1045': ['1045'], '1062': ['1062'], '1117': ['1117', '1118', '1116', '1119', '1120'], '1073': ['1073'], '1134': ['1134']})"
47,"defaultdict(<class 'list'>, {'1040': ['1040', '1080', '1081', '1082', '1078'], '1079': ['1079'], '1095': ['1095'], '1084': ['1084', '1042', '1085', '1086', '1089', '1087', '1090', '1091', '1044'], '1096': ['1096'], '1136': ['1136'], '1138': ['1138', '1134'], '1041': ['1041', '1126', '1125', '1127', '1124'], '1128': ['1128', '1131', '1132', '1130', '1133'], '1129': ['1129'], '1032': ['1032', '1160', '1161', '1162'], '1052': ['1052', '1053', '1049', '1050', '1054'], '1063': ['1063'], '1051': ['1051'], '1055': ['1055'], '1057': ['1057', '1060', '1061', '1058', '1059', '1105', '1106', '1107', '1062'], '1071': ['1071'], '1147': ['1147', '1145', '1144', '1146'], '1148': ['1148', '1158', '1157', '1159'], '1066': ['1066', '1038', '1048', '1068', '1067'], '1056': ['1056', '1077', '1075', '1076', '1074'], '1072': ['1072'], '1033': ['1033'], '1101': ['1101', '1039', '1097', '1098', '1099', '1035', '1112', '1100', '1111'], '1109': ['1109'], '1153': ['1153', '1154', '1155', '1156', '1152'], '1102': ['1102', '1103', '1104', '1117', '1118'], '1113': ['1113'], '1108': ['1108'], '1110': ['1110'], '1114': ['1114', '1030', '1046', '1069', '1064', '1065', '1070', '1031', '1047'], '1034': ['1034'], '1083': ['1083'], '1043': ['1043', '1121', '1122', '1123', '1045'], '1036': ['1036'], '1092': ['1092'], '1150': ['1150'], '1093': ['1093', '1094', '1151', '1149', '1037'], '1088': ['1088', '1142', '1141', '1143', '1139'], '1115': ['1115'], '1073': ['1073'], '1116': ['1116'], '1135': ['1135'], '1137': ['1137'], '1140': ['1140'], '1119': ['1119'], '1120': ['1120']})"
48,"defaultdict(<class 'list'>, {'1040': ['1040', '1080', '1081', '1078'], '1079': ['1079'], '1095': ['1095'], '1082': ['1082', '1084', '1042', '1083', '1085'], '1096': ['1096', '1138', '1135', '1137', '1139'], '1136': ['1136'], '1041': ['1041', '1126', '1125', '1127', '1124'], '1128': ['1128', '1131', '1132', '1130', '1133'], '1129': ['1129'], '1032': ['1032', '1160', '1161', '1162', '1146'], '1052': ['1052', '1053', '1049', '1050', '1054'], '1063': ['1063', '1057', '1060', '1071', '1061'], '1051': ['1051'], '1055': ['1055'], '1147': ['1147'], '1148': ['1148', '1158', '1157', '1159', '1156'], '1066': ['1066', '1038', '1048', '1068', '1034', '1067', '1064', '1065', '1031'], '1056': ['1056'], '1072': ['1072', '1114', '1070'], '1033': ['1033', '1109', '1113', '1110', '1111'], '1101': ['1101', '1102', '1098', '1099', '1100', '1103', '1039', '1097', '1035'], '1153': ['1153', '1154', '1155', '1151', '1152'], '1105': ['1105'], '1106': ['1106'], '1108': ['1108'], '1104': ['1104', '1030', '1046', '1047', '1117'], '1107': ['1107'], '1112': ['1112'], '1069': ['1069'], '1058': ['1058'], '1059': ['1059'], '1086': ['1086', '1087', '1088', '1141', '1143', '1089', '1044', '1090', '1142'], '1043': ['1043', '1121', '1122', '1123', '1045'], '1036': ['1036'], '1092': ['1092'], '1150': ['1150'], '1093': ['1093', '1094', '1144', '1149', '1037'], '1145': ['1145'], '1091': ['1091'], '1115': ['1115'], '1062': ['1062'], '1077': ['1077', '1075', '1076', '1073', '1074'], '1118': ['1118'], '1116': ['1116'], '1140': ['1140'], '1119': ['1119'], '1120': ['1120'], '1134': ['1134']})"
48,"defaultdict(<class 'list'>, {'1040': ['1040', '1080', '1079', '1081', '1078'], '1095': ['1095', '1082', '1084', '1083', '1085', '1042', '1086', '1089', '1044', '1087', '1090', '1091'], '1096': ['1096', '1138', '1135', '1137', '1139', '1136', '1088', '1142', '1141', '1143', '1140'], '1041': ['1041', '1126', '1125', '1127', '1124'], '1128': ['1128', '1131', '1132', '1130', '1133', '1129', '1120', '1134'], '1032': ['1032', '1160', '1161', '1162', '1146'], '1052': ['1052'], '1063': ['1063', '1057', '1071', '1066', '1067'], '1051': ['1051'], '1055': ['1055'], '1060': ['1060'], '1147': ['1147'], '1148': ['1148', '1158', '1157', '1159', '1156'], '1053': ['1053', '1038', '1048', '1054', '1034'], '1056': ['1056'], '1061': ['1061', '1062', '1075', '1073', '1074', '1076'], '1072': ['1072'], '1033': ['1033'], '1101': ['1101', '1102', '1098', '1099', '1100'], '1109': ['1109'], '1153': ['1153'], '1103': ['1103', '1104', '1030', '1046', '1047'], '1105': ['1105', '1106', '1107', '1058', '1059'], '1113': ['1113'], '1154': ['1154'], '1155': ['1155'], '1108': ['1108'], '1110': ['1110', '1039', '1097', '1112', '1111'], '1114': ['1114'], '1049': ['1049'], '1050': ['1050'], '1068': ['1068'], '1035': ['1035'], '1069': ['1069', '1064', '1065', '1070', '1031'], '1043': ['1043', '1121', '1122', '1123', '1045'], '1036': ['1036'], '1092': ['1092'], '1150': ['1150'], '1093': ['1093'], '1094': ['1094'], '1145': ['1145'], '1151': ['1151'], '1144': ['1144'], '1149': ['1149'], '1037': ['1037'], '1115': ['1115', '1117', '1118', '1116', '1119'], '1077': ['1077'], '1152': ['1152']})"
48,"defaultdict(<class 'list'>, {'1040': ['1040', '1080', '1038', '1048', '1068', '1034', '1067', '1077', '1078'], '1079': ['1079'], '1081': ['1081'], '1095': ['1095'], '1082': ['1082', '1084', '1042', '1083', '1085'], '1096': ['1096', '1136', '1135', '1137', '1140', '1138', '1088', '1142', '1141', '1143', '1139'], '1041': ['1041', '1126', '1125', '1127', '1124', '1129', '1122', '1123', '1045'], '1128': ['1128'], '1131': ['1131'], '1032': ['1032', '1160', '1161', '1162', '1146'], '1052': ['1052', '1051', '1053', '1049', '1050'], '1063': ['1063', '1057', '1060', '1071', '1061'], '1055': ['1055'], '1147': ['1147', '1036', '1092', '1150', '1093', '1094', '1151', '1149', '1037', '1145', '1144', '1091'], '1148': ['1148', '1158', '1157', '1159', '1153', '1154', '1155', '1156', '1152'], '1066': ['1066'], '1056': ['1056'], '1072': ['1072', '1075', '1076', '1073', '1074'], '1033': ['1033'], '1101': ['1101'], '1109': ['1109'], '1102': ['1102'], '1103': ['1103'], '1105': ['1105', '1106', '1107', '1058', '1059'], '1113': ['1113'], '1108': ['1108'], '1110': ['1110'], '1104': ['1104'], '1114': ['1114'], '1054': ['1054'], '1039': ['1039', '1097', '1112', '1035', '1111', '1098', '1099', '1117', '1118'], '1100': ['1100'], '1030': ['1030'], '1046': ['1046'], '1069': ['1069', '1064', '1065', '1070', '1031'], '1047': ['1047'], '1086': ['1086', '1089', '1044', '1087', '1090'], '1043': ['1043'], '1121': ['1121'], '1115': ['1115'], '1062': ['1062'], '1116': ['1116'], '1119': ['1119'], '1120': ['1120'], '1132': ['1132'], '1130': ['1130'], '1134': ['1134'], '1133': ['1133']})"
48,"defaultdict(<class 'list'>, {'1040': ['1040', '1080', '1081', '1082', '1084', '1042', '1083', '1085', '1078', '1079', '1095', '1136'], '1096': ['1096', '1138', '1135', '1137', '1139'], '1041': ['1041', '1126', '1125', '1127', '1128', '1124', '1131', '1043', '1121', '1122', '1123', '1045'], '1129': ['1129', '1130', '1134'], '1032': ['1032', '1052', '1063', '1053', '1049'], '1160': ['1160'], '1051': ['1051', '1055', '1056', '1075', '1076'], '1057': ['1057', '1060', '1071', '1072'], '1147': ['1147'], '1148': ['1148', '1158', '1157', '1159', '1156'], '1161': ['1161'], '1066': ['1066'], '1061': ['1061', '1062', '1073', '1074'], '1162': ['1162'], '1033': ['1033', '1153', '1154', '1155', '1152'], '1101': ['1101'], '1109': ['1109'], '1102': ['1102', '1103', '1104', '1098', '1099'], '1105': ['1105', '1106', '1107', '1058', '1059'], '1113': ['1113'], '1108': ['1108'], '1110': ['1110'], '1114': ['1114'], '1038': ['1038', '1048', '1054', '1068', '1034'], '1050': ['1050'], '1039': ['1039', '1097', '1112', '1035', '1111'], '1100': ['1100'], '1067': ['1067'], '1030': ['1030'], '1046': ['1046'], '1069': ['1069'], '1064': ['1064'], '1065': ['1065'], '1047': ['1047'], '1070': ['1070'], '1031': ['1031'], '1086': ['1086', '1089', '1087', '1090', '1091'], '1036': ['1036', '1092', '1150', '1151', '1149'], '1093': ['1093', '1094', '1144', '1037'], '1145': ['1145'], '1044': ['1044'], '1088': ['1088', '1142', '1141', '1143', '1140'], '1115': ['1115'], '1077': ['1077'], '1117': ['1117', '1118', '1116', '1119', '1120'], '1146': ['1146'], '1132': ['1132'], '1133': ['1133']})"
48,"defaultdict(<class 'list'>, {'1040': ['1040', '1080', '1079', '1081', '1078'], '1095': ['1095'], '1082': ['1082', '1084', '1042', '1085', '1086', '1087', '1083', '1089', '1044'], '1096': ['1096', '1138', '1135', '1137', '1139'], '1136': ['1136'], '1041': ['1041', '1126', '1125', '1127', '1124', '1131', '1043', '1121', '1122', '1123', '1045', '1133'], '1128': ['1128'], '1129': ['1129'], '1032': ['1032', '1063', '1160', '1161', '1162', '1147', '1148', '1158', '1157', '1159', '1156', '1146'], '1052': ['1052'], '1051': ['1051', '1055', '1056', '1049', '1050'], '1057': ['1057', '1060', '1061', '1058', '1059', '1105', '1106', '1113', '1107'], '1071': ['1071'], '1053': ['1053'], '1066': ['1066', '1068', '1067', '1077', '1076'], '1072': ['1072'], '1033': ['1033', '1153', '1154', '1155', '1152'], '1101': ['1101', '1102', '1098', '1099', '1100', '1103', '1039', '1097', '1035'], '1109': ['1109'], '1108': ['1108'], '1110': ['1110'], '1104': ['1104', '1030', '1046', '1047'], '1114': ['1114'], '1038': ['1038'], '1048': ['1048'], '1054': ['1054'], '1112': ['1112'], '1034': ['1034'], '1111': ['1111'], '1069': ['1069', '1064', '1065', '1070', '1031'], '1036': ['1036'], '1092': ['1092', '1150', '1093', '1094', '1144', '1149', '1037', '1145', '1151'], '1088': ['1088'], '1090': ['1090'], '1142': ['1142'], '1141': ['1141'], '1091': ['1091'], '1143': ['1143'], '1115': ['1115'], '1062': ['1062'], '1117': ['1117', '1118', '1116', '1119', '1120'], '1075': ['1075'], '1073': ['1073'], '1074': ['1074'], '1140': ['1140'], '1132': ['1132'], '1130': ['1130'], '1134': ['1134']})"
48,"defaultdict(<class 'list'>, {'1040': ['1040', '1080', '1079', '1081', '1078'], '1095': ['1095'], '1082': ['1082', '1084', '1042', '1083', '1085'], '1096': ['1096'], '1136': ['1136'], '1138': ['1138'], '1041': ['1041', '1126', '1125', '1127', '1043', '1121', '1122', '1123', '1045', '1124', '1128', '1132'], '1129': ['1129'], '1131': ['1131'], '1032': ['1032', '1160', '1161', '1162', '1146', '1147', '1148', '1158', '1156', '1157', '1159'], '1052': ['1052', '1051', '1053', '1049', '1050'], '1063': ['1063'], '1055': ['1055'], '1057': ['1057', '1060', '1061', '1105', '1106', '1107', '1058', '1059', '1113'], '1071': ['1071'], '1066': ['1066'], '1056': ['1056'], '1072': ['1072'], '1033': ['1033', '1153', '1154', '1155', '1152'], '1101': ['1101', '1102', '1103', '1108', '1100'], '1109': ['1109', '1110'], '1104': ['1104'], '1114': ['1114', '1030', '1046', '1069', '1064', '1065', '1070', '1031', '1047'], '1038': ['1038', '1048', '1068', '1034', '1067'], '1054': ['1054'], '1039': ['1039', '1097', '1098', '1099', '1035', '1112', '1111', '1117', '1118'], '1086': ['1086', '1089', '1044', '1087', '1090'], '1036': ['1036', '1092', '1150', '1093', '1094', '1151', '1149', '1037', '1144'], '1145': ['1145'], '1088': ['1088'], '1142': ['1142'], '1141': ['1141'], '1091': ['1091'], '1143': ['1143'], '1115': ['1115', '1116', '1119', '1120'], '1062': ['1062'], '1077': ['1077'], '1075': ['1075'], '1076': ['1076'], '1073': ['1073'], '1074': ['1074'], '1135': ['1135'], '1137': ['1137'], '1140': ['1140'], '1139': ['1139'], '1130': ['1130'], '1134': ['1134'], '1133': ['1133']})"
48,"defaultdict(<class 'list'>, {'1040': ['1040', '1080', '1079', '1081', '1078'], '1095': ['1095'], '1082': ['1082'], '1084': ['1084'], '1096': ['1096'], '1136': ['1136', '1133'], '1138': ['1138'], '1041': ['1041'], '1126': ['1126'], '1125': ['1125'], '1127': ['1127'], '1128': ['1128', '1129', '1132', '1130', '1134'], '1131': ['1131'], '1032': ['1032', '1160', '1161', '1162', '1146', '1147', '1148', '1158', '1156', '1157', '1159'], '1052': ['1052'], '1063': ['1063', '1057', '1071', '1066'], '1051': ['1051'], '1055': ['1055'], '1060': ['1060', '1061', '1062'], '1053': ['1053'], '1056': ['1056'], '1072': ['1072'], '1033': ['1033', '1153', '1154', '1155', '1152', '1109'], '1101': ['1101', '1102', '1098', '1099', '1100'], '1103': ['1103', '1104', '1030', '1046', '1047'], '1105': ['1105', '1106', '1107', '1058', '1059', '1113', '1108', '1114', '1115'], '1110': ['1110'], '1038': ['1038', '1048', '1068', '1034', '1067'], '1049': ['1049'], '1050': ['1050'], '1054': ['1054'], '1039': ['1039', '1097', '1112', '1035', '1111'], '1069': ['1069', '1064', '1065', '1070', '1031'], '1042': ['1042'], '1083': ['1083'], '1085': ['1085'], '1086': ['1086', '1089', '1044', '1087', '1090'], '1043': ['1043', '1121', '1122', '1123', '1045'], '1124': ['1124'], '1036': ['1036', '1092', '1150', '1093', '1094', '1151', '1149', '1037', '1144'], '1145': ['1145'], '1088': ['1088', '1142', '1141', '1143', '1140'], '1091': ['1091'], '1077': ['1077', '1075', '1076', '1073', '1074'], '1117': ['1117', '1118', '1116', '1119', '1120'], '1135': ['1135'], '1137': ['1137'], '1139': ['1139']})"
48,"defaultdict(<class 'list'>, {'1040': ['1040', '1080', '1081', '1078'], '1079': ['1079', '1077', '1075', '1076', '1074'], '1095': ['1095'], '1082': ['1082', '1084', '1042', '1085', '1086', '1087', '1083', '1089', '1044'], '1096': ['1096', '1138', '1135', '1137', '1139'], '1136': ['1136'], '1041': ['1041', '1126', '1125', '1127', '1124'], '1128': ['1128', '1131', '1132', '1130', '1133'], '1129': ['1129'], '1032': ['1032', '1160', '1161', '1162', '1146'], '1052': ['1052'], '1063': ['1063'], '1051': ['1051', '1055', '1056', '1049', '1050'], '1057': ['1057', '1060', '1061', '1062', '1073', '1071', '1072'], '1147': ['1147'], '1148': ['1148', '1158', '1157', '1159', '1156'], '1053': ['1053'], '1066': ['1066'], '1033': ['1033'], '1101': ['1101', '1102', '1098', '1099', '1100'], '1109': ['1109'], '1153': ['1153'], '1103': ['1103', '1104', '1030', '1046', '1047'], '1105': ['1105', '1106', '1107', '1058', '1059'], '1113': ['1113'], '1154': ['1154'], '1155': ['1155'], '1108': ['1108'], '1110': ['1110', '1111', '1064', '1065', '1031'], '1114': ['1114'], '1038': ['1038', '1048', '1068', '1034', '1067'], '1054': ['1054'], '1039': ['1039', '1097', '1112', '1035', '1117'], '1069': ['1069'], '1070': ['1070'], '1043': ['1043', '1121', '1122', '1123', '1045'], '1036': ['1036'], '1092': ['1092'], '1150': ['1150'], '1093': ['1093', '1094', '1151', '1149', '1037'], '1145': ['1145'], '1144': ['1144'], '1088': ['1088', '1142', '1141', '1143', '1140'], '1090': ['1090'], '1091': ['1091'], '1115': ['1115', '1118', '1116', '1119', '1120'], '1152': ['1152'], '1134': ['1134']})"
48,"defaultdict(<class 'list'>, {'1040': ['1040', '1080', '1079', '1077', '1076', '1078', '1075', '1074'], '1081': ['1081', '1082', '1084', '1042', '1083', '1095', '1096', '1085'], '1136': ['1136'], '1138': ['1138'], '1041': ['1041'], '1126': ['1126', '1125', '1127', '1128', '1131', '1132', '1130', '1133', '1129', '1120', '1134', '1124'], '1032': ['1032', '1160', '1161', '1162', '1146'], '1052': ['1052', '1053', '1049', '1050', '1054', '1051', '1055', '1061', '1062'], '1063': ['1063'], '1057': ['1057'], '1060': ['1060'], '1071': ['1071'], '1147': ['1147'], '1148': ['1148', '1158', '1157', '1159', '1156', '1153', '1154', '1155', '1152'], '1066': ['1066', '1038', '1048', '1068', '1067'], '1056': ['1056'], '1072': ['1072'], '1033': ['1033', '1109', '1113', '1110', '1111', '1105'], '1101': ['1101', '1102', '1098', '1099', '1100'], '1103': ['1103'], '1106': ['1106', '1108', '1107', '1058', '1059'], '1104': ['1104'], '1114': ['1114'], '1039': ['1039'], '1097': ['1097'], '1112': ['1112'], '1034': ['1034'], '1035': ['1035'], '1030': ['1030'], '1046': ['1046'], '1069': ['1069', '1064', '1065', '1070', '1031'], '1047': ['1047'], '1086': ['1086', '1089', '1044', '1087', '1090'], '1043': ['1043', '1121', '1122', '1123', '1045'], '1036': ['1036', '1092', '1150', '1151', '1149'], '1093': ['1093', '1094', '1144', '1037', '1143'], '1145': ['1145'], '1088': ['1088', '1141', '1135', '1140'], '1142': ['1142'], '1091': ['1091'], '1115': ['1115'], '1117': ['1117'], '1118': ['1118'], '1073': ['1073'], '1116': ['1116'], '1137': ['1137'], '1139': ['1139'], '1119': ['1119']})"
49,"defaultdict(<class 'list'>, {'1040': ['1040', '1080', '1079', '1077', '1076', '1078'], '1081': ['1081', '1095', '1082', '1084', '1042', '1083', '1085', '1096'], '1136': ['1136'], '1138': ['1138'], '1041': ['1041', '1126', '1125', '1127', '1124', '1129', '1122', '1123', '1045', '1043', '1121'], '1128': ['1128', '1131', '1132', '1130', '1133'], '1032': ['1032', '1160', '1161', '1162', '1146', '1147', '1148', '1158', '1157', '1159', '1155', '1156'], '1052': ['1052'], '1063': ['1063'], '1051': ['1051', '1038', '1048', '1068', '1034', '1067', '1049', '1050'], '1055': ['1055'], '1057': ['1057', '1060', '1071', '1058', '1059'], '1053': ['1053'], '1066': ['1066', '1110', '1064', '1065', '1031'], '1056': ['1056'], '1061': ['1061', '1062', '1075', '1073', '1074'], '1072': ['1072'], '1033': ['1033', '1101', '1102', '1103', '1104', '1098', '1099', '1100'], '1109': ['1109'], '1153': ['1153'], '1105': ['1105'], '1106': ['1106'], '1113': ['1113'], '1154': ['1154'], '1108': ['1108'], '1107': ['1107'], '1114': ['1114', '1115', '1118', '1116', '1119'], '1054': ['1054'], '1039': ['1039'], '1097': ['1097'], '1112': ['1112'], '1035': ['1035'], '1111': ['1111'], '1030': ['1030', '1046', '1069', '1047', '1070'], '1086': ['1086', '1087', '1088', '1141', '1143', '1142'], '1089': ['1089', '1149', '1044', '1090', '1091'], '1036': ['1036'], '1092': ['1092'], '1150': ['1150'], '1093': ['1093', '1094', '1145', '1144', '1037'], '1151': ['1151'], '1117': ['1117'], '1152': ['1152'], '1135': ['1135'], '1137': ['1137'], '1140': ['1140'], '1139': ['1139'], '1120': ['1120'], '1134': ['1134']})"
49,"defaultdict(<class 'list'>, {'1040': ['1040'], '1080': ['1080'], '1079': ['1079'], '1081': ['1081'], '1095': ['1095', '1082', '1084', '1083', '1085'], '1096': ['1096', '1138', '1135', '1137', '1139', '1136', '1140'], '1041': ['1041', '1126', '1125', '1127', '1124', '1129', '1043', '1121', '1122', '1123', '1045', '1134'], '1128': ['1128'], '1131': ['1131'], '1032': ['1032', '1052', '1063', '1053', '1049', '1160', '1161', '1162', '1146'], '1051': ['1051'], '1055': ['1055'], '1057': ['1057', '1060', '1061', '1058', '1059', '1071', '1072', '1062', '1073'], '1147': ['1147'], '1148': ['1148', '1158', '1157', '1159', '1156'], '1066': ['1066'], '1056': ['1056', '1077', '1075', '1076', '1074'], '1033': ['1033'], '1101': ['1101'], '1109': ['1109', '1105', '1106', '1113', '1107'], '1153': ['1153'], '1102': ['1102', '1103', '1104', '1098', '1099', '1039', '1097', '1035'], '1154': ['1154'], '1155': ['1155'], '1108': ['1108'], '1110': ['1110', '1112', '1111', '1117'], '1114': ['1114', '1030', '1046', '1069', '1047', '1070', '1064', '1065', '1031'], '1038': ['1038'], '1048': ['1048'], '1050': ['1050'], '1054': ['1054'], '1068': ['1068'], '1100': ['1100'], '1034': ['1034'], '1067': ['1067'], '1042': ['1042'], '1086': ['1086', '1087', '1088', '1141', '1143', '1142'], '1089': ['1089', '1149', '1044', '1090', '1091'], '1036': ['1036'], '1092': ['1092'], '1150': ['1150'], '1093': ['1093', '1094', '1145', '1144', '1037'], '1151': ['1151'], '1115': ['1115', '1118', '1116', '1119', '1120'], '1152': ['1152'], '1078': ['1078'], '1132': ['1132'], '1130': ['1130'], '1133': ['1133']})"
49,"defaultdict(<class 'list'>, {'1040': ['1040', '1080', '1081', '1082', '1078', '1079', '1095', '1096', '1083'], '1084': ['1084', '1042', '1085', '1086', '1087'], '1136': ['1136', '1133'], '1138': ['1138', '1137', '1139'], '1041': ['1041', '1126', '1125', '1127', '1131', '1124', '1128', '1043', '1121', '1122', '1123', '1045'], '1129': ['1129'], '1032': ['1032', '1160', '1161', '1162', '1146'], '1052': ['1052', '1051', '1053', '1049', '1050', '1054'], '1063': ['1063', '1057', '1060', '1071', '1061'], '1055': ['1055', '1056', '1075', '1076', '1074'], '1147': ['1147'], '1148': ['1148'], '1158': ['1158'], '1066': ['1066'], '1072': ['1072'], '1157': ['1157'], '1159': ['1159'], '1033': ['1033'], '1101': ['1101', '1102', '1098', '1099', '1100'], '1109': ['1109'], '1153': ['1153', '1154', '1155', '1156', '1152'], '1103': ['1103'], '1105': ['1105', '1106', '1113', '1107', '1114', '1108', '1058', '1059', '1115'], '1110': ['1110', '1111', '1064', '1065', '1031'], '1104': ['1104'], '1038': ['1038', '1048', '1068', '1034', '1067'], '1039': ['1039'], '1097': ['1097'], '1112': ['1112'], '1035': ['1035'], '1030': ['1030', '1046', '1069', '1047', '1070'], '1089': ['1089'], '1036': ['1036'], '1092': ['1092'], '1150': ['1150'], '1093': ['1093', '1094', '1145', '1144', '1037'], '1151': ['1151'], '1149': ['1149'], '1044': ['1044'], '1088': ['1088', '1142', '1141', '1143', '1140'], '1090': ['1090'], '1091': ['1091'], '1062': ['1062'], '1077': ['1077'], '1117': ['1117', '1118', '1116', '1119', '1120'], '1073': ['1073'], '1135': ['1135', '1134'], '1132': ['1132'], '1130': ['1130']})"
49,"defaultdict(<class 'list'>, {'1040': ['1040', '1080', '1081', '1082', '1078'], '1079': ['1079'], '1095': ['1095'], '1084': ['1084', '1042', '1085', '1086', '1089', '1044', '1087', '1090', '1091'], '1096': ['1096', '1136', '1135', '1137', '1140'], '1138': ['1138'], '1041': ['1041', '1126', '1125', '1127', '1124', '1129', '1122', '1123', '1045', '1043', '1121', '1134'], '1128': ['1128', '1131', '1132', '1133'], '1032': ['1032', '1063', '1066', '1068', '1067'], '1052': ['1052', '1051', '1053', '1049', '1050'], '1160': ['1160', '1147', '1161', '1145', '1146'], '1055': ['1055'], '1057': ['1057', '1060', '1071', '1061', '1105', '1106', '1107', '1058', '1059'], '1148': ['1148', '1158', '1157', '1159', '1156'], '1056': ['1056'], '1072': ['1072', '1075', '1076', '1073', '1074'], '1162': ['1162'], '1033': ['1033', '1153', '1154', '1155', '1152'], '1101': ['1101'], '1109': ['1109'], '1102': ['1102'], '1103': ['1103'], '1113': ['1113', '1114', '1115'], '1108': ['1108'], '1110': ['1110'], '1104': ['1104'], '1038': ['1038'], '1048': ['1048'], '1054': ['1054'], '1039': ['1039', '1097', '1098', '1099', '1035'], '1112': ['1112'], '1100': ['1100'], '1034': ['1034'], '1111': ['1111'], '1030': ['1030', '1046', '1069', '1047', '1070'], '1064': ['1064'], '1065': ['1065'], '1031': ['1031'], '1083': ['1083'], '1036': ['1036', '1092', '1150', '1151', '1149'], '1093': ['1093'], '1094': ['1094'], '1144': ['1144'], '1037': ['1037'], '1088': ['1088', '1142', '1141', '1143', '1139'], '1062': ['1062'], '1077': ['1077'], '1117': ['1117', '1118', '1116', '1119', '1120'], '1130': ['1130']})"
49,"defaultdict(<class 'list'>, {'1040': ['1040', '1080', '1081', '1078'], '1079': ['1079'], '1095': ['1095'], '1082': ['1082', '1084', '1042', '1083', '1085'], '1096': ['1096', '1138', '1135', '1137', '1139'], '1136': ['1136'], '1041': ['1041'], '1126': ['1126', '1125', '1127', '1043', '1121', '1122', '1123', '1045', '1124'], '1128': ['1128', '1131', '1132', '1130', '1133'], '1129': ['1129'], '1032': ['1032', '1160', '1161', '1162', '1146'], '1052': ['1052', '1053', '1049', '1050', '1054'], '1063': ['1063', '1057', '1060', '1071', '1061'], '1051': ['1051'], '1055': ['1055'], '1147': ['1147'], '1148': ['1148'], '1158': ['1158'], '1066': ['1066'], '1056': ['1056'], '1072': ['1072'], '1157': ['1157'], '1159': ['1159'], '1033': ['1033', '1109', '1110', '1039', '1097', '1098', '1099', '1035', '1112', '1111'], '1101': ['1101', '1102', '1103', '1104', '1100'], '1153': ['1153'], '1105': ['1105', '1106', '1107', '1058', '1059', '1113', '1108', '1114', '1115'], '1154': ['1154'], '1155': ['1155'], '1156': ['1156'], '1038': ['1038', '1048', '1068', '1034', '1067'], '1030': ['1030', '1046', '1069', '1047', '1070'], '1064': ['1064'], '1065': ['1065'], '1031': ['1031'], '1086': ['1086', '1087', '1088', '1141', '1143', '1089', '1044', '1090', '1142'], '1036': ['1036', '1092', '1150', '1093', '1094', '1151', '1149', '1037', '1144'], '1145': ['1145'], '1091': ['1091'], '1062': ['1062'], '1077': ['1077'], '1117': ['1117', '1118', '1116', '1119', '1120'], '1152': ['1152'], '1075': ['1075'], '1076': ['1076'], '1073': ['1073'], '1074': ['1074'], '1140': ['1140'], '1134': ['1134']})"
49,"defaultdict(<class 'list'>, {'1040': ['1040'], '1080': ['1080', '1079', '1077', '1076', '1078'], '1081': ['1081', '1082', '1084', '1042', '1083'], '1095': ['1095'], '1096': ['1096', '1138', '1135', '1137', '1139', '1136', '1140'], '1041': ['1041', '1126', '1125', '1127', '1124', '1129', '1122', '1123', '1045', '1043', '1121', '1134'], '1128': ['1128'], '1131': ['1131', '1120', '1132', '1130', '1133'], '1032': ['1032', '1052', '1063', '1053', '1049'], '1160': ['1160', '1147', '1161', '1162', '1146'], '1051': ['1051', '1038', '1048', '1050', '1034'], '1055': ['1055'], '1057': ['1057', '1071', '1072', '1073', '1074', '1060', '1061', '1062'], '1148': ['1148', '1158', '1157', '1159', '1156'], '1066': ['1066', '1068', '1067'], '1056': ['1056'], '1033': ['1033', '1109', '1153', '1155', '1152'], '1101': ['1101', '1102', '1103', '1100'], '1105': ['1105', '1106', '1107', '1058', '1059'], '1113': ['1113'], '1154': ['1154'], '1108': ['1108', '1115', '1116', '1119'], '1110': ['1110'], '1104': ['1104'], '1114': ['1114'], '1054': ['1054'], '1039': ['1039', '1097', '1098', '1099', '1035', '1112', '1111', '1117', '1118'], '1030': ['1030'], '1046': ['1046'], '1069': ['1069', '1064', '1065', '1070', '1031'], '1047': ['1047'], '1085': ['1085'], '1086': ['1086', '1089', '1044', '1087', '1090'], '1036': ['1036'], '1092': ['1092'], '1150': ['1150'], '1093': ['1093'], '1094': ['1094'], '1145': ['1145'], '1151': ['1151'], '1144': ['1144'], '1149': ['1149'], '1037': ['1037'], '1088': ['1088'], '1142': ['1142'], '1141': ['1141'], '1091': ['1091'], '1143': ['1143'], '1075': ['1075']})"
49,"defaultdict(<class 'list'>, {'1040': ['1040', '1080', '1079', '1038', '1048', '1068', '1034', '1067', '1077', '1076', '1078', '1081'], '1095': ['1095'], '1082': ['1082', '1084', '1042', '1083', '1085'], '1096': ['1096'], '1136': ['1136'], '1138': ['1138'], '1041': ['1041', '1126', '1125', '1043', '1121', '1122', '1123', '1045', '1124'], '1127': ['1127'], '1128': ['1128', '1131', '1132', '1130', '1133'], '1129': ['1129'], '1032': ['1032', '1052', '1063', '1053', '1049'], '1160': ['1160'], '1051': ['1051', '1055', '1056', '1050'], '1057': ['1057', '1060', '1061', '1105', '1106', '1107', '1058', '1059', '1113'], '1071': ['1071'], '1147': ['1147', '1148', '1158', '1157', '1159', '1156', '1161', '1033', '1153', '1154', '1155', '1152'], '1066': ['1066'], '1072': ['1072'], '1162': ['1162'], '1101': ['1101', '1102', '1103', '1039', '1097', '1098', '1099', '1035', '1100'], '1109': ['1109'], '1108': ['1108'], '1110': ['1110'], '1104': ['1104'], '1114': ['1114', '1030', '1046', '1069', '1064', '1065', '1070', '1031', '1047'], '1054': ['1054'], '1112': ['1112'], '1111': ['1111'], '1086': ['1086', '1089', '1044', '1087', '1090', '1088', '1142', '1091'], '1036': ['1036', '1092', '1150', '1151', '1149'], '1093': ['1093', '1094', '1144', '1037', '1143'], '1145': ['1145'], '1141': ['1141'], '1115': ['1115'], '1062': ['1062'], '1117': ['1117'], '1146': ['1146'], '1075': ['1075'], '1118': ['1118'], '1073': ['1073'], '1074': ['1074'], '1116': ['1116'], '1135': ['1135'], '1137': ['1137'], '1140': ['1140'], '1139': ['1139'], '1119': ['1119'], '1120': ['1120'], '1134': ['1134']})"
49,"defaultdict(<class 'list'>, {'1040': ['1040', '1080', '1079', '1081', '1078'], '1095': ['1095', '1082', '1084', '1042', '1083', '1085', '1086', '1089', '1087', '1090', '1091', '1044'], '1096': ['1096'], '1136': ['1136'], '1138': ['1138'], '1041': ['1041', '1126', '1125', '1127', '1043', '1121', '1122', '1123', '1045', '1124', '1128', '1132'], '1129': ['1129', '1131', '1120', '1130', '1134'], '1032': ['1032', '1160', '1147', '1148', '1158', '1157', '1159', '1161', '1162', '1155', '1156', '1146'], '1052': ['1052'], '1063': ['1063'], '1051': ['1051'], '1055': ['1055'], '1057': ['1057', '1060', '1061', '1058', '1059'], '1071': ['1071'], '1053': ['1053'], '1066': ['1066'], '1056': ['1056'], '1072': ['1072'], '1033': ['1033'], '1101': ['1101'], '1109': ['1109'], '1153': ['1153'], '1102': ['1102'], '1103': ['1103'], '1105': ['1105'], '1106': ['1106'], '1113': ['1113'], '1154': ['1154', '1036', '1092', '1150', '1093', '1094', '1151', '1149', '1037', '1144', '1145', '1152'], '1108': ['1108', '1107', '1115', '1116', '1119'], '1110': ['1110'], '1104': ['1104'], '1114': ['1114', '1030', '1046', '1069', '1047', '1070', '1064', '1065', '1031'], '1038': ['1038', '1048', '1068', '1034', '1067'], '1049': ['1049'], '1050': ['1050'], '1054': ['1054'], '1039': ['1039', '1097', '1098', '1099', '1035', '1112', '1111', '1117', '1118'], '1100': ['1100'], '1088': ['1088', '1142', '1141', '1143', '1139'], '1062': ['1062'], '1077': ['1077'], '1075': ['1075'], '1076': ['1076'], '1073': ['1073'], '1074': ['1074'], '1135': ['1135'], '1137': ['1137'], '1140': ['1140'], '1133': ['1133']})"
49,"defaultdict(<class 'list'>, {'1040': ['1040', '1080', '1079', '1081', '1078', '1095', '1082', '1096', '1083'], '1084': ['1084', '1042', '1085', '1086', '1087'], '1136': ['1136'], '1138': ['1138', '1137', '1139'], '1041': ['1041', '1126', '1125', '1127', '1124'], '1128': ['1128'], '1129': ['1129'], '1131': ['1131'], '1032': ['1032', '1052', '1063', '1053', '1049', '1160', '1161', '1162', '1146'], '1051': ['1051', '1038', '1048', '1050', '1034'], '1055': ['1055'], '1057': ['1057', '1060', '1071', '1061', '1072'], '1147': ['1147'], '1148': ['1148', '1158', '1157', '1159', '1156', '1153', '1154', '1155', '1152'], '1066': ['1066', '1068', '1067'], '1056': ['1056'], '1033': ['1033', '1109', '1113', '1110', '1111'], '1101': ['1101'], '1102': ['1102', '1039', '1097', '1098', '1099', '1035', '1112', '1100', '1117'], '1103': ['1103'], '1105': ['1105', '1106', '1107', '1058', '1059'], '1108': ['1108'], '1104': ['1104'], '1114': ['1114', '1030', '1046', '1069', '1064', '1065', '1070', '1031', '1047'], '1054': ['1054'], '1089': ['1089', '1149', '1044', '1090', '1091'], '1043': ['1043'], '1121': ['1121'], '1122': ['1122'], '1123': ['1123'], '1036': ['1036'], '1092': ['1092'], '1150': ['1150'], '1093': ['1093', '1094', '1145', '1144', '1037'], '1151': ['1151'], '1088': ['1088', '1142', '1141', '1143', '1140'], '1045': ['1045'], '1115': ['1115'], '1062': ['1062'], '1077': ['1077', '1075', '1076', '1073', '1074'], '1118': ['1118'], '1116': ['1116'], '1135': ['1135'], '1119': ['1119'], '1120': ['1120'], '1132': ['1132'], '1130': ['1130'], '1134': ['1134'], '1133': ['1133']})"
49,"defaultdict(<class 'list'>, {'1040': ['1040', '1080', '1081', '1082', '1078'], '1079': ['1079', '1077', '1075', '1076', '1074'], '1095': ['1095'], '1084': ['1084', '1042', '1085', '1086', '1089', '1044', '1087', '1090', '1091'], '1096': ['1096', '1138', '1135', '1137', '1139'], '1136': ['1136'], '1041': ['1041'], '1126': ['1126', '1125', '1127', '1043', '1121', '1122', '1123', '1045', '1124'], '1128': ['1128'], '1129': ['1129'], '1131': ['1131'], '1032': ['1032', '1052', '1063', '1053', '1049'], '1160': ['1160', '1147', '1161', '1145', '1146'], '1051': ['1051', '1038', '1048', '1050', '1034'], '1055': ['1055'], '1057': ['1057'], '1060': ['1060'], '1071': ['1071'], '1148': ['1148', '1158', '1157', '1159', '1156'], '1066': ['1066', '1068', '1067'], '1056': ['1056'], '1061': ['1061'], '1072': ['1072'], '1162': ['1162'], '1033': ['1033', '1101', '1109', '1153', '1100', '1154', '1155', '1152'], '1102': ['1102'], '1103': ['1103'], '1105': ['1105', '1106', '1107', '1058', '1059'], '1113': ['1113'], '1108': ['1108'], '1110': ['1110'], '1104': ['1104'], '1114': ['1114', '1030', '1046', '1069', '1064', '1065', '1070', '1031', '1047'], '1054': ['1054'], '1039': ['1039', '1097', '1098', '1099', '1035', '1112', '1111', '1117', '1118'], '1083': ['1083'], '1036': ['1036', '1092', '1150', '1093', '1094', '1151', '1149', '1037', '1144'], '1088': ['1088'], '1142': ['1142'], '1141': ['1141'], '1143': ['1143'], '1115': ['1115', '1116', '1119', '1120'], '1062': ['1062'], '1073': ['1073'], '1140': ['1140'], '1132': ['1132'], '1130': ['1130'], '1134': ['1134'], '1133': ['1133']})"
49,"defaultdict(<class 'list'>, {'1040': ['1040', '1080', '1081', '1082', '1084', '1042', '1083', '1085', '1078'], '1079': ['1079', '1038', '1048', '1068', '1034', '1067', '1077', '1076'], '1095': ['1095'], '1096': ['1096', '1136', '1135', '1137', '1140', '1138', '1088', '1142', '1141', '1143', '1139'], '1041': ['1041'], '1126': ['1126'], '1125': ['1125'], '1127': ['1127'], '1128': ['1128', '1131', '1132', '1130', '1133'], '1129': ['1129'], '1032': ['1032'], '1052': ['1052', '1053', '1049', '1050', '1054'], '1063': ['1063'], '1160': ['1160'], '1051': ['1051'], '1055': ['1055'], '1057': ['1057'], '1060': ['1060'], '1071': ['1071'], '1147': ['1147', '1036', '1092', '1145', '1146'], '1148': ['1148', '1158', '1157', '1159', '1156', '1153', '1154', '1155', '1152'], '1161': ['1161'], '1066': ['1066'], '1056': ['1056'], '1061': ['1061', '1062', '1075', '1073', '1074'], '1072': ['1072'], '1162': ['1162'], '1033': ['1033', '1101', '1098', '1099', '1100'], '1109': ['1109', '1105', '1106', '1113', '1107'], '1102': ['1102', '1103', '1104', '1117', '1118'], '1108': ['1108'], '1110': ['1110'], '1114': ['1114', '1030', '1046', '1069', '1064', '1065', '1070', '1031', '1047'], '1039': ['1039'], '1097': ['1097'], '1112': ['1112'], '1035': ['1035'], '1111': ['1111'], '1058': ['1058'], '1059': ['1059'], '1086': ['1086', '1089', '1044', '1087', '1090'], '1043': ['1043', '1121', '1122', '1123', '1045'], '1124': ['1124'], '1150': ['1150'], '1093': ['1093', '1094', '1151', '1149', '1037'], '1144': ['1144'], '1091': ['1091'], '1115': ['1115', '1116', '1119', '1120'], '1134': ['1134']})"
49,"defaultdict(<class 'list'>, {'1040': ['1040', '1080', '1079', '1081', '1078', '1095', '1082', '1084', '1042', '1083', '1085', '1096'], '1136': ['1136'], '1138': ['1138'], '1041': ['1041', '1126', '1125', '1127', '1128', '1124', '1122', '1123', '1045'], '1129': ['1129'], '1131': ['1131'], '1032': ['1032', '1160', '1161', '1162', '1146'], '1052': ['1052', '1053'], '1063': ['1063', '1071', '1072'], '1051': ['1051', '1055', '1056', '1049', '1050'], '1057': ['1057', '1060', '1061', '1058', '1059'], '1147': ['1147', '1148', '1158', '1157', '1159', '1156', '1033', '1153', '1154', '1155', '1152', '1109'], '1066': ['1066'], '1101': ['1101', '1102', '1098', '1099', '1100'], '1103': ['1103'], '1105': ['1105'], '1106': ['1106'], '1113': ['1113'], '1108': ['1108'], '1110': ['1110'], '1104': ['1104'], '1107': ['1107'], '1114': ['1114', '1030', '1046', '1069', '1064', '1065', '1070', '1031', '1047'], '1038': ['1038', '1048', '1068', '1034', '1067'], '1054': ['1054', '1062'], '1039': ['1039', '1097', '1112', '1035', '1111'], '1086': ['1086'], '1089': ['1089'], '1043': ['1043'], '1121': ['1121'], '1036': ['1036', '1092', '1145', '1144', '1150', '1093', '1094', '1151', '1149', '1037', '1091'], '1044': ['1044'], '1087': ['1087'], '1088': ['1088', '1142', '1141', '1143', '1140'], '1090': ['1090'], '1115': ['1115'], '1077': ['1077', '1075', '1076', '1073', '1074'], '1117': ['1117'], '1118': ['1118'], '1116': ['1116'], '1135': ['1135'], '1137': ['1137'], '1139': ['1139'], '1119': ['1119'], '1120': ['1120'], '1132': ['1132'], '1130': ['1130'], '1134': ['1134'], '1133': ['1133']})"
49,"defaultdict(<class 'list'>, {'1040': ['1040', '1080', '1079', '1081', '1078', '1095', '1082', '1084', '1042', '1083', '1085', '1077'], '1096': ['1096', '1138', '1135', '1137', '1139'], '1136': ['1136'], '1041': ['1041'], '1126': ['1126', '1125', '1127', '1043', '1121', '1122', '1123', '1045', '1124'], '1128': ['1128', '1131', '1132', '1130', '1133', '1129', '1120', '1134'], '1032': ['1032', '1052', '1053', '1038', '1048', '1054', '1034', '1049', '1050', '1068'], '1063': ['1063', '1057', '1071', '1072'], '1160': ['1160', '1147', '1161', '1162', '1146'], '1051': ['1051', '1055', '1056', '1046', '1047'], '1060': ['1060'], '1148': ['1148', '1158', '1157', '1159', '1156'], '1066': ['1066', '1067', '1064', '1065', '1031'], '1061': ['1061', '1062', '1075', '1073', '1074'], '1033': ['1033', '1153', '1154', '1155', '1152'], '1101': ['1101'], '1109': ['1109'], '1102': ['1102', '1039', '1097', '1098', '1099', '1035', '1112', '1100', '1111'], '1103': ['1103'], '1105': ['1105'], '1106': ['1106'], '1113': ['1113'], '1108': ['1108'], '1110': ['1110'], '1104': ['1104'], '1107': ['1107'], '1114': ['1114', '1115', '1118', '1116', '1119'], '1030': ['1030', '1069', '1070'], '1058': ['1058'], '1059': ['1059'], '1086': ['1086', '1089', '1044', '1087', '1090'], '1036': ['1036'], '1092': ['1092'], '1150': ['1150'], '1093': ['1093'], '1094': ['1094'], '1145': ['1145'], '1151': ['1151'], '1144': ['1144'], '1149': ['1149'], '1037': ['1037'], '1088': ['1088'], '1142': ['1142'], '1141': ['1141'], '1091': ['1091'], '1143': ['1143'], '1117': ['1117'], '1076': ['1076'], '1140': ['1140']})"
49,"defaultdict(<class 'list'>, {'1040': ['1040', '1080', '1079', '1081', '1078', '1095', '1082', '1084', '1042', '1083', '1085', '1086'], '1096': ['1096', '1138', '1135', '1137', '1139', '1136', '1088', '1142', '1141', '1143', '1140'], '1041': ['1041'], '1126': ['1126', '1125', '1127', '1043', '1121', '1122', '1123', '1045', '1124'], '1128': ['1128'], '1129': ['1129'], '1131': ['1131'], '1032': ['1032', '1063', '1160', '1161', '1162'], '1052': ['1052', '1051', '1053', '1049', '1050'], '1055': ['1055'], '1057': ['1057', '1060', '1071', '1061', '1105', '1106', '1107', '1058', '1059'], '1147': ['1147'], '1148': ['1148', '1158', '1157', '1159', '1156'], '1066': ['1066', '1110', '1064', '1065', '1031'], '1056': ['1056', '1077', '1075', '1076', '1074'], '1072': ['1072', '1062', '1073'], '1033': ['1033', '1101', '1102', '1103', '1039', '1097', '1098', '1099', '1035', '1112', '1111', '1100'], '1109': ['1109'], '1153': ['1153'], '1113': ['1113', '1114', '1115'], '1154': ['1154'], '1155': ['1155'], '1108': ['1108'], '1104': ['1104'], '1038': ['1038', '1048', '1068', '1034', '1067'], '1054': ['1054'], '1030': ['1030', '1046', '1069', '1047', '1070'], '1089': ['1089'], '1036': ['1036'], '1092': ['1092'], '1150': ['1150'], '1093': ['1093'], '1094': ['1094'], '1145': ['1145'], '1151': ['1151'], '1144': ['1144'], '1149': ['1149'], '1037': ['1037'], '1044': ['1044'], '1087': ['1087'], '1090': ['1090'], '1091': ['1091'], '1117': ['1117', '1118', '1116', '1119', '1120'], '1146': ['1146'], '1152': ['1152'], '1132': ['1132'], '1130': ['1130'], '1134': ['1134'], '1133': ['1133']})"
49,"defaultdict(<class 'list'>, {'1040': ['1040', '1080', '1079', '1081', '1078', '1095', '1082', '1084', '1042', '1083', '1085', '1096'], '1136': ['1136'], '1138': ['1138'], '1041': ['1041', '1126', '1125', '1127', '1124', '1131', '1122', '1123', '1045'], '1128': ['1128', '1129', '1132', '1130', '1134'], '1032': ['1032', '1052', '1063', '1053', '1049', '1160', '1161', '1162', '1146'], '1051': ['1051', '1055', '1056', '1050'], '1057': ['1057', '1060', '1071', '1061', '1072'], '1147': ['1147', '1148', '1158', '1157', '1159', '1156', '1145'], '1066': ['1066'], '1033': ['1033', '1109', '1153', '1155', '1152'], '1101': ['1101'], '1102': ['1102'], '1103': ['1103'], '1105': ['1105', '1106', '1107', '1058', '1059'], '1113': ['1113'], '1154': ['1154'], '1108': ['1108'], '1110': ['1110', '1111', '1064', '1065', '1031'], '1104': ['1104'], '1114': ['1114'], '1038': ['1038', '1048', '1068', '1034', '1067'], '1054': ['1054'], '1039': ['1039'], '1097': ['1097'], '1098': ['1098'], '1099': ['1099'], '1112': ['1112'], '1100': ['1100'], '1035': ['1035'], '1030': ['1030', '1046', '1069', '1047', '1070'], '1086': ['1086'], '1089': ['1089', '1092', '1044', '1090', '1091'], '1043': ['1043'], '1121': ['1121'], '1036': ['1036'], '1150': ['1150'], '1093': ['1093', '1094', '1151', '1149', '1037'], '1144': ['1144'], '1087': ['1087'], '1088': ['1088', '1142', '1141', '1143', '1139'], '1115': ['1115'], '1062': ['1062'], '1077': ['1077', '1075', '1076', '1073', '1074'], '1117': ['1117', '1118', '1116', '1119', '1120'], '1135': ['1135'], '1137': ['1137'], '1140': ['1140'], '1133': ['1133']})"
49,"defaultdict(<class 'list'>, {'1040': ['1040'], '1080': ['1080', '1079', '1077', '1076', '1078'], '1081': ['1081', '1082', '1084', '1042', '1083'], '1095': ['1095'], '1096': ['1096', '1138', '1135', '1137', '1139'], '1136': ['1136'], '1041': ['1041', '1126', '1125', '1127', '1124'], '1128': ['1128', '1131', '1132', '1130', '1133', '1129', '1120', '1134'], '1032': ['1032', '1160', '1161', '1162', '1146'], '1052': ['1052'], '1063': ['1063'], '1051': ['1051', '1055', '1056', '1049', '1050'], '1057': ['1057', '1060', '1061', '1105', '1106', '1107', '1058', '1059', '1113'], '1071': ['1071'], '1147': ['1147'], '1148': ['1148'], '1158': ['1158'], '1053': ['1053', '1038', '1048', '1054', '1034'], '1066': ['1066'], '1072': ['1072'], '1157': ['1157'], '1159': ['1159'], '1033': ['1033', '1101', '1109', '1153', '1100'], '1102': ['1102', '1103', '1104', '1117', '1118'], '1154': ['1154', '1151', '1152'], '1155': ['1155'], '1108': ['1108'], '1110': ['1110'], '1114': ['1114', '1115', '1116', '1119'], '1156': ['1156'], '1068': ['1068'], '1039': ['1039', '1097', '1112', '1035', '1111', '1098', '1099'], '1067': ['1067'], '1030': ['1030'], '1046': ['1046'], '1069': ['1069', '1064', '1065', '1070', '1031'], '1047': ['1047'], '1085': ['1085'], '1086': ['1086', '1089', '1044', '1087', '1090'], '1043': ['1043', '1121', '1122', '1123', '1045'], '1036': ['1036'], '1092': ['1092'], '1150': ['1150'], '1093': ['1093', '1094', '1144', '1149', '1037'], '1145': ['1145'], '1088': ['1088', '1142', '1141', '1143'], '1091': ['1091'], '1062': ['1062', '1075', '1073', '1074'], '1140': ['1140']})"
49,"defaultdict(<class 'list'>, {'1040': ['1040', '1080', '1081', '1082', '1078', '1084', '1042', '1083', '1085'], '1079': ['1079'], '1095': ['1095'], '1096': ['1096', '1138', '1135', '1137', '1139', '1136', '1088', '1142', '1141', '1143', '1140'], '1041': ['1041', '1126', '1125', '1127', '1124'], '1128': ['1128', '1131', '1132', '1130', '1133', '1129', '1120', '1134', '1119'], '1032': ['1032', '1063', '1071', '1066', '1067'], '1052': ['1052'], '1160': ['1160', '1147', '1161', '1162', '1146'], '1051': ['1051'], '1055': ['1055'], '1057': ['1057', '1060', '1061', '1058', '1059'], '1148': ['1148'], '1158': ['1158'], '1053': ['1053', '1038', '1048', '1054', '1034'], '1056': ['1056'], '1072': ['1072'], '1157': ['1157'], '1159': ['1159'], '1033': ['1033', '1153', '1154', '1155', '1152'], '1101': ['1101'], '1109': ['1109'], '1102': ['1102'], '1103': ['1103'], '1105': ['1105', '1106', '1113', '1107', '1114', '1108', '1115', '1116'], '1110': ['1110'], '1104': ['1104'], '1156': ['1156'], '1049': ['1049'], '1050': ['1050'], '1068': ['1068'], '1039': ['1039', '1097', '1098', '1099', '1035', '1112', '1111', '1117', '1118'], '1100': ['1100'], '1030': ['1030'], '1046': ['1046'], '1069': ['1069', '1064', '1065', '1070', '1031'], '1047': ['1047'], '1086': ['1086', '1089', '1087', '1090', '1091'], '1043': ['1043', '1121', '1122', '1123', '1045'], '1036': ['1036', '1092', '1150', '1151', '1149'], '1093': ['1093', '1094', '1144', '1037'], '1145': ['1145'], '1044': ['1044'], '1062': ['1062'], '1077': ['1077'], '1075': ['1075'], '1076': ['1076'], '1073': ['1073'], '1074': ['1074']})"
49,"defaultdict(<class 'list'>, {'1040': ['1040', '1080', '1079', '1077', '1076', '1078', '1081'], '1095': ['1095'], '1082': ['1082', '1084', '1042', '1083', '1085'], '1096': ['1096', '1138', '1135', '1137', '1139'], '1136': ['1136'], '1041': ['1041', '1126', '1125', '1127', '1124'], '1128': ['1128', '1131', '1132', '1130', '1133', '1129', '1120', '1134'], '1032': ['1032', '1052', '1053', '1049', '1050', '1054', '1063', '1051', '1055'], '1160': ['1160'], '1057': ['1057', '1060', '1061', '1105', '1106', '1107', '1058', '1059', '1113'], '1071': ['1071'], '1147': ['1147'], '1148': ['1148'], '1158': ['1158', '1157', '1159', '1033', '1153', '1154', '1155', '1152', '1156'], '1161': ['1161'], '1066': ['1066'], '1056': ['1056', '1104', '1030', '1046', '1047'], '1072': ['1072'], '1162': ['1162'], '1101': ['1101', '1102', '1098', '1099', '1100'], '1109': ['1109'], '1103': ['1103'], '1108': ['1108'], '1110': ['1110'], '1114': ['1114'], '1038': ['1038', '1048', '1068', '1034', '1067'], '1039': ['1039', '1097', '1112', '1035', '1111'], '1069': ['1069'], '1064': ['1064'], '1065': ['1065'], '1070': ['1070'], '1031': ['1031'], '1086': ['1086', '1089', '1044', '1087', '1090'], '1043': ['1043', '1121', '1122', '1123', '1045'], '1036': ['1036'], '1092': ['1092', '1150', '1093', '1094', '1151', '1149', '1037', '1145', '1144'], '1088': ['1088', '1142', '1141', '1143'], '1091': ['1091'], '1115': ['1115'], '1062': ['1062'], '1117': ['1117'], '1146': ['1146'], '1075': ['1075'], '1118': ['1118'], '1073': ['1073'], '1074': ['1074'], '1116': ['1116'], '1140': ['1140'], '1119': ['1119']})"
49,"defaultdict(<class 'list'>, {'1040': ['1040', '1080', '1079', '1077', '1078'], '1081': ['1081'], '1095': ['1095'], '1082': ['1082', '1084', '1042', '1083', '1085'], '1096': ['1096', '1136', '1135', '1137', '1140', '1138', '1088', '1142', '1141', '1143', '1139'], '1041': ['1041'], '1126': ['1126'], '1125': ['1125'], '1127': ['1127'], '1128': ['1128', '1129', '1132', '1130', '1134', '1131', '1120', '1133'], '1032': ['1032', '1063', '1066', '1068', '1067'], '1052': ['1052'], '1160': ['1160', '1161', '1162', '1146', '1147', '1148', '1158', '1157', '1159', '1156', '1092', '1145'], '1051': ['1051', '1055', '1056', '1049', '1050'], '1057': ['1057', '1060', '1061', '1058', '1059'], '1071': ['1071'], '1053': ['1053', '1038', '1048', '1054', '1034'], '1072': ['1072', '1075', '1076', '1073', '1074'], '1033': ['1033'], '1101': ['1101'], '1109': ['1109'], '1153': ['1153'], '1102': ['1102'], '1103': ['1103'], '1105': ['1105'], '1106': ['1106'], '1113': ['1113'], '1154': ['1154', '1036', '1150', '1151', '1152'], '1155': ['1155'], '1108': ['1108', '1107', '1115', '1116', '1119'], '1110': ['1110'], '1104': ['1104', '1030', '1046', '1047', '1117'], '1114': ['1114'], '1039': ['1039', '1097', '1098', '1099', '1035'], '1112': ['1112'], '1100': ['1100'], '1111': ['1111'], '1069': ['1069', '1064', '1065', '1070', '1031'], '1086': ['1086'], '1089': ['1089'], '1043': ['1043', '1121', '1122', '1123', '1045'], '1124': ['1124'], '1093': ['1093', '1094', '1144', '1149', '1037'], '1044': ['1044'], '1087': ['1087'], '1090': ['1090'], '1091': ['1091'], '1062': ['1062'], '1118': ['1118']})"
49,"defaultdict(<class 'list'>, {'1040': ['1040', '1080', '1079', '1081', '1078'], '1095': ['1095'], '1082': ['1082', '1084', '1042', '1083', '1085'], '1096': ['1096', '1136', '1135', '1137', '1140'], '1138': ['1138'], '1041': ['1041', '1126', '1125', '1043', '1121', '1122', '1123', '1045', '1124'], '1127': ['1127'], '1128': ['1128', '1129', '1132', '1130', '1134'], '1131': ['1131'], '1032': ['1032', '1052', '1063', '1053', '1049'], '1160': ['1160', '1147', '1161', '1162', '1146'], '1051': ['1051', '1038', '1048', '1050', '1034'], '1055': ['1055', '1056', '1030', '1046', '1047'], '1057': ['1057'], '1060': ['1060'], '1071': ['1071'], '1148': ['1148', '1158', '1157', '1159', '1156'], '1066': ['1066', '1067', '1064', '1065', '1031'], '1061': ['1061'], '1072': ['1072'], '1033': ['1033', '1153', '1154', '1036', '1150', '1151', '1152', '1155'], '1101': ['1101', '1102', '1103', '1108', '1100'], '1109': ['1109', '1113'], '1105': ['1105', '1106', '1107', '1058', '1059'], '1110': ['1110', '1039', '1097', '1098', '1099', '1035', '1112', '1111', '1117'], '1104': ['1104'], '1114': ['1114', '1115', '1118', '1116', '1119'], '1054': ['1054'], '1068': ['1068', '1077', '1075', '1076', '1074'], '1069': ['1069'], '1070': ['1070'], '1086': ['1086', '1089', '1044', '1087', '1090'], '1092': ['1092'], '1093': ['1093'], '1094': ['1094'], '1145': ['1145'], '1144': ['1144'], '1149': ['1149'], '1037': ['1037'], '1088': ['1088'], '1142': ['1142'], '1141': ['1141'], '1091': ['1091'], '1143': ['1143'], '1062': ['1062'], '1073': ['1073'], '1139': ['1139'], '1120': ['1120'], '1133': ['1133']})"
50,"defaultdict(<class 'list'>, {'1040': ['1040', '1080', '1079', '1081', '1078'], '1095': ['1095'], '1082': ['1082'], '1084': ['1084', '1042', '1085', '1086', '1089', '1044', '1087', '1090', '1091'], '1096': ['1096', '1138', '1135', '1137', '1139'], '1136': ['1136'], '1041': ['1041'], '1126': ['1126'], '1125': ['1125'], '1127': ['1127'], '1128': ['1128', '1131', '1132', '1130', '1133'], '1129': ['1129'], '1032': ['1032', '1052', '1063', '1053', '1049', '1051', '1055', '1050', '1054'], '1160': ['1160'], '1057': ['1057'], '1060': ['1060'], '1071': ['1071'], '1147': ['1147', '1148', '1158', '1157', '1159'], '1161': ['1161'], '1066': ['1066'], '1056': ['1056'], '1061': ['1061'], '1072': ['1072'], '1162': ['1162'], '1033': ['1033', '1109', '1110', '1039', '1097', '1112', '1035', '1111'], '1101': ['1101', '1102', '1098', '1099', '1100'], '1153': ['1153', '1154', '1155', '1156', '1152'], '1103': ['1103'], '1105': ['1105', '1106', '1113', '1107', '1114'], '1108': ['1108'], '1104': ['1104'], '1038': ['1038', '1048', '1068', '1034', '1067'], '1030': ['1030'], '1046': ['1046'], '1069': ['1069', '1064', '1065', '1070', '1031'], '1058': ['1058'], '1059': ['1059'], '1047': ['1047'], '1083': ['1083'], '1043': ['1043', '1121', '1122', '1123', '1045'], '1124': ['1124'], '1036': ['1036'], '1092': ['1092', '1150', '1093', '1094', '1144', '1149', '1037', '1145', '1151'], '1088': ['1088', '1142', '1141', '1143', '1140'], '1115': ['1115'], '1062': ['1062'], '1077': ['1077', '1075', '1076', '1073', '1074'], '1117': ['1117', '1118', '1116', '1119', '1120'], '1146': ['1146'], '1134': ['1134']})"
50,"defaultdict(<class 'list'>, {'1040': ['1040', '1080', '1079', '1081', '1078', '1095', '1082', '1084', '1042', '1083', '1085', '1086'], '1096': ['1096', '1138', '1135', '1137', '1139', '1136', '1088', '1142', '1141', '1143', '1140'], '1041': ['1041', '1126', '1125', '1127', '1124'], '1128': ['1128', '1131', '1132', '1130', '1133'], '1129': ['1129'], '1032': ['1032'], '1052': ['1052'], '1063': ['1063'], '1160': ['1160'], '1051': ['1051'], '1055': ['1055'], '1057': ['1057', '1060', '1071', '1061', '1072'], '1147': ['1147', '1036', '1092', '1145', '1146'], '1148': ['1148'], '1158': ['1158'], '1161': ['1161'], '1053': ['1053'], '1066': ['1066'], '1056': ['1056', '1077', '1075', '1076', '1074'], '1157': ['1157'], '1159': ['1159'], '1162': ['1162'], '1033': ['1033', '1153', '1154', '1155', '1151', '1152', '1156'], '1101': ['1101', '1102', '1098', '1099', '1100', '1103', '1039', '1097', '1035'], '1109': ['1109'], '1105': ['1105', '1106', '1107', '1058', '1059', '1113', '1108', '1114', '1115'], '1110': ['1110', '1111', '1064', '1065', '1031'], '1104': ['1104'], '1038': ['1038', '1048', '1068', '1034', '1067'], '1049': ['1049'], '1050': ['1050'], '1054': ['1054'], '1112': ['1112'], '1030': ['1030'], '1046': ['1046'], '1069': ['1069'], '1047': ['1047'], '1070': ['1070'], '1089': ['1089', '1044', '1087', '1090', '1091'], '1043': ['1043'], '1121': ['1121'], '1122': ['1122'], '1123': ['1123'], '1150': ['1150'], '1093': ['1093', '1094', '1144', '1149', '1037'], '1045': ['1045'], '1062': ['1062'], '1117': ['1117', '1118', '1116', '1119', '1120'], '1073': ['1073'], '1134': ['1134']})"
50,"defaultdict(<class 'list'>, {'1040': ['1040', '1080', '1081', '1082', '1078', '1079', '1084', '1042', '1083'], '1095': ['1095'], '1096': ['1096', '1138', '1135', '1137', '1139'], '1136': ['1136'], '1041': ['1041'], '1126': ['1126', '1125', '1127', '1128', '1124'], '1129': ['1129', '1131', '1120', '1130', '1134'], '1032': ['1032', '1160', '1147', '1161', '1145', '1146', '1148', '1158', '1157', '1159', '1156', '1162'], '1052': ['1052'], '1063': ['1063'], '1051': ['1051'], '1055': ['1055'], '1057': ['1057', '1060', '1061', '1105', '1106', '1107', '1058', '1059', '1113'], '1071': ['1071'], '1053': ['1053'], '1066': ['1066'], '1056': ['1056', '1077', '1075', '1076', '1074'], '1072': ['1072'], '1033': ['1033', '1153', '1154', '1155', '1152'], '1101': ['1101', '1102', '1098', '1099', '1100', '1103', '1039', '1097', '1035'], '1109': ['1109'], '1108': ['1108'], '1110': ['1110', '1111', '1064', '1065', '1031'], '1104': ['1104'], '1114': ['1114'], '1038': ['1038', '1048', '1068', '1034', '1067'], '1049': ['1049'], '1050': ['1050'], '1054': ['1054'], '1112': ['1112', '1117', '1118', '1116', '1119'], '1030': ['1030'], '1046': ['1046'], '1069': ['1069'], '1047': ['1047'], '1070': ['1070'], '1085': ['1085'], '1086': ['1086', '1089', '1044', '1087', '1090'], '1043': ['1043', '1121', '1122', '1123', '1045'], '1036': ['1036'], '1092': ['1092'], '1150': ['1150'], '1093': ['1093', '1094', '1151', '1149', '1037'], '1144': ['1144'], '1088': ['1088', '1142', '1141', '1143', '1140'], '1091': ['1091'], '1115': ['1115'], '1062': ['1062'], '1073': ['1073'], '1132': ['1132'], '1133': ['1133']})"
50,"defaultdict(<class 'list'>, {'1040': ['1040'], '1080': ['1080', '1079', '1077', '1076', '1078'], '1081': ['1081'], '1095': ['1095'], '1082': ['1082', '1084', '1042', '1083', '1085'], '1096': ['1096', '1138', '1135', '1137', '1139'], '1136': ['1136'], '1041': ['1041'], '1126': ['1126'], '1125': ['1125'], '1127': ['1127'], '1128': ['1128', '1129', '1132', '1130', '1134', '1131', '1120', '1133'], '1032': ['1032', '1052', '1063', '1053', '1049', '1051', '1055', '1050', '1054'], '1160': ['1160'], '1057': ['1057'], '1060': ['1060'], '1071': ['1071'], '1147': ['1147'], '1148': ['1148', '1158', '1157', '1159', '1156'], '1161': ['1161'], '1066': ['1066', '1110', '1111', '1064', '1065', '1031'], '1056': ['1056'], '1061': ['1061', '1062', '1075', '1073', '1074'], '1072': ['1072'], '1162': ['1162'], '1033': ['1033', '1153', '1154', '1155', '1152'], '1101': ['1101', '1102', '1098', '1099', '1100'], '1109': ['1109'], '1103': ['1103'], '1105': ['1105', '1106', '1107', '1058', '1059', '1113', '1108', '1114', '1115'], '1104': ['1104', '1117', '1118', '1116', '1119'], '1038': ['1038', '1048', '1068', '1034', '1067'], '1039': ['1039'], '1097': ['1097'], '1112': ['1112'], '1035': ['1035'], '1030': ['1030', '1046', '1069', '1047', '1070'], '1086': ['1086', '1089', '1044', '1087', '1090'], '1043': ['1043', '1121', '1122', '1123', '1045'], '1124': ['1124'], '1036': ['1036'], '1092': ['1092'], '1150': ['1150'], '1093': ['1093', '1094', '1151', '1149', '1037'], '1145': ['1145'], '1144': ['1144'], '1088': ['1088', '1142', '1141', '1143'], '1091': ['1091'], '1146': ['1146'], '1140': ['1140']})"
50,"defaultdict(<class 'list'>, {'1040': ['1040', '1080', '1081', '1082', '1078', '1084', '1042', '1083', '1085'], '1079': ['1079'], '1095': ['1095'], '1096': ['1096', '1138', '1135', '1137', '1139', '1136', '1088', '1142', '1141', '1143', '1140'], '1041': ['1041', '1126', '1125', '1127', '1124'], '1128': ['1128', '1131', '1132', '1130', '1133', '1129', '1120', '1134'], '1032': ['1032', '1063', '1071', '1066', '1067'], '1052': ['1052'], '1160': ['1160', '1147', '1161', '1162', '1146'], '1051': ['1051'], '1055': ['1055'], '1057': ['1057', '1060', '1061', '1058', '1059'], '1148': ['1148'], '1158': ['1158'], '1053': ['1053', '1038', '1048', '1054', '1034'], '1056': ['1056'], '1072': ['1072'], '1157': ['1157'], '1159': ['1159'], '1033': ['1033', '1153', '1154', '1155', '1152'], '1101': ['1101'], '1109': ['1109'], '1102': ['1102'], '1103': ['1103'], '1105': ['1105', '1106', '1113', '1107', '1114', '1108', '1115', '1116'], '1110': ['1110'], '1104': ['1104'], '1156': ['1156'], '1049': ['1049'], '1050': ['1050'], '1068': ['1068'], '1039': ['1039', '1097', '1098', '1099', '1035', '1112', '1111', '1117', '1118'], '1100': ['1100'], '1030': ['1030'], '1046': ['1046'], '1069': ['1069', '1064', '1065', '1070', '1031'], '1047': ['1047'], '1086': ['1086', '1089', '1087', '1090', '1091'], '1043': ['1043', '1121', '1122', '1123', '1045'], '1036': ['1036', '1092', '1150', '1151', '1149'], '1093': ['1093', '1094', '1144', '1037'], '1145': ['1145'], '1044': ['1044'], '1062': ['1062'], '1077': ['1077'], '1075': ['1075'], '1076': ['1076'], '1073': ['1073'], '1074': ['1074'], '1119': ['1119']})"
50,"defaultdict(<class 'list'>, {'1040': ['1040', '1080', '1081', '1082', '1078'], '1079': ['1079', '1077', '1075', '1076', '1074'], '1095': ['1095'], '1084': ['1084', '1042', '1085', '1086', '1089', '1044', '1087', '1090', '1091'], '1096': ['1096', '1138', '1135', '1137', '1139'], '1136': ['1136'], '1041': ['1041'], '1126': ['1126'], '1125': ['1125'], '1127': ['1127'], '1128': ['1128', '1131', '1132', '1130', '1133', '1129', '1120', '1134'], '1032': ['1032', '1160', '1161', '1162', '1146'], '1052': ['1052', '1053', '1049', '1050', '1054'], '1063': ['1063'], '1051': ['1051'], '1055': ['1055'], '1057': ['1057', '1060', '1061', '1062', '1073'], '1071': ['1071'], '1147': ['1147', '1148', '1158', '1157', '1159'], '1066': ['1066', '1067', '1064', '1065', '1031'], '1056': ['1056'], '1072': ['1072'], '1033': ['1033', '1153', '1154', '1155', '1152'], '1101': ['1101'], '1109': ['1109'], '1102': ['1102'], '1103': ['1103'], '1105': ['1105', '1106', '1107', '1058', '1059'], '1113': ['1113'], '1108': ['1108'], '1110': ['1110'], '1104': ['1104', '1030', '1046', '1047', '1117'], '1114': ['1114', '1115', '1118', '1116', '1119'], '1156': ['1156'], '1038': ['1038'], '1048': ['1048'], '1068': ['1068'], '1039': ['1039', '1097', '1098', '1099', '1035'], '1112': ['1112'], '1100': ['1100'], '1034': ['1034'], '1111': ['1111'], '1069': ['1069'], '1070': ['1070'], '1083': ['1083'], '1043': ['1043', '1121', '1122', '1123', '1045'], '1124': ['1124'], '1036': ['1036', '1092', '1150', '1093', '1094', '1151', '1149', '1037', '1144'], '1145': ['1145'], '1088': ['1088', '1142', '1141', '1143', '1140']})"
50,"defaultdict(<class 'list'>, {'1040': ['1040', '1080', '1079', '1081', '1078', '1038', '1048', '1068', '1034', '1067', '1077'], '1095': ['1095', '1082', '1084', '1083', '1085'], '1096': ['1096', '1138', '1135', '1137', '1139'], '1136': ['1136'], '1041': ['1041'], '1126': ['1126', '1125', '1127', '1043', '1121', '1122', '1123', '1045', '1124'], '1128': ['1128', '1129', '1132', '1130', '1134'], '1131': ['1131'], '1032': ['1032', '1160', '1161', '1162', '1146'], '1052': ['1052', '1053', '1049', '1050', '1054', '1051', '1055', '1062'], '1063': ['1063'], '1057': ['1057', '1060', '1061', '1058', '1059'], '1071': ['1071'], '1147': ['1147'], '1148': ['1148', '1158', '1157', '1159', '1156'], '1066': ['1066'], '1056': ['1056'], '1072': ['1072', '1075', '1076', '1073', '1074'], '1033': ['1033', '1101', '1109', '1153', '1100'], '1102': ['1102', '1103', '1104', '1117', '1118'], '1105': ['1105'], '1106': ['1106'], '1113': ['1113'], '1154': ['1154'], '1155': ['1155'], '1108': ['1108'], '1110': ['1110'], '1107': ['1107'], '1114': ['1114'], '1039': ['1039', '1097', '1112', '1035', '1111'], '1098': ['1098'], '1099': ['1099'], '1030': ['1030', '1046', '1069', '1047', '1070'], '1064': ['1064'], '1065': ['1065'], '1031': ['1031'], '1042': ['1042'], '1086': ['1086', '1087', '1088', '1141', '1143'], '1089': ['1089', '1092', '1044', '1090', '1091'], '1036': ['1036'], '1150': ['1150', '1093', '1094', '1144', '1149', '1037', '1151'], '1145': ['1145'], '1142': ['1142'], '1115': ['1115'], '1152': ['1152'], '1116': ['1116'], '1140': ['1140'], '1119': ['1119'], '1120': ['1120'], '1133': ['1133']})"
50,"defaultdict(<class 'list'>, {'1040': ['1040'], '1080': ['1080', '1079', '1077', '1076', '1078'], '1081': ['1081', '1095', '1082', '1084', '1042', '1083', '1085', '1096'], '1136': ['1136'], '1138': ['1138'], '1041': ['1041', '1126', '1125', '1127', '1124', '1129', '1122', '1123', '1045', '1043', '1121'], '1128': ['1128', '1131', '1132', '1130', '1133'], '1032': ['1032', '1160', '1161', '1162', '1146', '1147', '1148', '1158', '1157', '1159', '1155', '1156'], '1052': ['1052'], '1063': ['1063'], '1051': ['1051', '1038', '1048', '1068', '1034', '1067', '1049', '1050'], '1055': ['1055'], '1057': ['1057', '1060', '1071', '1058', '1059'], '1053': ['1053'], '1066': ['1066', '1110', '1064', '1065', '1031'], '1056': ['1056'], '1061': ['1061', '1062', '1075', '1073', '1074'], '1072': ['1072'], '1033': ['1033', '1101', '1102', '1103', '1104', '1098', '1099', '1100'], '1109': ['1109'], '1153': ['1153'], '1105': ['1105'], '1106': ['1106'], '1113': ['1113'], '1154': ['1154'], '1108': ['1108'], '1107': ['1107'], '1114': ['1114', '1115', '1118', '1116', '1119'], '1054': ['1054'], '1039': ['1039'], '1097': ['1097'], '1112': ['1112'], '1035': ['1035'], '1111': ['1111'], '1030': ['1030', '1046', '1069', '1047', '1070'], '1086': ['1086', '1087', '1088', '1141', '1143', '1142'], '1089': ['1089', '1149', '1044', '1090', '1091'], '1036': ['1036'], '1092': ['1092'], '1150': ['1150'], '1093': ['1093', '1094', '1145', '1144', '1037'], '1151': ['1151'], '1117': ['1117'], '1152': ['1152'], '1135': ['1135'], '1137': ['1137'], '1140': ['1140'], '1139': ['1139'], '1120': ['1120'], '1134': ['1134']})"
50,"defaultdict(<class 'list'>, {'1040': ['1040', '1080', '1081', '1082', '1083'], '1079': ['1079', '1077', '1075', '1076', '1074'], '1095': ['1095'], '1084': ['1084', '1042', '1085', '1086', '1089', '1044', '1087', '1090', '1091', '1088'], '1096': ['1096', '1138', '1135', '1137', '1139'], '1136': ['1136'], '1041': ['1041', '1126', '1125', '1127', '1124'], '1128': ['1128', '1129', '1132', '1130', '1134'], '1131': ['1131'], '1032': ['1032', '1063', '1160', '1147', '1148', '1158', '1157', '1159', '1156', '1161', '1162', '1146'], '1052': ['1052', '1053', '1049', '1050', '1054', '1051', '1055', '1062'], '1057': ['1057', '1060', '1061', '1058', '1059'], '1071': ['1071'], '1066': ['1066'], '1056': ['1056'], '1072': ['1072'], '1033': ['1033', '1153', '1154', '1155', '1152'], '1101': ['1101'], '1109': ['1109'], '1102': ['1102'], '1103': ['1103'], '1105': ['1105', '1106', '1113', '1107', '1114'], '1108': ['1108'], '1110': ['1110', '1111', '1064', '1065', '1031', '1039', '1097', '1112', '1035'], '1104': ['1104'], '1038': ['1038', '1048', '1068', '1034', '1067'], '1098': ['1098'], '1099': ['1099'], '1100': ['1100'], '1030': ['1030', '1046', '1069', '1047', '1070'], '1043': ['1043', '1121', '1122', '1123', '1045'], '1036': ['1036'], '1092': ['1092'], '1150': ['1150'], '1093': ['1093'], '1094': ['1094'], '1145': ['1145'], '1151': ['1151'], '1144': ['1144'], '1149': ['1149'], '1037': ['1037'], '1142': ['1142'], '1141': ['1141'], '1143': ['1143'], '1115': ['1115', '1118', '1116', '1119', '1120'], '1117': ['1117'], '1073': ['1073'], '1078': ['1078'], '1140': ['1140'], '1133': ['1133']})"
50,"defaultdict(<class 'list'>, {'1040': ['1040', '1080', '1079', '1081', '1078'], '1095': ['1095'], '1082': ['1082'], '1084': ['1084'], '1096': ['1096'], '1136': ['1136', '1133'], '1138': ['1138'], '1041': ['1041'], '1126': ['1126'], '1125': ['1125'], '1127': ['1127'], '1128': ['1128', '1129', '1132', '1130', '1134'], '1131': ['1131'], '1032': ['1032', '1160', '1161', '1162', '1146', '1147', '1148', '1158', '1156', '1157', '1159'], '1052': ['1052'], '1063': ['1063', '1057', '1071', '1066'], '1051': ['1051'], '1055': ['1055'], '1060': ['1060'], '1053': ['1053'], '1056': ['1056'], '1061': ['1061'], '1072': ['1072'], '1033': ['1033', '1153', '1154', '1155', '1152', '1109'], '1101': ['1101', '1102', '1098', '1099', '1100'], '1103': ['1103', '1104', '1030', '1046', '1047'], '1105': ['1105', '1106', '1107', '1058', '1059', '1113', '1108', '1114', '1115'], '1110': ['1110'], '1038': ['1038', '1048', '1068', '1034', '1067'], '1049': ['1049'], '1050': ['1050'], '1054': ['1054'], '1039': ['1039', '1097', '1112', '1035', '1111'], '1069': ['1069', '1064', '1065', '1070', '1031'], '1042': ['1042'], '1083': ['1083'], '1085': ['1085'], '1086': ['1086', '1089', '1044', '1087', '1090'], '1043': ['1043', '1121', '1122', '1123', '1045'], '1124': ['1124'], '1036': ['1036', '1092', '1150', '1093', '1094', '1151', '1149', '1037', '1144'], '1145': ['1145'], '1088': ['1088', '1142', '1141', '1143', '1140'], '1091': ['1091'], '1062': ['1062'], '1077': ['1077', '1075', '1076', '1073', '1074'], '1117': ['1117', '1118', '1116', '1119', '1120'], '1135': ['1135'], '1137': ['1137'], '1139': ['1139']})"
50,"defaultdict(<class 'list'>, {'1040': ['1040', '1080', '1081', '1095', '1082', '1084', '1042', '1083', '1085', '1079', '1077', '1078'], '1096': ['1096', '1138', '1135', '1137', '1139'], '1136': ['1136'], '1041': ['1041'], '1126': ['1126'], '1125': ['1125'], '1127': ['1127'], '1128': ['1128', '1129', '1132', '1130', '1134', '1131', '1133'], '1032': ['1032', '1052', '1051', '1053', '1049', '1050', '1063', '1055', '1054'], '1160': ['1160', '1147', '1161', '1162', '1146', '1036', '1092', '1145'], '1057': ['1057', '1060', '1061', '1058', '1059'], '1071': ['1071'], '1148': ['1148', '1158', '1157', '1159', '1156', '1153', '1154', '1155', '1152'], '1066': ['1066'], '1056': ['1056'], '1072': ['1072', '1075', '1076', '1073', '1074'], '1033': ['1033'], '1101': ['1101'], '1109': ['1109'], '1102': ['1102'], '1103': ['1103'], '1105': ['1105'], '1106': ['1106'], '1113': ['1113'], '1108': ['1108'], '1110': ['1110'], '1104': ['1104'], '1107': ['1107'], '1114': ['1114'], '1038': ['1038', '1048', '1068', '1034', '1067'], '1039': ['1039', '1097', '1098', '1099', '1035'], '1112': ['1112'], '1100': ['1100'], '1111': ['1111'], '1030': ['1030'], '1046': ['1046'], '1069': ['1069', '1064', '1065', '1070', '1031'], '1047': ['1047'], '1086': ['1086', '1089', '1044', '1087', '1090'], '1043': ['1043', '1121', '1122', '1123', '1045'], '1124': ['1124'], '1150': ['1150'], '1093': ['1093', '1094', '1151', '1149', '1037'], '1144': ['1144'], '1088': ['1088', '1142', '1141', '1143'], '1091': ['1091'], '1115': ['1115'], '1062': ['1062'], '1117': ['1117', '1118', '1116', '1119', '1120'], '1140': ['1140']})"
50,"defaultdict(<class 'list'>, {'1040': ['1040', '1080', '1081', '1082', '1078'], '1079': ['1079', '1077', '1075', '1076', '1074'], '1095': ['1095'], '1084': ['1084', '1042', '1085', '1086', '1089', '1044', '1087', '1090', '1091'], '1096': ['1096', '1138', '1135', '1137', '1139', '1136', '1140'], '1041': ['1041'], '1126': ['1126', '1125', '1127', '1043', '1121', '1122', '1123', '1045', '1124'], '1128': ['1128', '1131', '1132', '1130', '1133'], '1129': ['1129'], '1032': ['1032', '1052', '1063', '1053', '1049', '1160', '1161', '1162', '1146'], '1051': ['1051', '1055', '1056', '1046', '1047'], '1057': ['1057', '1060', '1061', '1105', '1106', '1107', '1058', '1059', '1062'], '1071': ['1071', '1072', '1073'], '1147': ['1147', '1148', '1158', '1157', '1159', '1033', '1153', '1155', '1156'], '1066': ['1066'], '1101': ['1101'], '1109': ['1109'], '1102': ['1102'], '1103': ['1103'], '1113': ['1113'], '1154': ['1154', '1036', '1150', '1151', '1152'], '1108': ['1108'], '1110': ['1110'], '1104': ['1104'], '1114': ['1114'], '1038': ['1038', '1048', '1068', '1034', '1067'], '1050': ['1050'], '1054': ['1054'], '1039': ['1039', '1097', '1098', '1099', '1035'], '1112': ['1112'], '1100': ['1100'], '1111': ['1111'], '1030': ['1030'], '1069': ['1069', '1064', '1065', '1070', '1031'], '1083': ['1083'], '1092': ['1092'], '1093': ['1093'], '1094': ['1094'], '1145': ['1145'], '1144': ['1144'], '1149': ['1149'], '1037': ['1037'], '1088': ['1088', '1142', '1141', '1143'], '1115': ['1115'], '1117': ['1117'], '1118': ['1118'], '1116': ['1116'], '1119': ['1119'], '1120': ['1120'], '1134': ['1134']})"
50,"defaultdict(<class 'list'>, {'1040': ['1040', '1080', '1079', '1081', '1078'], '1095': ['1095'], '1082': ['1082', '1084', '1042', '1083', '1085'], '1096': ['1096'], '1136': ['1136'], '1138': ['1138'], '1041': ['1041', '1126', '1125', '1127', '1124', '1129', '1043', '1121', '1122', '1123', '1045'], '1128': ['1128', '1131', '1132', '1130', '1133'], '1032': ['1032', '1160', '1161', '1162', '1146'], '1052': ['1052'], '1063': ['1063'], '1051': ['1051'], '1055': ['1055'], '1057': ['1057'], '1060': ['1060'], '1071': ['1071'], '1147': ['1147', '1148', '1158', '1157', '1159', '1156', '1033', '1153', '1154', '1155', '1152', '1109'], '1053': ['1053'], '1066': ['1066', '1067', '1064', '1065', '1031'], '1056': ['1056'], '1061': ['1061'], '1072': ['1072'], '1101': ['1101'], '1102': ['1102', '1103', '1104', '1117', '1118', '1039', '1097', '1098', '1099', '1035', '1112', '1111'], '1105': ['1105', '1106', '1107', '1058', '1059'], '1113': ['1113'], '1108': ['1108', '1115', '1116', '1119'], '1110': ['1110'], '1114': ['1114'], '1038': ['1038'], '1048': ['1048'], '1049': ['1049'], '1050': ['1050'], '1054': ['1054'], '1068': ['1068', '1077', '1075', '1076', '1074'], '1100': ['1100'], '1034': ['1034'], '1030': ['1030', '1046', '1069', '1047', '1070'], '1086': ['1086', '1089', '1044', '1087', '1090'], '1036': ['1036', '1092', '1150', '1093', '1094', '1151', '1149', '1037', '1144'], '1145': ['1145'], '1088': ['1088', '1142', '1141', '1143', '1139'], '1091': ['1091'], '1062': ['1062'], '1073': ['1073'], '1135': ['1135'], '1137': ['1137'], '1140': ['1140'], '1120': ['1120'], '1134': ['1134']})"
50,"defaultdict(<class 'list'>, {'1040': ['1040', '1080', '1081', '1082', '1084', '1042', '1083', '1085', '1078', '1079', '1095', '1136'], '1096': ['1096', '1138', '1135', '1137', '1139'], '1041': ['1041', '1126', '1125', '1127', '1128', '1124', '1131', '1043', '1121', '1122', '1123', '1045'], '1129': ['1129'], '1032': ['1032', '1052', '1063', '1053', '1049'], '1160': ['1160'], '1051': ['1051', '1055', '1056', '1075', '1076'], '1057': ['1057', '1060', '1071', '1072'], '1147': ['1147'], '1148': ['1148', '1158', '1157', '1159', '1156'], '1161': ['1161'], '1066': ['1066'], '1061': ['1061', '1062', '1073', '1074'], '1162': ['1162'], '1033': ['1033', '1153', '1154', '1155', '1152'], '1101': ['1101'], '1109': ['1109'], '1102': ['1102', '1103', '1104', '1098', '1099'], '1105': ['1105', '1106', '1107', '1058', '1059'], '1113': ['1113'], '1108': ['1108'], '1110': ['1110'], '1114': ['1114'], '1038': ['1038', '1048', '1054', '1068', '1034'], '1050': ['1050'], '1039': ['1039', '1097', '1112', '1035', '1111'], '1100': ['1100'], '1067': ['1067'], '1030': ['1030'], '1046': ['1046'], '1069': ['1069'], '1064': ['1064'], '1065': ['1065'], '1047': ['1047'], '1070': ['1070'], '1031': ['1031'], '1086': ['1086', '1089', '1087', '1090', '1091'], '1036': ['1036', '1092', '1150', '1151', '1149'], '1093': ['1093', '1094', '1144', '1037'], '1145': ['1145'], '1044': ['1044'], '1088': ['1088', '1142', '1141', '1143', '1140'], '1115': ['1115'], '1077': ['1077'], '1117': ['1117', '1118', '1116', '1119', '1120'], '1146': ['1146'], '1132': ['1132'], '1130': ['1130'], '1134': ['1134'], '1133': ['1133']})"
50,"defaultdict(<class 'list'>, {'1040': ['1040', '1080', '1081', '1095', '1082', '1084', '1042', '1083', '1085'], '1079': ['1079', '1077', '1075', '1076', '1074'], '1096': ['1096', '1138', '1135', '1137', '1139'], '1136': ['1136'], '1041': ['1041', '1126', '1125', '1127', '1043', '1121', '1122', '1123', '1045', '1124', '1128', '1132'], '1129': ['1129'], '1131': ['1131'], '1032': ['1032', '1160', '1161', '1162', '1146'], '1052': ['1052', '1051', '1055', '1056', '1049', '1050', '1053', '1054'], '1063': ['1063'], '1057': ['1057', '1060', '1061', '1105', '1106', '1107', '1058', '1059', '1062'], '1071': ['1071', '1072', '1073'], '1147': ['1147'], '1148': ['1148', '1158', '1157', '1159', '1156'], '1066': ['1066'], '1033': ['1033', '1153', '1154', '1155', '1152'], '1101': ['1101', '1102', '1098', '1099', '1100'], '1109': ['1109'], '1103': ['1103'], '1113': ['1113'], '1108': ['1108', '1115', '1118', '1116', '1119'], '1110': ['1110'], '1104': ['1104'], '1114': ['1114'], '1038': ['1038', '1048', '1068', '1034', '1067'], '1039': ['1039'], '1097': ['1097'], '1112': ['1112'], '1035': ['1035'], '1111': ['1111'], '1030': ['1030'], '1046': ['1046'], '1069': ['1069', '1064', '1065', '1070', '1031'], '1047': ['1047'], '1086': ['1086', '1087', '1088', '1141', '1143'], '1089': ['1089', '1044', '1090', '1091'], '1036': ['1036', '1092', '1150', '1151', '1149'], '1093': ['1093'], '1094': ['1094'], '1145': ['1145'], '1144': ['1144'], '1037': ['1037'], '1142': ['1142'], '1117': ['1117'], '1078': ['1078'], '1140': ['1140'], '1120': ['1120'], '1130': ['1130'], '1134': ['1134'], '1133': ['1133']})"
50,"defaultdict(<class 'list'>, {'1040': ['1040', '1080', '1079', '1081', '1078', '1077', '1075', '1076', '1074'], '1095': ['1095'], '1082': ['1082', '1084', '1042', '1083', '1085'], '1096': ['1096', '1138', '1135', '1137', '1139'], '1136': ['1136'], '1041': ['1041'], '1126': ['1126'], '1125': ['1125'], '1127': ['1127'], '1128': ['1128', '1129', '1132', '1130', '1134', '1131', '1133'], '1032': ['1032', '1160', '1161', '1162', '1146', '1147', '1148', '1158', '1157', '1159', '1156', '1145'], '1052': ['1052'], '1063': ['1063'], '1051': ['1051', '1055', '1056', '1049', '1050'], '1057': ['1057', '1060', '1071', '1061', '1105', '1106', '1107', '1058', '1059'], '1053': ['1053', '1054', '1062'], '1066': ['1066'], '1072': ['1072', '1070', '1073'], '1033': ['1033', '1109', '1153', '1155', '1152'], '1101': ['1101', '1102', '1098', '1099', '1100'], '1103': ['1103'], '1113': ['1113', '1114', '1115'], '1154': ['1154'], '1108': ['1108'], '1110': ['1110'], '1104': ['1104'], '1038': ['1038', '1048', '1068', '1034', '1067'], '1039': ['1039', '1097', '1112', '1035', '1111'], '1030': ['1030', '1046', '1069', '1047', '1031'], '1064': ['1064'], '1065': ['1065'], '1086': ['1086'], '1089': ['1089'], '1043': ['1043'], '1121': ['1121'], '1122': ['1122'], '1123': ['1123'], '1124': ['1124'], '1036': ['1036', '1092', '1150', '1151', '1149'], '1093': ['1093'], '1094': ['1094'], '1144': ['1144'], '1037': ['1037'], '1044': ['1044'], '1087': ['1087'], '1088': ['1088', '1142', '1141', '1143', '1140'], '1090': ['1090'], '1091': ['1091'], '1045': ['1045'], '1117': ['1117', '1118', '1116', '1119', '1120']})"
50,"defaultdict(<class 'list'>, {'1040': ['1040', '1080', '1079', '1081', '1078'], '1095': ['1095'], '1082': ['1082'], '1084': ['1084'], '1096': ['1096', '1138', '1135', '1137', '1139'], '1136': ['1136'], '1041': ['1041', '1126', '1125', '1043', '1121', '1122', '1123', '1045', '1124'], '1127': ['1127'], '1128': ['1128', '1131', '1132', '1130', '1133'], '1129': ['1129'], '1032': ['1032', '1160', '1147', '1161', '1145', '1146', '1162'], '1052': ['1052', '1051', '1053', '1049', '1050'], '1063': ['1063', '1071', '1066', '1067'], '1055': ['1055'], '1057': ['1057', '1060', '1061', '1058', '1059', '1105', '1106', '1113', '1107'], '1148': ['1148'], '1158': ['1158'], '1056': ['1056'], '1072': ['1072', '1075', '1076', '1073', '1074'], '1157': ['1157'], '1159': ['1159'], '1033': ['1033', '1153', '1154', '1036', '1150', '1151', '1152', '1155'], '1101': ['1101', '1108', '1100'], '1109': ['1109'], '1102': ['1102'], '1103': ['1103', '1104'], '1110': ['1110', '1039', '1097', '1098', '1099', '1035', '1112', '1111', '1117'], '1114': ['1114', '1030', '1046', '1069', '1047', '1070', '1064', '1065', '1031'], '1156': ['1156'], '1038': ['1038'], '1048': ['1048'], '1054': ['1054'], '1068': ['1068'], '1034': ['1034'], '1042': ['1042'], '1083': ['1083'], '1085': ['1085'], '1086': ['1086', '1087', '1088', '1141', '1143'], '1089': ['1089', '1092', '1044', '1090', '1091'], '1093': ['1093', '1094', '1144', '1149', '1037'], '1142': ['1142'], '1115': ['1115'], '1062': ['1062'], '1077': ['1077'], '1118': ['1118'], '1116': ['1116'], '1140': ['1140'], '1119': ['1119'], '1120': ['1120'], '1134': ['1134']})"
50,"defaultdict(<class 'list'>, {'1040': ['1040', '1080', '1079', '1077', '1076', '1078', '1081', '1082', '1083'], '1095': ['1095'], '1084': ['1084'], '1096': ['1096', '1138', '1135', '1137', '1139'], '1136': ['1136'], '1041': ['1041', '1126', '1125', '1127', '1124'], '1128': ['1128', '1131', '1132', '1130', '1133'], '1129': ['1129'], '1032': ['1032', '1160', '1161', '1162', '1146'], '1052': ['1052'], '1063': ['1063'], '1051': ['1051', '1055', '1056', '1049', '1050'], '1057': ['1057', '1060', '1061', '1105', '1106', '1107', '1058', '1059', '1113'], '1071': ['1071'], '1147': ['1147'], '1148': ['1148', '1158', '1157', '1159', '1156'], '1053': ['1053', '1038', '1048', '1054', '1034'], '1066': ['1066'], '1072': ['1072'], '1033': ['1033', '1101', '1109', '1153', '1100', '1154', '1155', '1152'], '1102': ['1102'], '1103': ['1103'], '1108': ['1108'], '1110': ['1110', '1111', '1064', '1065', '1031'], '1104': ['1104'], '1114': ['1114'], '1068': ['1068'], '1039': ['1039', '1097', '1112', '1035', '1117'], '1098': ['1098'], '1099': ['1099'], '1067': ['1067'], '1030': ['1030', '1046', '1069', '1047', '1070'], '1042': ['1042'], '1085': ['1085'], '1086': ['1086', '1089', '1044', '1087', '1090'], '1043': ['1043', '1121', '1122', '1123', '1045'], '1036': ['1036', '1092', '1150', '1093', '1094', '1151', '1149', '1037', '1144'], '1145': ['1145'], '1088': ['1088', '1142', '1141', '1143', '1140'], '1091': ['1091'], '1115': ['1115'], '1062': ['1062'], '1075': ['1075'], '1118': ['1118'], '1073': ['1073'], '1074': ['1074'], '1116': ['1116'], '1119': ['1119'], '1120': ['1120'], '1134': ['1134']})"
50,"defaultdict(<class 'list'>, {'1040': ['1040', '1080', '1079', '1081', '1078'], '1095': ['1095'], '1082': ['1082'], '1084': ['1084'], '1096': ['1096'], '1136': ['1136'], '1138': ['1138'], '1041': ['1041'], '1126': ['1126', '1125', '1127', '1128', '1124'], '1129': ['1129', '1131', '1120', '1130', '1134'], '1032': ['1032', '1160', '1161', '1162', '1146'], '1052': ['1052', '1053', '1049', '1050', '1054', '1051', '1055', '1061', '1062'], '1063': ['1063'], '1057': ['1057'], '1060': ['1060'], '1071': ['1071'], '1147': ['1147'], '1148': ['1148', '1158', '1157', '1159', '1153', '1154', '1155', '1156', '1152'], '1066': ['1066'], '1056': ['1056'], '1072': ['1072'], '1033': ['1033', '1101', '1102', '1103', '1100'], '1109': ['1109'], '1105': ['1105', '1106', '1113', '1058', '1059'], '1108': ['1108', '1107', '1115', '1116', '1119'], '1110': ['1110'], '1104': ['1104'], '1114': ['1114'], '1038': ['1038', '1048', '1068', '1034', '1067'], '1039': ['1039', '1097', '1098', '1099', '1035', '1112', '1111', '1117', '1118'], '1030': ['1030', '1046', '1069', '1047', '1070'], '1064': ['1064'], '1065': ['1065'], '1031': ['1031'], '1042': ['1042'], '1083': ['1083'], '1085': ['1085'], '1086': ['1086', '1089', '1044', '1087', '1090'], '1043': ['1043', '1121', '1122', '1123', '1045'], '1036': ['1036', '1092', '1150', '1145'], '1093': ['1093', '1094', '1151', '1149', '1037'], '1144': ['1144'], '1088': ['1088', '1142', '1141', '1143', '1139'], '1091': ['1091'], '1077': ['1077', '1075', '1076', '1073', '1074'], '1135': ['1135'], '1137': ['1137'], '1140': ['1140'], '1132': ['1132'], '1133': ['1133']})"
51,"defaultdict(<class 'list'>, {'1040': ['1040'], '1080': ['1080', '1079', '1077', '1076', '1078'], '1081': ['1081'], '1095': ['1095'], '1082': ['1082', '1084', '1042', '1083', '1085'], '1096': ['1096', '1138', '1135', '1137', '1139'], '1136': ['1136'], '1041': ['1041', '1126', '1125', '1127', '1124'], '1128': ['1128', '1131', '1132', '1130', '1133', '1129', '1120', '1134'], '1032': ['1032', '1052', '1053', '1049', '1050', '1054', '1063', '1051', '1055'], '1160': ['1160'], '1057': ['1057', '1060', '1061', '1105', '1106', '1107', '1058', '1059', '1113'], '1071': ['1071'], '1147': ['1147'], '1148': ['1148'], '1158': ['1158', '1157', '1159', '1033', '1153', '1154', '1155', '1152', '1156'], '1161': ['1161'], '1066': ['1066'], '1056': ['1056', '1104', '1030', '1046', '1047'], '1072': ['1072'], '1162': ['1162'], '1101': ['1101', '1102', '1098', '1099', '1100'], '1109': ['1109'], '1103': ['1103'], '1108': ['1108'], '1110': ['1110'], '1114': ['1114'], '1038': ['1038', '1048', '1068', '1034', '1067'], '1039': ['1039', '1097', '1112', '1035', '1111'], '1069': ['1069'], '1064': ['1064'], '1065': ['1065'], '1070': ['1070'], '1031': ['1031'], '1086': ['1086', '1089', '1044', '1087', '1090'], '1043': ['1043', '1121', '1122', '1123', '1045'], '1036': ['1036'], '1092': ['1092', '1150', '1093', '1094', '1151', '1149', '1037', '1145', '1144'], '1088': ['1088', '1142', '1141', '1143'], '1091': ['1091'], '1115': ['1115'], '1062': ['1062'], '1117': ['1117'], '1146': ['1146'], '1075': ['1075'], '1118': ['1118'], '1073': ['1073'], '1074': ['1074'], '1116': ['1116'], '1140': ['1140'], '1119': ['1119']})"
51,"defaultdict(<class 'list'>, {'1040': ['1040', '1080', '1079', '1077', '1078'], '1081': ['1081'], '1095': ['1095'], '1082': ['1082', '1084', '1042', '1083', '1085'], '1096': ['1096', '1136', '1135', '1137', '1140'], '1138': ['1138'], '1041': ['1041'], '1126': ['1126'], '1125': ['1125'], '1127': ['1127'], '1128': ['1128', '1129', '1132', '1130', '1134', '1131', '1120', '1133'], '1032': ['1032', '1063', '1066', '1068', '1067'], '1052': ['1052'], '1160': ['1160', '1161', '1162', '1146', '1147', '1148', '1158', '1157', '1159', '1156', '1092', '1145'], '1051': ['1051', '1055', '1056', '1049', '1050'], '1057': ['1057', '1060', '1061', '1058', '1059'], '1071': ['1071'], '1053': ['1053', '1038', '1048', '1054', '1034'], '1072': ['1072', '1075', '1076', '1073', '1074'], '1033': ['1033'], '1101': ['1101'], '1109': ['1109'], '1153': ['1153'], '1102': ['1102'], '1103': ['1103'], '1105': ['1105'], '1106': ['1106'], '1113': ['1113'], '1154': ['1154', '1036', '1150', '1151', '1152'], '1155': ['1155'], '1108': ['1108', '1107', '1115', '1116', '1119'], '1110': ['1110'], '1104': ['1104', '1030', '1046', '1047', '1117'], '1114': ['1114'], '1039': ['1039', '1097', '1098', '1099', '1035'], '1112': ['1112'], '1100': ['1100'], '1111': ['1111'], '1069': ['1069', '1064', '1065', '1070', '1031'], '1086': ['1086'], '1089': ['1089'], '1043': ['1043', '1121', '1122', '1123', '1045'], '1124': ['1124'], '1093': ['1093', '1094', '1144', '1149', '1037'], '1044': ['1044'], '1087': ['1087'], '1088': ['1088', '1142', '1141', '1143', '1139'], '1090': ['1090'], '1091': ['1091'], '1062': ['1062'], '1118': ['1118']})"
51,"defaultdict(<class 'list'>, {'1040': ['1040'], '1080': ['1080'], '1079': ['1079'], '1081': ['1081'], '1095': ['1095'], '1082': ['1082'], '1084': ['1084', '1042', '1085', '1086', '1087'], '1096': ['1096', '1136', '1135', '1137', '1140'], '1138': ['1138', '1134'], '1041': ['1041'], '1126': ['1126'], '1125': ['1125'], '1127': ['1127'], '1128': ['1128', '1131', '1132', '1130', '1133'], '1129': ['1129'], '1032': ['1032', '1052', '1063', '1053', '1049'], '1160': ['1160', '1147', '1161', '1162', '1146'], '1051': ['1051'], '1055': ['1055'], '1057': ['1057', '1060', '1061', '1058', '1059'], '1071': ['1071'], '1148': ['1148', '1158', '1157', '1159'], '1066': ['1066'], '1056': ['1056'], '1072': ['1072'], '1033': ['1033', '1101', '1102', '1098', '1099', '1100', '1103', '1108', '1107'], '1109': ['1109'], '1153': ['1153', '1154', '1155', '1156', '1152'], '1105': ['1105', '1113', '1114', '1115'], '1106': ['1106'], '1110': ['1110', '1030', '1046', '1069', '1047', '1070', '1064', '1065', '1031'], '1104': ['1104'], '1038': ['1038', '1048', '1068', '1034', '1067'], '1050': ['1050'], '1054': ['1054'], '1039': ['1039', '1097', '1112', '1035', '1111'], '1083': ['1083'], '1089': ['1089', '1149', '1044', '1090', '1091', '1093', '1094', '1037'], '1043': ['1043', '1121', '1122', '1123', '1045'], '1124': ['1124'], '1036': ['1036'], '1092': ['1092'], '1150': ['1150'], '1145': ['1145'], '1151': ['1151'], '1144': ['1144'], '1088': ['1088', '1142', '1141', '1143', '1139'], '1062': ['1062'], '1077': ['1077', '1075', '1076', '1073', '1074'], '1117': ['1117', '1118', '1116', '1119', '1120'], '1078': ['1078']})"
51,"defaultdict(<class 'list'>, {'1040': ['1040', '1080', '1081', '1082', '1078'], '1079': ['1079'], '1095': ['1095'], '1084': ['1084', '1042', '1085', '1086', '1089', '1044', '1087', '1090', '1091'], '1096': ['1096', '1136', '1135', '1137', '1140'], '1138': ['1138'], '1041': ['1041', '1126', '1125', '1127', '1124', '1129', '1122', '1123', '1045', '1043', '1121', '1134'], '1128': ['1128', '1131', '1132', '1133'], '1032': ['1032', '1063', '1066', '1068', '1067'], '1052': ['1052', '1051', '1053', '1049', '1050'], '1160': ['1160', '1147', '1161', '1145', '1146'], '1055': ['1055'], '1057': ['1057', '1060', '1071', '1061', '1105', '1106', '1107', '1058', '1059'], '1148': ['1148', '1158', '1157', '1159', '1156'], '1056': ['1056'], '1072': ['1072', '1075', '1076', '1073', '1074'], '1162': ['1162'], '1033': ['1033', '1153', '1154', '1155', '1152'], '1101': ['1101'], '1109': ['1109'], '1102': ['1102'], '1103': ['1103'], '1113': ['1113'], '1108': ['1108'], '1110': ['1110'], '1104': ['1104'], '1114': ['1114'], '1038': ['1038'], '1048': ['1048'], '1054': ['1054'], '1039': ['1039', '1097', '1098', '1099', '1035'], '1112': ['1112'], '1100': ['1100'], '1034': ['1034'], '1111': ['1111'], '1030': ['1030', '1046', '1069', '1047', '1070'], '1064': ['1064'], '1065': ['1065'], '1031': ['1031'], '1083': ['1083'], '1036': ['1036', '1092', '1150', '1151', '1149'], '1093': ['1093'], '1094': ['1094'], '1144': ['1144'], '1037': ['1037'], '1088': ['1088', '1142', '1141', '1143', '1139'], '1115': ['1115'], '1062': ['1062'], '1077': ['1077'], '1117': ['1117', '1118', '1116', '1119', '1120'], '1130': ['1130']})"
51,"defaultdict(<class 'list'>, {'1040': ['1040', '1080', '1081', '1082', '1078'], '1079': ['1079'], '1095': ['1095'], '1084': ['1084', '1042', '1085', '1086', '1089', '1087', '1090', '1091', '1044'], '1096': ['1096'], '1136': ['1136'], '1138': ['1138', '1134'], '1041': ['1041', '1126', '1125', '1127', '1124'], '1128': ['1128', '1131', '1132', '1130', '1133'], '1129': ['1129'], '1032': ['1032', '1160', '1161', '1162'], '1052': ['1052', '1053', '1049', '1050', '1054'], '1063': ['1063'], '1051': ['1051'], '1055': ['1055'], '1057': ['1057', '1060', '1061', '1058', '1059', '1105', '1106', '1107', '1062'], '1071': ['1071'], '1147': ['1147', '1145', '1144', '1146'], '1148': ['1148', '1158', '1157', '1159'], '1066': ['1066', '1038', '1048', '1068', '1067'], '1056': ['1056', '1077', '1075', '1076', '1074'], '1072': ['1072'], '1033': ['1033'], '1101': ['1101', '1039', '1097', '1098', '1099', '1035', '1112', '1100', '1111'], '1109': ['1109'], '1153': ['1153', '1154', '1155', '1156', '1152'], '1102': ['1102', '1103', '1104', '1117', '1118'], '1113': ['1113'], '1108': ['1108'], '1110': ['1110'], '1114': ['1114', '1030', '1046', '1069', '1064', '1065', '1070', '1031', '1047'], '1034': ['1034'], '1083': ['1083'], '1043': ['1043'], '1121': ['1121'], '1122': ['1122'], '1123': ['1123'], '1036': ['1036'], '1092': ['1092'], '1150': ['1150'], '1093': ['1093', '1094', '1151', '1149', '1037'], '1088': ['1088', '1142', '1141', '1143', '1139'], '1045': ['1045'], '1115': ['1115'], '1073': ['1073'], '1116': ['1116'], '1135': ['1135'], '1137': ['1137'], '1140': ['1140'], '1119': ['1119'], '1120': ['1120']})"
51,"defaultdict(<class 'list'>, {'1040': ['1040', '1080', '1079', '1077', '1076', '1078', '1075', '1074'], '1081': ['1081', '1082', '1084', '1042', '1083', '1095', '1096', '1085'], '1136': ['1136'], '1138': ['1138'], '1041': ['1041'], '1126': ['1126', '1125', '1127', '1128', '1131', '1132', '1130', '1133', '1129', '1120', '1134', '1124'], '1032': ['1032', '1160', '1161', '1162', '1146'], '1052': ['1052', '1053', '1049', '1050', '1054', '1051', '1055', '1061', '1062'], '1063': ['1063'], '1057': ['1057'], '1060': ['1060'], '1071': ['1071'], '1147': ['1147'], '1148': ['1148', '1158', '1157', '1159', '1156', '1153', '1154', '1155', '1152'], '1066': ['1066', '1038', '1048', '1068', '1067'], '1056': ['1056'], '1072': ['1072'], '1033': ['1033', '1109', '1113', '1110', '1111', '1105'], '1101': ['1101', '1102', '1098', '1099', '1100'], '1103': ['1103'], '1106': ['1106', '1108', '1107', '1058', '1059'], '1104': ['1104'], '1114': ['1114'], '1039': ['1039'], '1097': ['1097'], '1112': ['1112'], '1034': ['1034'], '1035': ['1035'], '1030': ['1030'], '1046': ['1046'], '1069': ['1069', '1064', '1065', '1070', '1031'], '1047': ['1047'], '1086': ['1086', '1089', '1044', '1087', '1090'], '1043': ['1043', '1121', '1122', '1123', '1045'], '1036': ['1036', '1092', '1150', '1151', '1149'], '1093': ['1093', '1094', '1144', '1037', '1143'], '1145': ['1145'], '1088': ['1088'], '1142': ['1142'], '1141': ['1141'], '1091': ['1091'], '1115': ['1115'], '1117': ['1117'], '1118': ['1118'], '1073': ['1073'], '1116': ['1116'], '1135': ['1135'], '1137': ['1137'], '1140': ['1140'], '1139': ['1139'], '1119': ['1119']})"
51,"defaultdict(<class 'list'>, {'1040': ['1040', '1080', '1081', '1082', '1078', '1079', '1095', '1096', '1083'], '1084': ['1084', '1042', '1085', '1086', '1089', '1044', '1087', '1090', '1091'], '1136': ['1136', '1088', '1141', '1140'], '1138': ['1138'], '1041': ['1041', '1126', '1125', '1127', '1124'], '1128': ['1128', '1129', '1132', '1130', '1134'], '1131': ['1131'], '1032': ['1032', '1160', '1147', '1161', '1145', '1146', '1162'], '1052': ['1052', '1053', '1049', '1050', '1054'], '1063': ['1063'], '1051': ['1051'], '1055': ['1055'], '1057': ['1057', '1060', '1071', '1061', '1072'], '1148': ['1148'], '1158': ['1158'], '1066': ['1066', '1038', '1048', '1068', '1034', '1067', '1064', '1065', '1031'], '1056': ['1056', '1077', '1075', '1076', '1074'], '1157': ['1157'], '1159': ['1159'], '1033': ['1033', '1109', '1105', '1106', '1107', '1058', '1059', '1113'], '1101': ['1101', '1102', '1098', '1099', '1100', '1103', '1039', '1097', '1035'], '1153': ['1153', '1154', '1155', '1156', '1152'], '1108': ['1108'], '1110': ['1110'], '1104': ['1104'], '1114': ['1114', '1115', '1118', '1116', '1119'], '1112': ['1112'], '1111': ['1111'], '1030': ['1030'], '1046': ['1046'], '1069': ['1069'], '1047': ['1047'], '1070': ['1070'], '1043': ['1043'], '1121': ['1121'], '1122': ['1122'], '1123': ['1123'], '1036': ['1036'], '1092': ['1092'], '1150': ['1150'], '1093': ['1093', '1094', '1151', '1149', '1037'], '1144': ['1144'], '1142': ['1142', '1137', '1139'], '1143': ['1143'], '1045': ['1045'], '1062': ['1062'], '1117': ['1117'], '1073': ['1073'], '1135': ['1135'], '1120': ['1120'], '1133': ['1133']})"
51,"defaultdict(<class 'list'>, {'1040': ['1040'], '1080': ['1080'], '1079': ['1079', '1077', '1075', '1076', '1074'], '1081': ['1081'], '1095': ['1095', '1082', '1084', '1083', '1085'], '1096': ['1096', '1138', '1135', '1137', '1139'], '1136': ['1136'], '1041': ['1041'], '1126': ['1126'], '1125': ['1125'], '1127': ['1127'], '1128': ['1128', '1129', '1132', '1130', '1134'], '1131': ['1131', '1133'], '1032': ['1032', '1052', '1063', '1053', '1049'], '1160': ['1160', '1147', '1161', '1145', '1146', '1162'], '1051': ['1051'], '1055': ['1055'], '1057': ['1057', '1060', '1061', '1058', '1059'], '1071': ['1071'], '1148': ['1148', '1158', '1157', '1159', '1156'], '1066': ['1066'], '1056': ['1056'], '1072': ['1072'], '1033': ['1033', '1109', '1153', '1155', '1152'], '1101': ['1101', '1102', '1098', '1099', '1100'], '1103': ['1103'], '1105': ['1105', '1106', '1113', '1107', '1114'], '1154': ['1154'], '1108': ['1108'], '1110': ['1110'], '1104': ['1104', '1030', '1046', '1047', '1117'], '1038': ['1038', '1048', '1068', '1034', '1067'], '1050': ['1050'], '1054': ['1054'], '1039': ['1039', '1097', '1112', '1035', '1111'], '1069': ['1069', '1064', '1065', '1070', '1031'], '1042': ['1042'], '1086': ['1086'], '1089': ['1089'], '1043': ['1043', '1121', '1122', '1123', '1045'], '1124': ['1124'], '1036': ['1036', '1092', '1150', '1093', '1094', '1144', '1149', '1037', '1151'], '1044': ['1044'], '1087': ['1087'], '1088': ['1088', '1142', '1141', '1143', '1140'], '1090': ['1090'], '1091': ['1091'], '1115': ['1115', '1118', '1116', '1119', '1120'], '1062': ['1062'], '1073': ['1073'], '1078': ['1078']})"
51,"defaultdict(<class 'list'>, {'1040': ['1040', '1080', '1079', '1081', '1078'], '1095': ['1095'], '1082': ['1082', '1084', '1042', '1083', '1085'], '1096': ['1096', '1138', '1135', '1137', '1139'], '1136': ['1136'], '1041': ['1041'], '1126': ['1126'], '1125': ['1125'], '1127': ['1127'], '1128': ['1128', '1131', '1132', '1130', '1133'], '1129': ['1129', '1134'], '1032': ['1032', '1160', '1161', '1162'], '1052': ['1052', '1051', '1053', '1049', '1050'], '1063': ['1063'], '1055': ['1055'], '1057': ['1057'], '1060': ['1060'], '1071': ['1071'], '1147': ['1147', '1036', '1092', '1145', '1146', '1150', '1093', '1094', '1151', '1149', '1037', '1144'], '1148': ['1148', '1158', '1157', '1159', '1153', '1154', '1155', '1156', '1152', '1033', '1109'], '1066': ['1066'], '1056': ['1056'], '1061': ['1061'], '1072': ['1072'], '1101': ['1101', '1102', '1103', '1039', '1097', '1098', '1099', '1035', '1100'], '1105': ['1105', '1106', '1108', '1107', '1115'], '1113': ['1113'], '1110': ['1110', '1111', '1064', '1065', '1031'], '1104': ['1104'], '1114': ['1114'], '1038': ['1038'], '1048': ['1048'], '1054': ['1054'], '1068': ['1068', '1077', '1075', '1076', '1074'], '1112': ['1112'], '1034': ['1034'], '1067': ['1067'], '1030': ['1030', '1046', '1069', '1047', '1070'], '1058': ['1058'], '1059': ['1059'], '1086': ['1086', '1087', '1088', '1141', '1143', '1089', '1044', '1090', '1091', '1142'], '1043': ['1043'], '1121': ['1121'], '1122': ['1122'], '1123': ['1123'], '1124': ['1124'], '1045': ['1045'], '1062': ['1062'], '1117': ['1117', '1118', '1116', '1119', '1120'], '1073': ['1073'], '1140': ['1140']})"
51,"defaultdict(<class 'list'>, {'1040': ['1040', '1080', '1038', '1048', '1068', '1034', '1067', '1077', '1078'], '1079': ['1079'], '1081': ['1081'], '1095': ['1095'], '1082': ['1082', '1084', '1042', '1083', '1085'], '1096': ['1096', '1136', '1135', '1137', '1140', '1138', '1088', '1142', '1141', '1143', '1139'], '1041': ['1041', '1126', '1125', '1127', '1124', '1129', '1122', '1123', '1045'], '1128': ['1128'], '1131': ['1131'], '1032': ['1032', '1160', '1161', '1162', '1146'], '1052': ['1052', '1051', '1053', '1049', '1050'], '1063': ['1063', '1057', '1060', '1071', '1061'], '1055': ['1055'], '1147': ['1147'], '1148': ['1148', '1158', '1157', '1159', '1153', '1154', '1155', '1156', '1152'], '1066': ['1066'], '1056': ['1056'], '1072': ['1072', '1075', '1076', '1073', '1074'], '1033': ['1033'], '1101': ['1101'], '1109': ['1109'], '1102': ['1102'], '1103': ['1103'], '1105': ['1105', '1106', '1107', '1058', '1059'], '1113': ['1113'], '1108': ['1108'], '1110': ['1110'], '1104': ['1104'], '1114': ['1114'], '1054': ['1054'], '1039': ['1039', '1097', '1112', '1035', '1111', '1098', '1099', '1117', '1118'], '1100': ['1100'], '1030': ['1030'], '1046': ['1046'], '1069': ['1069', '1064', '1065', '1070', '1031'], '1047': ['1047'], '1086': ['1086', '1089', '1044', '1087', '1090'], '1043': ['1043'], '1121': ['1121'], '1036': ['1036'], '1092': ['1092', '1150', '1093', '1094', '1151', '1149', '1037', '1145', '1144'], '1091': ['1091'], '1115': ['1115'], '1062': ['1062'], '1116': ['1116'], '1119': ['1119'], '1120': ['1120'], '1132': ['1132'], '1130': ['1130'], '1134': ['1134'], '1133': ['1133']})"
51,"defaultdict(<class 'list'>, {'1040': ['1040', '1080', '1079', '1081', '1078', '1095', '1082', '1084', '1042', '1083', '1085', '1096'], '1136': ['1136'], '1138': ['1138'], '1041': ['1041', '1126', '1125', '1127', '1124'], '1128': ['1128', '1131', '1132', '1130', '1133'], '1129': ['1129'], '1032': ['1032', '1063', '1160', '1161', '1162'], '1052': ['1052', '1051', '1053', '1049', '1050'], '1055': ['1055'], '1057': ['1057', '1060', '1061', '1105', '1106', '1107', '1058', '1059', '1108'], '1071': ['1071'], '1147': ['1147'], '1148': ['1148', '1158', '1157', '1159', '1156'], '1066': ['1066'], '1056': ['1056'], '1072': ['1072'], '1033': ['1033', '1109', '1110', '1064', '1065'], '1101': ['1101', '1102', '1098', '1099', '1100', '1103', '1039', '1097', '1035'], '1153': ['1153', '1154', '1155', '1151', '1152'], '1113': ['1113'], '1104': ['1104', '1112', '1111', '1117'], '1114': ['1114', '1115', '1118', '1116', '1119'], '1038': ['1038', '1048', '1068', '1034', '1067'], '1054': ['1054'], '1030': ['1030', '1046', '1069', '1047', '1070'], '1031': ['1031'], '1086': ['1086', '1089', '1044', '1087', '1090'], '1043': ['1043', '1121', '1122', '1123', '1045'], '1036': ['1036'], '1092': ['1092'], '1150': ['1150'], '1093': ['1093'], '1094': ['1094'], '1145': ['1145'], '1144': ['1144'], '1149': ['1149'], '1037': ['1037'], '1088': ['1088', '1142', '1141', '1143', '1139'], '1091': ['1091'], '1062': ['1062'], '1077': ['1077'], '1146': ['1146'], '1075': ['1075'], '1076': ['1076'], '1073': ['1073'], '1074': ['1074'], '1135': ['1135'], '1137': ['1137'], '1140': ['1140'], '1120': ['1120'], '1134': ['1134']})"
51,"defaultdict(<class 'list'>, {'1040': ['1040', '1080', '1079', '1081', '1078'], '1095': ['1095', '1082', '1084', '1083', '1085'], '1096': ['1096', '1138', '1135', '1137', '1139', '1136', '1088', '1142', '1141', '1143', '1140'], '1041': ['1041', '1126', '1125', '1127', '1124'], '1128': ['1128', '1131', '1132', '1130', '1133', '1129', '1120', '1134'], '1032': ['1032', '1160', '1161', '1162', '1146'], '1052': ['1052'], '1063': ['1063', '1057', '1071', '1066', '1067'], '1051': ['1051'], '1055': ['1055'], '1060': ['1060'], '1147': ['1147'], '1148': ['1148', '1158', '1157', '1159', '1156'], '1053': ['1053', '1038', '1048', '1054', '1034'], '1056': ['1056'], '1061': ['1061', '1062', '1075', '1073', '1074', '1076'], '1072': ['1072'], '1033': ['1033'], '1101': ['1101', '1102', '1098', '1099', '1100'], '1109': ['1109'], '1153': ['1153'], '1103': ['1103', '1104', '1030', '1046', '1047'], '1105': ['1105', '1106', '1107', '1058', '1059'], '1113': ['1113'], '1154': ['1154'], '1155': ['1155'], '1108': ['1108'], '1110': ['1110', '1039', '1097', '1112', '1111'], '1114': ['1114'], '1049': ['1049'], '1050': ['1050'], '1068': ['1068'], '1035': ['1035'], '1069': ['1069', '1064', '1065', '1070', '1031'], '1042': ['1042'], '1086': ['1086', '1089', '1044', '1087', '1090'], '1043': ['1043', '1121', '1122', '1123', '1045'], '1036': ['1036'], '1092': ['1092'], '1150': ['1150'], '1093': ['1093'], '1094': ['1094'], '1145': ['1145'], '1151': ['1151'], '1144': ['1144'], '1149': ['1149'], '1037': ['1037'], '1091': ['1091'], '1115': ['1115', '1117', '1118', '1116', '1119'], '1077': ['1077'], '1152': ['1152']})"
51,"defaultdict(<class 'list'>, {'1040': ['1040', '1080', '1081', '1082', '1083'], '1079': ['1079', '1077', '1075', '1076', '1074'], '1095': ['1095'], '1084': ['1084', '1042', '1085', '1086', '1089', '1044', '1087', '1090', '1091'], '1096': ['1096', '1138', '1135', '1137', '1139'], '1136': ['1136'], '1041': ['1041', '1126', '1125', '1127', '1124'], '1128': ['1128', '1129', '1132', '1130', '1134'], '1131': ['1131'], '1032': ['1032', '1063', '1160', '1147', '1148', '1158', '1157', '1159', '1156', '1161', '1162', '1146'], '1052': ['1052', '1053', '1049', '1050', '1054', '1051', '1055', '1062'], '1057': ['1057', '1060', '1061', '1058', '1059'], '1071': ['1071'], '1066': ['1066'], '1056': ['1056'], '1072': ['1072'], '1033': ['1033', '1153', '1154', '1155', '1152'], '1101': ['1101'], '1109': ['1109'], '1102': ['1102'], '1103': ['1103'], '1105': ['1105', '1106', '1113', '1107', '1114'], '1108': ['1108'], '1110': ['1110', '1111', '1064', '1065', '1031', '1039', '1097', '1112', '1035'], '1104': ['1104'], '1038': ['1038', '1048', '1068', '1034', '1067'], '1098': ['1098'], '1099': ['1099'], '1100': ['1100'], '1030': ['1030', '1046', '1069', '1047', '1070'], '1043': ['1043', '1121', '1122', '1123', '1045'], '1036': ['1036'], '1092': ['1092'], '1150': ['1150'], '1093': ['1093'], '1094': ['1094'], '1145': ['1145'], '1151': ['1151'], '1144': ['1144'], '1149': ['1149'], '1037': ['1037'], '1088': ['1088'], '1142': ['1142'], '1141': ['1141'], '1143': ['1143'], '1115': ['1115', '1118', '1116', '1119', '1120'], '1117': ['1117'], '1073': ['1073'], '1078': ['1078'], '1140': ['1140'], '1133': ['1133']})"
51,"defaultdict(<class 'list'>, {'1040': ['1040', '1080', '1079', '1081', '1078', '1095', '1082', '1096', '1083'], '1084': ['1084', '1042', '1085', '1086', '1087'], '1136': ['1136'], '1138': ['1138', '1137', '1139'], '1041': ['1041', '1126', '1125', '1127', '1124'], '1128': ['1128'], '1129': ['1129'], '1131': ['1131'], '1032': ['1032', '1052', '1063', '1053', '1049', '1160', '1161', '1162', '1146'], '1051': ['1051', '1038', '1048', '1050', '1034'], '1055': ['1055'], '1057': ['1057', '1060', '1071', '1061', '1072'], '1147': ['1147'], '1148': ['1148', '1158', '1157', '1159', '1156', '1153', '1154', '1155', '1152'], '1066': ['1066'], '1056': ['1056'], '1033': ['1033', '1109', '1113', '1110', '1111'], '1101': ['1101'], '1102': ['1102', '1039', '1097', '1098', '1099', '1035', '1112', '1100', '1117'], '1103': ['1103'], '1105': ['1105', '1106', '1107', '1058', '1059'], '1108': ['1108'], '1104': ['1104'], '1114': ['1114', '1030', '1046', '1069', '1064', '1065', '1070', '1031', '1047'], '1054': ['1054'], '1068': ['1068'], '1067': ['1067'], '1089': ['1089', '1149', '1044', '1090', '1091'], '1043': ['1043'], '1121': ['1121'], '1122': ['1122'], '1123': ['1123'], '1036': ['1036'], '1092': ['1092'], '1150': ['1150'], '1093': ['1093', '1094', '1145', '1144', '1037'], '1151': ['1151'], '1088': ['1088', '1142', '1141', '1143', '1140'], '1045': ['1045'], '1115': ['1115'], '1062': ['1062'], '1077': ['1077', '1075', '1076', '1073', '1074'], '1118': ['1118'], '1116': ['1116'], '1135': ['1135'], '1119': ['1119'], '1120': ['1120'], '1132': ['1132'], '1130': ['1130'], '1134': ['1134'], '1133': ['1133']})"
52,"defaultdict(<class 'list'>, {'1040': ['1040', '1080', '1079', '1081', '1078'], '1095': ['1095'], '1082': ['1082', '1084', '1042', '1083', '1085'], '1096': ['1096'], '1136': ['1136'], '1138': ['1138'], '1041': ['1041', '1126', '1125', '1127', '1124'], '1128': ['1128', '1131', '1132', '1130', '1133'], '1129': ['1129'], '1032': ['1032', '1160', '1161', '1162', '1146'], '1052': ['1052'], '1063': ['1063'], '1051': ['1051'], '1055': ['1055'], '1057': ['1057'], '1060': ['1060'], '1071': ['1071'], '1147': ['1147', '1148', '1158', '1157', '1159', '1156', '1033', '1153', '1154', '1155', '1152', '1109'], '1053': ['1053'], '1066': ['1066', '1067', '1064', '1065', '1031'], '1056': ['1056'], '1061': ['1061'], '1072': ['1072'], '1101': ['1101'], '1102': ['1102', '1103', '1104', '1117', '1118', '1039', '1097', '1098', '1099', '1035', '1112', '1111'], '1105': ['1105', '1106', '1107', '1058', '1059'], '1113': ['1113'], '1108': ['1108', '1115', '1116', '1119'], '1110': ['1110'], '1114': ['1114'], '1038': ['1038'], '1048': ['1048'], '1049': ['1049'], '1050': ['1050'], '1054': ['1054'], '1068': ['1068', '1077', '1075', '1076', '1074'], '1100': ['1100'], '1034': ['1034'], '1030': ['1030', '1046', '1069', '1047', '1070'], '1086': ['1086', '1089', '1044', '1087', '1090'], '1043': ['1043', '1121', '1122', '1123', '1045'], '1036': ['1036', '1092', '1150', '1093', '1094', '1151', '1149', '1037', '1144'], '1145': ['1145'], '1088': ['1088', '1142', '1141', '1143', '1139'], '1091': ['1091'], '1062': ['1062'], '1073': ['1073'], '1135': ['1135'], '1137': ['1137'], '1140': ['1140'], '1120': ['1120'], '1134': ['1134']})"
52,"defaultdict(<class 'list'>, {'1040': ['1040', '1080', '1079', '1081', '1078', '1095', '1082', '1084', '1042', '1083', '1085', '1086'], '1096': ['1096', '1138', '1135', '1137', '1139'], '1136': ['1136'], '1041': ['1041'], '1126': ['1126', '1125', '1127', '1043', '1121', '1122', '1123', '1045', '1124'], '1128': ['1128'], '1129': ['1129'], '1131': ['1131'], '1032': ['1032', '1063', '1160', '1161', '1162'], '1052': ['1052', '1051', '1053', '1049', '1050'], '1055': ['1055'], '1057': ['1057', '1060', '1071', '1061', '1105', '1106', '1107', '1058', '1059'], '1147': ['1147'], '1148': ['1148', '1158', '1157', '1159', '1156'], '1066': ['1066', '1110', '1064', '1065', '1031'], '1056': ['1056', '1077', '1075', '1076', '1074'], '1072': ['1072', '1062', '1073'], '1033': ['1033', '1101', '1102', '1103', '1039', '1097', '1098', '1099', '1035', '1112', '1111', '1100'], '1109': ['1109'], '1153': ['1153'], '1113': ['1113', '1114', '1115'], '1154': ['1154'], '1155': ['1155'], '1108': ['1108'], '1104': ['1104'], '1038': ['1038', '1048', '1068', '1034', '1067'], '1054': ['1054'], '1030': ['1030', '1046', '1069', '1047', '1070'], '1089': ['1089'], '1036': ['1036'], '1092': ['1092'], '1150': ['1150'], '1093': ['1093'], '1094': ['1094'], '1145': ['1145'], '1151': ['1151'], '1144': ['1144'], '1149': ['1149'], '1037': ['1037'], '1044': ['1044'], '1087': ['1087'], '1088': ['1088', '1142', '1141', '1143'], '1090': ['1090'], '1091': ['1091'], '1117': ['1117', '1118', '1116', '1119', '1120'], '1146': ['1146'], '1152': ['1152'], '1140': ['1140'], '1132': ['1132'], '1130': ['1130'], '1134': ['1134'], '1133': ['1133']})"
52,"defaultdict(<class 'list'>, {'1040': ['1040', '1080', '1081', '1078'], '1079': ['1079', '1077', '1075', '1076', '1074'], '1095': ['1095'], '1082': ['1082', '1084', '1042', '1085', '1086', '1087', '1083', '1089', '1044'], '1096': ['1096', '1138', '1135', '1137', '1139'], '1136': ['1136'], '1041': ['1041', '1126', '1125', '1127', '1124'], '1128': ['1128', '1131', '1132', '1130', '1133'], '1129': ['1129'], '1032': ['1032', '1160', '1161', '1162', '1146'], '1052': ['1052'], '1063': ['1063'], '1051': ['1051'], '1055': ['1055'], '1057': ['1057', '1060', '1061', '1062', '1073', '1071', '1072'], '1147': ['1147'], '1148': ['1148', '1158', '1157', '1159', '1156'], '1053': ['1053'], '1066': ['1066'], '1056': ['1056'], '1033': ['1033'], '1101': ['1101', '1102', '1098', '1099', '1100'], '1109': ['1109'], '1153': ['1153'], '1103': ['1103', '1104', '1030', '1046', '1047'], '1105': ['1105', '1106', '1107', '1058', '1059'], '1113': ['1113'], '1154': ['1154'], '1155': ['1155'], '1108': ['1108'], '1110': ['1110', '1111', '1064', '1065', '1031'], '1114': ['1114'], '1038': ['1038', '1048', '1068', '1034', '1067'], '1049': ['1049'], '1050': ['1050'], '1054': ['1054'], '1039': ['1039', '1097', '1112', '1035', '1117'], '1069': ['1069'], '1070': ['1070'], '1043': ['1043', '1121', '1122', '1123', '1045'], '1036': ['1036'], '1092': ['1092'], '1150': ['1150'], '1093': ['1093', '1094', '1151', '1149', '1037'], '1145': ['1145'], '1144': ['1144'], '1088': ['1088', '1142', '1141', '1143', '1140'], '1090': ['1090'], '1091': ['1091'], '1115': ['1115', '1118', '1116', '1119', '1120'], '1152': ['1152'], '1134': ['1134']})"
52,"defaultdict(<class 'list'>, {'1040': ['1040', '1080', '1079', '1081', '1078'], '1095': ['1095'], '1082': ['1082', '1084', '1042', '1083', '1085'], '1096': ['1096'], '1136': ['1136'], '1138': ['1138'], '1041': ['1041', '1126', '1125', '1127', '1043', '1121', '1122', '1123', '1045', '1124', '1128', '1132'], '1129': ['1129', '1131', '1120', '1130', '1134'], '1032': ['1032', '1160', '1147', '1148', '1158', '1157', '1159', '1161', '1162', '1155', '1156', '1146'], '1052': ['1052'], '1063': ['1063'], '1051': ['1051'], '1055': ['1055'], '1057': ['1057', '1060', '1061', '1058', '1059'], '1071': ['1071'], '1053': ['1053'], '1066': ['1066'], '1056': ['1056'], '1072': ['1072'], '1033': ['1033'], '1101': ['1101'], '1109': ['1109'], '1153': ['1153'], '1102': ['1102'], '1103': ['1103'], '1105': ['1105'], '1106': ['1106'], '1113': ['1113'], '1154': ['1154', '1036', '1092', '1150', '1093', '1094', '1151', '1149', '1037', '1144', '1145', '1152'], '1108': ['1108', '1107', '1115', '1116', '1119'], '1110': ['1110'], '1104': ['1104'], '1114': ['1114', '1030', '1046', '1069', '1047', '1070', '1064', '1065', '1031'], '1038': ['1038', '1048', '1068', '1034', '1067'], '1049': ['1049'], '1050': ['1050'], '1054': ['1054'], '1039': ['1039', '1097', '1098', '1099', '1035', '1112', '1111', '1117', '1118'], '1100': ['1100'], '1086': ['1086', '1089', '1087', '1090', '1091'], '1044': ['1044'], '1088': ['1088', '1142', '1141', '1143', '1139'], '1062': ['1062'], '1077': ['1077'], '1075': ['1075'], '1076': ['1076'], '1073': ['1073'], '1074': ['1074'], '1135': ['1135'], '1137': ['1137'], '1140': ['1140'], '1133': ['1133']})"
52,"defaultdict(<class 'list'>, {'1040': ['1040'], '1080': ['1080'], '1079': ['1079'], '1081': ['1081'], '1095': ['1095', '1082', '1084', '1083', '1085'], '1096': ['1096', '1138', '1135', '1137', '1139', '1136', '1140'], '1041': ['1041', '1126', '1125', '1127', '1124', '1129', '1043', '1121', '1122', '1123', '1045', '1134'], '1128': ['1128'], '1131': ['1131'], '1032': ['1032', '1052', '1063', '1053', '1049', '1160', '1161', '1162', '1146'], '1051': ['1051'], '1055': ['1055'], '1057': ['1057', '1060', '1061', '1058', '1059', '1071', '1072', '1062', '1073'], '1147': ['1147'], '1148': ['1148', '1158', '1157', '1159', '1156'], '1066': ['1066'], '1056': ['1056', '1077', '1075', '1076', '1074'], '1033': ['1033'], '1101': ['1101'], '1109': ['1109', '1105', '1106', '1113', '1107'], '1153': ['1153'], '1102': ['1102', '1103', '1104', '1098', '1099'], '1154': ['1154'], '1155': ['1155'], '1108': ['1108'], '1110': ['1110', '1112', '1111', '1117'], '1114': ['1114', '1030', '1046', '1069', '1047', '1070', '1064', '1065', '1031'], '1038': ['1038'], '1048': ['1048'], '1050': ['1050'], '1054': ['1054'], '1068': ['1068'], '1039': ['1039'], '1097': ['1097'], '1100': ['1100'], '1034': ['1034'], '1067': ['1067'], '1035': ['1035'], '1042': ['1042'], '1086': ['1086', '1087', '1088', '1141', '1143', '1142'], '1089': ['1089', '1149', '1044', '1090', '1091'], '1036': ['1036'], '1092': ['1092'], '1150': ['1150'], '1093': ['1093', '1094', '1145', '1144', '1037'], '1151': ['1151'], '1115': ['1115', '1118', '1116', '1119', '1120'], '1152': ['1152'], '1078': ['1078'], '1132': ['1132'], '1130': ['1130'], '1133': ['1133']})"
52,"defaultdict(<class 'list'>, {'1040': ['1040', '1080', '1081', '1095', '1082', '1084', '1042', '1083', '1085'], '1079': ['1079', '1077', '1075', '1076', '1074'], '1096': ['1096', '1138', '1135', '1137', '1139'], '1136': ['1136'], '1041': ['1041', '1126', '1125', '1127', '1043', '1121', '1122', '1123', '1045', '1124', '1128', '1132'], '1129': ['1129'], '1131': ['1131'], '1032': ['1032', '1160', '1161', '1162', '1146'], '1052': ['1052', '1051', '1055', '1056', '1049', '1050', '1053', '1054'], '1063': ['1063'], '1057': ['1057', '1060', '1061', '1105', '1106', '1107', '1058', '1059', '1062'], '1071': ['1071'], '1147': ['1147'], '1148': ['1148', '1158', '1157', '1159', '1156'], '1066': ['1066'], '1072': ['1072'], '1033': ['1033', '1153', '1154', '1155', '1152'], '1101': ['1101', '1102', '1098', '1099', '1100'], '1109': ['1109'], '1103': ['1103'], '1113': ['1113'], '1108': ['1108', '1115', '1118', '1116', '1119'], '1110': ['1110'], '1104': ['1104'], '1114': ['1114'], '1038': ['1038', '1048', '1068', '1034', '1067'], '1039': ['1039'], '1097': ['1097'], '1112': ['1112'], '1035': ['1035'], '1111': ['1111'], '1030': ['1030'], '1046': ['1046'], '1069': ['1069', '1064', '1065', '1070', '1031'], '1047': ['1047'], '1086': ['1086', '1087', '1088', '1141', '1143'], '1089': ['1089', '1044', '1090', '1091'], '1036': ['1036', '1092', '1150', '1151', '1149'], '1093': ['1093'], '1094': ['1094'], '1145': ['1145'], '1144': ['1144'], '1037': ['1037'], '1142': ['1142'], '1117': ['1117'], '1073': ['1073'], '1078': ['1078'], '1140': ['1140'], '1120': ['1120'], '1130': ['1130'], '1134': ['1134'], '1133': ['1133']})"
52,"defaultdict(<class 'list'>, {'1040': ['1040', '1080', '1081', '1078'], '1079': ['1079'], '1095': ['1095'], '1082': ['1082', '1084', '1042', '1083', '1085'], '1096': ['1096', '1138', '1135', '1137', '1139'], '1136': ['1136'], '1041': ['1041', '1126', '1125', '1127', '1124'], '1128': ['1128', '1131', '1132', '1130', '1133'], '1129': ['1129'], '1032': ['1032', '1160', '1161', '1162', '1146'], '1052': ['1052', '1053', '1049', '1050', '1054'], '1063': ['1063', '1057', '1060', '1071', '1061'], '1051': ['1051'], '1055': ['1055'], '1147': ['1147'], '1148': ['1148', '1158', '1157', '1159', '1156'], '1066': ['1066', '1038', '1048', '1068', '1034', '1067', '1064', '1065', '1031'], '1056': ['1056'], '1072': ['1072', '1114', '1070'], '1033': ['1033', '1109', '1113', '1110', '1111'], '1101': ['1101', '1102', '1098', '1099', '1100', '1103', '1039', '1097', '1035'], '1153': ['1153', '1154', '1155', '1151', '1152'], '1105': ['1105'], '1106': ['1106'], '1108': ['1108'], '1104': ['1104', '1030', '1046', '1047', '1117'], '1107': ['1107'], '1112': ['1112'], '1069': ['1069'], '1058': ['1058'], '1059': ['1059'], '1086': ['1086', '1087', '1088', '1141', '1143', '1089', '1044', '1090', '1142'], '1043': ['1043'], '1121': ['1121'], '1122': ['1122'], '1123': ['1123'], '1036': ['1036'], '1092': ['1092'], '1150': ['1150'], '1093': ['1093', '1094', '1144', '1149', '1037'], '1145': ['1145'], '1091': ['1091'], '1045': ['1045'], '1115': ['1115'], '1062': ['1062'], '1077': ['1077', '1075', '1076', '1073', '1074'], '1118': ['1118'], '1116': ['1116'], '1140': ['1140'], '1119': ['1119'], '1120': ['1120'], '1134': ['1134']})"
52,"defaultdict(<class 'list'>, {'1040': ['1040'], '1080': ['1080'], '1079': ['1079'], '1081': ['1081'], '1095': ['1095'], '1082': ['1082', '1084', '1042', '1085', '1086', '1087', '1083', '1089', '1044'], '1096': ['1096', '1138', '1135', '1137', '1139'], '1136': ['1136'], '1041': ['1041', '1126', '1125', '1127', '1124', '1131', '1043', '1121', '1122', '1123', '1045', '1133'], '1128': ['1128'], '1129': ['1129'], '1032': ['1032', '1063', '1160', '1161', '1162', '1147', '1148', '1158', '1157', '1159', '1156', '1146'], '1052': ['1052'], '1051': ['1051', '1055', '1056', '1049', '1050'], '1057': ['1057', '1060', '1061', '1058', '1059', '1105', '1106', '1113', '1107'], '1071': ['1071'], '1053': ['1053'], '1066': ['1066', '1068', '1067', '1077', '1076'], '1072': ['1072'], '1033': ['1033', '1153', '1154', '1155', '1152'], '1101': ['1101', '1102', '1098', '1099', '1100', '1103', '1039', '1097', '1035'], '1109': ['1109'], '1108': ['1108'], '1110': ['1110'], '1104': ['1104', '1030', '1046', '1047'], '1114': ['1114'], '1038': ['1038'], '1048': ['1048'], '1054': ['1054'], '1112': ['1112'], '1034': ['1034'], '1111': ['1111'], '1069': ['1069', '1064', '1065', '1070', '1031'], '1036': ['1036'], '1092': ['1092', '1150', '1093', '1094', '1144', '1149', '1037', '1145', '1151'], '1088': ['1088'], '1090': ['1090'], '1142': ['1142'], '1141': ['1141'], '1091': ['1091'], '1143': ['1143'], '1115': ['1115'], '1062': ['1062'], '1117': ['1117', '1118', '1116', '1119', '1120'], '1075': ['1075'], '1073': ['1073'], '1078': ['1078'], '1074': ['1074'], '1140': ['1140'], '1132': ['1132'], '1130': ['1130'], '1134': ['1134']})"
52,"defaultdict(<class 'list'>, {'1040': ['1040', '1080', '1079', '1081', '1078'], '1095': ['1095'], '1082': ['1082', '1084', '1042', '1083', '1085'], '1096': ['1096'], '1136': ['1136'], '1138': ['1138'], '1041': ['1041', '1126', '1125', '1127', '1043', '1121', '1122', '1123', '1045', '1124', '1128', '1132'], '1129': ['1129'], '1131': ['1131'], '1032': ['1032', '1160', '1161', '1162', '1146', '1147', '1148', '1158', '1156', '1157', '1159'], '1052': ['1052', '1051', '1053', '1049', '1050'], '1063': ['1063'], '1055': ['1055'], '1057': ['1057', '1060', '1061', '1105', '1106', '1107', '1058', '1059', '1113'], '1071': ['1071'], '1066': ['1066'], '1056': ['1056'], '1072': ['1072'], '1033': ['1033', '1153', '1154', '1155', '1152'], '1101': ['1101'], '1109': ['1109', '1110'], '1102': ['1102'], '1103': ['1103'], '1108': ['1108'], '1104': ['1104'], '1114': ['1114', '1030', '1046', '1069', '1064', '1065', '1070', '1031', '1047'], '1038': ['1038', '1048', '1068', '1034', '1067'], '1054': ['1054'], '1039': ['1039', '1097', '1098', '1099', '1035', '1112', '1111', '1117', '1118'], '1100': ['1100'], '1086': ['1086', '1089', '1044', '1087', '1090'], '1036': ['1036', '1092', '1150', '1093', '1094', '1151', '1149', '1037', '1144'], '1145': ['1145'], '1088': ['1088'], '1142': ['1142'], '1141': ['1141'], '1091': ['1091'], '1143': ['1143'], '1115': ['1115', '1116', '1119', '1120'], '1062': ['1062'], '1077': ['1077'], '1075': ['1075'], '1076': ['1076'], '1073': ['1073'], '1074': ['1074'], '1135': ['1135'], '1137': ['1137'], '1140': ['1140'], '1139': ['1139'], '1130': ['1130'], '1134': ['1134'], '1133': ['1133']})"
52,"defaultdict(<class 'list'>, {'1040': ['1040', '1080', '1081', '1082', '1078'], '1079': ['1079', '1077', '1075', '1076', '1074'], '1095': ['1095'], '1084': ['1084', '1042', '1085', '1086', '1089', '1044', '1087', '1090', '1091'], '1096': ['1096', '1138', '1135', '1137', '1139', '1136', '1140'], '1041': ['1041'], '1126': ['1126', '1125', '1127', '1043', '1121', '1122', '1123', '1045', '1124'], '1128': ['1128', '1131', '1132', '1130', '1133'], '1129': ['1129'], '1032': ['1032', '1052', '1063', '1053', '1049', '1160', '1161', '1162', '1146'], '1051': ['1051', '1055', '1056', '1046', '1047'], '1057': ['1057', '1060', '1061', '1105', '1106', '1107', '1058', '1059', '1062'], '1071': ['1071', '1072', '1073'], '1147': ['1147'], '1148': ['1148', '1158', '1157', '1159'], '1066': ['1066'], '1033': ['1033', '1153', '1155', '1156'], '1101': ['1101'], '1109': ['1109'], '1102': ['1102'], '1103': ['1103'], '1113': ['1113'], '1154': ['1154', '1036', '1150', '1151', '1152'], '1108': ['1108'], '1110': ['1110'], '1104': ['1104'], '1114': ['1114'], '1038': ['1038', '1048', '1068', '1034', '1067'], '1050': ['1050'], '1054': ['1054'], '1039': ['1039', '1097', '1098', '1099', '1035'], '1112': ['1112'], '1100': ['1100'], '1111': ['1111'], '1030': ['1030'], '1069': ['1069', '1064', '1065', '1070', '1031'], '1083': ['1083'], '1092': ['1092'], '1093': ['1093'], '1094': ['1094'], '1145': ['1145'], '1144': ['1144'], '1149': ['1149'], '1037': ['1037'], '1088': ['1088', '1142', '1141', '1143'], '1115': ['1115'], '1117': ['1117'], '1118': ['1118'], '1116': ['1116'], '1119': ['1119'], '1120': ['1120'], '1134': ['1134']})"
52,"defaultdict(<class 'list'>, {'1040': ['1040', '1080', '1079', '1081', '1078', '1095', '1082', '1084', '1042', '1083', '1085', '1096'], '1136': ['1136'], '1138': ['1138'], '1041': ['1041', '1126', '1125', '1127', '1128', '1124', '1122', '1123', '1045'], '1129': ['1129'], '1131': ['1131'], '1032': ['1032', '1160', '1161', '1162', '1146'], '1052': ['1052', '1053'], '1063': ['1063', '1071', '1072'], '1051': ['1051', '1055', '1056', '1049', '1050'], '1057': ['1057', '1060', '1061', '1058', '1059'], '1147': ['1147', '1148', '1158', '1157', '1159', '1156', '1033', '1153', '1154', '1155', '1152', '1109'], '1066': ['1066'], '1101': ['1101', '1102', '1098', '1099', '1100'], '1103': ['1103'], '1105': ['1105'], '1106': ['1106'], '1113': ['1113'], '1108': ['1108'], '1110': ['1110'], '1104': ['1104'], '1107': ['1107'], '1114': ['1114', '1030', '1046', '1069', '1064', '1065', '1070', '1031', '1047'], '1038': ['1038', '1048', '1068', '1034', '1067'], '1054': ['1054', '1062'], '1039': ['1039', '1097', '1112', '1035', '1111'], '1086': ['1086'], '1089': ['1089'], '1043': ['1043'], '1121': ['1121'], '1036': ['1036', '1092', '1145', '1144'], '1150': ['1150'], '1093': ['1093', '1094', '1151', '1149', '1037'], '1044': ['1044'], '1087': ['1087'], '1088': ['1088', '1142', '1141', '1143', '1140'], '1090': ['1090'], '1091': ['1091'], '1115': ['1115'], '1077': ['1077', '1075', '1076', '1073', '1074'], '1117': ['1117'], '1118': ['1118'], '1116': ['1116'], '1135': ['1135'], '1137': ['1137'], '1139': ['1139'], '1119': ['1119'], '1120': ['1120'], '1132': ['1132'], '1130': ['1130'], '1134': ['1134'], '1133': ['1133']})"
52,"defaultdict(<class 'list'>, {'1040': ['1040'], '1080': ['1080', '1079', '1077', '1076', '1078'], '1081': ['1081', '1082', '1084', '1042', '1083'], '1095': ['1095'], '1096': ['1096', '1138', '1135', '1137', '1139', '1136', '1140'], '1041': ['1041', '1126', '1125', '1127', '1124', '1129', '1122', '1123', '1045', '1043', '1121', '1134'], '1128': ['1128'], '1131': ['1131', '1120', '1132', '1130', '1133'], '1032': ['1032', '1052', '1063', '1053', '1049'], '1160': ['1160', '1147', '1161', '1162', '1146'], '1051': ['1051', '1038', '1048', '1050', '1034'], '1055': ['1055'], '1057': ['1057', '1071', '1072', '1073', '1074'], '1060': ['1060'], '1148': ['1148', '1158', '1157', '1159', '1156'], '1066': ['1066', '1068', '1067'], '1056': ['1056'], '1061': ['1061'], '1033': ['1033', '1109', '1153', '1155', '1152'], '1101': ['1101', '1102', '1103', '1100'], '1105': ['1105', '1106', '1107', '1058', '1059'], '1113': ['1113'], '1154': ['1154'], '1108': ['1108', '1115', '1116', '1119'], '1110': ['1110'], '1104': ['1104'], '1114': ['1114'], '1054': ['1054'], '1039': ['1039', '1097', '1098', '1099', '1035', '1112', '1111', '1117', '1118'], '1030': ['1030'], '1046': ['1046'], '1069': ['1069', '1064', '1065', '1070', '1031'], '1047': ['1047'], '1085': ['1085'], '1086': ['1086', '1089', '1044', '1087', '1090'], '1036': ['1036'], '1092': ['1092'], '1150': ['1150'], '1093': ['1093'], '1094': ['1094'], '1145': ['1145'], '1151': ['1151'], '1144': ['1144'], '1149': ['1149'], '1037': ['1037'], '1088': ['1088'], '1142': ['1142'], '1141': ['1141'], '1091': ['1091'], '1143': ['1143'], '1062': ['1062'], '1075': ['1075']})"
53,"defaultdict(<class 'list'>, {'1040': ['1040', '1080', '1079', '1081', '1078'], '1095': ['1095'], '1082': ['1082'], '1084': ['1084', '1042', '1085', '1086', '1089', '1044', '1087', '1090', '1091'], '1096': ['1096', '1138', '1135', '1137', '1139'], '1136': ['1136'], '1041': ['1041'], '1126': ['1126'], '1125': ['1125'], '1127': ['1127'], '1128': ['1128', '1131', '1132', '1130', '1133'], '1129': ['1129'], '1032': ['1032', '1052', '1063', '1053', '1049', '1051', '1055', '1050', '1054'], '1160': ['1160'], '1057': ['1057'], '1060': ['1060'], '1071': ['1071'], '1147': ['1147', '1148', '1158', '1157', '1159'], '1161': ['1161'], '1066': ['1066'], '1056': ['1056'], '1061': ['1061'], '1072': ['1072'], '1162': ['1162'], '1033': ['1033'], '1101': ['1101', '1102', '1098', '1099', '1100'], '1109': ['1109'], '1153': ['1153', '1154', '1155', '1156', '1152'], '1103': ['1103'], '1105': ['1105', '1106', '1113', '1107', '1114'], '1108': ['1108'], '1110': ['1110'], '1104': ['1104'], '1038': ['1038', '1048', '1068', '1034', '1067'], '1039': ['1039', '1097', '1112', '1035', '1111'], '1030': ['1030'], '1046': ['1046'], '1069': ['1069', '1064', '1065', '1070', '1031'], '1058': ['1058'], '1059': ['1059'], '1047': ['1047'], '1083': ['1083'], '1043': ['1043', '1121', '1122', '1123', '1045'], '1124': ['1124'], '1036': ['1036'], '1092': ['1092', '1150', '1093', '1094', '1144', '1149', '1037', '1145', '1151'], '1088': ['1088', '1142', '1141', '1143', '1140'], '1115': ['1115'], '1062': ['1062'], '1077': ['1077', '1075', '1076', '1073', '1074'], '1117': ['1117', '1118', '1116', '1119', '1120'], '1146': ['1146'], '1134': ['1134']})"
53,"defaultdict(<class 'list'>, {'1040': ['1040', '1080', '1038', '1048', '1068', '1034', '1067', '1077', '1078'], '1079': ['1079'], '1081': ['1081'], '1095': ['1095'], '1082': ['1082', '1084', '1042', '1083', '1085'], '1096': ['1096', '1136', '1135', '1137', '1140'], '1138': ['1138'], '1041': ['1041', '1126', '1125', '1127', '1124', '1129', '1122', '1123', '1045'], '1128': ['1128'], '1131': ['1131'], '1032': ['1032', '1160', '1161', '1162', '1146'], '1052': ['1052', '1051', '1053', '1049', '1050'], '1063': ['1063', '1057', '1060', '1071', '1061'], '1055': ['1055'], '1147': ['1147'], '1148': ['1148', '1158', '1157', '1159', '1153', '1154', '1155', '1156', '1152'], '1066': ['1066'], '1056': ['1056'], '1072': ['1072', '1075', '1076', '1073', '1074'], '1033': ['1033'], '1101': ['1101'], '1109': ['1109'], '1102': ['1102'], '1103': ['1103'], '1105': ['1105', '1106', '1107', '1058', '1059'], '1113': ['1113'], '1108': ['1108'], '1110': ['1110'], '1104': ['1104'], '1114': ['1114'], '1054': ['1054'], '1039': ['1039', '1097', '1112', '1035', '1111', '1098', '1099', '1117', '1118'], '1100': ['1100'], '1030': ['1030'], '1046': ['1046'], '1069': ['1069', '1064', '1065', '1070', '1031'], '1047': ['1047'], '1086': ['1086', '1089', '1044', '1087', '1090'], '1043': ['1043'], '1121': ['1121'], '1036': ['1036'], '1092': ['1092', '1150', '1093', '1094', '1151', '1149', '1037', '1145', '1144'], '1088': ['1088', '1142', '1141', '1143', '1139'], '1091': ['1091'], '1115': ['1115'], '1062': ['1062'], '1116': ['1116'], '1119': ['1119'], '1120': ['1120'], '1132': ['1132'], '1130': ['1130'], '1134': ['1134'], '1133': ['1133']})"
53,"defaultdict(<class 'list'>, {'1040': ['1040', '1080', '1081', '1078'], '1079': ['1079'], '1095': ['1095'], '1082': ['1082', '1084', '1042', '1083', '1085'], '1096': ['1096', '1138', '1135', '1137', '1139'], '1136': ['1136'], '1041': ['1041'], '1126': ['1126', '1125', '1127', '1043', '1121', '1122', '1123', '1045', '1124'], '1128': ['1128', '1131', '1132', '1130', '1133'], '1129': ['1129'], '1032': ['1032', '1160', '1161', '1162', '1146'], '1052': ['1052', '1053', '1049', '1050', '1054'], '1063': ['1063', '1057', '1060', '1071', '1061'], '1051': ['1051'], '1055': ['1055'], '1147': ['1147'], '1148': ['1148'], '1158': ['1158'], '1066': ['1066'], '1056': ['1056'], '1072': ['1072'], '1157': ['1157'], '1159': ['1159'], '1033': ['1033', '1109', '1110', '1039', '1097', '1098', '1099', '1035', '1112', '1111'], '1101': ['1101', '1102', '1103', '1104', '1100'], '1153': ['1153'], '1105': ['1105', '1106', '1107', '1058', '1059', '1113', '1108', '1114', '1115'], '1154': ['1154'], '1155': ['1155'], '1156': ['1156'], '1038': ['1038', '1048', '1068', '1034', '1067'], '1030': ['1030', '1046', '1069', '1047', '1070'], '1064': ['1064'], '1065': ['1065'], '1031': ['1031'], '1086': ['1086', '1087', '1088', '1141', '1143'], '1089': ['1089'], '1036': ['1036', '1092', '1150', '1093', '1094', '1151', '1149', '1037', '1144'], '1145': ['1145'], '1044': ['1044'], '1090': ['1090'], '1142': ['1142'], '1091': ['1091'], '1062': ['1062'], '1077': ['1077'], '1117': ['1117', '1118', '1116', '1119', '1120'], '1152': ['1152'], '1075': ['1075'], '1076': ['1076'], '1073': ['1073'], '1074': ['1074'], '1140': ['1140'], '1134': ['1134']})"
53,"defaultdict(<class 'list'>, {'1040': ['1040', '1080', '1079', '1081', '1078', '1095', '1082', '1084', '1042', '1083', '1085', '1077'], '1096': ['1096', '1138', '1135', '1137', '1139'], '1136': ['1136'], '1041': ['1041'], '1126': ['1126', '1125', '1127', '1043', '1121', '1122', '1123', '1045', '1124'], '1128': ['1128', '1131', '1132', '1130', '1133', '1129', '1120', '1134'], '1032': ['1032', '1052', '1053', '1038', '1048', '1054', '1034', '1049', '1050', '1068'], '1063': ['1063', '1057', '1071', '1072'], '1160': ['1160', '1147', '1161', '1162', '1146'], '1051': ['1051', '1055', '1056', '1046', '1047'], '1060': ['1060'], '1148': ['1148', '1158', '1157', '1159', '1156'], '1066': ['1066', '1067', '1064', '1065', '1031'], '1061': ['1061', '1062', '1075', '1073', '1074'], '1033': ['1033', '1153', '1154', '1155', '1152'], '1101': ['1101'], '1109': ['1109'], '1102': ['1102'], '1103': ['1103'], '1105': ['1105'], '1106': ['1106'], '1113': ['1113'], '1108': ['1108'], '1110': ['1110'], '1104': ['1104'], '1107': ['1107'], '1114': ['1114', '1115', '1118', '1116', '1119'], '1039': ['1039', '1097', '1098', '1099', '1035'], '1112': ['1112'], '1100': ['1100'], '1111': ['1111'], '1030': ['1030', '1069', '1070'], '1058': ['1058'], '1059': ['1059'], '1086': ['1086', '1089', '1044', '1087', '1090'], '1036': ['1036'], '1092': ['1092'], '1150': ['1150'], '1093': ['1093'], '1094': ['1094'], '1145': ['1145'], '1151': ['1151'], '1144': ['1144'], '1149': ['1149'], '1037': ['1037'], '1088': ['1088'], '1142': ['1142'], '1141': ['1141'], '1091': ['1091'], '1143': ['1143'], '1117': ['1117'], '1076': ['1076'], '1140': ['1140']})"
53,"defaultdict(<class 'list'>, {'1040': ['1040', '1080', '1079', '1081', '1078', '1038', '1048', '1068', '1034', '1067', '1077'], '1095': ['1095', '1082', '1084', '1083', '1085'], '1096': ['1096', '1138', '1135', '1137', '1139'], '1136': ['1136'], '1041': ['1041'], '1126': ['1126', '1125', '1127', '1043', '1121', '1122', '1123', '1045', '1124'], '1128': ['1128', '1129', '1132', '1130', '1134'], '1131': ['1131'], '1032': ['1032', '1160', '1161', '1162', '1146'], '1052': ['1052', '1053', '1049', '1050', '1054'], '1063': ['1063'], '1051': ['1051'], '1055': ['1055'], '1057': ['1057', '1060', '1061', '1058', '1059'], '1071': ['1071'], '1147': ['1147'], '1148': ['1148', '1158', '1157', '1159', '1156'], '1066': ['1066'], '1056': ['1056'], '1072': ['1072', '1075', '1076', '1073', '1074'], '1033': ['1033', '1101', '1109', '1153', '1100'], '1102': ['1102', '1103', '1104', '1117', '1118'], '1105': ['1105'], '1106': ['1106'], '1113': ['1113'], '1154': ['1154'], '1155': ['1155'], '1108': ['1108'], '1110': ['1110'], '1107': ['1107'], '1114': ['1114'], '1039': ['1039', '1097', '1112', '1035', '1111'], '1098': ['1098'], '1099': ['1099'], '1030': ['1030', '1046', '1069', '1047', '1070'], '1064': ['1064'], '1065': ['1065'], '1031': ['1031'], '1042': ['1042'], '1086': ['1086', '1087', '1088', '1141', '1143'], '1089': ['1089', '1092', '1044', '1090', '1091'], '1036': ['1036'], '1150': ['1150', '1093', '1094', '1144', '1149', '1037', '1151'], '1145': ['1145'], '1142': ['1142'], '1115': ['1115'], '1062': ['1062'], '1152': ['1152'], '1116': ['1116'], '1140': ['1140'], '1119': ['1119'], '1120': ['1120'], '1133': ['1133']})"
53,"defaultdict(<class 'list'>, {'1040': ['1040'], '1080': ['1080', '1079', '1077', '1076', '1078'], '1081': ['1081'], '1095': ['1095'], '1082': ['1082'], '1084': ['1084'], '1096': ['1096', '1138', '1135', '1137', '1139'], '1136': ['1136'], '1041': ['1041', '1126', '1125', '1127', '1124'], '1128': ['1128', '1131', '1132', '1130', '1133', '1129', '1120', '1134'], '1032': ['1032', '1160', '1161', '1162', '1146'], '1052': ['1052'], '1063': ['1063'], '1051': ['1051', '1055', '1056', '1049', '1050'], '1057': ['1057', '1060', '1061', '1105', '1106', '1107', '1058', '1059', '1113'], '1071': ['1071'], '1147': ['1147'], '1148': ['1148'], '1158': ['1158'], '1053': ['1053', '1038', '1048', '1054', '1034'], '1066': ['1066'], '1072': ['1072'], '1157': ['1157'], '1159': ['1159'], '1033': ['1033', '1101', '1109', '1153', '1100'], '1102': ['1102', '1103', '1104', '1117', '1118'], '1154': ['1154', '1151', '1152'], '1155': ['1155'], '1108': ['1108'], '1110': ['1110'], '1114': ['1114', '1115', '1116', '1119'], '1156': ['1156'], '1068': ['1068'], '1039': ['1039', '1097', '1112', '1035', '1111', '1098', '1099'], '1067': ['1067'], '1030': ['1030'], '1046': ['1046'], '1069': ['1069', '1064', '1065', '1070', '1031'], '1047': ['1047'], '1042': ['1042'], '1083': ['1083'], '1085': ['1085'], '1086': ['1086', '1089', '1044', '1087', '1090'], '1043': ['1043', '1121', '1122', '1123', '1045'], '1036': ['1036'], '1092': ['1092'], '1150': ['1150'], '1093': ['1093', '1094', '1144', '1149', '1037'], '1145': ['1145'], '1088': ['1088', '1142', '1141', '1143'], '1091': ['1091'], '1062': ['1062', '1075', '1073', '1074'], '1140': ['1140']})"
53,"defaultdict(<class 'list'>, {'1040': ['1040', '1080', '1081', '1082', '1084', '1042', '1083', '1085', '1078'], '1079': ['1079', '1038', '1048', '1068', '1034', '1067', '1077', '1076'], '1095': ['1095'], '1096': ['1096', '1136', '1135', '1137', '1140', '1138', '1088', '1142', '1141', '1143', '1139'], '1041': ['1041'], '1126': ['1126'], '1125': ['1125'], '1127': ['1127'], '1128': ['1128', '1131', '1132', '1130', '1133'], '1129': ['1129'], '1032': ['1032'], '1052': ['1052', '1053', '1049', '1050', '1054'], '1063': ['1063'], '1160': ['1160'], '1051': ['1051'], '1055': ['1055'], '1057': ['1057'], '1060': ['1060'], '1071': ['1071'], '1147': ['1147', '1036', '1092', '1145', '1146'], '1148': ['1148', '1158', '1157', '1159', '1156', '1153', '1154', '1155', '1152'], '1161': ['1161'], '1066': ['1066'], '1056': ['1056'], '1061': ['1061', '1062', '1075', '1073', '1074'], '1072': ['1072'], '1162': ['1162'], '1033': ['1033', '1101', '1098', '1099', '1100'], '1109': ['1109', '1105', '1106', '1113', '1107'], '1102': ['1102', '1103', '1104', '1117', '1118'], '1108': ['1108'], '1110': ['1110'], '1114': ['1114', '1030', '1046', '1069', '1064', '1065', '1070', '1031', '1047'], '1039': ['1039'], '1097': ['1097'], '1112': ['1112'], '1035': ['1035'], '1111': ['1111'], '1058': ['1058'], '1059': ['1059'], '1086': ['1086', '1089', '1044', '1087', '1090'], '1043': ['1043'], '1121': ['1121'], '1122': ['1122'], '1123': ['1123'], '1124': ['1124'], '1150': ['1150'], '1093': ['1093', '1094', '1151', '1149', '1037'], '1144': ['1144'], '1091': ['1091'], '1045': ['1045'], '1115': ['1115', '1116', '1119', '1120'], '1134': ['1134']})"
53,"defaultdict(<class 'list'>, {'1040': ['1040', '1080', '1079', '1081', '1078'], '1095': ['1095'], '1082': ['1082', '1084', '1042', '1083', '1085'], '1096': ['1096', '1136', '1135', '1137', '1140'], '1138': ['1138'], '1041': ['1041', '1126', '1125', '1043', '1121', '1122', '1123', '1045', '1124'], '1127': ['1127'], '1128': ['1128', '1129', '1132', '1130', '1134'], '1131': ['1131'], '1032': ['1032', '1052', '1063', '1053', '1049'], '1160': ['1160', '1147', '1161', '1162', '1146'], '1051': ['1051', '1038', '1048', '1050', '1034'], '1055': ['1055', '1056', '1030', '1046', '1047'], '1057': ['1057'], '1060': ['1060'], '1071': ['1071'], '1148': ['1148'], '1158': ['1158'], '1066': ['1066', '1067', '1064', '1065', '1031'], '1061': ['1061'], '1072': ['1072'], '1157': ['1157'], '1159': ['1159'], '1033': ['1033', '1153', '1154', '1036', '1150', '1151', '1152', '1155'], '1101': ['1101', '1102', '1103', '1108', '1100'], '1109': ['1109', '1113'], '1105': ['1105', '1106', '1107', '1058', '1059'], '1110': ['1110', '1039', '1097', '1098', '1099', '1035', '1112', '1111', '1117'], '1104': ['1104'], '1114': ['1114', '1115', '1118', '1116', '1119'], '1156': ['1156'], '1054': ['1054'], '1068': ['1068', '1077', '1075', '1076', '1074'], '1069': ['1069'], '1070': ['1070'], '1086': ['1086', '1089', '1044', '1087', '1090'], '1092': ['1092'], '1093': ['1093'], '1094': ['1094'], '1145': ['1145'], '1144': ['1144'], '1149': ['1149'], '1037': ['1037'], '1088': ['1088'], '1142': ['1142'], '1141': ['1141'], '1091': ['1091'], '1143': ['1143'], '1062': ['1062'], '1073': ['1073'], '1139': ['1139'], '1120': ['1120'], '1133': ['1133']})"
53,"defaultdict(<class 'list'>, {'1040': ['1040', '1080', '1081', '1082', '1078', '1079', '1095', '1096', '1083'], '1084': ['1084', '1042', '1085', '1086', '1087'], '1136': ['1136', '1133'], '1138': ['1138', '1137', '1139'], '1041': ['1041', '1126', '1125', '1127', '1131', '1124', '1128', '1043', '1121', '1122', '1123', '1045'], '1129': ['1129'], '1032': ['1032', '1160', '1161', '1162', '1146'], '1052': ['1052', '1051', '1053', '1049', '1050', '1054'], '1063': ['1063', '1057', '1060', '1071', '1061'], '1055': ['1055', '1056', '1075', '1076', '1074'], '1147': ['1147'], '1148': ['1148'], '1158': ['1158'], '1066': ['1066'], '1072': ['1072'], '1157': ['1157'], '1159': ['1159'], '1033': ['1033'], '1101': ['1101', '1102', '1098', '1099', '1100'], '1109': ['1109'], '1153': ['1153', '1154', '1155', '1156', '1152'], '1103': ['1103'], '1105': ['1105', '1106', '1113', '1107', '1114'], '1108': ['1108'], '1110': ['1110', '1111', '1064', '1065', '1031'], '1104': ['1104'], '1038': ['1038', '1048', '1068', '1034', '1067'], '1039': ['1039'], '1097': ['1097'], '1112': ['1112'], '1035': ['1035'], '1030': ['1030', '1046', '1069', '1047', '1070'], '1058': ['1058'], '1059': ['1059'], '1089': ['1089'], '1036': ['1036'], '1092': ['1092'], '1150': ['1150'], '1093': ['1093', '1094', '1145', '1144', '1037'], '1151': ['1151'], '1149': ['1149'], '1044': ['1044'], '1088': ['1088', '1142', '1141', '1143', '1140'], '1090': ['1090'], '1091': ['1091'], '1115': ['1115'], '1062': ['1062'], '1077': ['1077'], '1117': ['1117', '1118', '1116', '1119', '1120'], '1073': ['1073'], '1135': ['1135', '1134'], '1132': ['1132'], '1130': ['1130']})"
53,"defaultdict(<class 'list'>, {'1040': ['1040', '1080', '1079', '1081', '1078'], '1095': ['1095'], '1082': ['1082', '1084', '1042', '1083', '1085'], '1096': ['1096'], '1136': ['1136'], '1138': ['1138'], '1041': ['1041', '1126', '1125', '1127', '1043', '1121', '1122', '1123', '1045', '1124', '1128', '1132'], '1129': ['1129'], '1131': ['1131'], '1032': ['1032', '1160', '1161', '1162', '1146', '1147', '1148', '1158', '1156', '1157', '1159'], '1052': ['1052', '1051', '1053', '1049', '1050'], '1063': ['1063'], '1055': ['1055'], '1057': ['1057', '1060', '1061', '1105', '1106', '1107', '1058', '1059', '1113'], '1071': ['1071'], '1066': ['1066'], '1056': ['1056'], '1072': ['1072'], '1033': ['1033', '1153', '1154', '1155', '1152'], '1101': ['1101'], '1109': ['1109'], '1102': ['1102'], '1103': ['1103'], '1108': ['1108'], '1110': ['1110'], '1104': ['1104'], '1114': ['1114', '1030', '1046', '1069', '1064', '1065', '1070', '1031', '1047'], '1038': ['1038', '1048', '1068', '1034', '1067'], '1054': ['1054'], '1039': ['1039', '1097', '1098', '1099', '1035', '1112', '1111', '1117', '1118'], '1100': ['1100'], '1086': ['1086', '1089', '1044', '1087', '1090'], '1036': ['1036', '1092', '1150', '1093', '1094', '1151', '1149', '1037', '1144'], '1145': ['1145'], '1088': ['1088'], '1142': ['1142'], '1141': ['1141'], '1091': ['1091'], '1143': ['1143'], '1115': ['1115', '1116', '1119', '1120'], '1062': ['1062'], '1077': ['1077'], '1075': ['1075'], '1076': ['1076'], '1073': ['1073'], '1074': ['1074'], '1135': ['1135'], '1137': ['1137'], '1140': ['1140'], '1139': ['1139'], '1130': ['1130'], '1134': ['1134'], '1133': ['1133']})"
53,"defaultdict(<class 'list'>, {'1040': ['1040', '1080', '1079', '1038', '1048', '1068', '1034', '1067', '1077', '1076', '1078', '1081'], '1095': ['1095'], '1082': ['1082', '1084', '1042', '1083', '1085'], '1096': ['1096'], '1136': ['1136'], '1138': ['1138'], '1041': ['1041'], '1126': ['1126'], '1125': ['1125'], '1127': ['1127'], '1128': ['1128', '1131', '1132', '1130', '1133'], '1129': ['1129'], '1032': ['1032', '1052', '1063', '1053', '1049'], '1160': ['1160'], '1051': ['1051', '1055', '1056', '1050'], '1057': ['1057', '1060', '1061', '1105', '1106', '1107', '1058', '1059', '1113'], '1071': ['1071'], '1147': ['1147', '1148', '1158', '1157', '1159', '1156', '1161', '1033', '1153', '1154', '1155', '1152'], '1066': ['1066'], '1072': ['1072'], '1162': ['1162'], '1101': ['1101', '1102', '1103', '1039', '1097', '1098', '1099', '1035', '1100'], '1109': ['1109'], '1108': ['1108'], '1110': ['1110'], '1104': ['1104'], '1114': ['1114', '1030', '1046', '1069', '1064', '1065', '1070', '1031', '1047'], '1054': ['1054'], '1112': ['1112'], '1111': ['1111'], '1086': ['1086', '1089', '1044', '1087', '1090', '1088', '1142', '1091'], '1043': ['1043', '1121', '1122', '1123', '1045'], '1124': ['1124'], '1036': ['1036', '1092', '1150', '1151', '1149'], '1093': ['1093', '1094', '1144', '1037', '1143'], '1145': ['1145'], '1141': ['1141'], '1115': ['1115'], '1062': ['1062'], '1117': ['1117'], '1146': ['1146'], '1075': ['1075'], '1118': ['1118'], '1073': ['1073'], '1074': ['1074'], '1116': ['1116'], '1135': ['1135'], '1137': ['1137'], '1140': ['1140'], '1139': ['1139'], '1119': ['1119'], '1120': ['1120'], '1134': ['1134']})"
53,"defaultdict(<class 'list'>, {'1040': ['1040', '1080', '1081', '1082', '1078'], '1079': ['1079', '1077', '1075', '1076', '1074'], '1095': ['1095'], '1084': ['1084', '1042', '1085', '1086', '1089', '1044', '1087', '1090', '1091'], '1096': ['1096', '1138', '1135', '1137', '1139'], '1136': ['1136'], '1041': ['1041'], '1126': ['1126'], '1125': ['1125'], '1127': ['1127'], '1128': ['1128'], '1129': ['1129'], '1131': ['1131'], '1032': ['1032', '1052', '1063', '1053', '1049'], '1160': ['1160', '1147', '1161', '1145', '1146'], '1051': ['1051', '1038', '1048', '1050', '1034'], '1055': ['1055'], '1057': ['1057'], '1060': ['1060'], '1071': ['1071'], '1148': ['1148', '1158', '1157', '1159', '1156'], '1066': ['1066', '1068', '1067'], '1056': ['1056'], '1061': ['1061'], '1072': ['1072'], '1162': ['1162'], '1033': ['1033', '1101', '1109', '1153', '1100', '1154', '1155', '1152'], '1102': ['1102'], '1103': ['1103'], '1105': ['1105', '1106', '1107', '1058', '1059'], '1113': ['1113'], '1108': ['1108'], '1110': ['1110'], '1104': ['1104'], '1114': ['1114', '1030', '1046', '1069', '1064', '1065', '1070', '1031', '1047'], '1054': ['1054'], '1039': ['1039', '1097', '1098', '1099', '1035', '1112', '1111', '1117', '1118'], '1083': ['1083'], '1043': ['1043', '1121', '1122', '1123', '1045'], '1124': ['1124'], '1036': ['1036', '1092', '1150', '1093', '1094', '1151', '1149', '1037', '1144'], '1088': ['1088'], '1142': ['1142'], '1141': ['1141'], '1143': ['1143'], '1115': ['1115', '1116', '1119', '1120'], '1062': ['1062'], '1073': ['1073'], '1140': ['1140'], '1132': ['1132'], '1130': ['1130'], '1134': ['1134'], '1133': ['1133']})"
53,"defaultdict(<class 'list'>, {'1040': ['1040', '1080', '1079', '1081', '1078', '1095', '1082', '1084', '1042', '1083', '1085', '1096'], '1136': ['1136'], '1138': ['1138'], '1041': ['1041', '1126', '1125', '1127', '1124', '1131', '1122', '1123', '1045'], '1128': ['1128', '1129', '1132', '1130', '1134'], '1032': ['1032', '1052', '1063', '1053', '1049', '1160', '1161', '1162', '1146'], '1051': ['1051', '1055', '1056', '1050'], '1057': ['1057'], '1060': ['1060'], '1071': ['1071'], '1147': ['1147', '1148', '1158', '1157', '1159', '1156', '1145'], '1066': ['1066'], '1061': ['1061'], '1072': ['1072'], '1033': ['1033', '1109', '1153', '1155', '1152'], '1101': ['1101'], '1102': ['1102'], '1103': ['1103'], '1105': ['1105', '1106', '1107', '1058', '1059'], '1113': ['1113'], '1154': ['1154'], '1108': ['1108'], '1110': ['1110', '1111', '1064', '1065', '1031'], '1104': ['1104'], '1114': ['1114'], '1038': ['1038', '1048', '1068', '1034', '1067'], '1054': ['1054'], '1039': ['1039'], '1097': ['1097'], '1098': ['1098'], '1099': ['1099'], '1112': ['1112'], '1100': ['1100'], '1035': ['1035'], '1030': ['1030', '1046', '1069', '1047', '1070'], '1086': ['1086'], '1089': ['1089', '1092', '1044', '1090', '1091'], '1043': ['1043'], '1121': ['1121'], '1036': ['1036'], '1150': ['1150'], '1093': ['1093', '1094', '1151', '1149', '1037'], '1144': ['1144'], '1087': ['1087'], '1088': ['1088', '1142', '1141', '1143', '1139'], '1115': ['1115'], '1062': ['1062'], '1077': ['1077', '1075', '1076', '1073', '1074'], '1117': ['1117', '1118', '1116', '1119', '1120'], '1135': ['1135'], '1137': ['1137'], '1140': ['1140'], '1133': ['1133']})"
54,"defaultdict(<class 'list'>, {'1040': ['1040', '1080', '1079', '1081', '1078', '1095', '1082', '1084', '1042', '1083', '1085', '1086'], '1096': ['1096', '1138', '1135', '1137', '1139'], '1136': ['1136'], '1041': ['1041'], '1126': ['1126', '1125', '1127', '1043', '1121', '1122', '1123', '1045', '1124'], '1128': ['1128'], '1129': ['1129'], '1131': ['1131'], '1032': ['1032', '1063', '1160', '1161', '1162'], '1052': ['1052', '1051', '1053', '1049', '1050'], '1055': ['1055'], '1057': ['1057', '1060', '1071', '1061', '1105', '1106', '1107', '1058', '1059'], '1147': ['1147'], '1148': ['1148', '1158', '1157', '1159', '1156'], '1066': ['1066', '1110', '1064', '1065', '1031'], '1056': ['1056', '1077', '1075', '1076', '1074'], '1072': ['1072'], '1033': ['1033', '1101', '1102', '1103', '1039', '1097', '1098', '1099', '1035', '1112', '1111', '1100'], '1109': ['1109'], '1153': ['1153'], '1113': ['1113', '1114', '1115'], '1154': ['1154'], '1155': ['1155'], '1108': ['1108'], '1104': ['1104'], '1038': ['1038', '1048', '1068', '1034', '1067'], '1054': ['1054'], '1030': ['1030', '1046', '1069', '1047', '1070'], '1089': ['1089'], '1036': ['1036'], '1092': ['1092'], '1150': ['1150'], '1093': ['1093'], '1094': ['1094'], '1145': ['1145'], '1151': ['1151'], '1144': ['1144'], '1149': ['1149'], '1037': ['1037'], '1044': ['1044'], '1087': ['1087'], '1088': ['1088', '1142', '1141', '1143'], '1090': ['1090'], '1091': ['1091'], '1062': ['1062'], '1117': ['1117', '1118', '1116', '1119', '1120'], '1146': ['1146'], '1152': ['1152'], '1073': ['1073'], '1140': ['1140'], '1132': ['1132'], '1130': ['1130'], '1134': ['1134'], '1133': ['1133']})"
54,"defaultdict(<class 'list'>, {'1040': ['1040', '1080', '1079', '1081', '1078'], '1095': ['1095'], '1082': ['1082'], '1084': ['1084'], '1096': ['1096', '1138', '1135', '1137', '1139'], '1136': ['1136'], '1041': ['1041', '1126', '1125', '1043', '1121', '1122', '1123', '1045', '1124'], '1127': ['1127'], '1128': ['1128', '1131', '1132', '1130', '1133'], '1129': ['1129'], '1032': ['1032', '1160', '1147', '1161', '1145', '1146', '1162'], '1052': ['1052', '1051', '1053', '1049', '1050'], '1063': ['1063', '1071', '1066', '1067'], '1055': ['1055'], '1057': ['1057', '1060', '1061', '1058', '1059', '1105', '1106', '1113', '1107'], '1148': ['1148'], '1158': ['1158'], '1056': ['1056'], '1072': ['1072', '1075', '1076', '1073', '1074'], '1157': ['1157'], '1159': ['1159'], '1033': ['1033', '1153', '1154', '1036', '1150', '1151', '1152', '1155'], '1101': ['1101', '1108', '1100'], '1109': ['1109'], '1102': ['1102'], '1103': ['1103', '1104'], '1110': ['1110', '1039', '1097', '1098', '1099', '1035', '1112', '1111', '1117'], '1114': ['1114'], '1156': ['1156'], '1038': ['1038'], '1048': ['1048'], '1054': ['1054'], '1068': ['1068'], '1034': ['1034'], '1030': ['1030', '1046', '1069', '1047', '1070'], '1064': ['1064'], '1065': ['1065'], '1031': ['1031'], '1042': ['1042'], '1083': ['1083'], '1085': ['1085'], '1086': ['1086', '1087', '1088', '1141', '1143'], '1089': ['1089', '1092', '1044', '1090', '1091'], '1093': ['1093', '1094', '1144', '1149', '1037'], '1142': ['1142'], '1115': ['1115'], '1062': ['1062'], '1077': ['1077'], '1118': ['1118'], '1116': ['1116'], '1140': ['1140'], '1119': ['1119'], '1120': ['1120'], '1134': ['1134']})"
54,"defaultdict(<class 'list'>, {'1040': ['1040', '1080', '1079', '1081', '1078', '1095', '1082', '1084', '1042', '1083', '1085', '1096'], '1136': ['1136'], '1138': ['1138'], '1041': ['1041', '1126', '1125', '1127', '1128', '1124', '1122', '1123', '1045'], '1129': ['1129'], '1131': ['1131'], '1032': ['1032', '1160', '1161', '1162', '1146'], '1052': ['1052', '1053'], '1063': ['1063'], '1051': ['1051', '1055', '1056', '1049', '1050'], '1057': ['1057', '1060', '1061', '1058', '1059'], '1071': ['1071'], '1147': ['1147', '1148', '1158', '1157', '1159', '1156', '1033', '1153', '1154', '1155', '1152', '1109'], '1066': ['1066'], '1072': ['1072'], '1101': ['1101', '1102', '1098', '1099', '1100'], '1103': ['1103'], '1105': ['1105'], '1106': ['1106'], '1113': ['1113'], '1108': ['1108'], '1110': ['1110'], '1104': ['1104'], '1107': ['1107'], '1114': ['1114', '1030', '1046', '1069', '1064', '1065', '1070', '1031', '1047'], '1038': ['1038', '1048', '1068', '1034', '1067'], '1054': ['1054', '1062'], '1039': ['1039', '1097', '1112', '1035', '1111'], '1086': ['1086'], '1089': ['1089'], '1043': ['1043'], '1121': ['1121'], '1036': ['1036', '1092', '1145', '1144'], '1150': ['1150'], '1093': ['1093', '1094', '1151', '1149', '1037'], '1044': ['1044'], '1087': ['1087'], '1088': ['1088', '1142', '1141', '1143', '1140'], '1090': ['1090'], '1091': ['1091'], '1115': ['1115'], '1077': ['1077', '1075', '1076', '1073', '1074'], '1117': ['1117'], '1118': ['1118'], '1116': ['1116'], '1135': ['1135'], '1137': ['1137'], '1139': ['1139'], '1119': ['1119'], '1120': ['1120'], '1132': ['1132'], '1130': ['1130'], '1134': ['1134'], '1133': ['1133']})"
54,"defaultdict(<class 'list'>, {'1040': ['1040', '1080', '1081', '1082', '1078'], '1079': ['1079', '1077', '1075', '1076', '1074'], '1095': ['1095'], '1084': ['1084', '1042', '1085', '1086', '1089', '1044', '1087', '1090', '1091'], '1096': ['1096', '1138', '1135', '1137', '1139'], '1136': ['1136'], '1041': ['1041'], '1126': ['1126'], '1125': ['1125'], '1127': ['1127'], '1128': ['1128', '1131', '1132', '1130', '1133', '1129', '1120', '1134'], '1032': ['1032', '1160', '1161', '1162', '1146'], '1052': ['1052', '1053', '1049', '1050', '1054'], '1063': ['1063'], '1051': ['1051'], '1055': ['1055'], '1057': ['1057', '1060', '1061', '1062', '1073'], '1071': ['1071'], '1147': ['1147', '1148', '1158', '1157', '1159'], '1066': ['1066', '1067', '1064', '1065', '1031'], '1056': ['1056'], '1072': ['1072'], '1033': ['1033', '1153', '1154', '1155', '1152'], '1101': ['1101'], '1109': ['1109'], '1102': ['1102'], '1103': ['1103'], '1105': ['1105', '1106', '1107', '1058', '1059'], '1113': ['1113'], '1108': ['1108'], '1110': ['1110'], '1104': ['1104', '1030', '1046', '1047', '1117'], '1114': ['1114', '1115', '1118', '1116', '1119'], '1156': ['1156'], '1038': ['1038'], '1048': ['1048'], '1068': ['1068'], '1039': ['1039', '1097', '1098', '1099', '1035'], '1112': ['1112'], '1100': ['1100'], '1034': ['1034'], '1111': ['1111'], '1069': ['1069'], '1070': ['1070'], '1083': ['1083'], '1043': ['1043', '1121', '1122', '1123', '1045'], '1124': ['1124'], '1036': ['1036', '1092', '1150', '1093', '1094', '1151', '1149', '1037', '1144'], '1145': ['1145'], '1088': ['1088'], '1142': ['1142'], '1141': ['1141'], '1143': ['1143'], '1140': ['1140']})"
54,"defaultdict(<class 'list'>, {'1040': ['1040', '1080', '1079', '1081', '1078'], '1095': ['1095'], '1082': ['1082'], '1084': ['1084'], '1096': ['1096'], '1136': ['1136', '1133'], '1138': ['1138'], '1041': ['1041'], '1126': ['1126'], '1125': ['1125'], '1127': ['1127'], '1128': ['1128', '1129', '1132', '1130', '1134'], '1131': ['1131'], '1032': ['1032', '1160', '1161', '1162', '1146', '1147', '1148', '1158', '1156', '1157', '1159'], '1052': ['1052'], '1063': ['1063', '1057', '1071', '1066'], '1051': ['1051'], '1055': ['1055'], '1060': ['1060'], '1053': ['1053'], '1056': ['1056'], '1061': ['1061'], '1072': ['1072'], '1033': ['1033', '1153', '1154', '1155', '1152', '1109'], '1101': ['1101', '1102', '1098', '1099', '1100'], '1103': ['1103', '1104', '1030', '1046', '1047'], '1105': ['1105', '1106', '1107', '1058', '1059'], '1113': ['1113'], '1108': ['1108'], '1110': ['1110'], '1114': ['1114'], '1038': ['1038', '1048', '1068', '1034', '1067'], '1049': ['1049'], '1050': ['1050'], '1054': ['1054'], '1039': ['1039', '1097', '1112', '1035', '1111'], '1069': ['1069', '1064', '1065', '1070', '1031'], '1042': ['1042'], '1083': ['1083'], '1085': ['1085'], '1086': ['1086', '1089', '1044', '1087', '1090'], '1043': ['1043', '1121', '1122', '1123', '1045'], '1124': ['1124'], '1036': ['1036', '1092', '1150', '1093', '1094', '1151', '1149', '1037', '1144'], '1145': ['1145'], '1088': ['1088', '1142', '1141', '1143', '1140'], '1091': ['1091'], '1115': ['1115'], '1062': ['1062'], '1077': ['1077', '1075', '1076', '1073', '1074'], '1117': ['1117', '1118', '1116', '1119', '1120'], '1135': ['1135'], '1137': ['1137'], '1139': ['1139']})"
54,"defaultdict(<class 'list'>, {'1040': ['1040', '1080', '1081', '1082', '1078', '1079', '1084', '1042', '1083'], '1095': ['1095'], '1096': ['1096', '1138', '1135', '1137', '1139'], '1136': ['1136'], '1041': ['1041'], '1126': ['1126', '1125', '1127', '1128', '1124'], '1129': ['1129', '1131', '1120', '1130', '1134'], '1032': ['1032', '1160', '1147', '1161', '1145', '1146', '1148', '1158', '1157', '1159', '1156', '1162'], '1052': ['1052'], '1063': ['1063'], '1051': ['1051'], '1055': ['1055'], '1057': ['1057', '1060', '1061', '1105', '1106', '1107', '1058', '1059', '1113'], '1071': ['1071'], '1053': ['1053'], '1066': ['1066'], '1056': ['1056', '1077', '1075', '1076', '1074'], '1072': ['1072'], '1033': ['1033', '1153', '1154', '1155', '1152'], '1101': ['1101', '1102', '1098', '1099', '1100', '1103', '1039', '1097', '1035'], '1109': ['1109'], '1108': ['1108'], '1110': ['1110', '1111', '1064', '1065', '1031'], '1104': ['1104'], '1114': ['1114'], '1038': ['1038', '1048', '1068', '1034', '1067'], '1049': ['1049'], '1050': ['1050'], '1054': ['1054'], '1112': ['1112'], '1030': ['1030'], '1046': ['1046'], '1069': ['1069'], '1047': ['1047'], '1070': ['1070'], '1085': ['1085'], '1086': ['1086', '1089', '1044', '1087', '1090'], '1043': ['1043', '1121', '1122', '1123', '1045'], '1036': ['1036'], '1092': ['1092'], '1150': ['1150'], '1093': ['1093', '1094', '1151', '1149', '1037'], '1144': ['1144'], '1088': ['1088', '1142', '1141', '1143', '1140'], '1091': ['1091'], '1115': ['1115'], '1062': ['1062'], '1117': ['1117'], '1118': ['1118'], '1073': ['1073'], '1116': ['1116'], '1119': ['1119'], '1132': ['1132'], '1133': ['1133']})"
54,"defaultdict(<class 'list'>, {'1040': ['1040', '1080', '1081', '1095', '1082', '1084', '1042', '1083', '1085', '1079', '1077', '1078'], '1096': ['1096', '1138', '1135', '1137', '1139'], '1136': ['1136'], '1041': ['1041'], '1126': ['1126'], '1125': ['1125'], '1127': ['1127'], '1128': ['1128', '1129', '1132', '1130', '1134', '1131', '1133'], '1032': ['1032', '1052', '1051', '1053', '1049', '1050', '1063', '1055', '1054'], '1160': ['1160', '1147', '1161', '1162', '1146', '1036', '1092', '1145'], '1057': ['1057', '1060', '1061', '1058', '1059'], '1071': ['1071'], '1148': ['1148', '1158', '1157', '1159', '1156', '1153', '1154', '1155', '1152'], '1066': ['1066'], '1056': ['1056'], '1072': ['1072', '1075', '1076', '1073', '1074'], '1033': ['1033'], '1101': ['1101'], '1109': ['1109'], '1102': ['1102'], '1103': ['1103'], '1105': ['1105'], '1106': ['1106'], '1113': ['1113'], '1108': ['1108'], '1110': ['1110'], '1104': ['1104'], '1107': ['1107'], '1114': ['1114'], '1038': ['1038', '1048', '1068', '1034', '1067'], '1039': ['1039', '1097', '1098', '1099', '1035'], '1112': ['1112'], '1100': ['1100'], '1111': ['1111'], '1030': ['1030'], '1046': ['1046'], '1069': ['1069', '1064', '1065', '1070', '1031'], '1047': ['1047'], '1086': ['1086', '1089', '1044', '1087', '1090'], '1043': ['1043', '1121', '1122', '1123', '1045'], '1124': ['1124'], '1150': ['1150'], '1093': ['1093'], '1094': ['1094'], '1151': ['1151'], '1144': ['1144'], '1149': ['1149'], '1037': ['1037'], '1088': ['1088', '1142', '1141', '1143'], '1091': ['1091'], '1115': ['1115'], '1062': ['1062'], '1117': ['1117', '1118', '1116', '1119', '1120'], '1140': ['1140']})"
54,"defaultdict(<class 'list'>, {'1040': ['1040', '1080', '1081', '1082', '1084', '1042', '1083', '1085', '1078', '1079', '1095', '1136'], '1096': ['1096', '1138', '1135', '1137', '1139'], '1041': ['1041', '1126', '1125', '1127', '1128', '1124', '1131', '1043', '1121', '1122', '1123', '1045'], '1129': ['1129'], '1032': ['1032', '1052', '1063', '1053', '1049'], '1160': ['1160'], '1051': ['1051', '1055', '1056', '1075', '1076'], '1057': ['1057', '1060', '1071', '1072'], '1147': ['1147'], '1148': ['1148', '1158', '1157', '1159', '1156'], '1161': ['1161'], '1066': ['1066'], '1061': ['1061', '1062', '1073', '1074'], '1162': ['1162'], '1033': ['1033', '1153', '1154', '1155', '1152'], '1101': ['1101'], '1109': ['1109'], '1102': ['1102', '1103', '1104', '1098', '1099'], '1105': ['1105', '1106', '1107', '1058', '1059'], '1113': ['1113'], '1108': ['1108'], '1110': ['1110'], '1114': ['1114'], '1038': ['1038'], '1048': ['1048'], '1050': ['1050'], '1054': ['1054'], '1068': ['1068'], '1039': ['1039', '1097', '1112', '1035', '1111'], '1100': ['1100'], '1034': ['1034'], '1067': ['1067'], '1030': ['1030'], '1046': ['1046'], '1069': ['1069'], '1064': ['1064'], '1065': ['1065'], '1047': ['1047'], '1070': ['1070'], '1031': ['1031'], '1086': ['1086', '1089', '1087', '1090', '1091'], '1036': ['1036', '1092', '1150', '1151', '1149'], '1093': ['1093', '1094', '1144', '1037'], '1145': ['1145'], '1044': ['1044'], '1088': ['1088', '1142', '1141', '1143', '1140'], '1115': ['1115'], '1077': ['1077'], '1117': ['1117', '1118', '1116', '1119', '1120'], '1146': ['1146'], '1132': ['1132'], '1130': ['1130'], '1134': ['1134'], '1133': ['1133']})"
54,"defaultdict(<class 'list'>, {'1040': ['1040'], '1080': ['1080', '1079', '1077', '1076', '1078'], '1081': ['1081'], '1095': ['1095'], '1082': ['1082', '1084', '1042', '1083', '1085'], '1096': ['1096', '1138', '1135', '1137', '1139'], '1136': ['1136'], '1041': ['1041'], '1126': ['1126'], '1125': ['1125'], '1127': ['1127'], '1128': ['1128', '1129', '1132', '1130', '1134', '1131', '1120', '1133'], '1032': ['1032', '1052', '1063', '1053', '1049', '1051', '1055', '1050', '1054'], '1160': ['1160'], '1057': ['1057'], '1060': ['1060'], '1071': ['1071'], '1147': ['1147'], '1148': ['1148', '1158', '1157', '1159', '1156'], '1161': ['1161'], '1066': ['1066', '1110', '1111', '1064', '1065', '1031'], '1056': ['1056'], '1061': ['1061', '1062', '1075', '1073', '1074'], '1072': ['1072'], '1162': ['1162'], '1033': ['1033', '1153', '1154', '1155', '1152'], '1101': ['1101', '1102', '1098', '1099', '1100'], '1109': ['1109'], '1103': ['1103'], '1105': ['1105', '1106', '1107', '1058', '1059'], '1113': ['1113'], '1108': ['1108'], '1104': ['1104', '1117', '1118', '1116', '1119'], '1114': ['1114'], '1038': ['1038', '1048', '1068', '1034', '1067'], '1039': ['1039'], '1097': ['1097'], '1112': ['1112'], '1035': ['1035'], '1030': ['1030', '1046', '1069', '1047', '1070'], '1086': ['1086', '1089', '1044', '1087', '1090'], '1043': ['1043', '1121', '1122', '1123', '1045'], '1124': ['1124'], '1036': ['1036'], '1092': ['1092'], '1150': ['1150'], '1093': ['1093', '1094', '1151', '1149', '1037'], '1145': ['1145'], '1144': ['1144'], '1088': ['1088', '1142', '1141', '1143'], '1091': ['1091'], '1115': ['1115'], '1146': ['1146'], '1140': ['1140']})"
54,"defaultdict(<class 'list'>, {'1040': ['1040'], '1080': ['1080', '1079', '1077', '1076', '1078'], '1081': ['1081', '1095', '1082', '1084', '1042', '1083', '1085', '1096'], '1136': ['1136'], '1138': ['1138'], '1041': ['1041', '1126', '1125', '1127', '1124', '1129', '1122', '1123', '1045', '1043', '1121'], '1128': ['1128', '1131', '1132', '1130', '1133'], '1032': ['1032', '1160', '1161', '1162', '1146', '1147', '1148', '1158', '1157', '1159', '1155', '1156'], '1052': ['1052'], '1063': ['1063'], '1051': ['1051', '1038', '1048', '1068', '1034', '1067', '1049', '1050'], '1055': ['1055'], '1057': ['1057', '1060', '1071', '1058', '1059'], '1053': ['1053'], '1066': ['1066', '1110', '1064', '1065', '1031'], '1056': ['1056'], '1061': ['1061', '1062', '1075', '1073', '1074'], '1072': ['1072'], '1033': ['1033', '1101', '1102', '1103', '1104', '1098', '1099', '1100'], '1109': ['1109'], '1153': ['1153'], '1105': ['1105'], '1106': ['1106'], '1113': ['1113'], '1154': ['1154'], '1108': ['1108'], '1107': ['1107'], '1114': ['1114', '1115', '1118', '1116', '1119'], '1054': ['1054'], '1039': ['1039'], '1097': ['1097'], '1112': ['1112'], '1035': ['1035'], '1111': ['1111'], '1030': ['1030', '1046', '1069', '1047', '1070'], '1086': ['1086', '1087', '1088', '1141', '1143', '1142'], '1089': ['1089', '1149', '1044', '1090', '1091'], '1036': ['1036'], '1092': ['1092'], '1150': ['1150'], '1093': ['1093'], '1094': ['1094'], '1145': ['1145'], '1151': ['1151'], '1144': ['1144'], '1037': ['1037'], '1117': ['1117'], '1152': ['1152'], '1135': ['1135'], '1137': ['1137'], '1140': ['1140'], '1139': ['1139'], '1120': ['1120'], '1134': ['1134']})"
54,"defaultdict(<class 'list'>, {'1040': ['1040', '1080', '1081', '1082', '1078', '1079', '1095', '1096', '1083'], '1084': ['1084', '1042', '1085', '1086', '1089', '1044', '1087', '1090', '1091'], '1136': ['1136'], '1138': ['1138'], '1041': ['1041', '1126', '1125', '1127', '1124'], '1128': ['1128', '1129', '1132', '1130', '1134'], '1131': ['1131'], '1032': ['1032', '1160', '1147', '1161', '1145', '1146', '1162'], '1052': ['1052', '1053', '1049', '1050', '1054'], '1063': ['1063'], '1051': ['1051'], '1055': ['1055'], '1057': ['1057', '1060', '1071', '1061', '1072'], '1148': ['1148'], '1158': ['1158'], '1066': ['1066', '1038', '1048', '1068', '1034', '1067', '1064', '1065', '1031'], '1056': ['1056', '1077', '1075', '1076', '1074'], '1157': ['1157'], '1159': ['1159'], '1033': ['1033', '1109', '1105', '1106', '1107', '1058', '1059', '1113'], '1101': ['1101', '1102', '1098', '1099', '1100', '1103', '1039', '1097', '1035'], '1153': ['1153', '1154', '1155', '1156', '1152'], '1108': ['1108'], '1110': ['1110'], '1104': ['1104'], '1114': ['1114', '1115', '1118', '1116', '1119'], '1112': ['1112'], '1111': ['1111'], '1030': ['1030'], '1046': ['1046'], '1069': ['1069'], '1047': ['1047'], '1070': ['1070'], '1043': ['1043'], '1121': ['1121'], '1122': ['1122'], '1123': ['1123'], '1036': ['1036'], '1092': ['1092'], '1150': ['1150'], '1093': ['1093', '1094', '1151', '1149', '1037'], '1144': ['1144'], '1088': ['1088'], '1142': ['1142', '1137', '1139'], '1141': ['1141'], '1143': ['1143'], '1045': ['1045'], '1062': ['1062'], '1117': ['1117'], '1073': ['1073'], '1135': ['1135'], '1140': ['1140'], '1120': ['1120'], '1133': ['1133']})"
54,"defaultdict(<class 'list'>, {'1040': ['1040'], '1080': ['1080', '1079', '1077', '1076', '1078'], '1081': ['1081'], '1095': ['1095'], '1082': ['1082', '1084', '1042', '1083', '1085'], '1096': ['1096', '1138', '1135', '1137', '1139'], '1136': ['1136'], '1041': ['1041', '1126', '1125', '1127', '1124'], '1128': ['1128', '1131', '1132', '1130', '1133', '1129', '1120', '1134'], '1032': ['1032', '1052', '1053', '1049', '1050', '1054', '1063', '1051', '1055'], '1160': ['1160'], '1057': ['1057', '1060', '1061', '1105', '1106', '1107', '1058', '1059', '1113'], '1071': ['1071'], '1147': ['1147'], '1148': ['1148'], '1158': ['1158', '1157', '1159', '1033', '1153', '1154', '1155', '1152', '1156'], '1161': ['1161'], '1066': ['1066'], '1056': ['1056', '1104', '1030', '1046', '1047'], '1072': ['1072'], '1162': ['1162'], '1101': ['1101', '1102', '1098', '1099', '1100'], '1109': ['1109'], '1103': ['1103'], '1108': ['1108'], '1110': ['1110'], '1114': ['1114'], '1038': ['1038', '1048', '1068', '1034', '1067'], '1039': ['1039', '1097', '1112', '1035', '1111'], '1069': ['1069'], '1064': ['1064'], '1065': ['1065'], '1070': ['1070'], '1031': ['1031'], '1086': ['1086', '1089', '1044', '1087', '1090'], '1043': ['1043', '1121', '1122', '1123', '1045'], '1036': ['1036'], '1092': ['1092', '1150', '1093', '1094', '1151', '1149', '1037', '1145', '1144'], '1088': ['1088'], '1142': ['1142'], '1141': ['1141'], '1091': ['1091'], '1143': ['1143'], '1115': ['1115'], '1062': ['1062'], '1117': ['1117'], '1146': ['1146'], '1075': ['1075'], '1118': ['1118'], '1073': ['1073'], '1074': ['1074'], '1116': ['1116'], '1140': ['1140'], '1119': ['1119']})"
54,"defaultdict(<class 'list'>, {'1040': ['1040', '1080', '1079', '1081', '1078', '1095', '1082', '1084', '1042', '1083', '1085', '1086'], '1096': ['1096', '1138', '1135', '1137', '1139', '1136', '1088', '1142', '1141', '1143', '1140'], '1041': ['1041', '1126', '1125', '1127', '1124'], '1128': ['1128', '1131', '1132', '1130', '1133'], '1129': ['1129'], '1032': ['1032'], '1052': ['1052'], '1063': ['1063'], '1160': ['1160'], '1051': ['1051'], '1055': ['1055'], '1057': ['1057', '1060', '1071', '1061', '1072'], '1147': ['1147', '1036', '1092', '1145', '1146'], '1148': ['1148'], '1158': ['1158'], '1161': ['1161'], '1053': ['1053'], '1066': ['1066'], '1056': ['1056', '1077', '1075', '1076', '1074'], '1157': ['1157'], '1159': ['1159'], '1162': ['1162'], '1033': ['1033', '1153', '1154', '1155', '1151', '1152', '1156'], '1101': ['1101', '1102', '1098', '1099', '1100', '1103', '1039', '1097', '1035'], '1109': ['1109'], '1105': ['1105', '1106', '1107', '1058', '1059', '1113', '1108', '1114', '1115'], '1110': ['1110', '1111', '1064', '1065', '1031'], '1104': ['1104'], '1038': ['1038', '1048', '1068', '1034', '1067'], '1049': ['1049'], '1050': ['1050'], '1054': ['1054'], '1112': ['1112'], '1030': ['1030'], '1046': ['1046'], '1069': ['1069'], '1047': ['1047'], '1070': ['1070'], '1089': ['1089'], '1043': ['1043'], '1121': ['1121'], '1122': ['1122'], '1123': ['1123'], '1150': ['1150'], '1093': ['1093', '1094', '1144', '1149', '1037'], '1044': ['1044'], '1087': ['1087'], '1090': ['1090'], '1091': ['1091'], '1045': ['1045'], '1062': ['1062'], '1117': ['1117', '1118', '1116', '1119', '1120'], '1073': ['1073'], '1134': ['1134']})"
54,"defaultdict(<class 'list'>, {'1040': ['1040', '1080', '1079', '1081', '1078', '1077', '1075', '1076', '1074'], '1095': ['1095'], '1082': ['1082'], '1084': ['1084'], '1096': ['1096', '1138', '1135', '1137', '1139'], '1136': ['1136'], '1041': ['1041'], '1126': ['1126'], '1125': ['1125'], '1127': ['1127'], '1128': ['1128', '1129', '1132', '1130', '1134', '1131', '1133'], '1032': ['1032', '1160', '1161', '1162', '1146', '1147', '1148', '1158', '1157', '1159', '1156', '1145'], '1052': ['1052'], '1063': ['1063'], '1051': ['1051', '1055', '1056', '1049', '1050'], '1057': ['1057', '1060', '1071', '1061', '1105', '1106', '1107', '1058', '1059'], '1053': ['1053', '1054', '1062'], '1066': ['1066'], '1072': ['1072', '1070', '1073'], '1033': ['1033', '1109', '1153', '1155', '1152'], '1101': ['1101', '1102', '1098', '1099', '1100'], '1103': ['1103'], '1113': ['1113', '1114', '1115'], '1154': ['1154'], '1108': ['1108'], '1110': ['1110'], '1104': ['1104'], '1038': ['1038', '1048', '1068', '1034', '1067'], '1039': ['1039', '1097', '1112', '1035', '1111'], '1030': ['1030', '1046', '1069', '1047', '1031'], '1064': ['1064'], '1065': ['1065'], '1042': ['1042'], '1083': ['1083'], '1085': ['1085'], '1086': ['1086'], '1089': ['1089'], '1043': ['1043'], '1121': ['1121'], '1122': ['1122'], '1123': ['1123'], '1124': ['1124'], '1036': ['1036', '1092', '1150', '1151', '1149'], '1093': ['1093'], '1094': ['1094'], '1144': ['1144'], '1037': ['1037'], '1044': ['1044'], '1087': ['1087'], '1088': ['1088', '1142', '1141', '1143', '1140'], '1090': ['1090'], '1091': ['1091'], '1045': ['1045'], '1117': ['1117', '1118', '1116', '1119', '1120']})"
54,"defaultdict(<class 'list'>, {'1040': ['1040', '1080', '1081', '1078'], '1079': ['1079', '1077', '1075', '1076', '1074'], '1095': ['1095'], '1082': ['1082', '1084', '1042', '1085', '1086', '1087', '1083', '1089', '1044'], '1096': ['1096', '1138', '1135', '1137', '1139'], '1136': ['1136'], '1041': ['1041', '1126', '1125', '1127', '1124'], '1128': ['1128', '1131', '1132', '1130', '1133'], '1129': ['1129'], '1032': ['1032', '1160', '1161', '1162', '1146'], '1052': ['1052'], '1063': ['1063'], '1051': ['1051'], '1055': ['1055'], '1057': ['1057', '1060', '1061', '1062', '1073'], '1071': ['1071'], '1147': ['1147'], '1148': ['1148', '1158', '1157', '1159', '1156'], '1053': ['1053'], '1066': ['1066'], '1056': ['1056'], '1072': ['1072'], '1033': ['1033'], '1101': ['1101', '1102', '1098', '1099', '1100'], '1109': ['1109'], '1153': ['1153'], '1103': ['1103', '1104', '1030', '1046', '1047'], '1105': ['1105', '1106', '1107', '1058', '1059'], '1113': ['1113'], '1154': ['1154'], '1155': ['1155'], '1108': ['1108'], '1110': ['1110', '1111', '1064', '1065', '1031'], '1114': ['1114'], '1038': ['1038', '1048', '1068', '1034', '1067'], '1049': ['1049'], '1050': ['1050'], '1054': ['1054'], '1039': ['1039', '1097', '1112', '1035', '1117'], '1069': ['1069'], '1070': ['1070'], '1043': ['1043', '1121', '1122', '1123', '1045'], '1036': ['1036'], '1092': ['1092'], '1150': ['1150'], '1093': ['1093', '1094', '1151', '1149', '1037'], '1145': ['1145'], '1144': ['1144'], '1088': ['1088', '1142', '1141', '1143', '1140'], '1090': ['1090'], '1091': ['1091'], '1115': ['1115', '1118', '1116', '1119', '1120'], '1152': ['1152'], '1134': ['1134']})"
54,"defaultdict(<class 'list'>, {'1040': ['1040', '1080', '1079', '1077', '1076', '1078', '1081', '1082', '1083'], '1095': ['1095'], '1084': ['1084'], '1096': ['1096', '1138', '1135', '1137', '1139'], '1136': ['1136'], '1041': ['1041', '1126', '1125', '1127', '1124'], '1128': ['1128', '1131', '1132', '1130', '1133'], '1129': ['1129'], '1032': ['1032', '1160', '1161', '1162', '1146'], '1052': ['1052'], '1063': ['1063'], '1051': ['1051', '1055', '1056', '1049', '1050'], '1057': ['1057', '1060', '1061', '1105', '1106', '1107', '1058', '1059', '1113'], '1071': ['1071'], '1147': ['1147'], '1148': ['1148', '1158', '1157', '1159', '1156'], '1053': ['1053', '1038', '1048', '1054', '1034'], '1066': ['1066'], '1072': ['1072'], '1033': ['1033', '1101', '1109', '1153', '1100', '1154', '1155', '1152'], '1102': ['1102'], '1103': ['1103'], '1108': ['1108'], '1110': ['1110', '1111', '1064', '1065', '1031'], '1104': ['1104'], '1114': ['1114'], '1068': ['1068'], '1039': ['1039', '1097', '1112', '1035', '1117'], '1098': ['1098'], '1099': ['1099'], '1067': ['1067'], '1030': ['1030', '1046', '1069', '1047', '1070'], '1042': ['1042'], '1085': ['1085'], '1086': ['1086', '1089', '1044', '1087', '1090'], '1043': ['1043', '1121', '1122', '1123', '1045'], '1036': ['1036'], '1092': ['1092'], '1150': ['1150'], '1093': ['1093', '1094', '1151', '1149', '1037'], '1145': ['1145'], '1144': ['1144'], '1088': ['1088', '1142', '1141', '1143', '1140'], '1091': ['1091'], '1115': ['1115'], '1062': ['1062'], '1075': ['1075'], '1118': ['1118'], '1073': ['1073'], '1074': ['1074'], '1116': ['1116'], '1119': ['1119'], '1120': ['1120'], '1134': ['1134']})"
54,"defaultdict(<class 'list'>, {'1040': ['1040', '1080', '1079', '1081', '1078'], '1095': ['1095'], '1082': ['1082'], '1084': ['1084'], '1096': ['1096'], '1136': ['1136'], '1138': ['1138'], '1041': ['1041'], '1126': ['1126', '1125', '1127', '1128', '1124'], '1129': ['1129', '1131', '1120', '1130', '1134'], '1032': ['1032', '1160', '1161', '1162', '1146'], '1052': ['1052', '1053', '1049', '1050', '1054', '1051', '1055', '1061', '1062'], '1063': ['1063'], '1057': ['1057'], '1060': ['1060'], '1071': ['1071'], '1147': ['1147'], '1148': ['1148', '1158', '1157', '1159', '1153', '1154', '1155', '1156', '1152'], '1066': ['1066'], '1056': ['1056'], '1072': ['1072'], '1033': ['1033', '1101', '1102', '1103', '1100'], '1109': ['1109'], '1105': ['1105'], '1106': ['1106'], '1113': ['1113'], '1108': ['1108', '1107', '1115', '1116', '1119'], '1110': ['1110'], '1104': ['1104'], '1114': ['1114'], '1038': ['1038', '1048', '1068', '1034', '1067'], '1039': ['1039', '1097', '1098', '1099', '1035', '1112', '1111', '1117', '1118'], '1030': ['1030', '1046', '1069', '1047', '1070'], '1058': ['1058'], '1059': ['1059'], '1064': ['1064'], '1065': ['1065'], '1031': ['1031'], '1042': ['1042'], '1083': ['1083'], '1085': ['1085'], '1086': ['1086', '1089', '1044', '1087', '1090'], '1043': ['1043', '1121', '1122', '1123', '1045'], '1036': ['1036', '1092', '1150', '1145'], '1093': ['1093', '1094', '1151', '1149', '1037'], '1144': ['1144'], '1088': ['1088', '1142', '1141', '1143', '1139'], '1091': ['1091'], '1077': ['1077', '1075', '1076', '1073', '1074'], '1135': ['1135'], '1137': ['1137'], '1140': ['1140'], '1132': ['1132'], '1133': ['1133']})"
54,"defaultdict(<class 'list'>, {'1040': ['1040', '1080', '1081', '1082', '1078', '1084', '1042', '1083', '1085'], '1079': ['1079'], '1095': ['1095'], '1096': ['1096', '1138', '1135', '1137', '1139', '1136', '1088', '1142', '1141', '1143', '1140'], '1041': ['1041', '1126', '1125', '1127', '1124'], '1128': ['1128', '1131', '1132', '1130', '1133', '1129', '1120', '1134'], '1032': ['1032', '1063', '1071', '1066', '1067'], '1052': ['1052'], '1160': ['1160', '1147', '1161', '1162', '1146'], '1051': ['1051'], '1055': ['1055'], '1057': ['1057', '1060', '1061', '1058', '1059'], '1148': ['1148'], '1158': ['1158'], '1053': ['1053', '1038', '1048', '1054', '1034'], '1056': ['1056'], '1072': ['1072'], '1157': ['1157'], '1159': ['1159'], '1033': ['1033', '1153', '1154', '1155', '1152'], '1101': ['1101'], '1109': ['1109'], '1102': ['1102'], '1103': ['1103'], '1105': ['1105', '1106', '1113', '1107', '1114', '1108', '1115', '1116'], '1110': ['1110'], '1104': ['1104'], '1156': ['1156'], '1049': ['1049'], '1050': ['1050'], '1068': ['1068'], '1039': ['1039', '1097', '1098', '1099', '1035', '1112', '1111', '1117', '1118'], '1100': ['1100'], '1030': ['1030'], '1046': ['1046'], '1069': ['1069', '1064', '1065', '1070', '1031'], '1047': ['1047'], '1086': ['1086', '1089', '1087', '1090', '1091'], '1043': ['1043'], '1121': ['1121'], '1122': ['1122'], '1123': ['1123'], '1036': ['1036', '1092', '1150', '1151', '1149'], '1093': ['1093', '1094', '1144', '1037'], '1145': ['1145'], '1044': ['1044'], '1045': ['1045'], '1062': ['1062'], '1077': ['1077'], '1075': ['1075'], '1076': ['1076'], '1073': ['1073'], '1074': ['1074'], '1119': ['1119']})"
55,"defaultdict(<class 'list'>, {'1040': ['1040', '1080', '1079', '1081', '1078', '1095', '1082', '1084', '1042', '1083', '1085', '1096'], '1136': ['1136'], '1138': ['1138'], '1041': ['1041', '1126', '1125', '1127', '1124', '1131', '1122', '1123', '1045'], '1128': ['1128', '1129', '1132', '1130', '1134'], '1032': ['1032', '1052', '1063', '1053', '1049', '1160', '1161', '1162', '1146'], '1051': ['1051', '1055', '1056', '1050'], '1057': ['1057'], '1060': ['1060'], '1071': ['1071'], '1147': ['1147'], '1148': ['1148', '1158', '1157', '1159', '1156'], '1066': ['1066'], '1061': ['1061'], '1072': ['1072'], '1033': ['1033', '1109', '1153', '1155', '1152'], '1101': ['1101'], '1102': ['1102'], '1103': ['1103'], '1105': ['1105', '1106', '1107', '1058', '1059'], '1113': ['1113'], '1154': ['1154'], '1108': ['1108'], '1110': ['1110', '1111', '1064', '1065', '1031'], '1104': ['1104'], '1114': ['1114'], '1038': ['1038', '1048', '1068', '1034', '1067'], '1054': ['1054'], '1039': ['1039'], '1097': ['1097'], '1098': ['1098'], '1099': ['1099'], '1112': ['1112'], '1100': ['1100'], '1035': ['1035'], '1030': ['1030', '1046', '1069', '1047', '1070'], '1086': ['1086'], '1089': ['1089', '1092', '1044', '1090', '1091'], '1043': ['1043'], '1121': ['1121'], '1036': ['1036'], '1150': ['1150'], '1093': ['1093', '1094', '1151', '1149', '1037'], '1145': ['1145'], '1144': ['1144'], '1087': ['1087'], '1088': ['1088', '1142', '1141', '1143', '1139'], '1115': ['1115'], '1062': ['1062'], '1077': ['1077', '1075', '1076', '1073', '1074'], '1117': ['1117', '1118', '1116', '1119', '1120'], '1135': ['1135'], '1137': ['1137'], '1140': ['1140'], '1133': ['1133']})"
55,"defaultdict(<class 'list'>, {'1040': ['1040', '1080', '1081', '1082', '1078'], '1079': ['1079'], '1095': ['1095'], '1084': ['1084', '1042', '1085', '1086', '1089', '1044', '1087', '1090', '1091'], '1096': ['1096', '1136', '1135', '1137', '1140'], '1138': ['1138'], '1041': ['1041', '1126', '1125', '1127', '1124', '1129', '1122', '1123', '1045', '1043', '1121', '1134'], '1128': ['1128', '1131', '1132', '1133'], '1032': ['1032'], '1052': ['1052', '1051', '1053', '1049', '1050'], '1063': ['1063'], '1160': ['1160', '1147', '1161', '1145', '1146'], '1055': ['1055'], '1057': ['1057', '1060', '1071', '1061', '1105', '1106', '1107', '1058', '1059'], '1148': ['1148', '1158', '1157', '1159', '1156'], '1066': ['1066'], '1056': ['1056'], '1072': ['1072', '1075', '1076', '1073', '1074'], '1162': ['1162'], '1033': ['1033', '1153', '1154', '1155', '1152'], '1101': ['1101'], '1109': ['1109'], '1102': ['1102'], '1103': ['1103'], '1113': ['1113'], '1108': ['1108'], '1110': ['1110'], '1104': ['1104'], '1114': ['1114'], '1038': ['1038'], '1048': ['1048'], '1054': ['1054'], '1068': ['1068'], '1039': ['1039', '1097', '1098', '1099', '1035'], '1112': ['1112'], '1100': ['1100'], '1034': ['1034'], '1067': ['1067'], '1111': ['1111'], '1030': ['1030', '1046', '1069', '1047', '1070'], '1064': ['1064'], '1065': ['1065'], '1031': ['1031'], '1083': ['1083'], '1036': ['1036', '1092', '1150', '1151', '1149'], '1093': ['1093'], '1094': ['1094'], '1144': ['1144'], '1037': ['1037'], '1088': ['1088', '1142', '1141', '1143', '1139'], '1115': ['1115'], '1062': ['1062'], '1077': ['1077'], '1117': ['1117', '1118', '1116', '1119', '1120'], '1130': ['1130']})"
55,"defaultdict(<class 'list'>, {'1040': ['1040', '1080', '1079', '1081', '1078'], '1095': ['1095'], '1082': ['1082'], '1084': ['1084'], '1096': ['1096', '1138', '1135', '1137', '1139', '1136', '1088', '1142', '1141', '1143', '1140'], '1041': ['1041', '1126', '1125', '1127', '1124'], '1128': ['1128', '1131', '1132', '1130', '1133', '1129', '1120', '1134'], '1032': ['1032', '1160', '1161', '1162', '1146'], '1052': ['1052'], '1063': ['1063', '1057', '1071', '1066', '1067'], '1051': ['1051'], '1055': ['1055'], '1060': ['1060'], '1147': ['1147'], '1148': ['1148', '1158', '1157', '1159', '1156'], '1053': ['1053', '1038', '1048', '1054', '1034'], '1056': ['1056'], '1061': ['1061', '1062', '1075', '1073', '1074', '1076'], '1072': ['1072'], '1033': ['1033'], '1101': ['1101', '1102', '1098', '1099', '1100'], '1109': ['1109'], '1153': ['1153'], '1103': ['1103', '1104', '1030', '1046', '1047'], '1105': ['1105', '1106', '1107', '1058', '1059'], '1113': ['1113'], '1154': ['1154'], '1155': ['1155'], '1108': ['1108'], '1110': ['1110', '1039', '1097', '1112', '1111'], '1114': ['1114'], '1049': ['1049'], '1050': ['1050'], '1068': ['1068'], '1035': ['1035'], '1069': ['1069', '1064', '1065', '1070', '1031'], '1042': ['1042'], '1083': ['1083'], '1085': ['1085'], '1086': ['1086', '1089', '1044', '1087', '1090'], '1043': ['1043', '1121', '1122', '1123', '1045'], '1036': ['1036'], '1092': ['1092'], '1150': ['1150'], '1093': ['1093'], '1094': ['1094'], '1145': ['1145'], '1151': ['1151'], '1144': ['1144'], '1149': ['1149'], '1037': ['1037'], '1091': ['1091'], '1115': ['1115', '1117', '1118', '1116', '1119'], '1077': ['1077'], '1152': ['1152']})"
55,"defaultdict(<class 'list'>, {'1040': ['1040', '1080', '1081', '1095', '1082', '1084', '1042', '1083', '1085'], '1079': ['1079', '1077', '1075', '1076', '1074'], '1096': ['1096', '1138', '1135', '1137', '1139'], '1136': ['1136'], '1041': ['1041', '1126', '1125', '1127', '1043', '1121', '1122', '1123', '1045', '1124', '1128', '1132'], '1129': ['1129'], '1131': ['1131'], '1032': ['1032', '1160', '1161', '1162', '1146'], '1052': ['1052', '1051', '1055', '1056', '1049', '1050', '1053', '1054'], '1063': ['1063'], '1057': ['1057', '1060', '1061', '1105', '1106', '1107', '1058', '1059', '1062'], '1071': ['1071'], '1147': ['1147'], '1148': ['1148', '1158', '1157', '1159', '1156'], '1066': ['1066'], '1072': ['1072'], '1033': ['1033', '1153', '1154', '1155', '1152'], '1101': ['1101', '1102', '1098', '1099', '1100'], '1109': ['1109'], '1103': ['1103'], '1113': ['1113'], '1108': ['1108', '1115', '1118', '1116', '1119'], '1110': ['1110'], '1104': ['1104'], '1114': ['1114'], '1038': ['1038', '1048', '1068', '1034', '1067'], '1039': ['1039'], '1097': ['1097'], '1112': ['1112'], '1035': ['1035'], '1111': ['1111'], '1030': ['1030'], '1046': ['1046'], '1069': ['1069', '1064', '1065', '1070', '1031'], '1047': ['1047'], '1086': ['1086', '1087', '1088', '1141', '1143'], '1089': ['1089'], '1036': ['1036', '1092', '1150', '1151', '1149'], '1093': ['1093'], '1094': ['1094'], '1145': ['1145'], '1144': ['1144'], '1037': ['1037'], '1044': ['1044'], '1090': ['1090'], '1142': ['1142'], '1091': ['1091'], '1117': ['1117'], '1073': ['1073'], '1078': ['1078'], '1140': ['1140'], '1120': ['1120'], '1130': ['1130'], '1134': ['1134'], '1133': ['1133']})"
55,"defaultdict(<class 'list'>, {'1040': ['1040'], '1080': ['1080'], '1079': ['1079'], '1081': ['1081'], '1095': ['1095'], '1082': ['1082'], '1084': ['1084', '1042', '1085', '1086', '1087'], '1096': ['1096', '1136', '1135', '1137', '1140'], '1138': ['1138', '1134'], '1041': ['1041'], '1126': ['1126'], '1125': ['1125'], '1127': ['1127'], '1128': ['1128', '1131', '1132', '1130', '1133'], '1129': ['1129'], '1032': ['1032', '1052', '1063', '1053', '1049'], '1160': ['1160', '1147', '1161', '1162', '1146'], '1051': ['1051'], '1055': ['1055'], '1057': ['1057', '1060', '1061', '1058', '1059'], '1071': ['1071'], '1148': ['1148', '1158', '1157', '1159'], '1066': ['1066'], '1056': ['1056'], '1072': ['1072'], '1033': ['1033', '1101', '1102', '1098', '1099', '1100', '1103', '1108', '1107'], '1109': ['1109'], '1153': ['1153', '1154', '1155', '1156', '1152'], '1105': ['1105', '1113', '1114', '1115'], '1106': ['1106'], '1110': ['1110'], '1104': ['1104'], '1038': ['1038', '1048', '1068', '1034', '1067'], '1050': ['1050'], '1054': ['1054'], '1039': ['1039', '1097', '1112', '1035', '1111'], '1030': ['1030', '1046', '1069', '1047', '1070'], '1064': ['1064'], '1065': ['1065'], '1031': ['1031'], '1083': ['1083'], '1089': ['1089', '1149', '1044', '1090', '1091', '1093', '1094', '1037'], '1043': ['1043', '1121', '1122', '1123', '1045'], '1124': ['1124'], '1036': ['1036'], '1092': ['1092'], '1150': ['1150'], '1145': ['1145'], '1151': ['1151'], '1144': ['1144'], '1088': ['1088', '1142', '1141', '1143', '1139'], '1062': ['1062'], '1077': ['1077', '1075', '1076', '1073', '1074'], '1117': ['1117', '1118', '1116', '1119', '1120'], '1078': ['1078']})"
55,"defaultdict(<class 'list'>, {'1040': ['1040', '1080', '1079', '1081', '1078', '1095', '1082', '1084', '1042', '1083', '1085', '1096'], '1136': ['1136'], '1138': ['1138'], '1041': ['1041', '1126', '1125', '1127', '1124'], '1128': ['1128', '1131', '1132', '1130', '1133'], '1129': ['1129'], '1032': ['1032', '1063', '1160', '1161', '1162'], '1052': ['1052', '1051', '1053', '1049', '1050'], '1055': ['1055'], '1057': ['1057', '1060', '1061', '1105', '1106', '1107', '1058', '1059', '1108'], '1071': ['1071'], '1147': ['1147'], '1148': ['1148', '1158', '1157', '1159', '1156'], '1066': ['1066'], '1056': ['1056'], '1072': ['1072'], '1033': ['1033', '1109', '1110', '1064', '1065'], '1101': ['1101', '1102', '1098', '1099', '1100', '1103', '1039', '1097', '1035'], '1153': ['1153', '1154', '1155', '1151', '1152'], '1113': ['1113'], '1104': ['1104', '1112', '1111', '1117'], '1114': ['1114', '1115', '1118', '1116', '1119'], '1038': ['1038', '1048', '1068', '1034', '1067'], '1054': ['1054'], '1030': ['1030', '1046', '1069', '1047', '1070'], '1031': ['1031'], '1086': ['1086', '1089', '1044', '1087', '1090'], '1043': ['1043', '1121', '1122', '1123', '1045'], '1036': ['1036'], '1092': ['1092'], '1150': ['1150'], '1093': ['1093'], '1094': ['1094'], '1145': ['1145'], '1144': ['1144'], '1149': ['1149'], '1037': ['1037'], '1088': ['1088'], '1142': ['1142'], '1141': ['1141'], '1091': ['1091'], '1143': ['1143'], '1062': ['1062'], '1077': ['1077'], '1146': ['1146'], '1075': ['1075'], '1076': ['1076'], '1073': ['1073'], '1074': ['1074'], '1135': ['1135'], '1137': ['1137'], '1140': ['1140'], '1139': ['1139'], '1120': ['1120'], '1134': ['1134']})"
55,"defaultdict(<class 'list'>, {'1040': ['1040'], '1080': ['1080'], '1079': ['1079', '1077', '1075', '1076', '1074'], '1081': ['1081'], '1095': ['1095', '1082', '1084', '1083', '1085'], '1096': ['1096', '1138', '1135', '1137', '1139'], '1136': ['1136'], '1041': ['1041'], '1126': ['1126'], '1125': ['1125'], '1127': ['1127'], '1128': ['1128', '1129', '1132', '1130', '1134'], '1131': ['1131', '1133'], '1032': ['1032', '1052', '1063', '1053', '1049'], '1160': ['1160', '1147', '1161', '1145', '1146', '1162'], '1051': ['1051'], '1055': ['1055'], '1057': ['1057', '1060', '1061', '1058', '1059'], '1071': ['1071'], '1148': ['1148', '1158', '1157', '1159', '1156'], '1066': ['1066'], '1056': ['1056'], '1072': ['1072'], '1033': ['1033', '1109', '1153', '1155', '1152'], '1101': ['1101', '1102', '1098', '1099', '1100'], '1103': ['1103'], '1105': ['1105', '1106', '1113', '1107', '1114'], '1154': ['1154'], '1108': ['1108'], '1110': ['1110'], '1104': ['1104'], '1038': ['1038', '1048', '1068', '1034', '1067'], '1050': ['1050'], '1054': ['1054'], '1039': ['1039', '1097', '1112', '1035', '1111'], '1030': ['1030'], '1046': ['1046'], '1069': ['1069', '1064', '1065', '1070', '1031'], '1047': ['1047'], '1042': ['1042'], '1086': ['1086'], '1089': ['1089'], '1043': ['1043', '1121', '1122', '1123', '1045'], '1124': ['1124'], '1036': ['1036', '1092', '1150', '1093', '1094', '1144', '1149', '1037', '1151'], '1044': ['1044'], '1087': ['1087'], '1088': ['1088', '1142', '1141', '1143', '1140'], '1090': ['1090'], '1091': ['1091'], '1115': ['1115', '1118', '1116', '1119', '1120'], '1062': ['1062'], '1117': ['1117'], '1073': ['1073'], '1078': ['1078']})"
55,"defaultdict(<class 'list'>, {'1040': ['1040', '1080', '1081', '1082', '1078'], '1079': ['1079'], '1095': ['1095'], '1084': ['1084', '1042', '1085', '1086', '1089', '1087', '1090', '1091', '1044'], '1096': ['1096'], '1136': ['1136'], '1138': ['1138', '1134'], '1041': ['1041', '1126', '1125', '1127', '1124'], '1128': ['1128', '1131', '1132', '1130', '1133'], '1129': ['1129'], '1032': ['1032', '1160', '1161', '1162'], '1052': ['1052', '1053', '1049', '1050', '1054'], '1063': ['1063'], '1051': ['1051'], '1055': ['1055'], '1057': ['1057', '1060', '1061', '1058', '1059', '1105', '1106', '1107', '1062'], '1071': ['1071'], '1147': ['1147', '1145', '1144', '1146'], '1148': ['1148', '1158', '1157', '1159'], '1066': ['1066', '1038', '1048', '1068', '1067'], '1056': ['1056', '1077', '1075', '1076', '1074'], '1072': ['1072'], '1033': ['1033'], '1101': ['1101'], '1109': ['1109'], '1153': ['1153', '1154', '1155', '1156', '1152'], '1102': ['1102', '1103', '1104', '1117', '1118'], '1113': ['1113'], '1108': ['1108'], '1110': ['1110'], '1114': ['1114', '1030', '1046', '1069', '1064', '1065', '1070', '1031', '1047'], '1039': ['1039', '1097', '1098', '1099', '1035'], '1112': ['1112'], '1100': ['1100'], '1034': ['1034'], '1111': ['1111'], '1083': ['1083'], '1043': ['1043'], '1121': ['1121'], '1122': ['1122'], '1123': ['1123'], '1036': ['1036'], '1092': ['1092'], '1150': ['1150'], '1093': ['1093', '1094', '1151', '1149', '1037'], '1088': ['1088', '1142', '1141', '1143', '1139'], '1045': ['1045'], '1115': ['1115'], '1073': ['1073'], '1116': ['1116'], '1135': ['1135'], '1137': ['1137'], '1140': ['1140'], '1119': ['1119'], '1120': ['1120']})"
55,"defaultdict(<class 'list'>, {'1040': ['1040', '1080', '1079', '1077', '1078'], '1081': ['1081'], '1095': ['1095'], '1082': ['1082', '1084', '1042', '1083', '1085'], '1096': ['1096', '1136', '1135', '1137', '1140'], '1138': ['1138'], '1041': ['1041'], '1126': ['1126'], '1125': ['1125'], '1127': ['1127'], '1128': ['1128', '1129', '1132', '1130', '1134', '1131', '1120', '1133'], '1032': ['1032', '1063', '1066', '1068', '1067'], '1052': ['1052'], '1160': ['1160', '1161', '1162', '1146'], '1051': ['1051', '1055', '1056', '1049', '1050'], '1057': ['1057', '1060', '1061', '1058', '1059'], '1071': ['1071'], '1147': ['1147', '1148', '1158', '1157', '1159'], '1053': ['1053', '1038', '1048', '1054', '1034'], '1072': ['1072', '1075', '1076', '1073', '1074'], '1033': ['1033'], '1101': ['1101'], '1109': ['1109'], '1153': ['1153'], '1102': ['1102'], '1103': ['1103'], '1105': ['1105'], '1106': ['1106'], '1113': ['1113'], '1154': ['1154', '1036', '1150', '1151', '1152'], '1155': ['1155'], '1108': ['1108', '1107', '1115', '1116', '1119'], '1110': ['1110'], '1104': ['1104', '1030', '1046', '1047', '1117'], '1114': ['1114'], '1156': ['1156'], '1039': ['1039', '1097', '1098', '1099', '1035'], '1112': ['1112'], '1100': ['1100'], '1111': ['1111'], '1069': ['1069', '1064', '1065', '1070', '1031'], '1086': ['1086'], '1089': ['1089'], '1043': ['1043', '1121', '1122', '1123', '1045'], '1124': ['1124'], '1092': ['1092'], '1093': ['1093', '1094', '1144', '1149', '1037'], '1145': ['1145'], '1044': ['1044'], '1087': ['1087'], '1088': ['1088', '1142', '1141', '1143', '1139'], '1090': ['1090'], '1091': ['1091'], '1062': ['1062'], '1118': ['1118']})"
55,"defaultdict(<class 'list'>, {'1040': ['1040', '1080', '1079', '1081', '1078', '1095', '1082', '1096', '1083'], '1084': ['1084', '1042', '1085', '1086', '1087'], '1136': ['1136'], '1138': ['1138', '1137', '1139'], '1041': ['1041', '1126', '1125', '1127', '1124'], '1128': ['1128'], '1129': ['1129'], '1131': ['1131'], '1032': ['1032', '1052', '1063', '1053', '1049', '1160', '1161', '1162', '1146'], '1051': ['1051', '1038', '1048', '1050', '1034'], '1055': ['1055'], '1057': ['1057', '1060', '1071', '1061', '1072'], '1147': ['1147'], '1148': ['1148', '1158', '1157', '1159', '1156', '1153', '1154', '1155', '1152'], '1066': ['1066'], '1056': ['1056'], '1033': ['1033', '1109', '1113', '1110', '1111'], '1101': ['1101'], '1102': ['1102', '1039', '1097', '1098', '1099', '1035', '1112', '1100', '1117'], '1103': ['1103'], '1105': ['1105', '1106', '1107', '1058', '1059'], '1108': ['1108'], '1104': ['1104'], '1114': ['1114'], '1054': ['1054'], '1068': ['1068'], '1067': ['1067'], '1030': ['1030'], '1046': ['1046'], '1069': ['1069', '1064', '1065', '1070', '1031'], '1047': ['1047'], '1089': ['1089', '1149', '1044', '1090', '1091'], '1043': ['1043'], '1121': ['1121'], '1122': ['1122'], '1123': ['1123'], '1036': ['1036'], '1092': ['1092'], '1150': ['1150'], '1093': ['1093', '1094', '1145', '1144', '1037'], '1151': ['1151'], '1088': ['1088', '1142', '1141', '1143', '1140'], '1045': ['1045'], '1115': ['1115'], '1062': ['1062'], '1077': ['1077', '1075', '1076', '1073', '1074'], '1118': ['1118'], '1116': ['1116'], '1135': ['1135'], '1119': ['1119'], '1120': ['1120'], '1132': ['1132'], '1130': ['1130'], '1134': ['1134'], '1133': ['1133']})"
55,"defaultdict(<class 'list'>, {'1040': ['1040', '1080', '1079', '1077', '1076', '1078', '1075', '1074'], '1081': ['1081', '1082', '1084', '1042', '1083', '1095', '1096', '1085'], '1136': ['1136'], '1138': ['1138'], '1041': ['1041'], '1126': ['1126', '1125', '1127', '1128', '1131', '1132', '1130', '1133', '1129', '1120', '1134', '1124'], '1032': ['1032', '1160', '1161', '1162', '1146'], '1052': ['1052', '1053', '1049', '1050', '1054', '1051', '1055', '1061', '1062'], '1063': ['1063'], '1057': ['1057'], '1060': ['1060'], '1071': ['1071'], '1147': ['1147'], '1148': ['1148', '1158', '1157', '1159', '1156', '1153', '1154', '1155', '1152'], '1066': ['1066', '1038', '1048', '1068', '1067'], '1056': ['1056'], '1072': ['1072'], '1033': ['1033', '1109', '1113', '1110', '1111', '1105'], '1101': ['1101'], '1102': ['1102'], '1103': ['1103'], '1106': ['1106', '1108', '1107', '1058', '1059'], '1104': ['1104'], '1114': ['1114'], '1039': ['1039'], '1097': ['1097'], '1098': ['1098'], '1099': ['1099'], '1112': ['1112'], '1100': ['1100'], '1034': ['1034'], '1035': ['1035'], '1030': ['1030'], '1046': ['1046'], '1069': ['1069', '1064', '1065', '1070', '1031'], '1047': ['1047'], '1086': ['1086', '1089', '1044', '1087', '1090'], '1043': ['1043', '1121', '1122', '1123', '1045'], '1036': ['1036', '1092', '1150', '1151', '1149'], '1093': ['1093', '1094', '1144', '1037', '1143'], '1145': ['1145'], '1088': ['1088'], '1142': ['1142'], '1141': ['1141'], '1091': ['1091'], '1115': ['1115'], '1117': ['1117'], '1118': ['1118'], '1073': ['1073'], '1116': ['1116'], '1135': ['1135'], '1137': ['1137'], '1140': ['1140'], '1139': ['1139'], '1119': ['1119']})"
55,"defaultdict(<class 'list'>, {'1040': ['1040'], '1080': ['1080'], '1079': ['1079'], '1081': ['1081'], '1095': ['1095'], '1082': ['1082', '1084', '1042', '1085', '1086', '1087', '1083', '1089', '1044'], '1096': ['1096', '1138', '1135', '1137', '1139'], '1136': ['1136'], '1041': ['1041', '1126', '1125', '1127', '1124'], '1128': ['1128'], '1129': ['1129'], '1131': ['1131'], '1032': ['1032', '1063', '1160', '1161', '1162', '1147', '1148', '1158', '1157', '1159', '1156', '1146'], '1052': ['1052'], '1051': ['1051', '1055', '1056', '1049', '1050'], '1057': ['1057', '1060', '1061', '1058', '1059', '1105', '1106', '1113', '1107'], '1071': ['1071'], '1053': ['1053'], '1066': ['1066', '1068', '1067', '1077', '1076'], '1072': ['1072'], '1033': ['1033', '1153', '1154', '1155', '1152'], '1101': ['1101', '1102', '1098', '1099', '1100', '1103', '1039', '1097', '1035'], '1109': ['1109'], '1108': ['1108'], '1110': ['1110'], '1104': ['1104', '1030', '1046', '1047'], '1114': ['1114'], '1038': ['1038'], '1048': ['1048'], '1054': ['1054'], '1112': ['1112'], '1034': ['1034'], '1111': ['1111'], '1069': ['1069', '1064', '1065', '1070', '1031'], '1043': ['1043', '1121', '1122', '1123', '1045'], '1036': ['1036'], '1092': ['1092', '1150', '1093', '1094', '1144', '1149', '1037', '1145', '1151'], '1088': ['1088'], '1090': ['1090'], '1142': ['1142'], '1141': ['1141'], '1091': ['1091'], '1143': ['1143'], '1115': ['1115'], '1062': ['1062'], '1117': ['1117', '1118', '1116', '1119', '1120'], '1075': ['1075'], '1073': ['1073'], '1078': ['1078'], '1074': ['1074'], '1140': ['1140'], '1132': ['1132'], '1130': ['1130'], '1134': ['1134'], '1133': ['1133']})"
55,"defaultdict(<class 'list'>, {'1040': ['1040', '1080', '1079', '1081', '1078'], '1095': ['1095'], '1082': ['1082', '1084', '1042', '1083', '1085'], '1096': ['1096', '1138', '1135', '1137', '1139'], '1136': ['1136'], '1041': ['1041'], '1126': ['1126'], '1125': ['1125'], '1127': ['1127'], '1128': ['1128', '1131', '1132', '1130', '1133'], '1129': ['1129', '1134'], '1032': ['1032', '1160', '1161', '1162'], '1052': ['1052'], '1063': ['1063'], '1051': ['1051'], '1055': ['1055'], '1057': ['1057'], '1060': ['1060'], '1071': ['1071'], '1147': ['1147', '1036', '1092', '1145', '1146', '1150', '1093', '1094', '1151', '1149', '1037', '1144'], '1148': ['1148', '1158', '1157', '1159', '1153', '1154', '1155', '1156', '1152', '1033', '1109'], '1053': ['1053'], '1066': ['1066'], '1056': ['1056'], '1061': ['1061'], '1072': ['1072'], '1101': ['1101', '1102', '1103', '1039', '1097', '1098', '1099', '1035', '1100'], '1105': ['1105', '1106', '1108', '1107', '1115'], '1113': ['1113'], '1110': ['1110', '1111', '1064', '1065', '1031'], '1104': ['1104'], '1114': ['1114'], '1038': ['1038'], '1048': ['1048'], '1049': ['1049'], '1050': ['1050'], '1054': ['1054'], '1068': ['1068', '1077', '1075', '1076', '1074'], '1112': ['1112'], '1034': ['1034'], '1067': ['1067'], '1030': ['1030', '1046', '1069', '1047', '1070'], '1058': ['1058'], '1059': ['1059'], '1086': ['1086', '1087', '1088', '1141', '1143', '1089', '1044', '1090', '1091', '1142'], '1043': ['1043'], '1121': ['1121'], '1122': ['1122'], '1123': ['1123'], '1124': ['1124'], '1045': ['1045'], '1062': ['1062'], '1117': ['1117', '1118', '1116', '1119', '1120'], '1073': ['1073'], '1140': ['1140']})"
55,"defaultdict(<class 'list'>, {'1040': ['1040', '1080', '1081', '1082', '1083'], '1079': ['1079', '1077', '1075', '1076', '1074'], '1095': ['1095'], '1084': ['1084', '1042', '1085', '1086', '1089', '1044', '1087', '1090', '1091'], '1096': ['1096', '1138', '1135', '1137', '1139'], '1136': ['1136'], '1041': ['1041', '1126', '1125', '1127', '1124'], '1128': ['1128', '1129', '1132', '1130', '1134'], '1131': ['1131'], '1032': ['1032', '1063', '1160', '1147', '1148', '1158', '1157', '1159', '1156', '1161', '1162', '1146'], '1052': ['1052', '1053', '1049', '1050', '1054', '1051', '1055', '1062'], '1057': ['1057', '1060', '1061', '1058', '1059'], '1071': ['1071'], '1066': ['1066'], '1056': ['1056'], '1072': ['1072'], '1033': ['1033', '1153', '1154', '1155', '1152'], '1101': ['1101'], '1109': ['1109'], '1102': ['1102'], '1103': ['1103'], '1105': ['1105', '1106', '1113', '1107', '1114'], '1108': ['1108'], '1110': ['1110', '1111', '1064', '1065', '1031'], '1104': ['1104'], '1038': ['1038', '1048', '1068', '1034', '1067'], '1039': ['1039'], '1097': ['1097'], '1098': ['1098'], '1099': ['1099'], '1112': ['1112'], '1100': ['1100'], '1035': ['1035'], '1030': ['1030', '1046', '1069', '1047', '1070'], '1043': ['1043', '1121', '1122', '1123', '1045'], '1036': ['1036'], '1092': ['1092'], '1150': ['1150'], '1093': ['1093'], '1094': ['1094'], '1145': ['1145'], '1151': ['1151'], '1144': ['1144'], '1149': ['1149'], '1037': ['1037'], '1088': ['1088'], '1142': ['1142'], '1141': ['1141'], '1143': ['1143'], '1115': ['1115', '1118', '1116', '1119', '1120'], '1117': ['1117'], '1073': ['1073'], '1078': ['1078'], '1140': ['1140'], '1133': ['1133']})"
55,"defaultdict(<class 'list'>, {'1040': ['1040'], '1080': ['1080', '1079', '1077', '1076', '1078'], '1081': ['1081', '1082', '1084', '1042', '1083'], '1095': ['1095'], '1096': ['1096', '1138', '1135', '1137', '1139', '1136', '1140'], '1041': ['1041', '1126', '1125', '1127', '1124', '1129', '1122', '1123', '1045', '1043', '1121', '1134'], '1128': ['1128'], '1131': ['1131', '1120', '1132', '1130', '1133'], '1032': ['1032', '1052', '1063', '1053', '1049'], '1160': ['1160', '1147', '1161', '1162', '1146'], '1051': ['1051', '1038', '1048', '1050', '1034'], '1055': ['1055'], '1057': ['1057', '1071', '1072', '1073', '1074'], '1060': ['1060'], '1148': ['1148', '1158', '1157', '1159', '1156'], '1066': ['1066', '1068', '1067'], '1056': ['1056'], '1061': ['1061'], '1033': ['1033', '1109', '1153', '1155', '1152'], '1101': ['1101'], '1102': ['1102'], '1103': ['1103'], '1105': ['1105', '1106', '1107', '1058', '1059'], '1113': ['1113'], '1154': ['1154'], '1108': ['1108', '1115', '1116', '1119'], '1110': ['1110'], '1104': ['1104'], '1114': ['1114'], '1054': ['1054'], '1039': ['1039', '1097', '1098', '1099', '1035', '1112', '1111', '1117', '1118'], '1100': ['1100'], '1030': ['1030'], '1046': ['1046'], '1069': ['1069', '1064', '1065', '1070', '1031'], '1047': ['1047'], '1085': ['1085'], '1086': ['1086', '1089', '1044', '1087', '1090'], '1036': ['1036'], '1092': ['1092'], '1150': ['1150'], '1093': ['1093'], '1094': ['1094'], '1145': ['1145'], '1151': ['1151'], '1144': ['1144'], '1149': ['1149'], '1037': ['1037'], '1088': ['1088'], '1142': ['1142'], '1141': ['1141'], '1091': ['1091'], '1143': ['1143'], '1062': ['1062'], '1075': ['1075']})"
56,"defaultdict(<class 'list'>, {'1040': ['1040', '1080', '1081', '1082', '1078'], '1079': ['1079', '1077', '1075', '1076', '1074'], '1095': ['1095'], '1084': ['1084', '1042', '1085', '1086', '1089', '1044', '1087', '1090', '1091'], '1096': ['1096', '1138', '1135', '1137', '1139'], '1136': ['1136'], '1041': ['1041'], '1126': ['1126'], '1125': ['1125'], '1127': ['1127'], '1128': ['1128'], '1129': ['1129'], '1131': ['1131'], '1032': ['1032', '1052', '1063', '1053', '1049'], '1160': ['1160', '1147', '1161', '1145', '1146'], '1051': ['1051', '1038', '1048', '1050', '1034'], '1055': ['1055'], '1057': ['1057'], '1060': ['1060'], '1071': ['1071'], '1148': ['1148', '1158', '1157', '1159', '1156'], '1066': ['1066', '1068', '1067'], '1056': ['1056'], '1061': ['1061'], '1072': ['1072'], '1162': ['1162'], '1033': ['1033', '1101', '1109', '1153', '1100', '1154', '1155', '1152'], '1102': ['1102'], '1103': ['1103'], '1105': ['1105', '1106', '1107', '1058', '1059'], '1113': ['1113'], '1108': ['1108'], '1110': ['1110'], '1104': ['1104'], '1114': ['1114', '1030', '1046', '1069', '1064', '1065', '1070', '1031', '1047'], '1054': ['1054'], '1039': ['1039', '1097', '1098', '1099', '1035', '1112', '1111', '1117', '1118'], '1083': ['1083'], '1043': ['1043', '1121', '1122', '1123', '1045'], '1124': ['1124'], '1036': ['1036', '1092', '1150', '1093', '1094', '1151', '1149', '1037', '1144'], '1088': ['1088'], '1142': ['1142'], '1141': ['1141'], '1143': ['1143'], '1115': ['1115'], '1062': ['1062'], '1073': ['1073'], '1116': ['1116'], '1140': ['1140'], '1119': ['1119'], '1120': ['1120'], '1132': ['1132'], '1130': ['1130'], '1134': ['1134'], '1133': ['1133']})"
56,"defaultdict(<class 'list'>, {'1040': ['1040', '1080', '1079', '1081', '1078'], '1095': ['1095'], '1082': ['1082'], '1084': ['1084'], '1096': ['1096', '1138', '1135', '1137', '1139'], '1136': ['1136'], '1041': ['1041', '1126', '1125', '1043', '1121', '1122', '1123', '1045', '1124'], '1127': ['1127'], '1128': ['1128', '1131', '1132', '1130', '1133'], '1129': ['1129'], '1032': ['1032', '1160', '1147', '1161', '1145', '1146', '1162'], '1052': ['1052', '1051', '1053', '1049', '1050'], '1063': ['1063', '1071', '1066', '1067'], '1055': ['1055'], '1057': ['1057', '1060', '1061', '1058', '1059', '1105', '1106', '1113', '1107'], '1148': ['1148'], '1158': ['1158'], '1056': ['1056'], '1072': ['1072', '1075', '1076', '1073', '1074'], '1157': ['1157'], '1159': ['1159'], '1033': ['1033', '1153', '1154', '1036', '1150', '1151', '1152', '1155'], '1101': ['1101'], '1109': ['1109'], '1102': ['1102'], '1103': ['1103', '1104'], '1108': ['1108'], '1110': ['1110', '1039', '1097', '1098', '1099', '1035', '1112', '1111', '1117'], '1114': ['1114'], '1156': ['1156'], '1038': ['1038'], '1048': ['1048'], '1054': ['1054'], '1068': ['1068'], '1100': ['1100'], '1034': ['1034'], '1030': ['1030', '1046', '1069', '1047', '1070'], '1064': ['1064'], '1065': ['1065'], '1031': ['1031'], '1042': ['1042'], '1083': ['1083'], '1085': ['1085'], '1086': ['1086', '1087', '1088', '1141', '1143'], '1089': ['1089', '1092', '1044', '1090', '1091'], '1093': ['1093', '1094', '1144', '1149', '1037'], '1142': ['1142'], '1115': ['1115'], '1062': ['1062'], '1077': ['1077'], '1118': ['1118'], '1116': ['1116'], '1140': ['1140'], '1119': ['1119'], '1120': ['1120'], '1134': ['1134']})"
56,"defaultdict(<class 'list'>, {'1040': ['1040', '1080', '1081', '1078'], '1079': ['1079'], '1095': ['1095'], '1082': ['1082', '1084', '1042', '1083', '1085'], '1096': ['1096', '1138', '1135', '1137', '1139'], '1136': ['1136'], '1041': ['1041', '1126', '1125', '1127', '1124'], '1128': ['1128', '1131', '1132', '1130', '1133'], '1129': ['1129'], '1032': ['1032', '1160', '1161', '1162', '1146'], '1052': ['1052', '1053', '1049', '1050', '1054'], '1063': ['1063', '1057', '1060', '1071', '1061'], '1051': ['1051'], '1055': ['1055'], '1147': ['1147'], '1148': ['1148'], '1158': ['1158'], '1066': ['1066', '1038', '1048', '1068', '1034', '1067', '1064', '1065', '1031'], '1056': ['1056'], '1072': ['1072', '1114', '1070'], '1157': ['1157'], '1159': ['1159'], '1033': ['1033', '1109', '1113', '1110', '1111'], '1101': ['1101', '1102', '1098', '1099', '1100', '1103', '1039', '1097', '1035'], '1153': ['1153', '1154', '1155', '1151', '1152'], '1105': ['1105'], '1106': ['1106'], '1108': ['1108'], '1104': ['1104', '1030', '1046', '1047', '1117'], '1107': ['1107'], '1156': ['1156'], '1112': ['1112'], '1069': ['1069'], '1058': ['1058'], '1059': ['1059'], '1086': ['1086', '1087', '1088', '1141', '1143', '1089', '1044', '1090', '1142'], '1043': ['1043'], '1121': ['1121'], '1122': ['1122'], '1123': ['1123'], '1036': ['1036'], '1092': ['1092'], '1150': ['1150'], '1093': ['1093', '1094', '1144', '1149', '1037'], '1145': ['1145'], '1091': ['1091'], '1045': ['1045'], '1115': ['1115'], '1062': ['1062'], '1077': ['1077', '1075', '1076', '1073', '1074'], '1118': ['1118'], '1116': ['1116'], '1140': ['1140'], '1119': ['1119'], '1120': ['1120'], '1134': ['1134']})"
56,"defaultdict(<class 'list'>, {'1040': ['1040', '1080', '1081', '1082', '1078', '1079', '1095', '1096', '1083'], '1084': ['1084', '1042', '1085', '1086', '1087'], '1136': ['1136', '1133'], '1138': ['1138', '1137', '1139'], '1041': ['1041'], '1126': ['1126', '1125', '1127', '1131', '1124'], '1128': ['1128'], '1129': ['1129'], '1032': ['1032', '1160', '1161', '1162', '1146'], '1052': ['1052', '1051', '1053', '1049', '1050', '1054'], '1063': ['1063', '1057', '1060', '1071', '1061'], '1055': ['1055', '1056', '1075', '1076', '1074'], '1147': ['1147'], '1148': ['1148'], '1158': ['1158'], '1066': ['1066'], '1072': ['1072'], '1157': ['1157'], '1159': ['1159'], '1033': ['1033'], '1101': ['1101', '1102', '1098', '1099', '1100'], '1109': ['1109'], '1153': ['1153', '1154', '1155', '1156', '1152'], '1103': ['1103'], '1105': ['1105', '1106', '1113', '1107', '1114'], '1108': ['1108'], '1110': ['1110', '1111', '1064', '1065', '1031'], '1104': ['1104'], '1038': ['1038', '1048', '1068', '1034', '1067'], '1039': ['1039'], '1097': ['1097'], '1112': ['1112'], '1035': ['1035'], '1030': ['1030', '1046', '1069', '1047', '1070'], '1058': ['1058'], '1059': ['1059'], '1089': ['1089'], '1043': ['1043', '1121', '1122', '1123', '1045'], '1036': ['1036'], '1092': ['1092'], '1150': ['1150'], '1093': ['1093', '1094', '1145', '1144', '1037'], '1151': ['1151'], '1149': ['1149'], '1044': ['1044'], '1088': ['1088', '1142', '1141', '1143', '1140'], '1090': ['1090'], '1091': ['1091'], '1115': ['1115'], '1062': ['1062'], '1077': ['1077'], '1117': ['1117', '1118', '1116', '1119', '1120'], '1073': ['1073'], '1135': ['1135', '1134'], '1132': ['1132'], '1130': ['1130']})"
56,"defaultdict(<class 'list'>, {'1040': ['1040', '1080', '1079', '1081', '1078'], '1095': ['1095'], '1082': ['1082', '1084', '1042', '1083', '1085'], '1096': ['1096', '1138', '1135', '1137', '1139'], '1136': ['1136'], '1041': ['1041'], '1126': ['1126', '1125', '1127', '1043', '1121', '1122', '1123', '1045', '1124'], '1128': ['1128', '1131', '1132', '1130', '1133', '1129', '1120', '1134'], '1032': ['1032', '1052', '1053', '1038', '1048', '1054', '1034', '1049', '1050', '1068'], '1063': ['1063', '1057', '1071', '1072'], '1160': ['1160', '1147', '1161', '1162', '1146'], '1051': ['1051', '1055', '1056', '1046', '1047'], '1060': ['1060'], '1148': ['1148', '1158', '1157', '1159', '1156'], '1066': ['1066', '1067', '1064', '1065', '1031'], '1061': ['1061', '1062', '1075', '1073', '1074'], '1033': ['1033', '1153', '1154', '1155', '1152'], '1101': ['1101'], '1109': ['1109'], '1102': ['1102'], '1103': ['1103'], '1105': ['1105'], '1106': ['1106'], '1113': ['1113'], '1108': ['1108'], '1110': ['1110'], '1104': ['1104'], '1107': ['1107'], '1114': ['1114', '1115', '1118', '1116', '1119'], '1039': ['1039', '1097', '1098', '1099', '1035'], '1112': ['1112'], '1100': ['1100'], '1111': ['1111'], '1030': ['1030', '1069', '1070'], '1058': ['1058'], '1059': ['1059'], '1086': ['1086', '1089', '1044', '1087', '1090'], '1036': ['1036'], '1092': ['1092'], '1150': ['1150'], '1093': ['1093'], '1094': ['1094'], '1145': ['1145'], '1151': ['1151'], '1144': ['1144'], '1149': ['1149'], '1037': ['1037'], '1088': ['1088'], '1142': ['1142'], '1141': ['1141'], '1091': ['1091'], '1143': ['1143'], '1077': ['1077'], '1117': ['1117'], '1076': ['1076'], '1140': ['1140']})"
56,"defaultdict(<class 'list'>, {'1040': ['1040', '1080', '1079', '1081', '1078'], '1095': ['1095'], '1082': ['1082', '1084', '1042', '1083', '1085'], '1096': ['1096'], '1136': ['1136'], '1138': ['1138'], '1041': ['1041', '1126', '1125', '1127', '1043', '1121', '1122', '1123', '1045', '1124', '1128', '1132'], '1129': ['1129', '1131', '1120', '1130', '1134'], '1032': ['1032', '1160', '1147', '1148', '1158', '1157', '1159', '1161', '1162', '1155', '1156', '1146'], '1052': ['1052'], '1063': ['1063'], '1051': ['1051'], '1055': ['1055'], '1057': ['1057'], '1060': ['1060'], '1071': ['1071'], '1053': ['1053'], '1066': ['1066'], '1056': ['1056'], '1061': ['1061'], '1072': ['1072'], '1033': ['1033'], '1101': ['1101'], '1109': ['1109'], '1153': ['1153'], '1102': ['1102'], '1103': ['1103'], '1105': ['1105'], '1106': ['1106'], '1113': ['1113'], '1154': ['1154', '1036', '1092', '1150', '1093', '1094', '1151', '1149', '1037', '1144', '1145', '1152'], '1108': ['1108', '1107', '1115', '1116', '1119'], '1110': ['1110'], '1104': ['1104'], '1114': ['1114', '1030', '1046', '1069', '1047', '1070', '1064', '1065', '1031'], '1038': ['1038', '1048', '1068', '1034', '1067'], '1049': ['1049'], '1050': ['1050'], '1054': ['1054'], '1039': ['1039', '1097', '1098', '1099', '1035', '1112', '1111', '1117', '1118'], '1100': ['1100'], '1058': ['1058'], '1059': ['1059'], '1086': ['1086', '1089', '1087', '1090', '1091'], '1044': ['1044'], '1088': ['1088', '1142', '1141', '1143', '1139'], '1062': ['1062'], '1077': ['1077'], '1075': ['1075'], '1076': ['1076'], '1073': ['1073'], '1074': ['1074'], '1135': ['1135'], '1137': ['1137'], '1140': ['1140'], '1133': ['1133']})"
56,"defaultdict(<class 'list'>, {'1040': ['1040'], '1080': ['1080', '1079', '1077', '1076', '1078'], '1081': ['1081'], '1095': ['1095'], '1082': ['1082'], '1084': ['1084'], '1096': ['1096', '1138', '1135', '1137', '1139'], '1136': ['1136'], '1041': ['1041', '1126', '1125', '1127', '1124'], '1128': ['1128', '1131', '1132', '1130', '1133', '1129', '1120', '1134'], '1032': ['1032', '1160', '1161', '1162', '1146'], '1052': ['1052'], '1063': ['1063'], '1051': ['1051', '1055', '1056', '1049', '1050'], '1057': ['1057', '1060', '1061', '1105', '1106', '1107', '1058', '1059', '1113'], '1071': ['1071'], '1147': ['1147'], '1148': ['1148'], '1158': ['1158'], '1053': ['1053', '1038', '1048', '1054', '1034'], '1066': ['1066'], '1072': ['1072'], '1157': ['1157'], '1159': ['1159'], '1033': ['1033', '1101', '1109', '1153', '1100'], '1102': ['1102', '1103', '1104', '1117', '1118'], '1154': ['1154', '1151', '1152'], '1155': ['1155'], '1108': ['1108'], '1110': ['1110'], '1114': ['1114'], '1156': ['1156'], '1068': ['1068'], '1039': ['1039', '1097', '1112', '1035', '1111', '1098', '1099'], '1067': ['1067'], '1030': ['1030'], '1046': ['1046'], '1069': ['1069', '1064', '1065', '1070', '1031'], '1047': ['1047'], '1042': ['1042'], '1083': ['1083'], '1085': ['1085'], '1086': ['1086', '1089', '1044', '1087', '1090'], '1043': ['1043', '1121', '1122', '1123', '1045'], '1036': ['1036'], '1092': ['1092'], '1150': ['1150'], '1093': ['1093', '1094', '1144', '1149', '1037'], '1145': ['1145'], '1088': ['1088', '1142', '1141', '1143'], '1091': ['1091'], '1115': ['1115'], '1062': ['1062', '1075', '1073', '1074'], '1116': ['1116'], '1140': ['1140'], '1119': ['1119']})"
56,"defaultdict(<class 'list'>, {'1040': ['1040', '1080', '1081', '1082', '1084', '1042', '1083', '1085', '1078'], '1079': ['1079', '1038', '1048', '1068', '1034', '1067', '1077', '1076'], '1095': ['1095'], '1096': ['1096', '1136', '1135', '1137', '1140'], '1138': ['1138'], '1041': ['1041'], '1126': ['1126'], '1125': ['1125'], '1127': ['1127'], '1128': ['1128', '1131', '1132', '1130', '1133'], '1129': ['1129'], '1032': ['1032'], '1052': ['1052', '1053', '1049', '1050', '1054'], '1063': ['1063'], '1160': ['1160'], '1051': ['1051'], '1055': ['1055'], '1057': ['1057'], '1060': ['1060'], '1071': ['1071'], '1147': ['1147', '1036', '1092', '1145', '1146'], '1148': ['1148', '1158', '1157', '1159', '1156', '1153', '1154', '1155', '1152'], '1161': ['1161'], '1066': ['1066'], '1056': ['1056'], '1061': ['1061', '1062', '1075', '1073', '1074'], '1072': ['1072'], '1162': ['1162'], '1033': ['1033', '1101', '1098', '1099', '1100'], '1109': ['1109', '1105', '1106', '1113', '1107'], '1102': ['1102', '1103', '1104', '1117', '1118'], '1108': ['1108'], '1110': ['1110'], '1114': ['1114', '1030', '1046', '1069', '1064', '1065', '1070', '1031', '1047'], '1039': ['1039'], '1097': ['1097'], '1112': ['1112'], '1035': ['1035'], '1111': ['1111'], '1058': ['1058'], '1059': ['1059'], '1086': ['1086', '1089', '1044', '1087', '1090'], '1043': ['1043'], '1121': ['1121'], '1122': ['1122'], '1123': ['1123'], '1124': ['1124'], '1150': ['1150'], '1093': ['1093', '1094', '1151', '1149', '1037'], '1144': ['1144'], '1088': ['1088', '1142', '1141', '1143'], '1091': ['1091'], '1045': ['1045'], '1115': ['1115', '1116', '1119', '1120'], '1139': ['1139'], '1134': ['1134']})"
56,"defaultdict(<class 'list'>, {'1040': ['1040', '1080', '1081', '1082', '1078'], '1079': ['1079', '1077', '1075', '1076', '1074'], '1095': ['1095'], '1084': ['1084', '1042', '1085', '1086', '1089', '1044', '1087', '1090', '1091'], '1096': ['1096', '1138', '1135', '1137', '1139', '1136', '1140'], '1041': ['1041'], '1126': ['1126', '1125', '1127', '1043', '1121', '1122', '1123', '1045', '1124'], '1128': ['1128', '1131', '1132', '1130', '1133'], '1129': ['1129'], '1032': ['1032', '1052', '1063', '1053', '1049'], '1160': ['1160'], '1051': ['1051', '1055', '1056', '1046', '1047'], '1057': ['1057', '1060', '1061', '1105', '1106', '1107', '1058', '1059', '1062'], '1071': ['1071', '1072', '1073'], '1147': ['1147'], '1148': ['1148', '1158', '1157', '1159'], '1161': ['1161'], '1066': ['1066'], '1162': ['1162'], '1033': ['1033', '1153', '1155', '1156'], '1101': ['1101'], '1109': ['1109'], '1102': ['1102'], '1103': ['1103'], '1113': ['1113'], '1154': ['1154', '1036', '1150', '1151', '1152'], '1108': ['1108'], '1110': ['1110'], '1104': ['1104'], '1114': ['1114'], '1038': ['1038', '1048', '1068', '1034', '1067'], '1050': ['1050'], '1054': ['1054'], '1039': ['1039', '1097', '1098', '1099', '1035'], '1112': ['1112'], '1100': ['1100'], '1111': ['1111'], '1030': ['1030'], '1069': ['1069', '1064', '1065', '1070', '1031'], '1083': ['1083'], '1092': ['1092'], '1093': ['1093'], '1094': ['1094'], '1145': ['1145'], '1144': ['1144'], '1149': ['1149'], '1037': ['1037'], '1088': ['1088', '1142', '1141', '1143'], '1115': ['1115'], '1117': ['1117'], '1146': ['1146'], '1118': ['1118'], '1116': ['1116'], '1119': ['1119'], '1120': ['1120'], '1134': ['1134']})"
56,"defaultdict(<class 'list'>, {'1040': ['1040', '1080', '1079', '1081', '1078'], '1095': ['1095'], '1082': ['1082', '1084', '1042', '1083', '1085'], '1096': ['1096'], '1136': ['1136'], '1138': ['1138'], '1041': ['1041', '1126', '1125', '1127', '1124'], '1128': ['1128', '1131', '1132', '1130', '1133'], '1129': ['1129'], '1032': ['1032', '1160', '1161', '1162', '1146'], '1052': ['1052'], '1063': ['1063'], '1051': ['1051'], '1055': ['1055'], '1057': ['1057'], '1060': ['1060'], '1071': ['1071'], '1147': ['1147', '1148', '1158', '1157', '1159', '1156', '1033', '1153', '1154', '1155', '1152', '1109'], '1053': ['1053'], '1066': ['1066'], '1056': ['1056'], '1061': ['1061'], '1072': ['1072'], '1101': ['1101'], '1102': ['1102', '1103', '1104', '1117', '1118', '1039', '1097', '1098', '1099', '1035', '1112', '1111'], '1105': ['1105', '1106', '1107', '1058', '1059'], '1113': ['1113'], '1108': ['1108', '1115', '1116', '1119'], '1110': ['1110'], '1114': ['1114'], '1038': ['1038'], '1048': ['1048'], '1049': ['1049'], '1050': ['1050'], '1054': ['1054'], '1068': ['1068', '1077', '1075', '1076', '1074'], '1100': ['1100'], '1034': ['1034'], '1067': ['1067'], '1030': ['1030', '1046', '1069', '1047', '1070'], '1064': ['1064'], '1065': ['1065'], '1031': ['1031'], '1086': ['1086', '1089', '1044', '1087', '1090'], '1043': ['1043', '1121', '1122', '1123', '1045'], '1036': ['1036', '1092', '1150', '1093', '1094', '1151', '1149', '1037', '1144'], '1145': ['1145'], '1088': ['1088', '1142', '1141', '1143', '1139'], '1091': ['1091'], '1062': ['1062'], '1073': ['1073'], '1135': ['1135'], '1137': ['1137'], '1140': ['1140'], '1120': ['1120'], '1134': ['1134']})"
56,"defaultdict(<class 'list'>, {'1040': ['1040'], '1080': ['1080'], '1079': ['1079'], '1081': ['1081'], '1095': ['1095', '1082', '1084', '1083', '1085'], '1096': ['1096', '1138', '1135', '1137', '1139', '1136', '1140'], '1041': ['1041', '1126', '1125', '1127', '1124', '1129', '1043', '1121', '1122', '1123', '1045', '1134'], '1128': ['1128'], '1131': ['1131'], '1032': ['1032', '1052', '1063', '1053', '1049'], '1160': ['1160'], '1051': ['1051'], '1055': ['1055'], '1057': ['1057', '1060', '1061', '1058', '1059', '1071', '1072', '1062', '1073'], '1147': ['1147'], '1148': ['1148', '1158', '1157', '1159', '1156'], '1161': ['1161'], '1066': ['1066'], '1056': ['1056', '1077', '1075', '1076', '1074'], '1162': ['1162'], '1033': ['1033'], '1101': ['1101'], '1109': ['1109', '1105', '1106', '1113', '1107'], '1153': ['1153'], '1102': ['1102', '1103', '1104', '1098', '1099'], '1154': ['1154'], '1155': ['1155'], '1108': ['1108'], '1110': ['1110', '1112', '1111', '1117'], '1114': ['1114', '1030', '1046', '1069', '1047', '1070', '1064', '1065', '1031'], '1038': ['1038'], '1048': ['1048'], '1050': ['1050'], '1054': ['1054'], '1068': ['1068'], '1039': ['1039'], '1097': ['1097'], '1100': ['1100'], '1034': ['1034'], '1067': ['1067'], '1035': ['1035'], '1042': ['1042'], '1086': ['1086', '1087', '1088', '1141', '1143', '1142'], '1089': ['1089', '1149', '1044', '1090', '1091'], '1036': ['1036'], '1092': ['1092'], '1150': ['1150'], '1093': ['1093', '1094', '1145', '1144', '1037'], '1151': ['1151'], '1115': ['1115', '1118', '1116', '1119', '1120'], '1146': ['1146'], '1152': ['1152'], '1078': ['1078'], '1132': ['1132'], '1130': ['1130'], '1133': ['1133']})"
56,"defaultdict(<class 'list'>, {'1040': ['1040', '1080', '1079', '1081', '1078'], '1095': ['1095'], '1082': ['1082', '1084', '1042', '1083', '1085'], '1096': ['1096'], '1136': ['1136'], '1138': ['1138'], '1041': ['1041', '1126', '1125', '1127', '1043', '1121', '1122', '1123', '1045', '1124', '1128', '1132'], '1129': ['1129'], '1131': ['1131'], '1032': ['1032', '1160', '1161', '1162', '1146', '1147', '1148', '1158', '1156', '1157', '1159'], '1052': ['1052', '1051', '1053', '1049', '1050'], '1063': ['1063'], '1055': ['1055'], '1057': ['1057', '1060', '1061', '1105', '1106', '1107', '1058', '1059', '1113'], '1071': ['1071'], '1066': ['1066'], '1056': ['1056'], '1072': ['1072'], '1033': ['1033', '1153', '1154', '1155', '1152'], '1101': ['1101'], '1109': ['1109'], '1102': ['1102'], '1103': ['1103'], '1108': ['1108'], '1110': ['1110'], '1104': ['1104'], '1114': ['1114', '1030', '1046', '1069', '1064', '1065', '1070', '1031', '1047'], '1038': ['1038', '1048', '1068', '1034', '1067'], '1054': ['1054'], '1039': ['1039', '1097', '1098', '1099', '1035', '1112', '1111', '1117', '1118'], '1100': ['1100'], '1086': ['1086', '1089', '1044', '1087', '1090'], '1036': ['1036', '1092', '1150', '1093', '1094', '1151', '1149', '1037', '1144'], '1145': ['1145'], '1088': ['1088'], '1142': ['1142'], '1141': ['1141'], '1091': ['1091'], '1143': ['1143'], '1115': ['1115'], '1062': ['1062'], '1077': ['1077'], '1075': ['1075'], '1076': ['1076'], '1073': ['1073'], '1074': ['1074'], '1116': ['1116'], '1135': ['1135'], '1137': ['1137'], '1140': ['1140'], '1139': ['1139'], '1119': ['1119'], '1120': ['1120'], '1130': ['1130'], '1134': ['1134'], '1133': ['1133']})"
57,"defaultdict(<class 'list'>, {'1040': ['1040'], '1080': ['1080', '1079', '1077', '1076', '1078'], '1081': ['1081'], '1095': ['1095'], '1082': ['1082', '1084', '1042', '1083', '1085'], '1096': ['1096', '1138', '1135', '1137', '1139'], '1136': ['1136'], '1041': ['1041', '1126', '1125', '1127', '1124'], '1128': ['1128', '1131', '1132', '1130', '1133'], '1129': ['1129'], '1032': ['1032', '1052', '1053', '1049', '1050', '1054', '1063', '1051', '1055'], '1160': ['1160'], '1057': ['1057', '1060', '1061', '1105', '1106', '1107', '1058', '1059', '1113'], '1071': ['1071'], '1147': ['1147'], '1148': ['1148'], '1158': ['1158', '1157', '1159', '1033', '1153', '1154', '1155', '1152', '1156'], '1161': ['1161'], '1066': ['1066'], '1056': ['1056', '1104', '1030', '1046', '1047'], '1072': ['1072'], '1162': ['1162'], '1101': ['1101', '1102', '1098', '1099', '1100'], '1109': ['1109'], '1103': ['1103'], '1108': ['1108'], '1110': ['1110'], '1114': ['1114'], '1038': ['1038', '1048', '1068', '1034', '1067'], '1039': ['1039', '1097', '1112', '1035', '1111'], '1069': ['1069'], '1064': ['1064'], '1065': ['1065'], '1070': ['1070'], '1031': ['1031'], '1086': ['1086', '1089', '1044', '1087', '1090'], '1043': ['1043', '1121', '1122', '1123', '1045'], '1036': ['1036'], '1092': ['1092', '1150', '1093', '1094', '1151', '1149', '1037', '1145', '1144'], '1088': ['1088'], '1142': ['1142'], '1141': ['1141'], '1091': ['1091'], '1143': ['1143'], '1115': ['1115'], '1062': ['1062'], '1117': ['1117'], '1146': ['1146'], '1075': ['1075'], '1118': ['1118'], '1073': ['1073'], '1074': ['1074'], '1116': ['1116'], '1140': ['1140'], '1119': ['1119'], '1120': ['1120'], '1134': ['1134']})"
57,"defaultdict(<class 'list'>, {'1040': ['1040', '1080', '1081', '1078'], '1079': ['1079'], '1095': ['1095'], '1082': ['1082', '1084', '1042', '1083', '1085'], '1096': ['1096', '1138', '1135', '1137', '1139'], '1136': ['1136'], '1041': ['1041'], '1126': ['1126', '1125', '1127', '1043', '1121', '1122', '1123', '1045', '1124'], '1128': ['1128', '1131', '1132', '1130', '1133'], '1129': ['1129'], '1032': ['1032', '1160', '1161', '1162', '1146'], '1052': ['1052', '1053', '1049', '1050', '1054'], '1063': ['1063', '1057', '1060', '1071', '1061'], '1051': ['1051'], '1055': ['1055'], '1147': ['1147'], '1148': ['1148'], '1158': ['1158'], '1066': ['1066'], '1056': ['1056'], '1072': ['1072'], '1157': ['1157'], '1159': ['1159'], '1033': ['1033', '1109', '1110', '1039', '1097', '1098', '1099', '1035', '1112', '1111'], '1101': ['1101'], '1153': ['1153'], '1102': ['1102'], '1103': ['1103'], '1105': ['1105', '1106', '1107', '1058', '1059', '1113', '1108', '1114', '1115'], '1154': ['1154'], '1155': ['1155'], '1104': ['1104'], '1156': ['1156'], '1038': ['1038', '1048', '1068', '1034', '1067'], '1100': ['1100'], '1030': ['1030', '1046', '1069', '1047', '1070'], '1064': ['1064'], '1065': ['1065'], '1031': ['1031'], '1086': ['1086', '1087', '1088', '1141', '1143'], '1089': ['1089'], '1036': ['1036', '1092', '1150', '1093', '1094', '1151', '1149', '1037', '1144'], '1145': ['1145'], '1044': ['1044'], '1090': ['1090'], '1142': ['1142'], '1091': ['1091'], '1062': ['1062'], '1077': ['1077'], '1117': ['1117', '1118', '1116', '1119', '1120'], '1152': ['1152'], '1075': ['1075'], '1076': ['1076'], '1073': ['1073'], '1074': ['1074'], '1140': ['1140'], '1134': ['1134']})"
57,"defaultdict(<class 'list'>, {'1040': ['1040', '1080', '1079', '1081', '1078', '1038', '1048', '1068', '1034', '1067', '1077'], '1095': ['1095', '1082', '1084', '1083', '1085'], '1096': ['1096', '1138', '1135', '1137', '1139'], '1136': ['1136'], '1041': ['1041'], '1126': ['1126', '1125', '1127', '1043', '1121', '1122', '1123', '1045', '1124'], '1128': ['1128', '1129', '1132', '1130', '1134'], '1131': ['1131'], '1032': ['1032', '1160', '1161', '1162', '1146'], '1052': ['1052', '1053', '1049', '1050', '1054'], '1063': ['1063'], '1051': ['1051'], '1055': ['1055'], '1057': ['1057', '1060', '1061', '1058', '1059'], '1071': ['1071'], '1147': ['1147'], '1148': ['1148', '1158', '1157', '1159', '1156'], '1066': ['1066'], '1056': ['1056'], '1072': ['1072', '1075', '1076', '1073', '1074'], '1033': ['1033', '1101', '1109', '1153', '1100'], '1102': ['1102', '1103', '1104', '1117', '1118'], '1105': ['1105'], '1106': ['1106'], '1113': ['1113'], '1154': ['1154'], '1155': ['1155'], '1108': ['1108'], '1110': ['1110'], '1107': ['1107'], '1114': ['1114'], '1039': ['1039'], '1097': ['1097'], '1098': ['1098'], '1099': ['1099'], '1112': ['1112'], '1035': ['1035'], '1111': ['1111'], '1030': ['1030', '1046', '1069', '1047', '1070'], '1064': ['1064'], '1065': ['1065'], '1031': ['1031'], '1042': ['1042'], '1086': ['1086', '1087', '1088', '1141', '1143'], '1089': ['1089', '1092', '1044', '1090', '1091'], '1036': ['1036'], '1150': ['1150', '1093', '1094', '1144', '1149', '1037', '1151'], '1145': ['1145'], '1142': ['1142'], '1115': ['1115'], '1062': ['1062'], '1152': ['1152'], '1116': ['1116'], '1140': ['1140'], '1119': ['1119'], '1120': ['1120'], '1133': ['1133']})"
57,"defaultdict(<class 'list'>, {'1040': ['1040', '1080', '1081', '1082', '1078', '1084', '1042', '1083', '1085'], '1079': ['1079'], '1095': ['1095'], '1096': ['1096', '1138', '1135', '1137', '1139'], '1136': ['1136'], '1041': ['1041', '1126', '1125', '1127', '1124'], '1128': ['1128', '1131', '1132', '1130', '1133', '1129', '1120', '1134'], '1032': ['1032', '1063', '1071', '1066', '1067'], '1052': ['1052'], '1160': ['1160', '1147', '1161', '1162', '1146'], '1051': ['1051'], '1055': ['1055'], '1057': ['1057', '1060', '1061', '1058', '1059'], '1148': ['1148'], '1158': ['1158'], '1053': ['1053', '1038', '1048', '1054', '1034'], '1056': ['1056'], '1072': ['1072'], '1157': ['1157'], '1159': ['1159'], '1033': ['1033', '1153', '1154', '1155', '1152'], '1101': ['1101'], '1109': ['1109'], '1102': ['1102'], '1103': ['1103'], '1105': ['1105', '1106', '1113', '1107', '1114', '1108', '1115', '1116'], '1110': ['1110'], '1104': ['1104'], '1156': ['1156'], '1049': ['1049'], '1050': ['1050'], '1068': ['1068'], '1039': ['1039', '1097', '1098', '1099', '1035', '1112', '1111', '1117', '1118'], '1100': ['1100'], '1030': ['1030'], '1046': ['1046'], '1069': ['1069', '1064', '1065', '1070', '1031'], '1047': ['1047'], '1086': ['1086', '1089', '1087', '1090', '1091'], '1043': ['1043'], '1121': ['1121'], '1122': ['1122'], '1123': ['1123'], '1036': ['1036', '1092', '1150', '1151', '1149'], '1093': ['1093', '1094', '1144', '1037'], '1145': ['1145'], '1044': ['1044'], '1088': ['1088', '1142', '1141', '1143'], '1045': ['1045'], '1062': ['1062'], '1077': ['1077'], '1075': ['1075'], '1076': ['1076'], '1073': ['1073'], '1074': ['1074'], '1140': ['1140'], '1119': ['1119']})"
57,"defaultdict(<class 'list'>, {'1040': ['1040', '1080', '1079', '1081', '1078'], '1095': ['1095'], '1082': ['1082', '1084', '1042', '1083', '1085'], '1096': ['1096', '1138', '1135', '1137', '1139', '1136', '1088', '1142', '1141', '1143', '1140'], '1041': ['1041', '1126', '1125', '1127', '1124'], '1128': ['1128', '1131', '1132', '1130', '1133'], '1129': ['1129'], '1032': ['1032'], '1052': ['1052'], '1063': ['1063'], '1160': ['1160'], '1051': ['1051'], '1055': ['1055'], '1057': ['1057', '1060', '1071', '1061', '1072'], '1147': ['1147', '1036', '1092', '1145', '1146'], '1148': ['1148'], '1158': ['1158'], '1161': ['1161'], '1053': ['1053'], '1066': ['1066'], '1056': ['1056', '1077', '1075', '1076', '1074'], '1157': ['1157'], '1159': ['1159'], '1162': ['1162'], '1033': ['1033', '1153', '1154', '1155', '1151', '1152', '1156'], '1101': ['1101', '1102', '1098', '1099', '1100', '1103', '1039', '1097', '1035'], '1109': ['1109'], '1105': ['1105', '1106', '1107', '1058', '1059', '1113', '1108', '1114', '1115'], '1110': ['1110', '1111', '1064', '1065', '1031'], '1104': ['1104'], '1038': ['1038', '1048', '1068', '1034', '1067'], '1049': ['1049'], '1050': ['1050'], '1054': ['1054'], '1112': ['1112'], '1030': ['1030'], '1046': ['1046'], '1069': ['1069'], '1047': ['1047'], '1070': ['1070'], '1086': ['1086'], '1089': ['1089'], '1043': ['1043'], '1121': ['1121'], '1122': ['1122'], '1123': ['1123'], '1150': ['1150'], '1093': ['1093', '1094', '1144', '1149', '1037'], '1044': ['1044'], '1087': ['1087'], '1090': ['1090'], '1091': ['1091'], '1045': ['1045'], '1062': ['1062'], '1117': ['1117', '1118', '1116', '1119', '1120'], '1073': ['1073'], '1134': ['1134']})"
57,"defaultdict(<class 'list'>, {'1040': ['1040', '1080', '1038', '1048', '1068', '1034', '1067', '1077', '1078'], '1079': ['1079'], '1081': ['1081'], '1095': ['1095'], '1082': ['1082', '1084', '1042', '1083', '1085'], '1096': ['1096', '1136', '1135', '1137', '1140'], '1138': ['1138'], '1041': ['1041', '1126', '1125', '1127', '1124', '1129', '1122', '1123', '1045'], '1128': ['1128'], '1131': ['1131'], '1032': ['1032', '1160', '1161', '1162', '1146'], '1052': ['1052', '1051', '1053', '1049', '1050'], '1063': ['1063'], '1055': ['1055'], '1057': ['1057'], '1060': ['1060'], '1071': ['1071'], '1147': ['1147'], '1148': ['1148', '1158', '1157', '1159', '1153', '1154', '1155', '1156', '1152'], '1066': ['1066'], '1056': ['1056'], '1061': ['1061'], '1072': ['1072', '1075', '1076', '1073', '1074'], '1033': ['1033'], '1101': ['1101'], '1109': ['1109'], '1102': ['1102'], '1103': ['1103'], '1105': ['1105', '1106', '1107', '1058', '1059'], '1113': ['1113'], '1108': ['1108'], '1110': ['1110'], '1104': ['1104'], '1114': ['1114'], '1054': ['1054'], '1039': ['1039', '1097', '1112', '1035', '1111', '1098', '1099', '1117', '1118'], '1100': ['1100'], '1030': ['1030'], '1046': ['1046'], '1069': ['1069', '1064', '1065', '1070', '1031'], '1047': ['1047'], '1086': ['1086', '1089', '1044', '1087', '1090'], '1043': ['1043'], '1121': ['1121'], '1036': ['1036'], '1092': ['1092', '1150', '1093', '1094', '1151', '1149', '1037', '1145', '1144'], '1088': ['1088', '1142', '1141', '1143', '1139'], '1091': ['1091'], '1115': ['1115'], '1062': ['1062'], '1116': ['1116'], '1119': ['1119'], '1120': ['1120'], '1132': ['1132'], '1130': ['1130'], '1134': ['1134'], '1133': ['1133']})"
57,"defaultdict(<class 'list'>, {'1040': ['1040', '1080', '1079', '1038', '1048', '1068', '1034', '1067', '1077', '1076', '1078', '1081'], '1095': ['1095'], '1082': ['1082', '1084', '1042', '1083', '1085'], '1096': ['1096'], '1136': ['1136'], '1138': ['1138'], '1041': ['1041'], '1126': ['1126'], '1125': ['1125'], '1127': ['1127'], '1128': ['1128', '1131', '1132', '1130', '1133'], '1129': ['1129'], '1032': ['1032', '1052', '1063', '1053', '1049'], '1160': ['1160'], '1051': ['1051', '1055', '1056', '1050'], '1057': ['1057'], '1060': ['1060'], '1071': ['1071'], '1147': ['1147', '1148', '1158', '1157', '1159', '1156', '1161', '1033', '1153', '1154', '1155', '1152'], '1066': ['1066'], '1061': ['1061'], '1072': ['1072'], '1162': ['1162'], '1101': ['1101', '1102', '1103', '1039', '1097', '1098', '1099', '1035', '1100'], '1109': ['1109'], '1105': ['1105', '1106', '1107', '1058', '1059'], '1113': ['1113'], '1108': ['1108'], '1110': ['1110'], '1104': ['1104'], '1114': ['1114', '1030', '1046', '1069', '1064', '1065', '1070', '1031', '1047'], '1054': ['1054'], '1112': ['1112'], '1111': ['1111'], '1086': ['1086', '1089', '1044', '1087', '1090', '1088', '1142', '1091'], '1043': ['1043', '1121', '1122', '1123', '1045'], '1124': ['1124'], '1036': ['1036', '1092', '1150', '1151', '1149'], '1093': ['1093', '1094', '1144', '1037', '1143'], '1145': ['1145'], '1141': ['1141'], '1115': ['1115'], '1062': ['1062'], '1117': ['1117'], '1146': ['1146'], '1075': ['1075'], '1118': ['1118'], '1073': ['1073'], '1074': ['1074'], '1116': ['1116'], '1135': ['1135'], '1137': ['1137'], '1140': ['1140'], '1139': ['1139'], '1119': ['1119'], '1120': ['1120'], '1134': ['1134']})"
57,"defaultdict(<class 'list'>, {'1040': ['1040', '1080', '1081', '1095', '1082', '1084', '1042', '1083', '1085'], '1079': ['1079', '1077', '1075', '1076', '1074'], '1096': ['1096', '1138', '1135', '1137', '1139'], '1136': ['1136'], '1041': ['1041', '1126', '1125', '1127', '1043', '1121', '1122', '1123', '1045', '1124', '1128', '1132'], '1129': ['1129'], '1131': ['1131'], '1032': ['1032', '1160', '1161', '1162', '1146'], '1052': ['1052'], '1063': ['1063'], '1051': ['1051', '1055', '1056', '1049', '1050'], '1057': ['1057', '1060', '1061', '1105', '1106', '1107', '1058', '1059', '1062'], '1071': ['1071'], '1147': ['1147'], '1148': ['1148', '1158', '1157', '1159', '1156'], '1053': ['1053', '1054'], '1066': ['1066'], '1072': ['1072'], '1033': ['1033', '1153', '1154', '1155', '1152'], '1101': ['1101', '1102', '1098', '1099', '1100'], '1109': ['1109'], '1103': ['1103'], '1113': ['1113'], '1108': ['1108', '1115', '1118', '1116', '1119'], '1110': ['1110'], '1104': ['1104'], '1114': ['1114'], '1038': ['1038', '1048', '1068', '1034', '1067'], '1039': ['1039'], '1097': ['1097'], '1112': ['1112'], '1035': ['1035'], '1111': ['1111'], '1030': ['1030'], '1046': ['1046'], '1069': ['1069', '1064', '1065', '1070', '1031'], '1047': ['1047'], '1086': ['1086', '1087', '1088', '1141', '1143'], '1089': ['1089'], '1036': ['1036', '1092', '1150', '1151', '1149'], '1093': ['1093'], '1094': ['1094'], '1145': ['1145'], '1144': ['1144'], '1037': ['1037'], '1044': ['1044'], '1090': ['1090'], '1142': ['1142'], '1091': ['1091'], '1117': ['1117'], '1073': ['1073'], '1078': ['1078'], '1140': ['1140'], '1120': ['1120'], '1130': ['1130'], '1134': ['1134'], '1133': ['1133']})"
57,"defaultdict(<class 'list'>, {'1040': ['1040', '1080', '1079', '1081', '1078'], '1095': ['1095'], '1082': ['1082', '1084', '1042', '1083', '1085'], '1096': ['1096', '1136', '1135', '1137', '1140'], '1138': ['1138'], '1041': ['1041', '1126', '1125', '1043', '1121', '1122', '1123', '1045', '1124'], '1127': ['1127'], '1128': ['1128', '1129', '1132', '1130', '1134'], '1131': ['1131'], '1032': ['1032', '1052', '1063', '1053', '1049'], '1160': ['1160', '1147', '1161', '1162', '1146'], '1051': ['1051', '1038', '1048', '1050', '1034'], '1055': ['1055'], '1057': ['1057'], '1060': ['1060'], '1071': ['1071'], '1148': ['1148'], '1158': ['1158'], '1066': ['1066', '1067', '1064', '1065', '1031'], '1056': ['1056'], '1061': ['1061'], '1072': ['1072'], '1157': ['1157'], '1159': ['1159'], '1033': ['1033', '1153', '1154', '1036', '1150', '1151', '1152', '1155'], '1101': ['1101', '1102', '1103', '1108', '1100'], '1109': ['1109', '1113'], '1105': ['1105', '1106', '1107', '1058', '1059'], '1110': ['1110', '1039', '1097', '1098', '1099', '1035', '1112', '1111', '1117'], '1104': ['1104'], '1114': ['1114', '1115', '1118', '1116', '1119'], '1156': ['1156'], '1054': ['1054'], '1068': ['1068', '1077', '1075', '1076', '1074'], '1030': ['1030'], '1046': ['1046'], '1069': ['1069'], '1047': ['1047'], '1070': ['1070'], '1086': ['1086', '1089', '1044', '1087', '1090'], '1092': ['1092'], '1093': ['1093'], '1094': ['1094'], '1145': ['1145'], '1144': ['1144'], '1149': ['1149'], '1037': ['1037'], '1088': ['1088'], '1142': ['1142'], '1141': ['1141'], '1091': ['1091'], '1143': ['1143'], '1062': ['1062'], '1073': ['1073'], '1139': ['1139'], '1120': ['1120'], '1133': ['1133']})"
57,"defaultdict(<class 'list'>, {'1040': ['1040', '1080', '1081', '1082', '1084', '1042', '1083', '1085', '1078', '1079', '1095', '1136'], '1096': ['1096', '1138', '1135', '1137', '1139'], '1041': ['1041', '1126', '1125', '1127', '1128', '1124', '1131', '1043', '1121', '1122', '1123', '1045'], '1129': ['1129'], '1032': ['1032', '1052', '1063', '1053', '1049'], '1160': ['1160'], '1051': ['1051', '1055', '1056', '1075', '1076'], '1057': ['1057', '1060', '1071', '1072'], '1147': ['1147'], '1148': ['1148', '1158', '1157', '1159', '1156'], '1161': ['1161'], '1066': ['1066'], '1061': ['1061', '1062', '1073', '1074'], '1162': ['1162'], '1033': ['1033', '1153', '1154', '1155', '1152'], '1101': ['1101'], '1109': ['1109'], '1102': ['1102', '1103', '1104', '1098', '1099'], '1105': ['1105', '1106', '1107', '1058', '1059'], '1113': ['1113'], '1108': ['1108'], '1110': ['1110'], '1114': ['1114'], '1038': ['1038'], '1048': ['1048'], '1050': ['1050'], '1054': ['1054'], '1068': ['1068'], '1039': ['1039', '1097', '1112', '1035', '1111'], '1100': ['1100'], '1034': ['1034'], '1067': ['1067'], '1030': ['1030'], '1046': ['1046'], '1069': ['1069'], '1064': ['1064'], '1065': ['1065'], '1047': ['1047'], '1070': ['1070'], '1031': ['1031'], '1086': ['1086', '1089', '1087', '1090', '1091'], '1036': ['1036', '1092', '1150', '1151', '1149'], '1093': ['1093'], '1094': ['1094'], '1145': ['1145'], '1144': ['1144'], '1037': ['1037'], '1044': ['1044'], '1088': ['1088', '1142', '1141', '1143', '1140'], '1115': ['1115'], '1077': ['1077'], '1117': ['1117', '1118', '1116', '1119', '1120'], '1146': ['1146'], '1132': ['1132'], '1130': ['1130'], '1134': ['1134'], '1133': ['1133']})"
57,"defaultdict(<class 'list'>, {'1040': ['1040', '1080', '1079', '1081', '1078'], '1095': ['1095'], '1082': ['1082'], '1084': ['1084', '1042', '1085', '1086', '1089', '1044', '1087', '1090', '1091'], '1096': ['1096', '1138', '1135', '1137', '1139'], '1136': ['1136'], '1041': ['1041'], '1126': ['1126'], '1125': ['1125'], '1127': ['1127'], '1128': ['1128', '1131', '1132', '1130', '1133'], '1129': ['1129'], '1032': ['1032', '1052', '1063', '1053', '1049', '1051', '1055', '1050', '1054'], '1160': ['1160'], '1057': ['1057'], '1060': ['1060'], '1071': ['1071'], '1147': ['1147', '1148', '1158', '1157', '1159'], '1161': ['1161'], '1066': ['1066'], '1056': ['1056'], '1061': ['1061'], '1072': ['1072'], '1162': ['1162'], '1033': ['1033'], '1101': ['1101'], '1109': ['1109'], '1153': ['1153', '1154', '1155', '1156', '1152'], '1102': ['1102'], '1103': ['1103'], '1105': ['1105', '1106', '1113', '1107', '1114'], '1108': ['1108'], '1110': ['1110'], '1104': ['1104'], '1038': ['1038', '1048', '1068', '1034', '1067'], '1039': ['1039', '1097', '1112', '1035', '1111'], '1098': ['1098'], '1099': ['1099'], '1100': ['1100'], '1030': ['1030'], '1046': ['1046'], '1069': ['1069', '1064', '1065', '1070', '1031'], '1058': ['1058'], '1059': ['1059'], '1047': ['1047'], '1083': ['1083'], '1043': ['1043', '1121', '1122', '1123', '1045'], '1124': ['1124'], '1036': ['1036'], '1092': ['1092', '1150', '1093', '1094', '1144', '1149', '1037', '1145', '1151'], '1088': ['1088', '1142', '1141', '1143', '1140'], '1115': ['1115'], '1062': ['1062'], '1077': ['1077', '1075', '1076', '1073', '1074'], '1117': ['1117', '1118', '1116', '1119', '1120'], '1146': ['1146'], '1134': ['1134']})"
57,"defaultdict(<class 'list'>, {'1040': ['1040', '1080', '1081', '1095', '1082', '1084', '1042', '1083', '1085', '1079', '1077', '1078'], '1096': ['1096', '1138', '1135', '1137', '1139'], '1136': ['1136'], '1041': ['1041'], '1126': ['1126'], '1125': ['1125'], '1127': ['1127'], '1128': ['1128', '1129', '1132', '1130', '1134', '1131', '1133'], '1032': ['1032', '1052', '1051', '1053', '1049', '1050', '1063', '1055', '1054'], '1160': ['1160', '1147', '1161', '1162', '1146'], '1057': ['1057', '1060', '1061', '1058', '1059'], '1071': ['1071'], '1148': ['1148', '1158', '1157', '1159', '1156', '1153', '1154', '1155', '1152'], '1066': ['1066'], '1056': ['1056'], '1072': ['1072', '1075', '1076', '1073', '1074'], '1033': ['1033'], '1101': ['1101'], '1109': ['1109'], '1102': ['1102'], '1103': ['1103'], '1105': ['1105'], '1106': ['1106'], '1113': ['1113'], '1108': ['1108'], '1110': ['1110'], '1104': ['1104'], '1107': ['1107'], '1114': ['1114'], '1038': ['1038', '1048', '1068', '1034', '1067'], '1039': ['1039', '1097', '1098', '1099', '1035'], '1112': ['1112'], '1100': ['1100'], '1111': ['1111'], '1030': ['1030'], '1046': ['1046'], '1069': ['1069', '1064', '1065', '1070', '1031'], '1047': ['1047'], '1086': ['1086', '1089', '1044', '1087', '1090'], '1043': ['1043', '1121', '1122', '1123', '1045'], '1124': ['1124'], '1036': ['1036'], '1092': ['1092'], '1150': ['1150'], '1093': ['1093'], '1094': ['1094'], '1145': ['1145'], '1151': ['1151'], '1144': ['1144'], '1149': ['1149'], '1037': ['1037'], '1088': ['1088', '1142', '1141', '1143'], '1091': ['1091'], '1115': ['1115'], '1062': ['1062'], '1117': ['1117', '1118', '1116', '1119', '1120'], '1140': ['1140']})"
58,"defaultdict(<class 'list'>, {'1040': ['1040', '1080', '1079', '1081', '1078'], '1095': ['1095'], '1082': ['1082', '1084', '1042', '1083', '1085'], '1096': ['1096'], '1136': ['1136'], '1138': ['1138'], '1041': ['1041', '1126', '1125', '1127', '1043', '1121', '1122', '1123', '1045', '1124', '1128', '1132'], '1129': ['1129'], '1131': ['1131'], '1032': ['1032', '1160', '1161', '1162', '1146', '1147', '1148', '1158', '1156'], '1052': ['1052', '1051', '1053', '1049', '1050'], '1063': ['1063'], '1055': ['1055'], '1057': ['1057', '1060', '1061', '1105', '1106', '1107', '1058', '1059', '1113'], '1071': ['1071'], '1066': ['1066'], '1056': ['1056'], '1072': ['1072'], '1157': ['1157'], '1159': ['1159'], '1033': ['1033', '1153', '1154', '1155', '1152'], '1101': ['1101'], '1109': ['1109'], '1102': ['1102'], '1103': ['1103'], '1108': ['1108'], '1110': ['1110'], '1104': ['1104'], '1114': ['1114', '1030', '1046', '1069', '1064', '1065', '1070', '1031', '1047'], '1038': ['1038', '1048', '1068', '1034', '1067'], '1054': ['1054'], '1039': ['1039', '1097', '1098', '1099', '1035', '1112', '1111', '1117', '1118'], '1100': ['1100'], '1086': ['1086', '1089', '1044', '1087', '1090'], '1036': ['1036', '1092', '1150', '1093', '1094', '1151', '1149', '1037', '1144'], '1145': ['1145'], '1088': ['1088'], '1142': ['1142'], '1141': ['1141'], '1091': ['1091'], '1143': ['1143'], '1115': ['1115'], '1062': ['1062'], '1077': ['1077'], '1075': ['1075'], '1076': ['1076'], '1073': ['1073'], '1074': ['1074'], '1116': ['1116'], '1135': ['1135'], '1137': ['1137'], '1140': ['1140'], '1139': ['1139'], '1119': ['1119'], '1120': ['1120'], '1130': ['1130'], '1134': ['1134'], '1133': ['1133']})"
58,"defaultdict(<class 'list'>, {'1040': ['1040'], '1080': ['1080', '1079', '1077', '1076', '1078'], '1081': ['1081', '1095', '1082', '1084', '1042', '1083', '1085', '1096'], '1136': ['1136'], '1138': ['1138'], '1041': ['1041', '1126', '1125', '1127', '1124', '1129', '1122', '1123', '1045', '1043', '1121'], '1128': ['1128', '1131', '1132', '1130', '1133'], '1032': ['1032', '1160', '1161', '1162', '1146', '1147', '1148', '1158', '1157', '1159', '1155', '1156'], '1052': ['1052'], '1063': ['1063'], '1051': ['1051', '1038', '1048', '1068', '1034', '1067', '1049', '1050'], '1055': ['1055'], '1057': ['1057', '1060', '1071', '1058', '1059'], '1053': ['1053'], '1066': ['1066', '1110', '1064', '1065', '1031'], '1056': ['1056'], '1061': ['1061', '1062', '1075', '1073', '1074'], '1072': ['1072'], '1033': ['1033', '1101', '1102', '1103', '1104', '1098', '1099', '1100'], '1109': ['1109'], '1153': ['1153'], '1105': ['1105'], '1106': ['1106'], '1113': ['1113'], '1154': ['1154'], '1108': ['1108'], '1107': ['1107'], '1114': ['1114', '1115', '1118', '1116', '1119'], '1054': ['1054'], '1039': ['1039'], '1097': ['1097'], '1112': ['1112'], '1035': ['1035'], '1111': ['1111'], '1030': ['1030'], '1046': ['1046'], '1069': ['1069'], '1047': ['1047'], '1070': ['1070'], '1086': ['1086', '1087', '1088', '1141', '1143', '1142'], '1089': ['1089', '1149', '1044', '1090', '1091'], '1036': ['1036'], '1092': ['1092'], '1150': ['1150'], '1093': ['1093'], '1094': ['1094'], '1145': ['1145'], '1151': ['1151'], '1144': ['1144'], '1037': ['1037'], '1117': ['1117'], '1152': ['1152'], '1135': ['1135'], '1137': ['1137'], '1140': ['1140'], '1139': ['1139'], '1120': ['1120'], '1134': ['1134']})"
58,"defaultdict(<class 'list'>, {'1040': ['1040', '1080', '1079', '1081', '1078', '1095', '1082', '1084', '1042', '1083', '1085', '1086'], '1096': ['1096', '1138', '1135', '1137', '1139'], '1136': ['1136'], '1041': ['1041'], '1126': ['1126', '1125', '1127', '1043', '1121', '1122', '1123', '1045', '1124'], '1128': ['1128'], '1129': ['1129'], '1131': ['1131'], '1032': ['1032'], '1052': ['1052', '1051', '1053', '1049', '1050'], '1063': ['1063'], '1160': ['1160'], '1055': ['1055'], '1057': ['1057', '1060', '1071', '1061', '1105', '1106', '1107', '1058', '1059'], '1147': ['1147'], '1148': ['1148', '1158', '1157', '1159', '1156'], '1161': ['1161'], '1066': ['1066', '1110', '1064', '1065', '1031'], '1056': ['1056', '1077', '1075', '1076', '1074'], '1072': ['1072'], '1162': ['1162'], '1033': ['1033', '1101', '1102', '1103', '1039', '1097', '1098', '1099', '1035', '1112', '1111', '1100'], '1109': ['1109'], '1153': ['1153'], '1113': ['1113', '1114', '1115'], '1154': ['1154'], '1155': ['1155'], '1108': ['1108'], '1104': ['1104'], '1038': ['1038', '1048', '1068', '1034', '1067'], '1054': ['1054'], '1030': ['1030', '1046', '1069', '1047', '1070'], '1089': ['1089'], '1036': ['1036'], '1092': ['1092'], '1150': ['1150'], '1093': ['1093'], '1094': ['1094'], '1145': ['1145'], '1151': ['1151'], '1144': ['1144'], '1149': ['1149'], '1037': ['1037'], '1044': ['1044'], '1087': ['1087'], '1088': ['1088', '1142', '1141', '1143'], '1090': ['1090'], '1091': ['1091'], '1062': ['1062'], '1117': ['1117', '1118', '1116', '1119', '1120'], '1146': ['1146'], '1152': ['1152'], '1073': ['1073'], '1140': ['1140'], '1132': ['1132'], '1130': ['1130'], '1134': ['1134'], '1133': ['1133']})"
58,"defaultdict(<class 'list'>, {'1040': ['1040', '1080', '1081', '1082', '1078', '1079', '1095', '1096', '1083'], '1084': ['1084', '1042', '1085', '1086', '1089', '1044', '1087', '1090', '1091'], '1136': ['1136'], '1138': ['1138'], '1041': ['1041', '1126', '1125', '1127', '1124'], '1128': ['1128', '1129', '1132', '1130', '1134'], '1131': ['1131'], '1032': ['1032', '1160', '1147', '1161', '1145', '1146', '1162'], '1052': ['1052', '1053', '1049', '1050', '1054'], '1063': ['1063'], '1051': ['1051'], '1055': ['1055'], '1057': ['1057', '1060', '1071', '1061', '1072'], '1148': ['1148'], '1158': ['1158'], '1066': ['1066', '1038', '1048', '1068', '1034', '1067', '1064', '1065', '1031'], '1056': ['1056', '1077', '1075', '1076', '1074'], '1157': ['1157'], '1159': ['1159'], '1033': ['1033', '1109', '1105', '1106', '1107', '1058', '1059', '1113'], '1101': ['1101', '1102', '1098', '1099', '1100'], '1153': ['1153', '1154', '1155', '1156', '1152'], '1103': ['1103'], '1108': ['1108'], '1110': ['1110'], '1104': ['1104'], '1114': ['1114', '1115', '1118', '1116', '1119'], '1039': ['1039'], '1097': ['1097'], '1112': ['1112'], '1035': ['1035'], '1111': ['1111'], '1030': ['1030'], '1046': ['1046'], '1069': ['1069'], '1047': ['1047'], '1070': ['1070'], '1043': ['1043'], '1121': ['1121'], '1122': ['1122'], '1123': ['1123'], '1036': ['1036'], '1092': ['1092'], '1150': ['1150'], '1093': ['1093', '1094', '1151', '1149', '1037'], '1144': ['1144'], '1088': ['1088'], '1142': ['1142', '1137', '1139'], '1141': ['1141'], '1143': ['1143'], '1045': ['1045'], '1062': ['1062'], '1117': ['1117'], '1073': ['1073'], '1135': ['1135'], '1140': ['1140'], '1120': ['1120'], '1133': ['1133']})"
58,"defaultdict(<class 'list'>, {'1040': ['1040', '1080', '1079', '1081', '1078'], '1095': ['1095'], '1082': ['1082', '1084', '1042', '1083', '1085'], '1096': ['1096', '1138', '1135', '1137', '1139'], '1136': ['1136'], '1041': ['1041'], '1126': ['1126', '1125', '1127', '1043', '1121', '1122', '1123', '1045', '1124'], '1128': ['1128', '1131', '1132', '1130', '1133', '1129', '1120', '1134'], '1032': ['1032', '1052', '1053', '1038', '1048', '1054', '1034', '1049', '1050', '1068'], '1063': ['1063', '1057', '1071', '1072'], '1160': ['1160', '1147', '1161', '1162', '1146'], '1051': ['1051', '1055', '1056', '1046', '1047'], '1060': ['1060'], '1148': ['1148', '1158', '1157', '1159', '1156'], '1066': ['1066', '1067', '1064', '1065', '1031'], '1061': ['1061', '1062', '1075', '1073', '1074'], '1033': ['1033', '1153', '1154', '1155', '1152'], '1101': ['1101'], '1109': ['1109'], '1102': ['1102'], '1103': ['1103'], '1105': ['1105'], '1106': ['1106'], '1113': ['1113'], '1108': ['1108'], '1110': ['1110'], '1104': ['1104'], '1107': ['1107'], '1114': ['1114', '1115', '1118', '1116', '1119'], '1039': ['1039', '1097', '1098', '1099', '1035'], '1112': ['1112'], '1100': ['1100'], '1111': ['1111'], '1030': ['1030'], '1069': ['1069'], '1058': ['1058'], '1059': ['1059'], '1070': ['1070'], '1086': ['1086', '1089', '1044', '1087', '1090'], '1036': ['1036'], '1092': ['1092'], '1150': ['1150'], '1093': ['1093'], '1094': ['1094'], '1145': ['1145'], '1151': ['1151'], '1144': ['1144'], '1149': ['1149'], '1037': ['1037'], '1088': ['1088'], '1142': ['1142'], '1141': ['1141'], '1091': ['1091'], '1143': ['1143'], '1077': ['1077'], '1117': ['1117'], '1076': ['1076'], '1140': ['1140']})"
58,"defaultdict(<class 'list'>, {'1040': ['1040', '1080', '1081', '1078'], '1079': ['1079', '1077', '1075', '1076', '1074'], '1095': ['1095'], '1082': ['1082', '1084', '1042', '1085', '1086', '1087', '1083', '1089', '1044'], '1096': ['1096', '1138', '1135', '1137', '1139'], '1136': ['1136'], '1041': ['1041', '1126', '1125', '1127', '1124'], '1128': ['1128', '1131', '1132', '1130', '1133'], '1129': ['1129'], '1032': ['1032', '1160', '1161', '1162', '1146'], '1052': ['1052'], '1063': ['1063'], '1051': ['1051'], '1055': ['1055'], '1057': ['1057', '1060', '1061', '1062', '1073'], '1071': ['1071'], '1147': ['1147'], '1148': ['1148'], '1158': ['1158'], '1053': ['1053'], '1066': ['1066'], '1056': ['1056'], '1072': ['1072'], '1157': ['1157'], '1159': ['1159'], '1033': ['1033'], '1101': ['1101', '1102', '1098', '1099', '1100'], '1109': ['1109'], '1153': ['1153'], '1103': ['1103', '1104', '1030', '1046', '1047'], '1105': ['1105', '1106', '1107', '1058', '1059'], '1113': ['1113'], '1154': ['1154'], '1155': ['1155'], '1108': ['1108'], '1110': ['1110', '1111', '1064', '1065', '1031'], '1114': ['1114'], '1156': ['1156'], '1038': ['1038', '1048', '1068', '1034', '1067'], '1049': ['1049'], '1050': ['1050'], '1054': ['1054'], '1039': ['1039', '1097', '1112', '1035', '1117'], '1069': ['1069'], '1070': ['1070'], '1043': ['1043', '1121', '1122', '1123', '1045'], '1036': ['1036'], '1092': ['1092'], '1150': ['1150'], '1093': ['1093', '1094', '1151', '1149', '1037'], '1145': ['1145'], '1144': ['1144'], '1088': ['1088', '1142', '1141', '1143', '1140'], '1090': ['1090'], '1091': ['1091'], '1115': ['1115', '1118', '1116', '1119', '1120'], '1152': ['1152'], '1134': ['1134']})"
58,"defaultdict(<class 'list'>, {'1040': ['1040'], '1080': ['1080', '1079', '1077', '1076', '1078'], '1081': ['1081', '1082', '1084', '1042', '1083'], '1095': ['1095'], '1096': ['1096', '1138', '1135', '1137', '1139', '1136', '1140'], '1041': ['1041', '1126', '1125', '1127', '1124', '1129', '1122', '1123', '1045'], '1128': ['1128'], '1131': ['1131', '1120', '1132', '1130', '1133'], '1032': ['1032', '1052', '1063', '1053', '1049'], '1160': ['1160', '1147', '1161', '1162', '1146'], '1051': ['1051', '1038', '1048', '1050', '1034'], '1055': ['1055'], '1057': ['1057', '1071', '1072', '1073', '1074'], '1060': ['1060'], '1148': ['1148', '1158', '1157', '1159', '1156'], '1066': ['1066', '1068', '1067'], '1056': ['1056'], '1061': ['1061'], '1033': ['1033', '1109', '1153', '1155', '1152'], '1101': ['1101'], '1102': ['1102'], '1103': ['1103'], '1105': ['1105', '1106', '1107', '1058', '1059'], '1113': ['1113'], '1154': ['1154'], '1108': ['1108', '1115', '1116', '1119'], '1110': ['1110'], '1104': ['1104'], '1114': ['1114'], '1054': ['1054'], '1039': ['1039', '1097', '1098', '1099', '1035', '1112', '1111', '1117', '1118'], '1100': ['1100'], '1030': ['1030'], '1046': ['1046'], '1069': ['1069', '1064', '1065', '1070', '1031'], '1047': ['1047'], '1085': ['1085'], '1086': ['1086', '1089', '1044', '1087', '1090'], '1043': ['1043'], '1121': ['1121'], '1036': ['1036'], '1092': ['1092'], '1150': ['1150'], '1093': ['1093'], '1094': ['1094'], '1145': ['1145'], '1151': ['1151'], '1144': ['1144'], '1149': ['1149'], '1037': ['1037'], '1088': ['1088'], '1142': ['1142'], '1141': ['1141'], '1091': ['1091'], '1143': ['1143'], '1062': ['1062'], '1075': ['1075'], '1134': ['1134']})"
58,"defaultdict(<class 'list'>, {'1040': ['1040', '1080', '1079', '1081', '1078'], '1095': ['1095'], '1082': ['1082'], '1084': ['1084'], '1096': ['1096'], '1136': ['1136', '1133'], '1138': ['1138'], '1041': ['1041'], '1126': ['1126'], '1125': ['1125'], '1127': ['1127'], '1128': ['1128', '1129', '1132', '1130', '1134'], '1131': ['1131'], '1032': ['1032', '1160', '1161', '1162', '1146', '1147', '1148', '1158', '1156', '1157', '1159'], '1052': ['1052'], '1063': ['1063', '1057', '1071', '1066'], '1051': ['1051'], '1055': ['1055'], '1060': ['1060'], '1053': ['1053'], '1056': ['1056'], '1061': ['1061'], '1072': ['1072'], '1033': ['1033', '1153', '1154', '1155', '1152', '1109'], '1101': ['1101', '1102', '1098', '1099', '1100'], '1103': ['1103', '1104', '1030', '1046', '1047'], '1105': ['1105', '1106', '1107', '1058', '1059'], '1113': ['1113'], '1108': ['1108'], '1110': ['1110'], '1114': ['1114'], '1038': ['1038', '1048', '1068', '1034', '1067'], '1049': ['1049'], '1050': ['1050'], '1054': ['1054'], '1039': ['1039', '1097', '1112', '1035', '1111'], '1069': ['1069', '1064', '1065', '1070', '1031'], '1042': ['1042'], '1083': ['1083'], '1085': ['1085'], '1086': ['1086', '1089', '1044', '1087', '1090'], '1043': ['1043', '1121', '1122', '1123', '1045'], '1124': ['1124'], '1036': ['1036', '1092', '1150', '1093', '1094', '1151', '1149', '1037', '1144'], '1145': ['1145'], '1088': ['1088', '1142', '1141', '1143', '1140'], '1091': ['1091'], '1115': ['1115'], '1062': ['1062'], '1077': ['1077'], '1117': ['1117', '1118', '1116', '1119', '1120'], '1075': ['1075'], '1076': ['1076'], '1073': ['1073'], '1074': ['1074'], '1135': ['1135'], '1137': ['1137'], '1139': ['1139']})"
58,"defaultdict(<class 'list'>, {'1040': ['1040', '1080', '1079', '1081', '1078'], '1095': ['1095'], '1082': ['1082'], '1084': ['1084'], '1096': ['1096'], '1136': ['1136'], '1138': ['1138'], '1041': ['1041'], '1126': ['1126', '1125', '1127', '1128', '1124'], '1129': ['1129', '1131', '1120', '1130', '1134'], '1032': ['1032', '1160', '1161', '1162', '1146'], '1052': ['1052', '1053', '1049', '1050', '1054', '1051', '1055', '1061', '1062'], '1063': ['1063'], '1057': ['1057'], '1060': ['1060'], '1071': ['1071'], '1147': ['1147'], '1148': ['1148', '1158', '1157', '1159', '1153', '1154', '1155', '1156', '1152'], '1066': ['1066'], '1056': ['1056'], '1072': ['1072'], '1033': ['1033', '1101', '1102', '1103', '1100'], '1109': ['1109'], '1105': ['1105'], '1106': ['1106'], '1113': ['1113'], '1108': ['1108'], '1110': ['1110'], '1104': ['1104'], '1107': ['1107'], '1114': ['1114'], '1038': ['1038', '1048', '1068', '1034', '1067'], '1039': ['1039', '1097', '1098', '1099', '1035', '1112', '1111', '1117', '1118'], '1030': ['1030', '1046', '1069', '1047', '1070'], '1058': ['1058'], '1059': ['1059'], '1064': ['1064'], '1065': ['1065'], '1031': ['1031'], '1042': ['1042'], '1083': ['1083'], '1085': ['1085'], '1086': ['1086', '1089', '1044', '1087', '1090'], '1043': ['1043', '1121', '1122', '1123', '1045'], '1036': ['1036', '1092', '1150', '1145'], '1093': ['1093', '1094', '1151', '1149', '1037'], '1144': ['1144'], '1088': ['1088', '1142', '1141', '1143', '1139'], '1091': ['1091'], '1115': ['1115'], '1077': ['1077', '1075', '1076', '1073', '1074'], '1116': ['1116'], '1135': ['1135'], '1137': ['1137'], '1140': ['1140'], '1119': ['1119'], '1132': ['1132'], '1133': ['1133']})"
58,"defaultdict(<class 'list'>, {'1040': ['1040', '1080', '1079', '1081', '1078', '1095', '1082', '1084', '1042', '1083', '1085', '1096'], '1136': ['1136'], '1138': ['1138'], '1041': ['1041'], '1126': ['1126', '1125', '1127', '1128', '1124'], '1129': ['1129'], '1131': ['1131'], '1032': ['1032', '1160', '1161', '1162', '1146'], '1052': ['1052', '1053'], '1063': ['1063'], '1051': ['1051', '1055', '1056', '1049', '1050'], '1057': ['1057', '1060', '1061', '1058', '1059'], '1071': ['1071'], '1147': ['1147', '1148', '1158', '1157', '1159', '1156', '1033', '1153', '1154', '1155', '1152', '1109'], '1066': ['1066'], '1072': ['1072'], '1101': ['1101', '1102', '1098', '1099', '1100'], '1103': ['1103'], '1105': ['1105'], '1106': ['1106'], '1113': ['1113'], '1108': ['1108'], '1110': ['1110'], '1104': ['1104'], '1107': ['1107'], '1114': ['1114', '1030', '1046', '1069', '1064', '1065', '1070', '1031', '1047'], '1038': ['1038', '1048', '1068', '1034', '1067'], '1054': ['1054', '1062'], '1039': ['1039', '1097', '1112', '1035', '1111'], '1086': ['1086'], '1089': ['1089'], '1043': ['1043'], '1121': ['1121'], '1122': ['1122'], '1123': ['1123'], '1036': ['1036', '1092', '1145', '1144'], '1150': ['1150'], '1093': ['1093', '1094', '1151', '1149', '1037'], '1044': ['1044'], '1087': ['1087'], '1088': ['1088', '1142', '1141', '1143', '1140'], '1090': ['1090'], '1091': ['1091'], '1045': ['1045'], '1115': ['1115'], '1077': ['1077', '1075', '1076', '1073', '1074'], '1117': ['1117'], '1118': ['1118'], '1116': ['1116'], '1135': ['1135'], '1137': ['1137'], '1139': ['1139'], '1119': ['1119'], '1120': ['1120'], '1132': ['1132'], '1130': ['1130'], '1134': ['1134'], '1133': ['1133']})"
58,"defaultdict(<class 'list'>, {'1040': ['1040'], '1080': ['1080', '1079', '1077', '1076', '1078'], '1081': ['1081'], '1095': ['1095'], '1082': ['1082', '1084', '1042', '1083', '1085'], '1096': ['1096', '1138', '1135', '1137', '1139'], '1136': ['1136'], '1041': ['1041'], '1126': ['1126'], '1125': ['1125'], '1127': ['1127'], '1128': ['1128', '1129', '1132', '1130', '1134', '1131', '1120', '1133'], '1032': ['1032', '1052', '1063', '1053', '1049', '1051', '1055', '1050', '1054'], '1160': ['1160'], '1057': ['1057'], '1060': ['1060'], '1071': ['1071'], '1147': ['1147'], '1148': ['1148', '1158', '1157', '1159', '1156'], '1161': ['1161'], '1066': ['1066', '1110', '1111', '1064', '1065', '1031'], '1056': ['1056'], '1061': ['1061', '1062', '1075', '1073', '1074'], '1072': ['1072'], '1162': ['1162'], '1033': ['1033', '1153', '1154', '1155', '1152'], '1101': ['1101', '1102', '1098', '1099', '1100'], '1109': ['1109'], '1103': ['1103'], '1105': ['1105', '1106', '1107', '1058', '1059'], '1113': ['1113'], '1108': ['1108'], '1104': ['1104', '1117', '1118', '1116', '1119'], '1114': ['1114'], '1038': ['1038', '1048', '1068', '1034', '1067'], '1039': ['1039'], '1097': ['1097'], '1112': ['1112'], '1035': ['1035'], '1030': ['1030', '1046', '1069', '1047', '1070'], '1086': ['1086', '1089', '1044', '1087', '1090'], '1043': ['1043'], '1121': ['1121'], '1122': ['1122'], '1123': ['1123'], '1124': ['1124'], '1036': ['1036'], '1092': ['1092'], '1150': ['1150'], '1093': ['1093', '1094', '1151', '1149', '1037'], '1145': ['1145'], '1144': ['1144'], '1088': ['1088', '1142', '1141', '1143'], '1091': ['1091'], '1045': ['1045'], '1115': ['1115'], '1146': ['1146'], '1140': ['1140']})"
58,"defaultdict(<class 'list'>, {'1040': ['1040', '1080', '1081', '1082', '1078', '1079', '1084', '1042', '1083'], '1095': ['1095'], '1096': ['1096', '1138', '1135', '1137', '1139'], '1136': ['1136'], '1041': ['1041'], '1126': ['1126', '1125', '1127', '1128', '1124'], '1129': ['1129'], '1131': ['1131'], '1032': ['1032', '1160', '1147', '1161', '1145', '1146', '1148', '1158', '1157', '1159', '1156', '1162'], '1052': ['1052'], '1063': ['1063'], '1051': ['1051'], '1055': ['1055'], '1057': ['1057', '1060', '1061', '1105', '1106', '1107', '1058', '1059', '1113'], '1071': ['1071'], '1053': ['1053'], '1066': ['1066'], '1056': ['1056', '1077', '1075', '1076', '1074'], '1072': ['1072'], '1033': ['1033', '1153', '1154', '1155', '1152'], '1101': ['1101', '1102', '1098', '1099', '1100', '1103', '1039', '1097', '1035'], '1109': ['1109'], '1108': ['1108'], '1110': ['1110', '1111', '1064', '1065', '1031'], '1104': ['1104'], '1114': ['1114'], '1038': ['1038', '1048', '1068', '1034', '1067'], '1049': ['1049'], '1050': ['1050'], '1054': ['1054'], '1112': ['1112'], '1030': ['1030'], '1046': ['1046'], '1069': ['1069'], '1047': ['1047'], '1070': ['1070'], '1085': ['1085'], '1086': ['1086', '1089', '1044', '1087', '1090'], '1043': ['1043', '1121', '1122', '1123', '1045'], '1036': ['1036'], '1092': ['1092'], '1150': ['1150'], '1093': ['1093', '1094', '1151', '1149', '1037'], '1144': ['1144'], '1088': ['1088', '1142', '1141', '1143', '1140'], '1091': ['1091'], '1115': ['1115'], '1062': ['1062'], '1117': ['1117'], '1118': ['1118'], '1073': ['1073'], '1116': ['1116'], '1119': ['1119'], '1120': ['1120'], '1132': ['1132'], '1130': ['1130'], '1134': ['1134'], '1133': ['1133']})"
58,"defaultdict(<class 'list'>, {'1040': ['1040', '1080', '1081', '1082', '1078'], '1079': ['1079', '1077', '1075', '1076', '1074'], '1095': ['1095'], '1084': ['1084', '1042', '1085', '1086', '1089', '1044', '1087', '1090', '1091'], '1096': ['1096', '1138', '1135', '1137', '1139'], '1136': ['1136'], '1041': ['1041'], '1126': ['1126'], '1125': ['1125'], '1127': ['1127'], '1128': ['1128', '1131', '1132', '1130', '1133', '1129', '1120', '1134'], '1032': ['1032', '1160', '1161', '1162', '1146'], '1052': ['1052', '1053', '1049', '1050', '1054'], '1063': ['1063'], '1051': ['1051'], '1055': ['1055'], '1057': ['1057', '1060', '1061', '1062', '1073'], '1071': ['1071'], '1147': ['1147', '1148', '1158', '1157', '1159'], '1066': ['1066', '1067', '1064', '1065', '1031'], '1056': ['1056'], '1072': ['1072'], '1033': ['1033', '1153', '1154', '1155', '1152'], '1101': ['1101'], '1109': ['1109'], '1102': ['1102'], '1103': ['1103'], '1105': ['1105'], '1106': ['1106'], '1113': ['1113'], '1108': ['1108'], '1110': ['1110'], '1104': ['1104', '1030', '1046', '1047', '1117'], '1107': ['1107'], '1114': ['1114', '1115', '1118', '1116', '1119'], '1156': ['1156'], '1038': ['1038'], '1048': ['1048'], '1068': ['1068'], '1039': ['1039', '1097', '1098', '1099', '1035'], '1112': ['1112'], '1100': ['1100'], '1034': ['1034'], '1111': ['1111'], '1069': ['1069'], '1058': ['1058'], '1059': ['1059'], '1070': ['1070'], '1083': ['1083'], '1043': ['1043', '1121', '1122', '1123', '1045'], '1124': ['1124'], '1036': ['1036', '1092', '1150', '1093', '1094', '1151', '1149', '1037', '1144'], '1145': ['1145'], '1088': ['1088'], '1142': ['1142'], '1141': ['1141'], '1143': ['1143'], '1140': ['1140']})"
58,"defaultdict(<class 'list'>, {'1040': ['1040', '1080', '1079', '1081', '1078', '1077', '1075', '1076', '1074'], '1095': ['1095'], '1082': ['1082'], '1084': ['1084'], '1096': ['1096', '1138', '1135', '1137', '1139'], '1136': ['1136'], '1041': ['1041'], '1126': ['1126'], '1125': ['1125'], '1127': ['1127'], '1128': ['1128', '1129', '1132', '1130', '1134', '1131', '1133'], '1032': ['1032', '1160', '1161', '1162', '1146', '1147', '1148', '1158', '1157', '1159', '1156', '1145'], '1052': ['1052'], '1063': ['1063'], '1051': ['1051', '1055', '1056', '1049', '1050'], '1057': ['1057', '1060', '1071', '1061', '1105', '1106', '1107', '1058', '1059'], '1053': ['1053', '1054', '1062'], '1066': ['1066'], '1072': ['1072', '1070', '1073'], '1033': ['1033', '1109', '1153', '1155', '1152'], '1101': ['1101', '1102', '1098', '1099', '1100'], '1103': ['1103'], '1113': ['1113', '1114', '1115'], '1154': ['1154'], '1108': ['1108'], '1110': ['1110'], '1104': ['1104'], '1038': ['1038', '1048', '1068', '1034', '1067'], '1039': ['1039', '1097', '1112', '1035', '1111'], '1030': ['1030'], '1046': ['1046'], '1069': ['1069'], '1064': ['1064'], '1065': ['1065'], '1047': ['1047'], '1031': ['1031'], '1042': ['1042'], '1083': ['1083'], '1085': ['1085'], '1086': ['1086'], '1089': ['1089'], '1043': ['1043'], '1121': ['1121'], '1122': ['1122'], '1123': ['1123'], '1124': ['1124'], '1036': ['1036', '1092', '1150', '1151', '1149'], '1093': ['1093'], '1094': ['1094'], '1144': ['1144'], '1037': ['1037'], '1044': ['1044'], '1087': ['1087'], '1088': ['1088', '1142', '1141', '1143', '1140'], '1090': ['1090'], '1091': ['1091'], '1045': ['1045'], '1117': ['1117', '1118', '1116', '1119', '1120']})"
58,"defaultdict(<class 'list'>, {'1040': ['1040', '1080', '1079', '1077', '1076', '1078', '1081', '1082', '1083'], '1095': ['1095'], '1084': ['1084'], '1096': ['1096', '1138', '1135', '1137', '1139'], '1136': ['1136'], '1041': ['1041', '1126', '1125', '1127', '1124'], '1128': ['1128', '1131', '1132', '1130', '1133'], '1129': ['1129'], '1032': ['1032', '1160', '1161', '1162', '1146'], '1052': ['1052'], '1063': ['1063'], '1051': ['1051', '1055', '1056', '1049', '1050'], '1057': ['1057', '1060', '1061', '1105', '1106', '1107', '1058', '1059', '1113'], '1071': ['1071'], '1147': ['1147'], '1148': ['1148', '1158', '1157', '1159', '1156'], '1053': ['1053'], '1066': ['1066'], '1072': ['1072'], '1033': ['1033', '1101', '1109', '1153', '1100', '1154', '1155', '1152'], '1102': ['1102'], '1103': ['1103'], '1108': ['1108'], '1110': ['1110', '1111', '1064', '1065', '1031'], '1104': ['1104'], '1114': ['1114'], '1038': ['1038'], '1048': ['1048'], '1054': ['1054'], '1068': ['1068'], '1039': ['1039', '1097', '1112', '1035', '1117'], '1098': ['1098'], '1099': ['1099'], '1034': ['1034'], '1067': ['1067'], '1030': ['1030', '1046', '1069', '1047', '1070'], '1042': ['1042'], '1085': ['1085'], '1086': ['1086', '1089', '1044', '1087', '1090'], '1043': ['1043', '1121', '1122', '1123', '1045'], '1036': ['1036'], '1092': ['1092'], '1150': ['1150'], '1093': ['1093', '1094', '1151', '1149', '1037'], '1145': ['1145'], '1144': ['1144'], '1088': ['1088', '1142', '1141', '1143', '1140'], '1091': ['1091'], '1115': ['1115'], '1062': ['1062'], '1075': ['1075'], '1118': ['1118'], '1073': ['1073'], '1074': ['1074'], '1116': ['1116'], '1119': ['1119'], '1120': ['1120'], '1134': ['1134']})"
59,"defaultdict(<class 'list'>, {'1040': ['1040'], '1080': ['1080', '1079', '1077', '1076', '1078'], '1081': ['1081'], '1095': ['1095'], '1082': ['1082', '1084', '1042', '1083', '1085'], '1096': ['1096', '1138', '1135', '1137', '1139'], '1136': ['1136'], '1041': ['1041'], '1126': ['1126'], '1125': ['1125'], '1127': ['1127'], '1128': ['1128', '1129', '1132', '1130', '1134', '1131', '1120', '1133'], '1032': ['1032', '1052', '1063', '1053', '1049', '1051', '1055', '1050', '1054'], '1160': ['1160'], '1057': ['1057'], '1060': ['1060'], '1071': ['1071'], '1147': ['1147'], '1148': ['1148', '1158', '1157', '1159', '1156'], '1161': ['1161'], '1066': ['1066'], '1056': ['1056'], '1061': ['1061', '1062', '1075', '1073', '1074'], '1072': ['1072'], '1162': ['1162'], '1033': ['1033', '1153', '1154', '1155', '1152'], '1101': ['1101', '1102', '1098', '1099', '1100'], '1109': ['1109'], '1103': ['1103'], '1105': ['1105', '1106', '1107', '1058', '1059'], '1113': ['1113'], '1108': ['1108'], '1110': ['1110', '1111', '1064', '1065', '1031'], '1104': ['1104', '1117', '1118', '1116', '1119'], '1114': ['1114'], '1038': ['1038', '1048', '1068', '1034', '1067'], '1039': ['1039'], '1097': ['1097'], '1112': ['1112'], '1035': ['1035'], '1030': ['1030', '1046', '1069', '1047', '1070'], '1086': ['1086', '1089', '1044', '1087', '1090'], '1043': ['1043'], '1121': ['1121'], '1122': ['1122'], '1123': ['1123'], '1124': ['1124'], '1036': ['1036'], '1092': ['1092'], '1150': ['1150'], '1093': ['1093', '1094', '1151', '1149', '1037'], '1145': ['1145'], '1144': ['1144'], '1088': ['1088', '1142', '1141', '1143'], '1091': ['1091'], '1045': ['1045'], '1115': ['1115'], '1146': ['1146'], '1140': ['1140']})"
59,"defaultdict(<class 'list'>, {'1040': ['1040', '1080', '1079', '1081', '1078', '1095', '1082', '1096', '1083'], '1084': ['1084', '1042', '1085', '1086', '1087'], '1136': ['1136'], '1138': ['1138', '1137', '1139'], '1041': ['1041', '1126', '1125', '1127', '1124'], '1128': ['1128'], '1129': ['1129'], '1131': ['1131'], '1032': ['1032', '1052', '1063', '1053', '1049', '1160', '1161', '1162', '1146'], '1051': ['1051', '1038', '1048', '1050', '1034'], '1055': ['1055'], '1057': ['1057', '1060', '1071', '1061', '1072'], '1147': ['1147'], '1148': ['1148', '1158', '1157', '1159', '1156', '1153', '1154', '1155', '1152'], '1066': ['1066'], '1056': ['1056'], '1033': ['1033', '1109', '1113', '1110', '1111'], '1101': ['1101'], '1102': ['1102', '1039', '1097', '1098', '1099', '1035', '1112', '1100', '1117'], '1103': ['1103'], '1105': ['1105', '1106', '1107', '1058', '1059'], '1108': ['1108'], '1104': ['1104'], '1114': ['1114'], '1054': ['1054'], '1068': ['1068'], '1067': ['1067'], '1030': ['1030'], '1046': ['1046'], '1069': ['1069'], '1064': ['1064'], '1065': ['1065'], '1047': ['1047'], '1070': ['1070'], '1031': ['1031'], '1089': ['1089', '1149', '1044', '1090', '1091'], '1043': ['1043'], '1121': ['1121'], '1122': ['1122'], '1123': ['1123'], '1036': ['1036'], '1092': ['1092'], '1150': ['1150'], '1093': ['1093', '1094', '1145', '1144', '1037'], '1151': ['1151'], '1088': ['1088', '1142', '1141', '1143', '1140'], '1045': ['1045'], '1115': ['1115'], '1062': ['1062'], '1077': ['1077', '1075', '1076', '1073', '1074'], '1118': ['1118'], '1116': ['1116'], '1135': ['1135'], '1119': ['1119'], '1120': ['1120'], '1132': ['1132'], '1130': ['1130'], '1134': ['1134'], '1133': ['1133']})"
59,"defaultdict(<class 'list'>, {'1040': ['1040'], '1080': ['1080', '1079', '1077', '1076', '1078'], '1081': ['1081', '1095', '1082', '1084', '1042', '1083', '1085', '1096'], '1136': ['1136'], '1138': ['1138'], '1041': ['1041', '1126', '1125', '1127', '1124', '1129', '1122', '1123', '1045', '1043', '1121'], '1128': ['1128', '1131', '1132', '1130', '1133'], '1032': ['1032', '1160', '1161', '1162', '1146', '1147', '1148', '1158', '1157', '1159', '1155', '1156'], '1052': ['1052'], '1063': ['1063'], '1051': ['1051', '1038', '1048', '1068', '1034', '1067', '1049', '1050'], '1055': ['1055'], '1057': ['1057', '1060', '1071', '1058', '1059'], '1053': ['1053'], '1066': ['1066', '1110', '1064', '1065', '1031'], '1056': ['1056'], '1061': ['1061', '1062', '1075', '1073', '1074'], '1072': ['1072'], '1033': ['1033', '1101', '1102', '1103', '1104', '1098', '1099', '1100'], '1109': ['1109'], '1153': ['1153'], '1105': ['1105'], '1106': ['1106'], '1113': ['1113'], '1154': ['1154'], '1108': ['1108'], '1107': ['1107'], '1114': ['1114', '1115', '1118', '1116', '1119'], '1054': ['1054'], '1039': ['1039'], '1097': ['1097'], '1112': ['1112'], '1035': ['1035'], '1111': ['1111'], '1030': ['1030'], '1046': ['1046'], '1069': ['1069'], '1047': ['1047'], '1070': ['1070'], '1086': ['1086', '1087', '1088', '1141', '1143'], '1089': ['1089', '1149', '1044', '1090', '1091'], '1036': ['1036'], '1092': ['1092'], '1150': ['1150'], '1093': ['1093'], '1094': ['1094'], '1145': ['1145'], '1151': ['1151'], '1144': ['1144'], '1037': ['1037'], '1142': ['1142'], '1117': ['1117'], '1152': ['1152'], '1135': ['1135'], '1137': ['1137'], '1140': ['1140'], '1139': ['1139'], '1120': ['1120'], '1134': ['1134']})"
59,"defaultdict(<class 'list'>, {'1040': ['1040', '1080', '1079', '1077', '1076', '1078', '1075', '1074'], '1081': ['1081', '1082', '1084', '1042', '1083', '1095', '1096', '1085'], '1136': ['1136'], '1138': ['1138'], '1041': ['1041'], '1126': ['1126'], '1125': ['1125'], '1127': ['1127'], '1128': ['1128', '1131', '1132', '1130', '1133', '1129', '1120', '1134'], '1032': ['1032', '1160', '1161', '1162', '1146'], '1052': ['1052', '1053', '1049', '1050', '1054', '1051', '1055', '1061', '1062'], '1063': ['1063'], '1057': ['1057'], '1060': ['1060'], '1071': ['1071'], '1147': ['1147'], '1148': ['1148', '1158', '1157', '1159', '1156', '1153', '1154', '1155', '1152'], '1066': ['1066', '1038', '1048', '1068', '1067'], '1056': ['1056'], '1072': ['1072'], '1033': ['1033', '1109', '1113', '1110', '1111', '1105'], '1101': ['1101'], '1102': ['1102'], '1103': ['1103'], '1106': ['1106', '1108', '1107', '1058', '1059'], '1104': ['1104'], '1114': ['1114'], '1039': ['1039'], '1097': ['1097'], '1098': ['1098'], '1099': ['1099'], '1112': ['1112'], '1100': ['1100'], '1034': ['1034'], '1035': ['1035'], '1030': ['1030'], '1046': ['1046'], '1069': ['1069', '1064', '1065', '1070', '1031'], '1047': ['1047'], '1086': ['1086', '1089', '1044', '1087', '1090'], '1043': ['1043', '1121', '1122', '1123', '1045'], '1124': ['1124'], '1036': ['1036', '1092', '1150', '1151', '1149'], '1093': ['1093', '1094', '1144', '1037', '1143'], '1145': ['1145'], '1088': ['1088'], '1142': ['1142'], '1141': ['1141'], '1091': ['1091'], '1115': ['1115'], '1117': ['1117'], '1118': ['1118'], '1073': ['1073'], '1116': ['1116'], '1135': ['1135'], '1137': ['1137'], '1140': ['1140'], '1139': ['1139'], '1119': ['1119']})"
59,"defaultdict(<class 'list'>, {'1040': ['1040'], '1080': ['1080'], '1079': ['1079', '1077', '1075', '1076', '1074'], '1081': ['1081'], '1095': ['1095', '1082', '1084', '1083', '1085'], '1096': ['1096', '1138', '1135', '1137', '1139'], '1136': ['1136'], '1041': ['1041'], '1126': ['1126'], '1125': ['1125'], '1127': ['1127'], '1128': ['1128', '1129', '1132', '1130', '1134'], '1131': ['1131', '1133'], '1032': ['1032', '1052', '1063', '1053', '1049'], '1160': ['1160', '1147', '1161', '1145', '1146', '1162'], '1051': ['1051'], '1055': ['1055'], '1057': ['1057', '1060', '1061', '1058', '1059'], '1071': ['1071'], '1148': ['1148', '1158', '1157', '1159', '1156'], '1066': ['1066'], '1056': ['1056'], '1072': ['1072'], '1033': ['1033', '1109', '1153', '1155', '1152'], '1101': ['1101', '1102', '1098', '1099', '1100'], '1103': ['1103'], '1105': ['1105', '1106', '1113', '1107', '1114'], '1154': ['1154'], '1108': ['1108'], '1110': ['1110'], '1104': ['1104'], '1038': ['1038', '1048', '1068', '1034', '1067'], '1050': ['1050'], '1054': ['1054'], '1039': ['1039', '1097', '1112', '1035', '1111'], '1030': ['1030'], '1046': ['1046'], '1069': ['1069', '1064', '1065', '1070', '1031'], '1047': ['1047'], '1042': ['1042'], '1086': ['1086'], '1089': ['1089'], '1043': ['1043', '1121', '1122', '1123', '1045'], '1124': ['1124'], '1036': ['1036', '1092', '1150', '1093', '1094', '1144', '1149', '1037', '1151'], '1044': ['1044'], '1087': ['1087'], '1088': ['1088'], '1090': ['1090'], '1142': ['1142'], '1141': ['1141'], '1091': ['1091'], '1143': ['1143'], '1115': ['1115', '1118', '1116', '1119', '1120'], '1062': ['1062'], '1117': ['1117'], '1073': ['1073'], '1078': ['1078'], '1140': ['1140']})"
59,"defaultdict(<class 'list'>, {'1040': ['1040', '1080', '1079', '1077', '1078'], '1081': ['1081'], '1095': ['1095'], '1082': ['1082', '1084', '1042', '1083', '1085'], '1096': ['1096', '1136', '1135', '1137', '1140'], '1138': ['1138'], '1041': ['1041'], '1126': ['1126'], '1125': ['1125'], '1127': ['1127'], '1128': ['1128', '1129', '1132', '1130', '1134', '1131', '1120', '1133'], '1032': ['1032', '1063', '1066', '1068', '1067'], '1052': ['1052'], '1160': ['1160', '1161', '1162', '1146'], '1051': ['1051', '1055', '1056', '1049', '1050'], '1057': ['1057', '1060', '1061', '1058', '1059'], '1071': ['1071'], '1147': ['1147', '1148', '1158', '1157', '1159'], '1053': ['1053', '1038', '1048', '1054', '1034'], '1072': ['1072', '1075', '1076', '1073', '1074'], '1033': ['1033'], '1101': ['1101'], '1109': ['1109'], '1153': ['1153'], '1102': ['1102'], '1103': ['1103'], '1105': ['1105'], '1106': ['1106'], '1113': ['1113'], '1154': ['1154', '1036', '1150', '1151', '1152'], '1155': ['1155'], '1108': ['1108', '1107', '1115', '1116', '1119'], '1110': ['1110'], '1104': ['1104', '1030', '1046', '1047', '1117'], '1114': ['1114'], '1156': ['1156'], '1039': ['1039'], '1097': ['1097'], '1098': ['1098'], '1099': ['1099'], '1112': ['1112'], '1100': ['1100'], '1035': ['1035'], '1111': ['1111'], '1069': ['1069', '1064', '1065', '1070', '1031'], '1086': ['1086'], '1089': ['1089'], '1043': ['1043', '1121', '1122', '1123', '1045'], '1124': ['1124'], '1092': ['1092'], '1093': ['1093', '1094', '1144', '1149', '1037'], '1145': ['1145'], '1044': ['1044'], '1087': ['1087'], '1088': ['1088', '1142', '1141', '1143', '1139'], '1090': ['1090'], '1091': ['1091'], '1062': ['1062'], '1118': ['1118']})"
59,"defaultdict(<class 'list'>, {'1040': ['1040'], '1080': ['1080'], '1079': ['1079'], '1081': ['1081'], '1095': ['1095', '1082', '1084', '1083', '1085'], '1096': ['1096', '1138', '1135', '1137', '1139', '1136', '1140'], '1041': ['1041', '1126', '1125', '1127', '1124', '1129', '1043', '1121', '1122', '1123', '1045', '1134'], '1128': ['1128'], '1131': ['1131'], '1032': ['1032', '1052', '1063', '1053', '1049'], '1160': ['1160'], '1051': ['1051'], '1055': ['1055'], '1057': ['1057', '1060', '1061', '1058', '1059', '1071', '1072', '1062', '1073'], '1147': ['1147'], '1148': ['1148', '1158', '1157', '1159', '1156'], '1161': ['1161'], '1066': ['1066'], '1056': ['1056', '1077', '1075', '1076', '1074'], '1162': ['1162'], '1033': ['1033'], '1101': ['1101'], '1109': ['1109', '1105', '1106', '1113', '1107'], '1153': ['1153'], '1102': ['1102', '1103', '1104', '1098', '1099'], '1154': ['1154'], '1155': ['1155'], '1108': ['1108'], '1110': ['1110'], '1114': ['1114', '1030', '1046', '1069', '1047', '1070', '1064', '1065', '1031'], '1038': ['1038'], '1048': ['1048'], '1050': ['1050'], '1054': ['1054'], '1068': ['1068'], '1039': ['1039'], '1097': ['1097'], '1112': ['1112'], '1100': ['1100'], '1034': ['1034'], '1067': ['1067'], '1035': ['1035'], '1111': ['1111'], '1042': ['1042'], '1086': ['1086', '1087', '1088', '1141', '1143', '1142'], '1089': ['1089', '1149', '1044', '1090', '1091'], '1036': ['1036'], '1092': ['1092'], '1150': ['1150'], '1093': ['1093', '1094', '1145', '1144', '1037'], '1151': ['1151'], '1115': ['1115', '1118', '1116', '1119', '1120'], '1117': ['1117'], '1146': ['1146'], '1152': ['1152'], '1078': ['1078'], '1132': ['1132'], '1130': ['1130'], '1133': ['1133']})"
59,"defaultdict(<class 'list'>, {'1040': ['1040', '1080', '1079', '1081', '1078'], '1095': ['1095'], '1082': ['1082'], '1084': ['1084'], '1096': ['1096', '1138', '1135', '1137', '1139', '1136', '1088', '1142', '1141', '1143', '1140'], '1041': ['1041', '1126', '1125', '1127', '1124'], '1128': ['1128', '1131', '1132', '1130', '1133', '1129', '1120', '1134'], '1032': ['1032', '1160', '1161', '1162', '1146'], '1052': ['1052'], '1063': ['1063', '1057', '1071', '1066', '1067'], '1051': ['1051'], '1055': ['1055'], '1060': ['1060'], '1147': ['1147'], '1148': ['1148', '1158', '1157', '1159', '1156'], '1053': ['1053', '1038', '1048', '1054', '1034'], '1056': ['1056'], '1061': ['1061', '1062', '1075', '1073', '1074', '1076'], '1072': ['1072'], '1033': ['1033'], '1101': ['1101', '1102', '1098', '1099', '1100'], '1109': ['1109'], '1153': ['1153'], '1103': ['1103', '1104', '1030', '1046', '1047'], '1105': ['1105', '1106', '1107', '1058', '1059'], '1113': ['1113'], '1154': ['1154'], '1155': ['1155'], '1108': ['1108'], '1110': ['1110', '1039', '1097', '1112', '1111'], '1114': ['1114'], '1049': ['1049'], '1050': ['1050'], '1068': ['1068'], '1035': ['1035'], '1069': ['1069', '1064', '1065', '1070', '1031'], '1042': ['1042'], '1083': ['1083'], '1085': ['1085'], '1086': ['1086', '1089', '1044', '1087', '1090'], '1043': ['1043'], '1121': ['1121'], '1122': ['1122'], '1123': ['1123'], '1036': ['1036'], '1092': ['1092'], '1150': ['1150'], '1093': ['1093'], '1094': ['1094'], '1145': ['1145'], '1151': ['1151'], '1144': ['1144'], '1149': ['1149'], '1037': ['1037'], '1091': ['1091'], '1045': ['1045'], '1115': ['1115', '1117', '1118', '1116', '1119'], '1077': ['1077'], '1152': ['1152']})"
59,"defaultdict(<class 'list'>, {'1040': ['1040', '1080', '1081', '1082', '1078'], '1079': ['1079'], '1095': ['1095'], '1084': ['1084', '1042', '1085', '1086', '1089', '1087', '1090', '1091', '1044'], '1096': ['1096'], '1136': ['1136'], '1138': ['1138', '1134'], '1041': ['1041', '1126', '1125', '1127', '1124'], '1128': ['1128', '1131', '1132', '1130', '1133'], '1129': ['1129'], '1032': ['1032', '1160', '1161', '1162'], '1052': ['1052', '1053', '1049', '1050', '1054'], '1063': ['1063'], '1051': ['1051'], '1055': ['1055'], '1057': ['1057', '1060', '1061', '1058', '1059', '1105', '1106', '1107', '1062'], '1071': ['1071'], '1147': ['1147', '1145', '1144', '1146'], '1148': ['1148', '1158', '1157', '1159'], '1066': ['1066', '1038', '1048', '1068', '1067'], '1056': ['1056', '1077', '1075', '1076', '1074'], '1072': ['1072'], '1033': ['1033'], '1101': ['1101'], '1109': ['1109'], '1153': ['1153', '1154', '1155', '1156', '1152'], '1102': ['1102', '1103', '1104', '1117', '1118'], '1113': ['1113'], '1108': ['1108'], '1110': ['1110'], '1114': ['1114', '1030', '1046', '1069', '1064', '1065', '1070', '1031', '1047'], '1039': ['1039'], '1097': ['1097'], '1098': ['1098'], '1099': ['1099'], '1112': ['1112'], '1100': ['1100'], '1034': ['1034'], '1035': ['1035'], '1111': ['1111'], '1083': ['1083'], '1043': ['1043'], '1121': ['1121'], '1122': ['1122'], '1123': ['1123'], '1036': ['1036'], '1092': ['1092'], '1150': ['1150'], '1093': ['1093', '1094', '1151', '1149', '1037'], '1088': ['1088', '1142', '1141', '1143', '1139'], '1045': ['1045'], '1115': ['1115'], '1073': ['1073'], '1116': ['1116'], '1135': ['1135'], '1137': ['1137'], '1140': ['1140'], '1119': ['1119'], '1120': ['1120']})"
59,"defaultdict(<class 'list'>, {'1040': ['1040'], '1080': ['1080'], '1079': ['1079'], '1081': ['1081'], '1095': ['1095'], '1082': ['1082'], '1084': ['1084', '1042', '1085', '1086', '1087'], '1096': ['1096', '1136', '1135', '1137', '1140'], '1138': ['1138', '1134'], '1041': ['1041'], '1126': ['1126'], '1125': ['1125'], '1127': ['1127'], '1128': ['1128', '1131', '1132', '1130', '1133'], '1129': ['1129'], '1032': ['1032', '1052', '1063', '1053', '1049'], '1160': ['1160', '1147', '1161', '1162', '1146'], '1051': ['1051'], '1055': ['1055'], '1057': ['1057', '1060', '1061', '1058', '1059'], '1071': ['1071'], '1148': ['1148', '1158', '1157', '1159'], '1066': ['1066'], '1056': ['1056'], '1072': ['1072'], '1033': ['1033', '1101', '1102', '1098', '1099', '1100', '1103', '1108', '1107'], '1109': ['1109'], '1153': ['1153', '1154', '1155', '1156', '1152'], '1105': ['1105', '1113', '1114', '1115'], '1106': ['1106'], '1110': ['1110'], '1104': ['1104'], '1038': ['1038', '1048', '1068', '1034', '1067'], '1050': ['1050'], '1054': ['1054'], '1039': ['1039', '1097', '1112', '1035', '1111'], '1030': ['1030'], '1046': ['1046'], '1069': ['1069'], '1064': ['1064'], '1065': ['1065'], '1047': ['1047'], '1070': ['1070'], '1031': ['1031'], '1083': ['1083'], '1089': ['1089', '1149', '1044', '1090', '1091', '1093', '1094', '1037'], '1043': ['1043', '1121', '1122', '1123', '1045'], '1124': ['1124'], '1036': ['1036'], '1092': ['1092'], '1150': ['1150'], '1145': ['1145'], '1151': ['1151'], '1144': ['1144'], '1088': ['1088', '1142', '1141', '1143', '1139'], '1062': ['1062'], '1077': ['1077', '1075', '1076', '1073', '1074'], '1117': ['1117', '1118', '1116', '1119', '1120'], '1078': ['1078']})"
59,"defaultdict(<class 'list'>, {'1040': ['1040', '1080', '1081', '1082', '1083'], '1079': ['1079', '1077', '1075', '1076', '1074'], '1095': ['1095'], '1084': ['1084', '1042', '1085', '1086', '1089', '1044', '1087', '1090', '1091'], '1096': ['1096'], '1136': ['1136'], '1138': ['1138'], '1041': ['1041', '1126', '1125', '1127', '1124'], '1128': ['1128', '1129', '1132', '1130', '1134'], '1131': ['1131'], '1032': ['1032', '1063', '1160', '1147', '1148', '1158', '1157', '1159', '1156', '1161', '1162', '1146'], '1052': ['1052', '1053', '1049', '1050', '1054', '1051', '1055', '1062'], '1057': ['1057', '1060', '1061', '1058', '1059'], '1071': ['1071'], '1066': ['1066'], '1056': ['1056'], '1072': ['1072'], '1033': ['1033', '1153', '1154', '1155', '1152'], '1101': ['1101'], '1109': ['1109'], '1102': ['1102'], '1103': ['1103'], '1105': ['1105', '1106', '1113', '1107', '1114'], '1108': ['1108'], '1110': ['1110', '1111', '1064', '1065', '1031'], '1104': ['1104'], '1038': ['1038', '1048', '1068', '1034', '1067'], '1039': ['1039'], '1097': ['1097'], '1098': ['1098'], '1099': ['1099'], '1112': ['1112'], '1100': ['1100'], '1035': ['1035'], '1030': ['1030', '1046', '1069', '1047', '1070'], '1043': ['1043', '1121', '1122', '1123', '1045'], '1036': ['1036'], '1092': ['1092'], '1150': ['1150'], '1093': ['1093'], '1094': ['1094'], '1145': ['1145'], '1151': ['1151'], '1144': ['1144'], '1149': ['1149'], '1037': ['1037'], '1088': ['1088'], '1142': ['1142'], '1141': ['1141'], '1143': ['1143'], '1115': ['1115', '1118', '1116', '1119', '1120'], '1117': ['1117'], '1073': ['1073'], '1078': ['1078'], '1135': ['1135'], '1137': ['1137'], '1140': ['1140'], '1139': ['1139'], '1133': ['1133']})"
59,"defaultdict(<class 'list'>, {'1040': ['1040', '1080', '1079', '1081', '1078'], '1095': ['1095'], '1082': ['1082', '1084', '1042', '1083', '1085'], '1096': ['1096'], '1136': ['1136'], '1138': ['1138'], '1041': ['1041', '1126', '1125', '1127', '1124'], '1128': ['1128', '1131', '1132', '1130', '1133'], '1129': ['1129'], '1032': ['1032', '1160', '1161', '1162', '1146'], '1052': ['1052'], '1063': ['1063'], '1051': ['1051'], '1055': ['1055'], '1057': ['1057'], '1060': ['1060'], '1071': ['1071'], '1147': ['1147'], '1148': ['1148', '1158', '1157', '1159', '1156'], '1053': ['1053'], '1066': ['1066'], '1056': ['1056'], '1061': ['1061'], '1072': ['1072'], '1033': ['1033', '1153', '1154', '1155', '1152'], '1101': ['1101'], '1109': ['1109'], '1102': ['1102', '1103', '1104', '1117', '1118', '1039', '1097', '1098', '1099', '1035', '1112', '1111'], '1105': ['1105', '1106', '1107', '1058', '1059'], '1113': ['1113'], '1108': ['1108', '1115', '1116', '1119'], '1110': ['1110'], '1114': ['1114'], '1038': ['1038'], '1048': ['1048'], '1049': ['1049'], '1050': ['1050'], '1054': ['1054'], '1068': ['1068', '1077', '1075', '1076', '1074'], '1100': ['1100'], '1034': ['1034'], '1067': ['1067'], '1030': ['1030', '1046', '1069', '1047', '1070'], '1064': ['1064'], '1065': ['1065'], '1031': ['1031'], '1086': ['1086', '1089', '1044', '1087', '1090'], '1043': ['1043', '1121', '1122', '1123', '1045'], '1036': ['1036', '1092', '1150', '1093', '1094', '1151', '1149', '1037', '1144'], '1145': ['1145'], '1088': ['1088', '1142', '1141', '1143', '1139'], '1091': ['1091'], '1062': ['1062'], '1073': ['1073'], '1135': ['1135'], '1137': ['1137'], '1140': ['1140'], '1120': ['1120'], '1134': ['1134']})"
59,"defaultdict(<class 'list'>, {'1040': ['1040', '1080', '1079', '1081', '1078'], '1095': ['1095'], '1082': ['1082', '1084', '1042', '1083', '1085'], '1096': ['1096', '1138', '1135', '1137', '1139'], '1136': ['1136'], '1041': ['1041'], '1126': ['1126'], '1125': ['1125'], '1127': ['1127'], '1128': ['1128', '1131', '1132', '1130', '1133'], '1129': ['1129', '1134'], '1032': ['1032', '1160', '1161', '1162'], '1052': ['1052'], '1063': ['1063'], '1051': ['1051'], '1055': ['1055'], '1057': ['1057'], '1060': ['1060'], '1071': ['1071'], '1147': ['1147', '1036', '1092', '1145', '1146', '1150', '1093', '1094', '1151', '1149', '1037', '1144'], '1148': ['1148', '1158', '1157', '1159', '1153', '1154', '1155', '1156', '1152', '1033', '1109'], '1053': ['1053'], '1066': ['1066'], '1056': ['1056'], '1061': ['1061'], '1072': ['1072'], '1101': ['1101', '1102', '1103', '1039', '1097', '1098', '1099', '1035', '1100'], '1105': ['1105'], '1106': ['1106'], '1113': ['1113'], '1108': ['1108'], '1110': ['1110', '1111', '1064', '1065', '1031'], '1104': ['1104'], '1107': ['1107'], '1114': ['1114'], '1038': ['1038'], '1048': ['1048'], '1049': ['1049'], '1050': ['1050'], '1054': ['1054'], '1068': ['1068', '1077', '1075', '1076', '1074'], '1112': ['1112'], '1034': ['1034'], '1067': ['1067'], '1030': ['1030', '1046', '1069', '1047', '1070'], '1058': ['1058'], '1059': ['1059'], '1086': ['1086', '1087', '1088', '1141', '1143', '1089', '1044', '1090', '1091', '1142'], '1043': ['1043'], '1121': ['1121'], '1122': ['1122'], '1123': ['1123'], '1124': ['1124'], '1045': ['1045'], '1115': ['1115'], '1062': ['1062'], '1117': ['1117', '1118', '1116', '1119', '1120'], '1073': ['1073'], '1140': ['1140']})"
59,"defaultdict(<class 'list'>, {'1040': ['1040', '1080', '1079', '1081', '1078', '1095', '1082', '1084', '1042', '1083', '1085', '1096'], '1136': ['1136'], '1138': ['1138'], '1041': ['1041', '1126', '1125', '1127', '1124'], '1128': ['1128', '1131', '1132', '1130', '1133'], '1129': ['1129'], '1032': ['1032', '1063', '1160', '1161', '1162'], '1052': ['1052', '1051', '1053', '1049', '1050'], '1055': ['1055'], '1057': ['1057', '1060', '1061', '1105', '1106', '1107', '1058', '1059', '1108'], '1071': ['1071'], '1147': ['1147'], '1148': ['1148', '1158', '1157', '1159', '1156'], '1066': ['1066'], '1056': ['1056'], '1072': ['1072'], '1033': ['1033'], '1101': ['1101', '1102', '1098', '1099', '1100', '1103', '1039', '1097', '1035'], '1109': ['1109'], '1153': ['1153', '1154', '1155', '1151', '1152'], '1113': ['1113'], '1110': ['1110'], '1104': ['1104', '1112', '1111', '1117'], '1114': ['1114', '1115', '1118', '1116', '1119'], '1038': ['1038', '1048', '1068', '1034', '1067'], '1054': ['1054'], '1030': ['1030', '1046', '1069', '1047', '1070'], '1064': ['1064'], '1065': ['1065'], '1031': ['1031'], '1086': ['1086', '1089', '1044', '1087', '1090'], '1043': ['1043', '1121', '1122', '1123', '1045'], '1036': ['1036'], '1092': ['1092'], '1150': ['1150'], '1093': ['1093'], '1094': ['1094'], '1145': ['1145'], '1144': ['1144'], '1149': ['1149'], '1037': ['1037'], '1088': ['1088'], '1142': ['1142'], '1141': ['1141'], '1091': ['1091'], '1143': ['1143'], '1062': ['1062'], '1077': ['1077'], '1146': ['1146'], '1075': ['1075'], '1076': ['1076'], '1073': ['1073'], '1074': ['1074'], '1135': ['1135'], '1137': ['1137'], '1140': ['1140'], '1139': ['1139'], '1120': ['1120'], '1134': ['1134']})"
59,"defaultdict(<class 'list'>, {'1040': ['1040', '1080', '1079', '1081', '1078', '1095', '1082', '1084', '1042', '1083', '1085', '1096'], '1136': ['1136'], '1138': ['1138'], '1041': ['1041', '1126', '1125', '1127', '1124', '1131', '1122', '1123', '1045'], '1128': ['1128', '1129', '1132', '1130', '1134'], '1032': ['1032', '1052', '1063', '1053', '1049', '1160', '1161', '1162', '1146'], '1051': ['1051', '1055', '1056', '1050'], '1057': ['1057'], '1060': ['1060'], '1071': ['1071'], '1147': ['1147'], '1148': ['1148', '1158', '1157', '1159', '1156'], '1066': ['1066'], '1061': ['1061'], '1072': ['1072'], '1033': ['1033', '1109', '1153', '1155', '1152'], '1101': ['1101'], '1102': ['1102'], '1103': ['1103'], '1105': ['1105', '1106', '1107', '1058', '1059'], '1113': ['1113'], '1154': ['1154'], '1108': ['1108'], '1110': ['1110', '1111', '1064', '1065', '1031'], '1104': ['1104'], '1114': ['1114'], '1038': ['1038', '1048', '1068', '1034', '1067'], '1054': ['1054'], '1039': ['1039'], '1097': ['1097'], '1098': ['1098'], '1099': ['1099'], '1112': ['1112'], '1100': ['1100'], '1035': ['1035'], '1030': ['1030', '1046', '1069', '1047', '1070'], '1086': ['1086'], '1089': ['1089', '1092', '1044', '1090', '1091'], '1043': ['1043'], '1121': ['1121'], '1036': ['1036'], '1150': ['1150'], '1093': ['1093', '1094', '1151', '1149', '1037'], '1145': ['1145'], '1144': ['1144'], '1087': ['1087'], '1088': ['1088', '1142', '1141', '1143', '1139'], '1115': ['1115'], '1062': ['1062'], '1077': ['1077'], '1117': ['1117', '1118', '1116', '1119', '1120'], '1075': ['1075'], '1076': ['1076'], '1073': ['1073'], '1074': ['1074'], '1135': ['1135'], '1137': ['1137'], '1140': ['1140'], '1133': ['1133']})"
59,"defaultdict(<class 'list'>, {'1040': ['1040'], '1080': ['1080'], '1079': ['1079'], '1081': ['1081'], '1095': ['1095'], '1082': ['1082', '1084', '1042', '1085', '1086', '1087', '1083', '1089', '1044'], '1096': ['1096', '1138', '1135', '1137', '1139'], '1136': ['1136'], '1041': ['1041', '1126', '1125', '1127', '1124'], '1128': ['1128'], '1129': ['1129'], '1131': ['1131'], '1032': ['1032', '1063', '1160', '1161', '1162', '1147', '1148', '1158', '1157', '1159', '1156', '1146'], '1052': ['1052'], '1051': ['1051', '1055', '1056', '1049', '1050'], '1057': ['1057', '1060', '1061', '1058', '1059', '1105', '1106', '1113', '1107'], '1071': ['1071'], '1053': ['1053'], '1066': ['1066', '1068', '1067', '1077', '1076'], '1072': ['1072'], '1033': ['1033', '1153', '1154', '1155', '1152'], '1101': ['1101', '1102', '1098', '1099', '1100', '1103', '1039', '1097', '1035'], '1109': ['1109'], '1108': ['1108'], '1110': ['1110'], '1104': ['1104', '1030', '1046', '1047'], '1114': ['1114'], '1038': ['1038'], '1048': ['1048'], '1054': ['1054'], '1112': ['1112'], '1034': ['1034'], '1111': ['1111'], '1069': ['1069', '1064', '1065', '1070', '1031'], '1043': ['1043'], '1121': ['1121'], '1122': ['1122'], '1123': ['1123'], '1036': ['1036'], '1092': ['1092', '1150', '1093', '1094', '1144', '1149', '1037', '1145', '1151'], '1088': ['1088'], '1090': ['1090'], '1142': ['1142'], '1141': ['1141'], '1091': ['1091'], '1143': ['1143'], '1045': ['1045'], '1115': ['1115'], '1062': ['1062'], '1117': ['1117', '1118', '1116', '1119', '1120'], '1075': ['1075'], '1073': ['1073'], '1078': ['1078'], '1074': ['1074'], '1140': ['1140'], '1132': ['1132'], '1130': ['1130'], '1134': ['1134'], '1133': ['1133']})"
59,"defaultdict(<class 'list'>, {'1040': ['1040', '1080', '1081', '1082', '1078'], '1079': ['1079'], '1095': ['1095'], '1084': ['1084'], '1096': ['1096', '1136', '1135', '1137', '1140'], '1138': ['1138'], '1041': ['1041', '1126', '1125', '1127', '1124', '1129', '1122', '1123', '1045', '1043', '1121', '1134'], '1128': ['1128', '1131', '1132', '1133'], '1032': ['1032'], '1052': ['1052', '1051', '1053', '1049', '1050'], '1063': ['1063'], '1160': ['1160', '1147', '1161', '1145', '1146'], '1055': ['1055'], '1057': ['1057', '1060', '1071', '1061', '1105', '1106', '1107', '1058', '1059'], '1148': ['1148', '1158', '1157', '1159', '1156'], '1066': ['1066'], '1056': ['1056'], '1072': ['1072', '1075', '1076', '1073', '1074'], '1162': ['1162'], '1033': ['1033', '1153', '1154', '1155', '1152'], '1101': ['1101'], '1109': ['1109'], '1102': ['1102'], '1103': ['1103'], '1113': ['1113'], '1108': ['1108'], '1110': ['1110'], '1104': ['1104'], '1114': ['1114'], '1038': ['1038'], '1048': ['1048'], '1054': ['1054'], '1068': ['1068'], '1039': ['1039', '1097', '1098', '1099', '1035'], '1112': ['1112'], '1100': ['1100'], '1034': ['1034'], '1067': ['1067'], '1111': ['1111'], '1030': ['1030', '1046', '1069', '1047', '1070'], '1064': ['1064'], '1065': ['1065'], '1031': ['1031'], '1042': ['1042'], '1083': ['1083'], '1085': ['1085'], '1086': ['1086', '1089', '1044', '1087', '1090'], '1036': ['1036', '1092', '1150', '1151', '1149'], '1093': ['1093'], '1094': ['1094'], '1144': ['1144'], '1037': ['1037'], '1088': ['1088', '1142', '1141', '1143', '1139'], '1091': ['1091'], '1115': ['1115'], '1062': ['1062'], '1077': ['1077'], '1117': ['1117', '1118', '1116', '1119', '1120'], '1130': ['1130']})"
59,"defaultdict(<class 'list'>, {'1040': ['1040'], '1080': ['1080', '1079', '1077', '1076', '1078'], '1081': ['1081'], '1095': ['1095'], '1082': ['1082'], '1084': ['1084'], '1096': ['1096', '1138', '1135', '1137', '1139'], '1136': ['1136'], '1041': ['1041', '1126', '1125', '1127', '1124'], '1128': ['1128', '1131', '1132', '1130', '1133'], '1129': ['1129'], '1032': ['1032', '1160', '1161', '1162', '1146'], '1052': ['1052'], '1063': ['1063'], '1051': ['1051', '1055', '1056', '1049', '1050'], '1057': ['1057', '1060', '1061', '1105', '1106', '1107', '1058', '1059', '1113'], '1071': ['1071'], '1147': ['1147'], '1148': ['1148'], '1158': ['1158'], '1053': ['1053', '1038', '1048', '1054', '1034'], '1066': ['1066'], '1072': ['1072'], '1157': ['1157'], '1159': ['1159'], '1033': ['1033', '1101', '1109', '1153', '1100'], '1102': ['1102', '1103', '1104', '1117', '1118'], '1154': ['1154', '1151', '1152'], '1155': ['1155'], '1108': ['1108'], '1110': ['1110'], '1114': ['1114'], '1156': ['1156'], '1068': ['1068'], '1039': ['1039', '1097', '1112', '1035', '1111', '1098', '1099'], '1067': ['1067'], '1030': ['1030'], '1046': ['1046'], '1069': ['1069', '1064', '1065', '1070', '1031'], '1047': ['1047'], '1042': ['1042'], '1083': ['1083'], '1085': ['1085'], '1086': ['1086', '1089', '1044', '1087', '1090'], '1043': ['1043', '1121', '1122', '1123', '1045'], '1036': ['1036'], '1092': ['1092'], '1150': ['1150'], '1093': ['1093', '1094', '1144', '1149', '1037'], '1145': ['1145'], '1088': ['1088', '1142', '1141', '1143'], '1091': ['1091'], '1115': ['1115'], '1062': ['1062', '1075', '1073', '1074'], '1116': ['1116'], '1140': ['1140'], '1119': ['1119'], '1120': ['1120'], '1134': ['1134']})"
60,"defaultdict(<class 'list'>, {'1040': ['1040', '1080', '1081', '1095', '1082', '1084', '1042', '1083', '1085'], '1079': ['1079'], '1096': ['1096', '1138', '1135', '1137', '1139'], '1136': ['1136'], '1041': ['1041'], '1126': ['1126'], '1125': ['1125'], '1127': ['1127'], '1128': ['1128', '1129', '1132', '1130', '1134', '1131', '1133'], '1032': ['1032', '1052', '1051', '1053', '1049', '1050', '1063', '1055', '1054'], '1160': ['1160', '1147', '1161', '1162', '1146'], '1057': ['1057', '1060', '1061', '1058', '1059'], '1071': ['1071'], '1148': ['1148', '1158', '1157', '1159', '1156', '1153', '1154', '1155', '1152'], '1066': ['1066'], '1056': ['1056'], '1072': ['1072', '1075', '1076', '1073', '1074'], '1033': ['1033'], '1101': ['1101'], '1109': ['1109'], '1102': ['1102'], '1103': ['1103'], '1105': ['1105'], '1106': ['1106'], '1113': ['1113'], '1108': ['1108'], '1110': ['1110'], '1104': ['1104'], '1107': ['1107'], '1114': ['1114'], '1038': ['1038', '1048', '1068', '1034', '1067'], '1039': ['1039', '1097', '1098', '1099', '1035'], '1112': ['1112'], '1100': ['1100'], '1111': ['1111'], '1030': ['1030'], '1046': ['1046'], '1069': ['1069', '1064', '1065', '1070', '1031'], '1047': ['1047'], '1086': ['1086', '1089', '1044', '1087', '1090'], '1043': ['1043', '1121', '1122', '1123', '1045'], '1124': ['1124'], '1036': ['1036'], '1092': ['1092'], '1150': ['1150'], '1093': ['1093'], '1094': ['1094'], '1145': ['1145'], '1151': ['1151'], '1144': ['1144'], '1149': ['1149'], '1037': ['1037'], '1088': ['1088', '1142', '1141', '1143'], '1091': ['1091'], '1115': ['1115'], '1062': ['1062'], '1077': ['1077'], '1117': ['1117', '1118', '1116', '1119', '1120'], '1078': ['1078'], '1140': ['1140']})"
60,"defaultdict(<class 'list'>, {'1040': ['1040', '1080', '1081', '1082', '1078', '1079', '1095', '1096', '1083'], '1084': ['1084', '1042', '1085', '1086', '1087'], '1136': ['1136', '1133'], '1138': ['1138', '1137', '1139'], '1041': ['1041'], '1126': ['1126'], '1125': ['1125'], '1127': ['1127'], '1128': ['1128'], '1129': ['1129'], '1131': ['1131'], '1032': ['1032', '1160', '1161', '1162', '1146'], '1052': ['1052', '1051', '1053', '1049', '1050', '1054'], '1063': ['1063', '1057', '1060', '1071', '1061'], '1055': ['1055', '1056', '1075', '1076', '1074'], '1147': ['1147'], '1148': ['1148'], '1158': ['1158'], '1066': ['1066'], '1072': ['1072'], '1157': ['1157'], '1159': ['1159'], '1033': ['1033'], '1101': ['1101', '1102', '1098', '1099', '1100'], '1109': ['1109'], '1153': ['1153', '1154', '1155', '1156', '1152'], '1103': ['1103'], '1105': ['1105', '1106', '1113', '1107', '1114'], '1108': ['1108'], '1110': ['1110', '1111', '1064', '1065', '1031'], '1104': ['1104'], '1038': ['1038', '1048', '1068', '1034', '1067'], '1039': ['1039'], '1097': ['1097'], '1112': ['1112'], '1035': ['1035'], '1030': ['1030', '1046', '1069', '1047', '1070'], '1058': ['1058'], '1059': ['1059'], '1089': ['1089'], '1043': ['1043', '1121', '1122', '1123', '1045'], '1124': ['1124'], '1036': ['1036'], '1092': ['1092'], '1150': ['1150'], '1093': ['1093', '1094', '1145', '1144', '1037'], '1151': ['1151'], '1149': ['1149'], '1044': ['1044'], '1088': ['1088', '1142', '1141', '1143', '1140'], '1090': ['1090'], '1091': ['1091'], '1115': ['1115'], '1062': ['1062'], '1077': ['1077'], '1117': ['1117', '1118', '1116', '1119', '1120'], '1073': ['1073'], '1135': ['1135', '1134'], '1132': ['1132'], '1130': ['1130']})"
60,"defaultdict(<class 'list'>, {'1040': ['1040', '1080', '1079', '1081', '1078', '1077', '1075', '1076', '1074'], '1095': ['1095'], '1082': ['1082'], '1084': ['1084'], '1096': ['1096', '1138', '1135', '1137', '1139'], '1136': ['1136'], '1041': ['1041'], '1126': ['1126'], '1125': ['1125'], '1127': ['1127'], '1128': ['1128', '1129', '1132', '1130', '1134', '1131', '1133'], '1032': ['1032', '1160', '1161', '1162', '1146', '1147', '1148', '1158', '1157', '1159', '1156', '1145'], '1052': ['1052'], '1063': ['1063'], '1051': ['1051', '1055', '1056', '1049', '1050'], '1057': ['1057', '1060', '1071', '1061', '1105', '1106', '1107', '1058', '1059'], '1053': ['1053'], '1066': ['1066'], '1072': ['1072', '1070', '1073'], '1033': ['1033', '1109', '1153', '1155', '1152'], '1101': ['1101', '1102', '1098', '1099', '1100'], '1103': ['1103'], '1113': ['1113', '1114', '1115'], '1154': ['1154'], '1108': ['1108'], '1110': ['1110'], '1104': ['1104'], '1038': ['1038', '1048', '1068', '1034', '1067'], '1054': ['1054'], '1039': ['1039', '1097', '1112', '1035', '1111'], '1030': ['1030'], '1046': ['1046'], '1069': ['1069'], '1064': ['1064'], '1065': ['1065'], '1047': ['1047'], '1031': ['1031'], '1042': ['1042'], '1083': ['1083'], '1085': ['1085'], '1086': ['1086'], '1089': ['1089'], '1043': ['1043'], '1121': ['1121'], '1122': ['1122'], '1123': ['1123'], '1124': ['1124'], '1036': ['1036', '1092', '1150', '1151', '1149'], '1093': ['1093'], '1094': ['1094'], '1144': ['1144'], '1037': ['1037'], '1044': ['1044'], '1087': ['1087'], '1088': ['1088', '1142', '1141', '1143', '1140'], '1090': ['1090'], '1091': ['1091'], '1045': ['1045'], '1062': ['1062'], '1117': ['1117', '1118', '1116', '1119', '1120']})"
60,"defaultdict(<class 'list'>, {'1040': ['1040', '1080', '1081', '1078'], '1079': ['1079'], '1095': ['1095'], '1082': ['1082', '1084', '1042', '1083', '1085'], '1096': ['1096', '1138', '1135', '1137', '1139'], '1136': ['1136'], '1041': ['1041', '1126', '1125', '1127', '1124'], '1128': ['1128', '1131', '1132', '1130', '1133'], '1129': ['1129'], '1032': ['1032', '1160', '1161', '1162', '1146'], '1052': ['1052', '1053', '1049', '1050', '1054'], '1063': ['1063', '1057', '1060', '1071', '1061'], '1051': ['1051'], '1055': ['1055'], '1147': ['1147'], '1148': ['1148'], '1158': ['1158'], '1066': ['1066', '1038', '1048', '1068', '1034', '1067', '1064', '1065', '1031'], '1056': ['1056'], '1072': ['1072', '1114', '1070'], '1157': ['1157'], '1159': ['1159'], '1033': ['1033'], '1101': ['1101', '1102', '1098', '1099', '1100', '1103', '1039', '1097', '1035'], '1109': ['1109'], '1153': ['1153', '1154', '1155', '1151', '1152'], '1105': ['1105'], '1106': ['1106'], '1113': ['1113'], '1108': ['1108'], '1110': ['1110'], '1104': ['1104', '1030', '1046', '1047', '1117'], '1107': ['1107'], '1156': ['1156'], '1112': ['1112'], '1111': ['1111'], '1069': ['1069'], '1058': ['1058'], '1059': ['1059'], '1086': ['1086', '1087', '1088', '1141', '1143', '1089', '1044', '1090', '1142'], '1043': ['1043'], '1121': ['1121'], '1122': ['1122'], '1123': ['1123'], '1036': ['1036'], '1092': ['1092'], '1150': ['1150'], '1093': ['1093', '1094', '1144', '1149', '1037'], '1145': ['1145'], '1091': ['1091'], '1045': ['1045'], '1115': ['1115'], '1062': ['1062'], '1077': ['1077', '1075', '1076', '1073', '1074'], '1118': ['1118'], '1116': ['1116'], '1140': ['1140'], '1119': ['1119'], '1120': ['1120'], '1134': ['1134']})"
60,"defaultdict(<class 'list'>, {'1040': ['1040', '1080', '1081', '1082', '1078'], '1079': ['1079', '1077', '1075', '1076', '1074'], '1095': ['1095'], '1084': ['1084', '1042', '1085', '1086', '1089', '1044', '1087', '1090', '1091'], '1096': ['1096', '1138', '1135', '1137', '1139'], '1136': ['1136'], '1041': ['1041'], '1126': ['1126'], '1125': ['1125'], '1127': ['1127'], '1128': ['1128'], '1129': ['1129'], '1131': ['1131'], '1032': ['1032', '1052', '1063', '1053', '1049'], '1160': ['1160', '1147', '1161', '1145', '1146'], '1051': ['1051', '1038', '1048', '1050', '1034'], '1055': ['1055'], '1057': ['1057'], '1060': ['1060'], '1071': ['1071'], '1148': ['1148', '1158', '1157', '1159', '1156'], '1066': ['1066', '1068', '1067'], '1056': ['1056'], '1061': ['1061'], '1072': ['1072'], '1162': ['1162'], '1033': ['1033', '1101', '1109', '1153', '1100', '1154', '1155', '1152'], '1102': ['1102'], '1103': ['1103'], '1105': ['1105', '1106', '1107', '1058', '1059'], '1113': ['1113'], '1108': ['1108'], '1110': ['1110'], '1104': ['1104'], '1114': ['1114'], '1054': ['1054'], '1039': ['1039', '1097', '1098', '1099', '1035', '1112', '1111', '1117', '1118'], '1030': ['1030'], '1046': ['1046'], '1069': ['1069', '1064', '1065', '1070', '1031'], '1047': ['1047'], '1083': ['1083'], '1043': ['1043', '1121', '1122', '1123', '1045'], '1124': ['1124'], '1036': ['1036', '1092', '1150', '1093', '1094', '1151', '1149', '1037', '1144'], '1088': ['1088'], '1142': ['1142'], '1141': ['1141'], '1143': ['1143'], '1115': ['1115'], '1062': ['1062'], '1073': ['1073'], '1116': ['1116'], '1140': ['1140'], '1119': ['1119'], '1120': ['1120'], '1132': ['1132'], '1130': ['1130'], '1134': ['1134'], '1133': ['1133']})"
60,"defaultdict(<class 'list'>, {'1040': ['1040'], '1080': ['1080'], '1079': ['1079'], '1081': ['1081'], '1095': ['1095'], '1082': ['1082', '1084', '1042', '1083', '1085'], '1096': ['1096', '1138', '1135', '1137', '1139'], '1136': ['1136'], '1041': ['1041'], '1126': ['1126', '1125', '1127', '1043', '1121', '1122', '1123', '1045', '1124'], '1128': ['1128', '1131', '1132', '1130', '1133'], '1129': ['1129'], '1032': ['1032', '1160', '1161', '1162', '1146'], '1052': ['1052', '1053', '1049', '1050', '1054'], '1063': ['1063', '1057', '1060', '1071', '1061'], '1051': ['1051'], '1055': ['1055'], '1147': ['1147'], '1148': ['1148'], '1158': ['1158'], '1066': ['1066'], '1056': ['1056'], '1072': ['1072'], '1157': ['1157'], '1159': ['1159'], '1033': ['1033', '1109', '1110', '1039', '1097', '1098', '1099', '1035', '1112', '1111'], '1101': ['1101'], '1153': ['1153'], '1102': ['1102'], '1103': ['1103'], '1105': ['1105', '1106', '1107', '1058', '1059', '1113', '1108', '1114', '1115'], '1154': ['1154'], '1155': ['1155'], '1104': ['1104'], '1156': ['1156'], '1038': ['1038', '1048', '1068', '1034', '1067'], '1100': ['1100'], '1030': ['1030', '1046', '1069', '1047', '1070'], '1064': ['1064'], '1065': ['1065'], '1031': ['1031'], '1086': ['1086', '1087', '1088', '1141', '1143'], '1089': ['1089'], '1036': ['1036', '1092', '1150', '1093', '1094', '1151', '1149', '1037', '1144'], '1145': ['1145'], '1044': ['1044'], '1090': ['1090'], '1142': ['1142'], '1091': ['1091'], '1062': ['1062'], '1077': ['1077'], '1117': ['1117', '1118', '1116', '1119', '1120'], '1152': ['1152'], '1075': ['1075'], '1076': ['1076'], '1073': ['1073'], '1078': ['1078'], '1074': ['1074'], '1140': ['1140'], '1134': ['1134']})"
60,"defaultdict(<class 'list'>, {'1040': ['1040', '1080', '1081', '1082', '1078'], '1079': ['1079', '1077', '1075', '1076', '1074'], '1095': ['1095'], '1084': ['1084'], '1096': ['1096', '1138', '1135', '1137', '1139', '1136', '1140'], '1041': ['1041'], '1126': ['1126', '1125', '1127', '1043', '1121', '1122', '1123', '1045', '1124'], '1128': ['1128', '1131', '1132', '1130', '1133'], '1129': ['1129'], '1032': ['1032', '1052', '1063', '1053', '1049'], '1160': ['1160'], '1051': ['1051', '1055', '1056', '1046', '1047'], '1057': ['1057', '1060', '1061', '1105', '1106', '1107', '1058', '1059', '1062'], '1071': ['1071', '1072', '1073'], '1147': ['1147'], '1148': ['1148', '1158', '1157', '1159'], '1161': ['1161'], '1066': ['1066'], '1162': ['1162'], '1033': ['1033', '1153', '1155', '1156'], '1101': ['1101'], '1109': ['1109'], '1102': ['1102'], '1103': ['1103'], '1113': ['1113'], '1154': ['1154', '1036', '1150', '1151', '1152'], '1108': ['1108'], '1110': ['1110'], '1104': ['1104'], '1114': ['1114'], '1038': ['1038', '1048', '1068', '1034', '1067'], '1050': ['1050'], '1054': ['1054'], '1039': ['1039', '1097', '1098', '1099', '1035'], '1112': ['1112'], '1100': ['1100'], '1111': ['1111'], '1030': ['1030'], '1069': ['1069', '1064', '1065', '1070', '1031'], '1042': ['1042'], '1083': ['1083'], '1085': ['1085'], '1086': ['1086', '1089', '1044', '1087', '1090'], '1092': ['1092'], '1093': ['1093'], '1094': ['1094'], '1145': ['1145'], '1144': ['1144'], '1149': ['1149'], '1037': ['1037'], '1088': ['1088', '1142', '1141', '1143'], '1091': ['1091'], '1115': ['1115'], '1117': ['1117'], '1146': ['1146'], '1118': ['1118'], '1116': ['1116'], '1119': ['1119'], '1120': ['1120'], '1134': ['1134']})"
60,"defaultdict(<class 'list'>, {'1040': ['1040', '1080', '1079', '1081', '1078'], '1095': ['1095'], '1082': ['1082', '1084', '1042', '1083', '1085'], '1096': ['1096'], '1136': ['1136'], '1138': ['1138'], '1041': ['1041', '1126', '1125', '1127', '1043', '1121', '1122', '1123', '1045', '1124', '1128', '1132'], '1129': ['1129', '1131', '1120', '1130', '1134'], '1032': ['1032', '1160', '1147', '1148', '1158', '1157', '1159', '1161', '1162', '1155', '1156', '1146'], '1052': ['1052'], '1063': ['1063'], '1051': ['1051'], '1055': ['1055'], '1057': ['1057'], '1060': ['1060'], '1071': ['1071'], '1053': ['1053'], '1066': ['1066'], '1056': ['1056'], '1061': ['1061'], '1072': ['1072'], '1033': ['1033'], '1101': ['1101'], '1109': ['1109'], '1153': ['1153'], '1102': ['1102'], '1103': ['1103'], '1105': ['1105'], '1106': ['1106'], '1113': ['1113'], '1154': ['1154', '1036', '1092', '1150', '1093', '1094', '1151', '1149', '1037', '1144', '1145', '1152'], '1108': ['1108', '1107', '1115', '1116', '1119'], '1110': ['1110'], '1104': ['1104'], '1114': ['1114', '1030', '1046', '1069', '1047', '1070', '1064', '1065', '1031'], '1038': ['1038', '1048', '1068', '1034', '1067'], '1049': ['1049'], '1050': ['1050'], '1054': ['1054'], '1039': ['1039', '1097', '1098', '1099', '1035', '1112', '1111', '1117', '1118'], '1100': ['1100'], '1058': ['1058'], '1059': ['1059'], '1086': ['1086', '1089', '1087', '1090', '1091'], '1044': ['1044'], '1088': ['1088'], '1142': ['1142'], '1141': ['1141'], '1143': ['1143'], '1062': ['1062'], '1077': ['1077'], '1075': ['1075'], '1076': ['1076'], '1073': ['1073'], '1074': ['1074'], '1135': ['1135'], '1137': ['1137'], '1140': ['1140'], '1139': ['1139'], '1133': ['1133']})"
60,"defaultdict(<class 'list'>, {'1040': ['1040'], '1080': ['1080'], '1079': ['1079', '1038', '1048', '1068', '1034', '1067', '1077', '1076', '1078'], '1081': ['1081'], '1095': ['1095'], '1082': ['1082', '1084', '1042', '1083', '1085'], '1096': ['1096'], '1136': ['1136'], '1138': ['1138'], '1041': ['1041'], '1126': ['1126'], '1125': ['1125'], '1127': ['1127'], '1128': ['1128', '1131', '1132', '1130', '1133'], '1129': ['1129'], '1032': ['1032', '1052', '1063', '1053', '1049'], '1160': ['1160'], '1051': ['1051', '1055', '1056', '1050'], '1057': ['1057'], '1060': ['1060'], '1071': ['1071'], '1147': ['1147', '1148', '1158', '1157', '1159', '1156', '1161', '1033', '1153', '1154', '1155', '1152'], '1066': ['1066'], '1061': ['1061'], '1072': ['1072'], '1162': ['1162'], '1101': ['1101', '1102', '1103', '1039', '1097', '1098', '1099', '1035', '1100'], '1109': ['1109'], '1105': ['1105', '1106', '1107', '1058', '1059'], '1113': ['1113'], '1108': ['1108'], '1110': ['1110'], '1104': ['1104'], '1114': ['1114', '1030', '1046', '1069', '1064', '1065', '1070', '1031', '1047'], '1054': ['1054'], '1112': ['1112'], '1111': ['1111'], '1086': ['1086', '1089', '1044', '1087', '1090', '1088', '1142', '1091'], '1043': ['1043', '1121', '1122', '1123', '1045'], '1124': ['1124'], '1036': ['1036', '1092', '1150', '1151', '1149'], '1093': ['1093', '1094', '1144', '1037', '1143'], '1145': ['1145'], '1141': ['1141'], '1115': ['1115'], '1062': ['1062'], '1117': ['1117'], '1146': ['1146'], '1075': ['1075'], '1118': ['1118'], '1073': ['1073'], '1074': ['1074'], '1116': ['1116'], '1135': ['1135'], '1137': ['1137'], '1140': ['1140'], '1139': ['1139'], '1119': ['1119'], '1120': ['1120'], '1134': ['1134']})"
60,"defaultdict(<class 'list'>, {'1040': ['1040'], '1080': ['1080', '1079', '1077', '1076', '1078'], '1081': ['1081', '1082', '1084', '1042', '1083'], '1095': ['1095'], '1096': ['1096', '1138', '1135', '1137', '1139'], '1136': ['1136'], '1041': ['1041', '1126', '1125', '1127', '1124', '1129', '1122', '1123', '1045'], '1128': ['1128'], '1131': ['1131', '1120', '1132', '1130', '1133'], '1032': ['1032', '1052', '1063', '1053', '1049'], '1160': ['1160', '1147', '1161', '1162', '1146'], '1051': ['1051', '1038', '1048', '1050', '1034'], '1055': ['1055'], '1057': ['1057', '1071', '1072', '1073', '1074'], '1060': ['1060'], '1148': ['1148', '1158', '1157', '1159', '1156'], '1066': ['1066', '1068', '1067'], '1056': ['1056'], '1061': ['1061'], '1033': ['1033', '1109', '1153', '1155', '1152'], '1101': ['1101'], '1102': ['1102'], '1103': ['1103'], '1105': ['1105', '1106', '1107', '1058', '1059'], '1113': ['1113'], '1154': ['1154'], '1108': ['1108', '1115', '1116', '1119'], '1110': ['1110'], '1104': ['1104'], '1114': ['1114'], '1054': ['1054'], '1039': ['1039', '1097', '1098', '1099', '1035', '1112', '1111', '1117', '1118'], '1100': ['1100'], '1030': ['1030'], '1046': ['1046'], '1069': ['1069', '1064', '1065', '1070', '1031'], '1047': ['1047'], '1085': ['1085'], '1086': ['1086', '1089', '1044', '1087', '1090'], '1043': ['1043'], '1121': ['1121'], '1036': ['1036'], '1092': ['1092'], '1150': ['1150'], '1093': ['1093'], '1094': ['1094'], '1145': ['1145'], '1151': ['1151'], '1144': ['1144'], '1149': ['1149'], '1037': ['1037'], '1088': ['1088'], '1142': ['1142'], '1141': ['1141'], '1091': ['1091'], '1143': ['1143'], '1062': ['1062'], '1075': ['1075'], '1140': ['1140'], '1134': ['1134']})"
60,"defaultdict(<class 'list'>, {'1040': ['1040', '1080', '1081', '1082', '1084', '1042', '1083', '1085', '1078'], '1079': ['1079'], '1095': ['1095'], '1096': ['1096', '1138', '1135', '1137', '1139'], '1136': ['1136'], '1041': ['1041', '1126', '1125', '1127', '1128', '1124', '1131', '1043', '1121', '1122', '1123', '1045'], '1129': ['1129'], '1032': ['1032', '1052', '1063', '1053', '1049'], '1160': ['1160'], '1051': ['1051', '1055', '1056', '1075', '1076'], '1057': ['1057', '1060', '1071', '1072'], '1147': ['1147'], '1148': ['1148', '1158', '1157', '1159', '1156'], '1161': ['1161'], '1066': ['1066'], '1061': ['1061', '1062', '1073', '1074'], '1162': ['1162'], '1033': ['1033', '1153', '1154', '1155', '1152'], '1101': ['1101'], '1109': ['1109'], '1102': ['1102', '1103', '1104', '1098', '1099'], '1105': ['1105', '1106', '1107', '1058', '1059'], '1113': ['1113'], '1108': ['1108'], '1110': ['1110'], '1114': ['1114'], '1038': ['1038'], '1048': ['1048'], '1050': ['1050'], '1054': ['1054'], '1068': ['1068'], '1039': ['1039', '1097', '1112', '1035', '1111'], '1100': ['1100'], '1034': ['1034'], '1067': ['1067'], '1030': ['1030'], '1046': ['1046'], '1069': ['1069'], '1064': ['1064'], '1065': ['1065'], '1047': ['1047'], '1070': ['1070'], '1031': ['1031'], '1086': ['1086', '1089', '1087', '1090', '1091'], '1036': ['1036', '1092', '1150', '1151', '1149'], '1093': ['1093'], '1094': ['1094'], '1145': ['1145'], '1144': ['1144'], '1037': ['1037'], '1044': ['1044'], '1088': ['1088', '1142', '1141', '1143', '1140'], '1115': ['1115'], '1077': ['1077'], '1117': ['1117', '1118', '1116', '1119', '1120'], '1146': ['1146'], '1132': ['1132'], '1130': ['1130'], '1134': ['1134'], '1133': ['1133']})"
60,"defaultdict(<class 'list'>, {'1040': ['1040', '1080', '1079', '1081', '1078'], '1095': ['1095'], '1082': ['1082'], '1084': ['1084'], '1096': ['1096', '1138', '1135', '1137', '1139'], '1136': ['1136'], '1041': ['1041', '1126', '1125', '1043', '1121', '1122', '1123', '1045', '1124'], '1127': ['1127'], '1128': ['1128', '1131', '1132', '1130', '1133'], '1129': ['1129'], '1032': ['1032', '1160', '1147', '1161', '1145', '1146', '1162'], '1052': ['1052', '1051', '1053', '1049', '1050'], '1063': ['1063', '1071', '1066', '1067'], '1055': ['1055'], '1057': ['1057', '1060', '1061', '1058', '1059', '1105', '1106', '1113', '1107'], '1148': ['1148'], '1158': ['1158'], '1056': ['1056'], '1072': ['1072'], '1157': ['1157'], '1159': ['1159'], '1033': ['1033', '1153', '1154', '1036', '1150', '1151', '1152', '1155'], '1101': ['1101'], '1109': ['1109'], '1102': ['1102'], '1103': ['1103', '1104'], '1108': ['1108'], '1110': ['1110', '1039', '1097', '1098', '1099', '1035', '1112', '1111', '1117'], '1114': ['1114'], '1156': ['1156'], '1038': ['1038'], '1048': ['1048'], '1054': ['1054'], '1068': ['1068'], '1100': ['1100'], '1034': ['1034'], '1030': ['1030', '1046', '1069', '1047', '1070'], '1064': ['1064'], '1065': ['1065'], '1031': ['1031'], '1042': ['1042'], '1083': ['1083'], '1085': ['1085'], '1086': ['1086', '1087', '1088', '1141', '1143'], '1089': ['1089', '1092', '1044', '1090', '1091'], '1093': ['1093', '1094', '1144', '1149', '1037'], '1142': ['1142'], '1115': ['1115'], '1062': ['1062'], '1077': ['1077'], '1075': ['1075'], '1076': ['1076'], '1118': ['1118'], '1073': ['1073'], '1074': ['1074'], '1116': ['1116'], '1140': ['1140'], '1119': ['1119'], '1120': ['1120'], '1134': ['1134']})"
60,"defaultdict(<class 'list'>, {'1040': ['1040', '1080', '1081', '1082', '1078', '1084', '1042', '1083', '1085'], '1079': ['1079'], '1095': ['1095'], '1096': ['1096', '1138', '1135', '1137', '1139'], '1136': ['1136'], '1041': ['1041', '1126', '1125', '1127', '1124'], '1128': ['1128', '1131', '1132', '1130', '1133', '1129', '1120', '1134'], '1032': ['1032', '1063', '1071', '1066', '1067'], '1052': ['1052'], '1160': ['1160', '1147', '1161', '1162', '1146'], '1051': ['1051'], '1055': ['1055'], '1057': ['1057', '1060', '1061', '1058', '1059'], '1148': ['1148'], '1158': ['1158'], '1053': ['1053', '1038', '1048', '1054', '1034'], '1056': ['1056'], '1072': ['1072'], '1157': ['1157'], '1159': ['1159'], '1033': ['1033', '1153', '1154', '1155', '1152'], '1101': ['1101'], '1109': ['1109'], '1102': ['1102'], '1103': ['1103'], '1105': ['1105', '1106', '1113', '1107', '1114'], '1108': ['1108'], '1110': ['1110'], '1104': ['1104'], '1156': ['1156'], '1049': ['1049'], '1050': ['1050'], '1068': ['1068'], '1039': ['1039', '1097', '1098', '1099', '1035', '1112', '1111', '1117', '1118'], '1100': ['1100'], '1030': ['1030'], '1046': ['1046'], '1069': ['1069', '1064', '1065', '1070', '1031'], '1047': ['1047'], '1086': ['1086', '1089', '1087', '1090', '1091'], '1043': ['1043'], '1121': ['1121'], '1122': ['1122'], '1123': ['1123'], '1036': ['1036', '1092', '1150', '1151', '1149'], '1093': ['1093', '1094', '1144', '1037'], '1145': ['1145'], '1044': ['1044'], '1088': ['1088', '1142', '1141', '1143'], '1045': ['1045'], '1115': ['1115'], '1062': ['1062'], '1077': ['1077'], '1075': ['1075'], '1076': ['1076'], '1073': ['1073'], '1074': ['1074'], '1116': ['1116'], '1140': ['1140'], '1119': ['1119']})"
60,"defaultdict(<class 'list'>, {'1040': ['1040', '1080', '1081', '1082', '1084', '1042', '1083', '1085', '1078'], '1079': ['1079', '1038', '1048', '1068', '1034', '1067', '1077', '1076'], '1095': ['1095'], '1096': ['1096', '1136', '1135', '1137', '1140'], '1138': ['1138'], '1041': ['1041'], '1126': ['1126'], '1125': ['1125'], '1127': ['1127'], '1128': ['1128', '1131', '1132', '1130', '1133'], '1129': ['1129'], '1032': ['1032'], '1052': ['1052', '1053', '1049', '1050', '1054'], '1063': ['1063'], '1160': ['1160'], '1051': ['1051'], '1055': ['1055'], '1057': ['1057'], '1060': ['1060'], '1071': ['1071'], '1147': ['1147'], '1148': ['1148', '1158', '1157', '1159', '1156', '1153', '1154', '1155', '1152'], '1161': ['1161'], '1066': ['1066'], '1056': ['1056'], '1061': ['1061', '1062', '1075', '1073', '1074'], '1072': ['1072'], '1162': ['1162'], '1033': ['1033', '1101', '1098', '1099', '1100'], '1109': ['1109', '1105', '1106', '1113', '1107'], '1102': ['1102', '1103', '1104', '1117', '1118'], '1108': ['1108'], '1110': ['1110'], '1114': ['1114', '1030', '1046', '1069', '1064', '1065', '1070', '1031', '1047'], '1039': ['1039'], '1097': ['1097'], '1112': ['1112'], '1035': ['1035'], '1111': ['1111'], '1058': ['1058'], '1059': ['1059'], '1086': ['1086', '1089', '1044', '1087', '1090'], '1043': ['1043'], '1121': ['1121'], '1122': ['1122'], '1123': ['1123'], '1124': ['1124'], '1036': ['1036'], '1092': ['1092'], '1150': ['1150'], '1093': ['1093', '1094', '1151', '1149', '1037'], '1145': ['1145'], '1144': ['1144'], '1088': ['1088', '1142', '1141', '1143'], '1091': ['1091'], '1045': ['1045'], '1115': ['1115', '1116', '1119', '1120'], '1146': ['1146'], '1139': ['1139'], '1134': ['1134']})"
61,"defaultdict(<class 'list'>, {'1040': ['1040', '1080', '1079', '1081', '1078'], '1095': ['1095'], '1082': ['1082', '1084', '1042', '1083', '1085'], '1096': ['1096', '1138', '1135', '1137', '1139'], '1136': ['1136'], '1041': ['1041'], '1126': ['1126'], '1125': ['1125'], '1127': ['1127'], '1128': ['1128', '1131', '1132', '1130', '1133'], '1129': ['1129', '1134'], '1032': ['1032', '1160', '1161', '1162'], '1052': ['1052'], '1063': ['1063'], '1051': ['1051'], '1055': ['1055'], '1057': ['1057'], '1060': ['1060'], '1071': ['1071'], '1147': ['1147', '1036', '1092', '1145', '1146', '1150', '1093', '1094', '1151', '1149', '1037', '1144'], '1148': ['1148', '1158', '1157', '1159', '1153', '1154', '1155', '1156', '1152', '1033', '1109'], '1053': ['1053'], '1066': ['1066'], '1056': ['1056'], '1061': ['1061'], '1072': ['1072'], '1101': ['1101', '1102', '1103', '1039', '1097', '1098', '1099', '1035', '1100'], '1105': ['1105'], '1106': ['1106'], '1113': ['1113'], '1108': ['1108'], '1110': ['1110', '1111', '1064', '1065', '1031'], '1104': ['1104'], '1107': ['1107'], '1114': ['1114'], '1038': ['1038'], '1048': ['1048'], '1049': ['1049'], '1050': ['1050'], '1054': ['1054'], '1068': ['1068', '1077', '1075', '1076', '1074'], '1112': ['1112'], '1034': ['1034'], '1067': ['1067'], '1030': ['1030', '1046', '1069', '1047', '1070'], '1058': ['1058'], '1059': ['1059'], '1086': ['1086', '1087', '1088', '1141', '1143'], '1089': ['1089', '1044', '1090', '1091'], '1043': ['1043'], '1121': ['1121'], '1122': ['1122'], '1123': ['1123'], '1124': ['1124'], '1142': ['1142'], '1045': ['1045'], '1115': ['1115'], '1062': ['1062'], '1117': ['1117', '1118', '1116', '1119', '1120'], '1073': ['1073'], '1140': ['1140']})"
61,"defaultdict(<class 'list'>, {'1040': ['1040', '1080', '1079', '1081', '1078', '1038', '1048', '1068', '1034', '1067', '1077'], '1095': ['1095', '1082', '1084', '1083', '1085'], '1096': ['1096', '1138', '1135', '1137', '1139'], '1136': ['1136'], '1041': ['1041'], '1126': ['1126', '1125', '1127', '1043', '1121', '1122', '1123', '1045', '1124'], '1128': ['1128', '1129', '1132', '1130', '1134'], '1131': ['1131'], '1032': ['1032', '1160', '1161', '1162', '1146'], '1052': ['1052', '1053', '1049', '1050', '1054'], '1063': ['1063'], '1051': ['1051'], '1055': ['1055'], '1057': ['1057', '1060', '1061', '1058', '1059'], '1071': ['1071'], '1147': ['1147'], '1148': ['1148', '1158', '1157', '1159', '1156'], '1066': ['1066'], '1056': ['1056'], '1072': ['1072', '1075', '1076', '1073', '1074'], '1033': ['1033', '1101', '1109', '1153', '1100'], '1102': ['1102', '1103', '1104', '1117', '1118'], '1105': ['1105'], '1106': ['1106'], '1113': ['1113'], '1154': ['1154'], '1155': ['1155'], '1108': ['1108'], '1110': ['1110'], '1107': ['1107'], '1114': ['1114'], '1039': ['1039'], '1097': ['1097'], '1098': ['1098'], '1099': ['1099'], '1112': ['1112'], '1035': ['1035'], '1111': ['1111'], '1030': ['1030', '1046', '1069', '1047', '1070'], '1064': ['1064'], '1065': ['1065'], '1031': ['1031'], '1042': ['1042'], '1086': ['1086'], '1089': ['1089', '1092', '1044', '1090', '1091'], '1036': ['1036'], '1150': ['1150', '1093', '1094', '1144', '1149', '1037', '1151'], '1145': ['1145'], '1087': ['1087'], '1088': ['1088'], '1142': ['1142'], '1141': ['1141'], '1143': ['1143'], '1115': ['1115'], '1062': ['1062'], '1152': ['1152'], '1116': ['1116'], '1140': ['1140'], '1119': ['1119'], '1120': ['1120'], '1133': ['1133']})"
61,"defaultdict(<class 'list'>, {'1040': ['1040', '1080', '1079', '1081', '1078'], '1095': ['1095'], '1082': ['1082', '1084', '1042', '1083', '1085'], '1096': ['1096', '1138', '1135', '1137', '1139', '1136', '1088', '1142', '1141', '1143', '1140'], '1041': ['1041', '1126', '1125', '1127', '1124'], '1128': ['1128', '1131', '1132', '1130', '1133'], '1129': ['1129'], '1032': ['1032'], '1052': ['1052'], '1063': ['1063'], '1160': ['1160'], '1051': ['1051'], '1055': ['1055'], '1057': ['1057', '1060', '1071', '1061', '1072'], '1147': ['1147', '1036', '1092', '1145', '1146'], '1148': ['1148'], '1158': ['1158'], '1161': ['1161'], '1053': ['1053'], '1066': ['1066'], '1056': ['1056', '1077', '1075', '1076', '1074'], '1157': ['1157'], '1159': ['1159'], '1162': ['1162'], '1033': ['1033', '1153', '1154', '1155', '1151', '1152', '1156'], '1101': ['1101', '1102', '1098', '1099', '1100', '1103', '1039', '1097', '1035'], '1109': ['1109'], '1105': ['1105', '1106', '1107', '1058', '1059', '1113', '1108', '1114', '1115'], '1110': ['1110', '1111', '1064', '1065', '1031'], '1104': ['1104'], '1038': ['1038'], '1048': ['1048'], '1049': ['1049'], '1050': ['1050'], '1054': ['1054'], '1068': ['1068'], '1112': ['1112'], '1034': ['1034'], '1067': ['1067'], '1030': ['1030'], '1046': ['1046'], '1069': ['1069'], '1047': ['1047'], '1070': ['1070'], '1086': ['1086'], '1089': ['1089'], '1043': ['1043'], '1121': ['1121'], '1122': ['1122'], '1123': ['1123'], '1150': ['1150'], '1093': ['1093', '1094', '1144', '1149', '1037'], '1044': ['1044'], '1087': ['1087'], '1090': ['1090'], '1091': ['1091'], '1045': ['1045'], '1062': ['1062'], '1117': ['1117', '1118', '1116', '1119', '1120'], '1073': ['1073'], '1134': ['1134']})"
61,"defaultdict(<class 'list'>, {'1040': ['1040', '1080', '1079', '1081', '1078'], '1095': ['1095'], '1082': ['1082'], '1084': ['1084', '1042', '1085', '1086', '1089', '1044', '1087', '1090', '1091'], '1096': ['1096', '1138', '1135', '1137', '1139'], '1136': ['1136'], '1041': ['1041'], '1126': ['1126'], '1125': ['1125'], '1127': ['1127'], '1128': ['1128', '1131', '1132', '1130', '1133'], '1129': ['1129'], '1032': ['1032', '1052', '1063', '1053', '1049', '1051', '1055', '1050', '1054'], '1160': ['1160'], '1057': ['1057'], '1060': ['1060'], '1071': ['1071'], '1147': ['1147', '1148', '1158', '1157', '1159'], '1161': ['1161'], '1066': ['1066'], '1056': ['1056'], '1061': ['1061'], '1072': ['1072'], '1162': ['1162'], '1033': ['1033'], '1101': ['1101'], '1109': ['1109'], '1153': ['1153', '1154', '1155', '1156', '1152'], '1102': ['1102'], '1103': ['1103'], '1105': ['1105', '1106', '1113', '1107', '1114'], '1108': ['1108'], '1110': ['1110'], '1104': ['1104'], '1038': ['1038', '1048', '1068', '1034', '1067'], '1039': ['1039', '1097', '1112', '1035', '1111'], '1098': ['1098'], '1099': ['1099'], '1100': ['1100'], '1030': ['1030'], '1046': ['1046'], '1069': ['1069', '1064', '1065', '1070', '1031'], '1058': ['1058'], '1059': ['1059'], '1047': ['1047'], '1083': ['1083'], '1043': ['1043', '1121', '1122', '1123', '1045'], '1124': ['1124'], '1036': ['1036'], '1092': ['1092', '1150', '1093', '1094', '1144', '1149', '1037', '1145', '1151'], '1088': ['1088', '1142', '1141', '1143', '1140'], '1115': ['1115'], '1062': ['1062'], '1077': ['1077'], '1117': ['1117', '1118', '1116', '1119', '1120'], '1146': ['1146'], '1075': ['1075'], '1076': ['1076'], '1073': ['1073'], '1074': ['1074'], '1134': ['1134']})"
61,"defaultdict(<class 'list'>, {'1040': ['1040', '1080', '1079', '1081', '1078'], '1095': ['1095'], '1082': ['1082'], '1084': ['1084'], '1096': ['1096'], '1136': ['1136'], '1138': ['1138'], '1041': ['1041'], '1126': ['1126', '1125', '1127', '1128', '1124'], '1129': ['1129', '1131', '1120', '1130', '1134'], '1032': ['1032', '1160', '1161', '1162', '1146'], '1052': ['1052', '1053', '1049', '1050', '1054', '1051', '1055', '1061', '1062'], '1063': ['1063'], '1057': ['1057'], '1060': ['1060'], '1071': ['1071'], '1147': ['1147'], '1148': ['1148', '1158', '1157', '1159', '1153', '1154', '1155', '1156', '1152'], '1066': ['1066'], '1056': ['1056'], '1072': ['1072'], '1033': ['1033', '1101', '1102', '1103', '1100'], '1109': ['1109'], '1105': ['1105'], '1106': ['1106'], '1113': ['1113'], '1108': ['1108'], '1110': ['1110'], '1104': ['1104'], '1107': ['1107'], '1114': ['1114'], '1038': ['1038', '1048', '1068', '1034', '1067'], '1039': ['1039', '1097', '1098', '1099', '1035', '1112', '1111', '1117', '1118'], '1030': ['1030', '1046', '1069', '1047', '1070'], '1058': ['1058'], '1059': ['1059'], '1064': ['1064'], '1065': ['1065'], '1031': ['1031'], '1042': ['1042'], '1083': ['1083'], '1085': ['1085'], '1086': ['1086', '1089', '1044', '1087', '1090'], '1043': ['1043', '1121', '1122', '1123', '1045'], '1036': ['1036'], '1092': ['1092'], '1150': ['1150'], '1093': ['1093', '1094', '1151', '1149', '1037'], '1145': ['1145'], '1144': ['1144'], '1088': ['1088', '1142', '1141', '1143', '1139'], '1091': ['1091'], '1115': ['1115'], '1077': ['1077', '1075', '1076', '1073', '1074'], '1116': ['1116'], '1135': ['1135'], '1137': ['1137'], '1140': ['1140'], '1119': ['1119'], '1132': ['1132'], '1133': ['1133']})"
61,"defaultdict(<class 'list'>, {'1040': ['1040', '1080', '1081', '1095', '1082', '1084', '1042', '1083', '1085'], '1079': ['1079', '1077', '1075', '1076', '1074'], '1096': ['1096', '1138', '1135', '1137', '1139'], '1136': ['1136'], '1041': ['1041', '1126', '1125', '1127', '1043', '1121', '1122', '1123', '1045', '1124', '1128', '1132'], '1129': ['1129'], '1131': ['1131'], '1032': ['1032', '1160', '1161', '1162', '1146'], '1052': ['1052'], '1063': ['1063'], '1051': ['1051', '1055', '1056', '1049', '1050'], '1057': ['1057', '1060', '1061', '1105', '1106', '1107', '1058', '1059', '1062'], '1071': ['1071'], '1147': ['1147'], '1148': ['1148', '1158', '1157', '1159', '1156'], '1053': ['1053', '1054'], '1066': ['1066'], '1072': ['1072'], '1033': ['1033', '1153', '1154', '1155', '1152'], '1101': ['1101'], '1109': ['1109'], '1102': ['1102'], '1103': ['1103'], '1113': ['1113'], '1108': ['1108', '1115', '1118', '1116', '1119'], '1110': ['1110'], '1104': ['1104'], '1114': ['1114'], '1038': ['1038', '1048', '1068', '1034', '1067'], '1039': ['1039'], '1097': ['1097'], '1098': ['1098'], '1099': ['1099'], '1112': ['1112'], '1100': ['1100'], '1035': ['1035'], '1111': ['1111'], '1030': ['1030'], '1046': ['1046'], '1069': ['1069', '1064', '1065', '1070', '1031'], '1047': ['1047'], '1086': ['1086', '1087', '1088', '1141', '1143'], '1089': ['1089'], '1036': ['1036', '1092', '1150', '1151', '1149'], '1093': ['1093'], '1094': ['1094'], '1145': ['1145'], '1144': ['1144'], '1037': ['1037'], '1044': ['1044'], '1090': ['1090'], '1142': ['1142'], '1091': ['1091'], '1117': ['1117'], '1073': ['1073'], '1078': ['1078'], '1140': ['1140'], '1120': ['1120'], '1130': ['1130'], '1134': ['1134'], '1133': ['1133']})"
61,"defaultdict(<class 'list'>, {'1040': ['1040'], '1080': ['1080', '1079', '1077', '1076', '1078'], '1081': ['1081'], '1095': ['1095'], '1082': ['1082', '1084', '1042', '1083', '1085'], '1096': ['1096', '1138', '1135', '1137', '1139'], '1136': ['1136'], '1041': ['1041', '1126', '1125', '1127', '1124'], '1128': ['1128', '1131', '1132', '1130', '1133'], '1129': ['1129'], '1032': ['1032', '1052', '1053', '1049', '1050', '1054', '1063', '1051', '1055'], '1160': ['1160'], '1057': ['1057', '1060', '1061', '1105', '1106', '1107', '1058', '1059', '1113'], '1071': ['1071'], '1147': ['1147'], '1148': ['1148'], '1158': ['1158', '1157', '1159', '1033', '1153', '1154', '1155', '1152', '1156'], '1161': ['1161'], '1066': ['1066'], '1056': ['1056', '1104', '1030', '1046', '1047'], '1072': ['1072'], '1162': ['1162'], '1101': ['1101', '1102', '1098', '1099', '1100'], '1109': ['1109'], '1103': ['1103'], '1108': ['1108'], '1110': ['1110'], '1114': ['1114'], '1038': ['1038', '1048', '1068', '1034', '1067'], '1039': ['1039', '1097', '1112', '1035', '1111'], '1069': ['1069'], '1064': ['1064'], '1065': ['1065'], '1070': ['1070'], '1031': ['1031'], '1086': ['1086'], '1089': ['1089'], '1043': ['1043', '1121', '1122', '1123', '1045'], '1036': ['1036'], '1092': ['1092', '1150', '1093', '1094', '1151', '1149', '1037', '1145', '1144'], '1044': ['1044'], '1087': ['1087'], '1088': ['1088'], '1090': ['1090'], '1142': ['1142'], '1141': ['1141'], '1091': ['1091'], '1143': ['1143'], '1115': ['1115'], '1062': ['1062'], '1117': ['1117'], '1146': ['1146'], '1075': ['1075'], '1118': ['1118'], '1073': ['1073'], '1074': ['1074'], '1116': ['1116'], '1140': ['1140'], '1119': ['1119'], '1120': ['1120'], '1134': ['1134']})"
61,"defaultdict(<class 'list'>, {'1040': ['1040'], '1080': ['1080'], '1079': ['1079'], '1081': ['1081'], '1095': ['1095'], '1082': ['1082', '1084', '1042', '1083', '1085'], '1096': ['1096', '1138', '1135', '1137', '1139'], '1136': ['1136'], '1041': ['1041'], '1126': ['1126', '1125', '1127', '1043', '1121', '1122', '1123', '1045', '1124'], '1128': ['1128', '1131', '1132', '1130', '1133'], '1129': ['1129'], '1032': ['1032', '1160', '1161', '1162', '1146'], '1052': ['1052', '1053', '1049', '1050', '1054'], '1063': ['1063', '1057', '1060', '1071', '1061'], '1051': ['1051'], '1055': ['1055'], '1147': ['1147'], '1148': ['1148'], '1158': ['1158'], '1066': ['1066'], '1056': ['1056'], '1072': ['1072'], '1157': ['1157'], '1159': ['1159'], '1033': ['1033'], '1101': ['1101'], '1109': ['1109', '1110', '1039', '1097', '1098', '1099', '1035', '1112', '1111'], '1153': ['1153'], '1102': ['1102'], '1103': ['1103'], '1105': ['1105', '1106', '1107', '1058', '1059', '1113', '1108', '1114', '1115'], '1154': ['1154'], '1155': ['1155'], '1104': ['1104'], '1156': ['1156'], '1038': ['1038', '1048', '1068', '1034', '1067'], '1100': ['1100'], '1030': ['1030', '1046', '1069', '1047', '1070'], '1064': ['1064'], '1065': ['1065'], '1031': ['1031'], '1086': ['1086', '1087', '1088', '1141', '1143'], '1089': ['1089'], '1036': ['1036', '1092', '1150', '1093', '1094', '1151', '1149', '1037', '1144'], '1145': ['1145'], '1044': ['1044'], '1090': ['1090'], '1142': ['1142'], '1091': ['1091'], '1062': ['1062'], '1077': ['1077'], '1117': ['1117', '1118', '1116', '1119', '1120'], '1152': ['1152'], '1075': ['1075'], '1076': ['1076'], '1073': ['1073'], '1078': ['1078'], '1074': ['1074'], '1140': ['1140'], '1134': ['1134']})"
61,"defaultdict(<class 'list'>, {'1040': ['1040', '1080', '1079', '1081', '1078'], '1095': ['1095'], '1082': ['1082', '1084', '1042', '1083', '1085'], '1096': ['1096', '1136', '1135', '1137', '1140'], '1138': ['1138'], '1041': ['1041', '1126', '1125', '1043', '1121', '1122', '1123', '1045', '1124'], '1127': ['1127'], '1128': ['1128', '1129', '1132', '1130', '1134'], '1131': ['1131'], '1032': ['1032', '1052', '1063', '1053', '1049'], '1160': ['1160', '1147', '1161', '1162', '1146'], '1051': ['1051'], '1055': ['1055'], '1057': ['1057'], '1060': ['1060'], '1071': ['1071'], '1148': ['1148'], '1158': ['1158'], '1066': ['1066', '1067', '1064', '1065', '1031'], '1056': ['1056'], '1061': ['1061'], '1072': ['1072'], '1157': ['1157'], '1159': ['1159'], '1033': ['1033', '1153', '1154', '1036', '1150', '1151', '1152', '1155'], '1101': ['1101', '1102', '1103', '1108', '1100'], '1109': ['1109', '1113'], '1105': ['1105', '1106', '1107', '1058', '1059'], '1110': ['1110', '1039', '1097', '1098', '1099', '1035', '1112', '1111', '1117'], '1104': ['1104'], '1114': ['1114', '1115', '1118', '1116', '1119'], '1156': ['1156'], '1038': ['1038'], '1048': ['1048'], '1050': ['1050'], '1054': ['1054'], '1068': ['1068', '1077', '1075', '1076', '1074'], '1034': ['1034'], '1030': ['1030'], '1046': ['1046'], '1069': ['1069'], '1047': ['1047'], '1070': ['1070'], '1086': ['1086', '1089', '1044', '1087', '1090'], '1092': ['1092'], '1093': ['1093'], '1094': ['1094'], '1145': ['1145'], '1144': ['1144'], '1149': ['1149'], '1037': ['1037'], '1088': ['1088'], '1142': ['1142'], '1141': ['1141'], '1091': ['1091'], '1143': ['1143'], '1062': ['1062'], '1073': ['1073'], '1139': ['1139'], '1120': ['1120'], '1133': ['1133']})"
61,"defaultdict(<class 'list'>, {'1040': ['1040', '1080', '1081', '1082', '1078', '1079', '1084', '1042', '1083'], '1095': ['1095'], '1096': ['1096', '1138', '1135', '1137', '1139'], '1136': ['1136'], '1041': ['1041'], '1126': ['1126', '1125', '1127', '1128', '1124'], '1129': ['1129'], '1131': ['1131'], '1032': ['1032'], '1052': ['1052'], '1063': ['1063'], '1160': ['1160', '1147', '1161', '1145', '1146'], '1051': ['1051'], '1055': ['1055'], '1057': ['1057', '1060', '1061', '1105', '1106', '1107', '1058', '1059', '1113'], '1071': ['1071'], '1148': ['1148', '1158', '1157', '1159', '1156'], '1053': ['1053'], '1066': ['1066'], '1056': ['1056', '1077', '1075', '1076', '1074'], '1072': ['1072'], '1162': ['1162'], '1033': ['1033', '1153', '1154', '1155', '1152'], '1101': ['1101', '1102', '1098', '1099', '1100', '1103', '1039', '1097', '1035'], '1109': ['1109'], '1108': ['1108'], '1110': ['1110', '1111', '1064', '1065', '1031'], '1104': ['1104'], '1114': ['1114'], '1038': ['1038', '1048', '1068', '1034', '1067'], '1049': ['1049'], '1050': ['1050'], '1054': ['1054'], '1112': ['1112'], '1030': ['1030'], '1046': ['1046'], '1069': ['1069'], '1047': ['1047'], '1070': ['1070'], '1085': ['1085'], '1086': ['1086', '1089', '1044', '1087', '1090'], '1043': ['1043', '1121', '1122', '1123', '1045'], '1036': ['1036'], '1092': ['1092'], '1150': ['1150'], '1093': ['1093', '1094', '1151', '1149', '1037'], '1144': ['1144'], '1088': ['1088', '1142', '1141', '1143', '1140'], '1091': ['1091'], '1115': ['1115'], '1062': ['1062'], '1117': ['1117'], '1118': ['1118'], '1073': ['1073'], '1116': ['1116'], '1119': ['1119'], '1120': ['1120'], '1132': ['1132'], '1130': ['1130'], '1134': ['1134'], '1133': ['1133']})"
61,"defaultdict(<class 'list'>, {'1040': ['1040', '1080', '1038', '1048', '1068', '1034', '1067', '1077', '1078'], '1079': ['1079'], '1081': ['1081'], '1095': ['1095'], '1082': ['1082', '1084', '1042', '1083', '1085'], '1096': ['1096', '1136', '1135', '1137', '1140'], '1138': ['1138'], '1041': ['1041', '1126', '1125', '1127', '1124', '1129', '1122', '1123', '1045'], '1128': ['1128'], '1131': ['1131'], '1032': ['1032', '1160', '1161', '1162', '1146'], '1052': ['1052', '1051', '1053', '1049', '1050'], '1063': ['1063'], '1055': ['1055'], '1057': ['1057'], '1060': ['1060'], '1071': ['1071'], '1147': ['1147'], '1148': ['1148', '1158', '1157', '1159', '1153', '1154', '1155', '1156', '1152'], '1066': ['1066'], '1056': ['1056'], '1061': ['1061'], '1072': ['1072', '1075', '1076', '1073', '1074'], '1033': ['1033'], '1101': ['1101'], '1109': ['1109'], '1102': ['1102'], '1103': ['1103'], '1105': ['1105', '1106', '1107', '1058', '1059'], '1113': ['1113'], '1108': ['1108'], '1110': ['1110'], '1104': ['1104'], '1114': ['1114'], '1054': ['1054'], '1039': ['1039', '1097', '1112', '1035', '1111', '1098', '1099', '1117', '1118'], '1100': ['1100'], '1030': ['1030'], '1046': ['1046'], '1069': ['1069', '1064', '1065', '1070', '1031'], '1047': ['1047'], '1086': ['1086', '1089', '1044', '1087', '1090'], '1043': ['1043'], '1121': ['1121'], '1036': ['1036'], '1092': ['1092'], '1150': ['1150'], '1093': ['1093', '1094', '1151', '1149', '1037'], '1145': ['1145'], '1144': ['1144'], '1088': ['1088', '1142', '1141', '1143', '1139'], '1091': ['1091'], '1115': ['1115'], '1062': ['1062'], '1116': ['1116'], '1119': ['1119'], '1120': ['1120'], '1132': ['1132'], '1130': ['1130'], '1134': ['1134'], '1133': ['1133']})"
62,"defaultdict(<class 'list'>, {'1040': ['1040', '1080', '1079', '1081', '1078', '1095', '1082', '1084', '1042', '1083', '1085', '1096'], '1136': ['1136'], '1138': ['1138'], '1041': ['1041'], '1126': ['1126'], '1125': ['1125'], '1127': ['1127'], '1128': ['1128'], '1129': ['1129'], '1131': ['1131'], '1032': ['1032', '1160', '1161', '1162', '1146'], '1052': ['1052', '1053'], '1063': ['1063'], '1051': ['1051', '1055', '1056', '1049', '1050'], '1057': ['1057', '1060', '1061', '1058', '1059'], '1071': ['1071'], '1147': ['1147', '1148', '1158', '1157', '1159', '1156', '1033', '1153', '1154', '1155', '1152', '1109'], '1066': ['1066'], '1072': ['1072'], '1101': ['1101', '1102', '1098', '1099', '1100'], '1103': ['1103'], '1105': ['1105'], '1106': ['1106'], '1113': ['1113'], '1108': ['1108'], '1110': ['1110'], '1104': ['1104'], '1107': ['1107'], '1114': ['1114', '1030', '1046', '1069', '1064', '1065', '1070', '1031', '1047'], '1038': ['1038', '1048', '1068', '1034', '1067'], '1054': ['1054', '1062'], '1039': ['1039', '1097', '1112', '1035', '1111'], '1086': ['1086'], '1089': ['1089'], '1043': ['1043'], '1121': ['1121'], '1122': ['1122'], '1123': ['1123'], '1124': ['1124'], '1036': ['1036', '1092', '1145', '1144'], '1150': ['1150'], '1093': ['1093', '1094', '1151', '1149', '1037'], '1044': ['1044'], '1087': ['1087'], '1088': ['1088', '1142', '1141', '1143', '1140'], '1090': ['1090'], '1091': ['1091'], '1045': ['1045'], '1115': ['1115'], '1077': ['1077', '1075', '1076', '1073', '1074'], '1117': ['1117'], '1118': ['1118'], '1116': ['1116'], '1135': ['1135'], '1137': ['1137'], '1139': ['1139'], '1119': ['1119'], '1120': ['1120'], '1132': ['1132'], '1130': ['1130'], '1134': ['1134'], '1133': ['1133']})"
62,"defaultdict(<class 'list'>, {'1040': ['1040'], '1080': ['1080'], '1079': ['1079'], '1081': ['1081'], '1095': ['1095'], '1082': ['1082'], '1084': ['1084', '1042', '1085', '1086', '1087'], '1096': ['1096', '1136', '1135', '1137', '1140'], '1138': ['1138', '1134'], '1041': ['1041'], '1126': ['1126'], '1125': ['1125'], '1127': ['1127'], '1128': ['1128', '1131', '1132', '1130', '1133'], '1129': ['1129'], '1032': ['1032', '1052', '1063', '1053', '1049'], '1160': ['1160', '1147', '1161', '1162', '1146'], '1051': ['1051'], '1055': ['1055'], '1057': ['1057', '1060', '1061', '1058', '1059'], '1071': ['1071'], '1148': ['1148', '1158', '1157', '1159'], '1066': ['1066'], '1056': ['1056'], '1072': ['1072'], '1033': ['1033', '1101', '1102', '1098', '1099', '1100', '1103', '1108', '1107'], '1109': ['1109'], '1153': ['1153', '1154', '1155', '1156', '1152'], '1105': ['1105'], '1106': ['1106'], '1113': ['1113'], '1110': ['1110'], '1104': ['1104'], '1114': ['1114'], '1038': ['1038', '1048', '1068', '1034', '1067'], '1050': ['1050'], '1054': ['1054'], '1039': ['1039', '1097', '1112', '1035', '1111'], '1030': ['1030'], '1046': ['1046'], '1069': ['1069'], '1064': ['1064'], '1065': ['1065'], '1047': ['1047'], '1070': ['1070'], '1031': ['1031'], '1083': ['1083'], '1089': ['1089', '1149', '1044', '1090', '1091', '1093', '1094', '1037'], '1043': ['1043', '1121', '1122', '1123', '1045'], '1124': ['1124'], '1036': ['1036'], '1092': ['1092'], '1150': ['1150'], '1145': ['1145'], '1151': ['1151'], '1144': ['1144'], '1088': ['1088', '1142', '1141', '1143', '1139'], '1115': ['1115'], '1062': ['1062'], '1077': ['1077', '1075', '1076', '1073', '1074'], '1117': ['1117', '1118', '1116', '1119', '1120'], '1078': ['1078']})"
62,"defaultdict(<class 'list'>, {'1040': ['1040', '1080', '1081', '1082', '1078', '1079', '1095', '1096', '1083'], '1084': ['1084', '1042', '1085', '1086', '1089', '1044', '1087', '1090', '1091'], '1136': ['1136'], '1138': ['1138'], '1041': ['1041', '1126', '1125', '1127', '1124'], '1128': ['1128'], '1129': ['1129'], '1131': ['1131'], '1032': ['1032', '1160', '1147', '1161', '1145', '1146', '1162'], '1052': ['1052', '1053', '1049', '1050', '1054'], '1063': ['1063'], '1051': ['1051'], '1055': ['1055'], '1057': ['1057', '1060', '1071', '1061', '1072'], '1148': ['1148'], '1158': ['1158'], '1066': ['1066', '1038', '1048', '1068', '1034', '1067', '1064', '1065', '1031'], '1056': ['1056', '1077', '1075', '1076', '1074'], '1157': ['1157'], '1159': ['1159'], '1033': ['1033', '1109', '1105', '1106', '1107', '1058', '1059', '1113'], '1101': ['1101', '1102', '1098', '1099', '1100'], '1153': ['1153', '1154', '1155', '1156', '1152'], '1103': ['1103'], '1108': ['1108'], '1110': ['1110'], '1104': ['1104'], '1114': ['1114', '1115', '1118', '1116', '1119'], '1039': ['1039'], '1097': ['1097'], '1112': ['1112'], '1035': ['1035'], '1111': ['1111'], '1030': ['1030'], '1046': ['1046'], '1069': ['1069'], '1047': ['1047'], '1070': ['1070'], '1043': ['1043'], '1121': ['1121'], '1122': ['1122'], '1123': ['1123'], '1036': ['1036'], '1092': ['1092'], '1150': ['1150'], '1093': ['1093', '1094', '1151', '1149', '1037'], '1144': ['1144'], '1088': ['1088'], '1142': ['1142', '1137', '1139'], '1141': ['1141'], '1143': ['1143'], '1045': ['1045'], '1062': ['1062'], '1117': ['1117'], '1073': ['1073'], '1135': ['1135'], '1140': ['1140'], '1120': ['1120'], '1132': ['1132'], '1130': ['1130'], '1134': ['1134'], '1133': ['1133']})"
62,"defaultdict(<class 'list'>, {'1040': ['1040', '1080', '1079', '1081', '1078'], '1095': ['1095'], '1082': ['1082', '1084', '1042', '1083', '1085'], '1096': ['1096'], '1136': ['1136'], '1138': ['1138'], '1041': ['1041', '1126', '1125', '1127', '1043', '1121', '1122', '1123', '1045', '1124', '1128', '1132'], '1129': ['1129'], '1131': ['1131'], '1032': ['1032', '1160', '1161', '1162', '1146', '1147', '1148', '1158', '1156'], '1052': ['1052', '1051', '1053', '1049', '1050'], '1063': ['1063'], '1055': ['1055'], '1057': ['1057', '1060', '1061', '1105', '1106', '1107', '1058', '1059', '1113'], '1071': ['1071'], '1066': ['1066'], '1056': ['1056'], '1072': ['1072'], '1157': ['1157'], '1159': ['1159'], '1033': ['1033', '1153', '1154', '1155', '1152'], '1101': ['1101'], '1109': ['1109'], '1102': ['1102'], '1103': ['1103'], '1108': ['1108'], '1110': ['1110'], '1104': ['1104'], '1114': ['1114'], '1038': ['1038', '1048', '1068', '1034', '1067'], '1054': ['1054'], '1039': ['1039', '1097', '1098', '1099', '1035', '1112', '1111', '1117', '1118'], '1100': ['1100'], '1030': ['1030'], '1046': ['1046'], '1069': ['1069', '1064', '1065', '1070', '1031'], '1047': ['1047'], '1086': ['1086', '1089', '1044', '1087', '1090'], '1036': ['1036', '1092', '1150', '1093', '1094', '1151', '1149', '1037', '1144'], '1145': ['1145'], '1088': ['1088'], '1142': ['1142'], '1141': ['1141'], '1091': ['1091'], '1143': ['1143'], '1115': ['1115'], '1062': ['1062'], '1077': ['1077'], '1075': ['1075'], '1076': ['1076'], '1073': ['1073'], '1074': ['1074'], '1116': ['1116'], '1135': ['1135'], '1137': ['1137'], '1140': ['1140'], '1139': ['1139'], '1119': ['1119'], '1120': ['1120'], '1130': ['1130'], '1134': ['1134'], '1133': ['1133']})"
62,"defaultdict(<class 'list'>, {'1040': ['1040', '1080', '1081', '1095', '1082', '1084', '1042', '1083', '1085'], '1079': ['1079'], '1096': ['1096', '1138', '1135', '1137', '1139'], '1136': ['1136'], '1041': ['1041'], '1126': ['1126'], '1125': ['1125'], '1127': ['1127'], '1128': ['1128', '1129', '1132', '1130', '1134'], '1131': ['1131'], '1032': ['1032', '1052', '1051', '1053', '1049', '1050', '1063', '1055', '1054'], '1160': ['1160', '1147', '1161', '1162', '1146'], '1057': ['1057', '1060', '1061', '1058', '1059'], '1071': ['1071'], '1148': ['1148', '1158', '1157', '1159', '1156', '1153', '1154', '1155', '1152'], '1066': ['1066'], '1056': ['1056'], '1072': ['1072', '1075', '1076', '1073', '1074'], '1033': ['1033'], '1101': ['1101'], '1109': ['1109'], '1102': ['1102'], '1103': ['1103'], '1105': ['1105'], '1106': ['1106'], '1113': ['1113'], '1108': ['1108'], '1110': ['1110'], '1104': ['1104'], '1107': ['1107'], '1114': ['1114'], '1038': ['1038', '1048', '1068', '1034', '1067'], '1039': ['1039', '1097', '1098', '1099', '1035'], '1112': ['1112'], '1100': ['1100'], '1111': ['1111'], '1030': ['1030'], '1046': ['1046'], '1069': ['1069', '1064', '1065', '1070', '1031'], '1047': ['1047'], '1086': ['1086', '1089', '1044', '1087', '1090'], '1043': ['1043', '1121', '1122', '1123', '1045'], '1124': ['1124'], '1036': ['1036'], '1092': ['1092'], '1150': ['1150'], '1093': ['1093'], '1094': ['1094'], '1145': ['1145'], '1151': ['1151'], '1144': ['1144'], '1149': ['1149'], '1037': ['1037'], '1088': ['1088', '1142', '1141', '1143'], '1091': ['1091'], '1115': ['1115'], '1062': ['1062'], '1077': ['1077'], '1117': ['1117', '1118', '1116', '1119', '1120'], '1078': ['1078'], '1140': ['1140'], '1133': ['1133']})"
62,"defaultdict(<class 'list'>, {'1040': ['1040', '1080', '1079', '1081', '1078'], '1095': ['1095'], '1082': ['1082', '1084', '1042', '1083', '1085'], '1096': ['1096', '1138', '1135', '1137', '1139'], '1136': ['1136'], '1041': ['1041'], '1126': ['1126'], '1125': ['1125'], '1127': ['1127'], '1128': ['1128', '1131', '1132', '1130', '1133'], '1129': ['1129'], '1032': ['1032', '1160', '1161', '1162'], '1052': ['1052'], '1063': ['1063'], '1051': ['1051'], '1055': ['1055'], '1057': ['1057'], '1060': ['1060'], '1071': ['1071'], '1147': ['1147', '1036', '1092', '1145', '1146', '1150', '1093', '1094', '1151', '1149', '1037', '1144'], '1148': ['1148', '1158', '1157', '1159', '1153', '1154', '1155', '1156', '1152', '1033', '1109'], '1053': ['1053'], '1066': ['1066'], '1056': ['1056'], '1061': ['1061'], '1072': ['1072'], '1101': ['1101', '1102', '1103', '1039', '1097', '1098', '1099', '1035', '1100'], '1105': ['1105'], '1106': ['1106'], '1113': ['1113'], '1108': ['1108'], '1110': ['1110', '1111', '1064', '1065', '1031'], '1104': ['1104'], '1107': ['1107'], '1114': ['1114'], '1038': ['1038'], '1048': ['1048'], '1049': ['1049'], '1050': ['1050'], '1054': ['1054'], '1068': ['1068', '1077', '1075', '1076', '1074'], '1112': ['1112'], '1034': ['1034'], '1067': ['1067'], '1030': ['1030', '1046', '1069', '1047', '1070'], '1058': ['1058'], '1059': ['1059'], '1086': ['1086', '1087', '1088', '1141', '1143'], '1089': ['1089', '1044', '1090', '1091'], '1043': ['1043'], '1121': ['1121'], '1122': ['1122'], '1123': ['1123'], '1124': ['1124'], '1142': ['1142'], '1045': ['1045'], '1115': ['1115'], '1062': ['1062'], '1117': ['1117', '1118', '1116', '1119', '1120'], '1073': ['1073'], '1140': ['1140'], '1134': ['1134']})"
62,"defaultdict(<class 'list'>, {'1040': ['1040', '1080', '1079', '1081', '1078', '1095', '1082', '1084', '1042', '1083', '1085', '1086'], '1096': ['1096', '1138', '1135', '1137', '1139'], '1136': ['1136'], '1041': ['1041'], '1126': ['1126', '1125', '1127', '1043', '1121', '1122', '1123', '1045', '1124'], '1128': ['1128'], '1129': ['1129'], '1131': ['1131'], '1032': ['1032'], '1052': ['1052', '1051', '1053', '1049', '1050'], '1063': ['1063'], '1160': ['1160'], '1055': ['1055'], '1057': ['1057', '1060', '1071', '1061', '1105', '1106', '1107', '1058', '1059'], '1147': ['1147'], '1148': ['1148', '1158', '1157', '1159', '1156'], '1161': ['1161'], '1066': ['1066'], '1056': ['1056', '1077', '1075', '1076', '1074'], '1072': ['1072'], '1162': ['1162'], '1033': ['1033', '1101', '1102', '1103', '1039', '1097', '1098', '1099', '1035', '1112', '1111', '1100'], '1109': ['1109'], '1153': ['1153'], '1113': ['1113', '1114', '1115'], '1154': ['1154'], '1155': ['1155'], '1108': ['1108'], '1110': ['1110'], '1104': ['1104'], '1038': ['1038', '1048', '1068', '1034', '1067'], '1054': ['1054'], '1030': ['1030', '1046', '1069', '1047', '1070'], '1064': ['1064'], '1065': ['1065'], '1031': ['1031'], '1089': ['1089'], '1036': ['1036'], '1092': ['1092'], '1150': ['1150'], '1093': ['1093'], '1094': ['1094'], '1145': ['1145'], '1151': ['1151'], '1144': ['1144'], '1149': ['1149'], '1037': ['1037'], '1044': ['1044'], '1087': ['1087'], '1088': ['1088', '1142', '1141', '1143'], '1090': ['1090'], '1091': ['1091'], '1062': ['1062'], '1117': ['1117', '1118', '1116', '1119', '1120'], '1146': ['1146'], '1152': ['1152'], '1073': ['1073'], '1140': ['1140'], '1132': ['1132'], '1130': ['1130'], '1134': ['1134'], '1133': ['1133']})"
62,"defaultdict(<class 'list'>, {'1040': ['1040', '1080', '1079', '1077', '1078'], '1081': ['1081'], '1095': ['1095'], '1082': ['1082', '1084', '1042', '1083', '1085'], '1096': ['1096', '1136', '1135', '1137', '1140'], '1138': ['1138'], '1041': ['1041'], '1126': ['1126'], '1125': ['1125'], '1127': ['1127'], '1128': ['1128', '1129', '1132', '1130', '1134', '1131', '1120', '1133'], '1032': ['1032', '1063', '1066', '1068', '1067'], '1052': ['1052'], '1160': ['1160'], '1051': ['1051', '1055', '1056', '1049', '1050'], '1057': ['1057', '1060', '1061', '1058', '1059'], '1071': ['1071'], '1147': ['1147', '1148', '1158', '1157', '1159'], '1161': ['1161'], '1053': ['1053', '1038', '1048', '1054', '1034'], '1072': ['1072', '1075', '1076', '1073', '1074'], '1162': ['1162'], '1033': ['1033'], '1101': ['1101'], '1109': ['1109'], '1153': ['1153'], '1102': ['1102'], '1103': ['1103'], '1105': ['1105'], '1106': ['1106'], '1113': ['1113'], '1154': ['1154', '1036', '1150', '1151', '1152'], '1155': ['1155'], '1108': ['1108', '1107', '1115', '1116', '1119'], '1110': ['1110'], '1104': ['1104', '1030', '1046', '1047', '1117'], '1114': ['1114'], '1156': ['1156'], '1039': ['1039'], '1097': ['1097'], '1098': ['1098'], '1099': ['1099'], '1112': ['1112'], '1100': ['1100'], '1035': ['1035'], '1111': ['1111'], '1069': ['1069', '1064', '1065', '1070', '1031'], '1086': ['1086'], '1089': ['1089'], '1043': ['1043', '1121', '1122', '1123', '1045'], '1124': ['1124'], '1092': ['1092'], '1093': ['1093', '1094', '1144', '1149', '1037'], '1145': ['1145'], '1044': ['1044'], '1087': ['1087'], '1088': ['1088', '1142', '1141', '1143', '1139'], '1090': ['1090'], '1091': ['1091'], '1062': ['1062'], '1146': ['1146'], '1118': ['1118']})"
62,"defaultdict(<class 'list'>, {'1040': ['1040', '1080', '1081', '1082', '1078'], '1079': ['1079', '1077', '1075', '1076', '1074'], '1095': ['1095'], '1084': ['1084', '1042', '1085', '1086', '1089', '1044', '1087', '1090', '1091'], '1096': ['1096', '1138', '1135', '1137', '1139'], '1136': ['1136'], '1041': ['1041'], '1126': ['1126'], '1125': ['1125'], '1127': ['1127'], '1128': ['1128', '1131', '1132', '1130', '1133', '1129', '1120', '1134'], '1032': ['1032', '1160', '1161', '1162', '1146'], '1052': ['1052', '1053', '1049', '1050', '1054'], '1063': ['1063'], '1051': ['1051'], '1055': ['1055'], '1057': ['1057', '1060', '1061', '1062', '1073'], '1071': ['1071'], '1147': ['1147'], '1148': ['1148'], '1158': ['1158'], '1066': ['1066', '1067', '1064', '1065', '1031'], '1056': ['1056'], '1072': ['1072'], '1157': ['1157'], '1159': ['1159'], '1033': ['1033', '1153', '1154', '1155', '1152'], '1101': ['1101'], '1109': ['1109'], '1102': ['1102'], '1103': ['1103'], '1105': ['1105'], '1106': ['1106'], '1113': ['1113'], '1108': ['1108'], '1110': ['1110'], '1104': ['1104', '1030', '1046', '1047', '1117'], '1107': ['1107'], '1114': ['1114', '1115', '1118', '1116', '1119'], '1156': ['1156'], '1038': ['1038'], '1048': ['1048'], '1068': ['1068'], '1039': ['1039', '1097', '1098', '1099', '1035'], '1112': ['1112'], '1100': ['1100'], '1034': ['1034'], '1111': ['1111'], '1069': ['1069'], '1058': ['1058'], '1059': ['1059'], '1070': ['1070'], '1083': ['1083'], '1043': ['1043', '1121', '1122', '1123', '1045'], '1124': ['1124'], '1036': ['1036', '1092', '1150', '1093', '1094', '1151', '1149', '1037', '1144'], '1145': ['1145'], '1088': ['1088'], '1142': ['1142'], '1141': ['1141'], '1143': ['1143'], '1140': ['1140']})"
62,"defaultdict(<class 'list'>, {'1040': ['1040', '1080', '1079', '1077', '1076', '1078', '1075', '1074'], '1081': ['1081', '1082', '1084', '1042', '1083'], '1095': ['1095'], '1096': ['1096'], '1136': ['1136'], '1138': ['1138'], '1041': ['1041'], '1126': ['1126'], '1125': ['1125'], '1127': ['1127'], '1128': ['1128', '1131', '1132', '1130', '1133', '1129', '1120', '1134'], '1032': ['1032', '1160', '1161', '1162', '1146'], '1052': ['1052', '1053', '1049', '1050', '1054', '1051', '1055', '1061', '1062'], '1063': ['1063'], '1057': ['1057'], '1060': ['1060'], '1071': ['1071'], '1147': ['1147'], '1148': ['1148', '1158', '1157', '1159', '1156', '1153', '1154', '1155', '1152'], '1066': ['1066', '1038', '1048', '1068', '1067'], '1056': ['1056'], '1072': ['1072'], '1033': ['1033', '1109', '1113', '1110', '1111', '1105'], '1101': ['1101'], '1102': ['1102'], '1103': ['1103'], '1106': ['1106', '1108', '1107', '1058', '1059'], '1104': ['1104'], '1114': ['1114'], '1039': ['1039'], '1097': ['1097'], '1098': ['1098'], '1099': ['1099'], '1112': ['1112'], '1100': ['1100'], '1034': ['1034'], '1035': ['1035'], '1030': ['1030'], '1046': ['1046'], '1069': ['1069', '1064', '1065', '1070', '1031'], '1047': ['1047'], '1085': ['1085'], '1086': ['1086', '1089', '1044', '1087', '1090'], '1043': ['1043', '1121', '1122', '1123', '1045'], '1124': ['1124'], '1036': ['1036', '1092', '1150', '1151', '1149'], '1093': ['1093', '1094', '1144', '1037', '1143'], '1145': ['1145'], '1088': ['1088'], '1142': ['1142'], '1141': ['1141'], '1091': ['1091'], '1115': ['1115'], '1117': ['1117'], '1118': ['1118'], '1073': ['1073'], '1116': ['1116'], '1135': ['1135'], '1137': ['1137'], '1140': ['1140'], '1139': ['1139'], '1119': ['1119']})"
62,"defaultdict(<class 'list'>, {'1040': ['1040', '1080', '1081', '1082', '1083'], '1079': ['1079', '1077', '1075', '1076', '1074'], '1095': ['1095'], '1084': ['1084', '1042', '1085', '1086', '1089', '1044', '1087', '1090', '1091'], '1096': ['1096'], '1136': ['1136'], '1138': ['1138'], '1041': ['1041', '1126', '1125', '1127', '1124'], '1128': ['1128', '1129', '1132', '1130', '1134'], '1131': ['1131'], '1032': ['1032', '1063', '1160', '1147', '1148', '1158', '1157', '1159', '1156', '1161', '1162', '1146'], '1052': ['1052', '1053', '1049', '1050', '1054'], '1051': ['1051'], '1055': ['1055'], '1057': ['1057', '1060', '1061', '1058', '1059'], '1071': ['1071'], '1066': ['1066'], '1056': ['1056'], '1072': ['1072'], '1033': ['1033', '1153', '1154', '1155', '1152'], '1101': ['1101'], '1109': ['1109'], '1102': ['1102'], '1103': ['1103'], '1105': ['1105', '1106', '1113', '1107', '1114'], '1108': ['1108'], '1110': ['1110', '1111', '1064', '1065', '1031'], '1104': ['1104'], '1038': ['1038', '1048', '1068', '1034', '1067'], '1039': ['1039'], '1097': ['1097'], '1098': ['1098'], '1099': ['1099'], '1112': ['1112'], '1100': ['1100'], '1035': ['1035'], '1030': ['1030', '1046', '1069', '1047', '1070'], '1043': ['1043', '1121', '1122', '1123', '1045'], '1036': ['1036'], '1092': ['1092'], '1150': ['1150'], '1093': ['1093'], '1094': ['1094'], '1145': ['1145'], '1151': ['1151'], '1144': ['1144'], '1149': ['1149'], '1037': ['1037'], '1088': ['1088'], '1142': ['1142'], '1141': ['1141'], '1143': ['1143'], '1115': ['1115', '1118', '1116', '1119', '1120'], '1062': ['1062'], '1117': ['1117'], '1073': ['1073'], '1078': ['1078'], '1135': ['1135'], '1137': ['1137'], '1140': ['1140'], '1139': ['1139'], '1133': ['1133']})"
62,"defaultdict(<class 'list'>, {'1040': ['1040', '1080', '1079', '1077', '1076', '1078', '1081', '1082', '1083'], '1095': ['1095'], '1084': ['1084'], '1096': ['1096', '1138', '1135', '1137', '1139'], '1136': ['1136'], '1041': ['1041', '1126', '1125', '1127', '1124'], '1128': ['1128', '1131', '1132', '1130', '1133'], '1129': ['1129'], '1032': ['1032', '1160', '1161', '1162', '1146'], '1052': ['1052'], '1063': ['1063'], '1051': ['1051', '1055', '1056', '1049', '1050'], '1057': ['1057'], '1060': ['1060'], '1071': ['1071'], '1147': ['1147'], '1148': ['1148', '1158', '1157', '1159', '1156'], '1053': ['1053'], '1066': ['1066'], '1061': ['1061'], '1072': ['1072'], '1033': ['1033', '1101', '1109', '1153', '1100', '1154', '1155', '1152'], '1102': ['1102'], '1103': ['1103'], '1105': ['1105', '1106', '1107', '1058', '1059'], '1113': ['1113'], '1108': ['1108'], '1110': ['1110', '1111', '1064', '1065', '1031'], '1104': ['1104'], '1114': ['1114'], '1038': ['1038'], '1048': ['1048'], '1054': ['1054'], '1068': ['1068'], '1039': ['1039', '1097', '1112', '1035', '1117'], '1098': ['1098'], '1099': ['1099'], '1034': ['1034'], '1067': ['1067'], '1030': ['1030', '1046', '1069', '1047', '1070'], '1042': ['1042'], '1085': ['1085'], '1086': ['1086', '1089', '1044', '1087', '1090'], '1043': ['1043', '1121', '1122', '1123', '1045'], '1036': ['1036'], '1092': ['1092'], '1150': ['1150'], '1093': ['1093', '1094', '1151', '1149', '1037'], '1145': ['1145'], '1144': ['1144'], '1088': ['1088', '1142', '1141', '1143', '1140'], '1091': ['1091'], '1115': ['1115'], '1062': ['1062'], '1075': ['1075'], '1118': ['1118'], '1073': ['1073'], '1074': ['1074'], '1116': ['1116'], '1119': ['1119'], '1120': ['1120'], '1134': ['1134']})"
62,"defaultdict(<class 'list'>, {'1040': ['1040'], '1080': ['1080', '1079', '1077', '1076', '1078'], '1081': ['1081'], '1095': ['1095'], '1082': ['1082', '1084', '1042', '1083', '1085'], '1096': ['1096', '1138', '1135', '1137', '1139'], '1136': ['1136'], '1041': ['1041'], '1126': ['1126'], '1125': ['1125'], '1127': ['1127'], '1128': ['1128', '1129', '1132', '1130', '1134', '1131', '1120', '1133'], '1032': ['1032', '1052', '1063', '1053', '1049', '1051', '1055', '1050', '1054'], '1160': ['1160'], '1057': ['1057'], '1060': ['1060'], '1071': ['1071'], '1147': ['1147'], '1148': ['1148', '1158', '1157', '1159', '1156'], '1161': ['1161'], '1066': ['1066'], '1056': ['1056'], '1061': ['1061', '1062', '1075', '1073', '1074'], '1072': ['1072'], '1162': ['1162'], '1033': ['1033', '1153', '1154', '1155', '1152'], '1101': ['1101', '1102', '1098', '1099', '1100'], '1109': ['1109'], '1103': ['1103'], '1105': ['1105', '1106', '1107', '1058', '1059'], '1113': ['1113'], '1108': ['1108'], '1110': ['1110', '1111', '1064', '1065', '1031'], '1104': ['1104', '1117', '1118', '1116', '1119'], '1114': ['1114'], '1038': ['1038', '1048', '1068', '1034', '1067'], '1039': ['1039'], '1097': ['1097'], '1112': ['1112'], '1035': ['1035'], '1030': ['1030', '1046', '1069', '1047', '1070'], '1086': ['1086', '1089', '1044', '1087', '1090'], '1043': ['1043'], '1121': ['1121'], '1122': ['1122'], '1123': ['1123'], '1124': ['1124'], '1036': ['1036'], '1092': ['1092'], '1150': ['1150'], '1093': ['1093', '1094', '1151', '1149', '1037'], '1145': ['1145'], '1144': ['1144'], '1088': ['1088'], '1142': ['1142'], '1141': ['1141'], '1091': ['1091'], '1143': ['1143'], '1045': ['1045'], '1115': ['1115'], '1146': ['1146'], '1140': ['1140']})"
62,"defaultdict(<class 'list'>, {'1040': ['1040'], '1080': ['1080'], '1079': ['1079'], '1081': ['1081'], '1095': ['1095'], '1082': ['1082'], '1084': ['1084'], '1096': ['1096'], '1136': ['1136', '1133'], '1138': ['1138'], '1041': ['1041'], '1126': ['1126'], '1125': ['1125'], '1127': ['1127'], '1128': ['1128', '1129', '1132', '1130', '1134'], '1131': ['1131'], '1032': ['1032', '1160', '1161', '1162', '1146', '1147', '1148', '1158', '1156', '1157', '1159'], '1052': ['1052'], '1063': ['1063', '1057', '1071', '1066'], '1051': ['1051'], '1055': ['1055'], '1060': ['1060'], '1053': ['1053'], '1056': ['1056'], '1061': ['1061'], '1072': ['1072'], '1033': ['1033', '1153', '1154', '1155', '1152', '1109'], '1101': ['1101', '1102', '1098', '1099', '1100'], '1103': ['1103', '1104', '1030', '1046', '1047'], '1105': ['1105', '1106', '1107', '1058', '1059'], '1113': ['1113'], '1108': ['1108'], '1110': ['1110'], '1114': ['1114'], '1038': ['1038', '1048', '1068', '1034', '1067'], '1049': ['1049'], '1050': ['1050'], '1054': ['1054'], '1039': ['1039', '1097', '1112', '1035', '1111'], '1069': ['1069', '1064', '1065', '1070', '1031'], '1042': ['1042'], '1083': ['1083'], '1085': ['1085'], '1086': ['1086', '1089', '1044', '1087', '1090'], '1043': ['1043', '1121', '1122', '1123', '1045'], '1124': ['1124'], '1036': ['1036', '1092', '1150', '1093', '1094', '1151', '1149', '1037', '1144'], '1145': ['1145'], '1088': ['1088', '1142', '1141', '1143', '1140'], '1091': ['1091'], '1115': ['1115'], '1062': ['1062'], '1077': ['1077'], '1117': ['1117', '1118', '1116', '1119', '1120'], '1075': ['1075'], '1076': ['1076'], '1073': ['1073'], '1078': ['1078'], '1074': ['1074'], '1135': ['1135'], '1137': ['1137'], '1139': ['1139']})"
62,"defaultdict(<class 'list'>, {'1040': ['1040', '1080', '1081', '1078'], '1079': ['1079', '1077', '1075', '1076', '1074'], '1095': ['1095'], '1082': ['1082', '1084', '1042', '1085', '1086', '1087', '1083', '1089', '1044'], '1096': ['1096', '1138', '1135', '1137', '1139'], '1136': ['1136'], '1041': ['1041', '1126', '1125', '1127', '1124'], '1128': ['1128', '1131', '1132', '1130', '1133'], '1129': ['1129'], '1032': ['1032', '1160', '1161', '1162', '1146'], '1052': ['1052'], '1063': ['1063'], '1051': ['1051'], '1055': ['1055'], '1057': ['1057', '1060', '1061', '1062', '1073'], '1071': ['1071'], '1147': ['1147'], '1148': ['1148'], '1158': ['1158'], '1053': ['1053'], '1066': ['1066'], '1056': ['1056'], '1072': ['1072'], '1157': ['1157'], '1159': ['1159'], '1033': ['1033'], '1101': ['1101', '1102', '1098', '1099', '1100'], '1109': ['1109'], '1153': ['1153'], '1103': ['1103', '1104', '1030', '1046', '1047'], '1105': ['1105', '1106', '1107', '1058', '1059'], '1113': ['1113'], '1154': ['1154'], '1155': ['1155'], '1108': ['1108'], '1110': ['1110', '1111', '1064', '1065', '1031'], '1114': ['1114'], '1156': ['1156'], '1038': ['1038', '1048', '1068', '1034', '1067'], '1049': ['1049'], '1050': ['1050'], '1054': ['1054'], '1039': ['1039', '1097', '1112', '1035', '1117'], '1069': ['1069'], '1070': ['1070'], '1043': ['1043'], '1121': ['1121'], '1122': ['1122'], '1123': ['1123'], '1036': ['1036'], '1092': ['1092'], '1150': ['1150'], '1093': ['1093', '1094', '1151', '1149', '1037'], '1145': ['1145'], '1144': ['1144'], '1088': ['1088', '1142', '1141', '1143', '1140'], '1090': ['1090'], '1091': ['1091'], '1045': ['1045'], '1115': ['1115', '1118', '1116', '1119', '1120'], '1152': ['1152'], '1134': ['1134']})"
62,"defaultdict(<class 'list'>, {'1040': ['1040', '1080', '1079', '1081', '1078', '1077', '1075', '1076', '1074'], '1095': ['1095'], '1082': ['1082'], '1084': ['1084'], '1096': ['1096', '1138', '1135', '1137', '1139'], '1136': ['1136'], '1041': ['1041'], '1126': ['1126'], '1125': ['1125'], '1127': ['1127'], '1128': ['1128', '1129', '1132', '1130', '1134'], '1131': ['1131'], '1032': ['1032', '1160', '1161', '1162', '1146', '1147', '1148', '1158', '1157', '1159', '1156', '1145'], '1052': ['1052'], '1063': ['1063'], '1051': ['1051', '1055', '1056', '1049', '1050'], '1057': ['1057', '1060', '1071', '1061', '1105', '1106', '1107', '1058', '1059'], '1053': ['1053'], '1066': ['1066'], '1072': ['1072', '1070', '1073'], '1033': ['1033', '1109', '1153', '1155', '1152'], '1101': ['1101', '1102', '1098', '1099', '1100'], '1103': ['1103'], '1113': ['1113', '1114', '1115'], '1154': ['1154'], '1108': ['1108'], '1110': ['1110'], '1104': ['1104'], '1038': ['1038', '1048', '1068', '1034', '1067'], '1054': ['1054'], '1039': ['1039', '1097', '1112', '1035', '1111'], '1030': ['1030'], '1046': ['1046'], '1069': ['1069'], '1064': ['1064'], '1065': ['1065'], '1047': ['1047'], '1031': ['1031'], '1042': ['1042'], '1083': ['1083'], '1085': ['1085'], '1086': ['1086'], '1089': ['1089'], '1043': ['1043'], '1121': ['1121'], '1122': ['1122'], '1123': ['1123'], '1124': ['1124'], '1036': ['1036', '1092', '1150', '1151', '1149'], '1093': ['1093'], '1094': ['1094'], '1144': ['1144'], '1037': ['1037'], '1044': ['1044'], '1087': ['1087'], '1088': ['1088', '1142', '1141', '1143', '1140'], '1090': ['1090'], '1091': ['1091'], '1045': ['1045'], '1062': ['1062'], '1117': ['1117', '1118', '1116', '1119', '1120'], '1133': ['1133']})"
62,"defaultdict(<class 'list'>, {'1040': ['1040', '1080', '1081', '1082', '1078'], '1079': ['1079'], '1095': ['1095'], '1084': ['1084', '1042', '1085', '1086', '1089', '1087', '1090', '1091', '1044'], '1096': ['1096'], '1136': ['1136'], '1138': ['1138', '1134'], '1041': ['1041', '1126', '1125', '1127', '1124'], '1128': ['1128', '1131', '1132', '1130', '1133'], '1129': ['1129'], '1032': ['1032', '1160', '1161', '1162'], '1052': ['1052', '1053', '1049', '1050', '1054'], '1063': ['1063'], '1051': ['1051'], '1055': ['1055'], '1057': ['1057', '1060', '1061', '1058', '1059', '1105', '1106', '1107', '1062'], '1071': ['1071'], '1147': ['1147', '1145', '1144', '1146'], '1148': ['1148'], '1158': ['1158'], '1066': ['1066', '1038', '1048', '1068', '1067'], '1056': ['1056', '1077', '1075', '1076', '1074'], '1072': ['1072'], '1157': ['1157'], '1159': ['1159'], '1033': ['1033'], '1101': ['1101'], '1109': ['1109'], '1153': ['1153', '1154', '1155', '1156', '1152'], '1102': ['1102', '1103', '1104', '1117', '1118'], '1113': ['1113'], '1108': ['1108'], '1110': ['1110'], '1114': ['1114', '1030', '1046', '1069', '1064', '1065', '1070', '1031', '1047'], '1039': ['1039'], '1097': ['1097'], '1098': ['1098'], '1099': ['1099'], '1112': ['1112'], '1100': ['1100'], '1034': ['1034'], '1035': ['1035'], '1111': ['1111'], '1083': ['1083'], '1043': ['1043'], '1121': ['1121'], '1122': ['1122'], '1123': ['1123'], '1036': ['1036'], '1092': ['1092'], '1150': ['1150'], '1093': ['1093', '1094', '1151', '1149', '1037'], '1088': ['1088', '1142', '1141', '1143', '1139'], '1045': ['1045'], '1115': ['1115'], '1073': ['1073'], '1116': ['1116'], '1135': ['1135'], '1137': ['1137'], '1140': ['1140'], '1119': ['1119'], '1120': ['1120']})"
62,"defaultdict(<class 'list'>, {'1040': ['1040', '1080', '1081', '1082', '1078'], '1079': ['1079', '1077', '1075', '1076', '1074'], '1095': ['1095'], '1084': ['1084'], '1096': ['1096', '1138', '1135', '1137', '1139', '1136', '1140'], '1041': ['1041'], '1126': ['1126', '1125', '1127', '1043', '1121', '1122', '1123', '1045', '1124'], '1128': ['1128', '1131', '1132', '1130', '1133'], '1129': ['1129'], '1032': ['1032', '1052', '1063', '1053', '1049'], '1160': ['1160'], '1051': ['1051', '1055', '1056', '1046', '1047'], '1057': ['1057', '1060', '1061', '1105', '1106', '1107', '1058', '1059', '1062'], '1071': ['1071'], '1147': ['1147'], '1148': ['1148', '1158', '1157', '1159'], '1161': ['1161'], '1066': ['1066'], '1072': ['1072'], '1162': ['1162'], '1033': ['1033', '1153', '1155', '1156'], '1101': ['1101'], '1109': ['1109'], '1102': ['1102'], '1103': ['1103'], '1113': ['1113'], '1154': ['1154', '1036', '1150', '1151', '1152'], '1108': ['1108'], '1110': ['1110'], '1104': ['1104'], '1114': ['1114'], '1038': ['1038', '1048', '1068', '1034', '1067'], '1050': ['1050'], '1054': ['1054'], '1039': ['1039', '1097', '1098', '1099', '1035'], '1112': ['1112'], '1100': ['1100'], '1111': ['1111'], '1030': ['1030'], '1069': ['1069', '1064', '1065', '1070', '1031'], '1042': ['1042'], '1083': ['1083'], '1085': ['1085'], '1086': ['1086', '1089', '1044', '1087', '1090'], '1092': ['1092'], '1093': ['1093'], '1094': ['1094'], '1145': ['1145'], '1144': ['1144'], '1149': ['1149'], '1037': ['1037'], '1088': ['1088', '1142', '1141', '1143'], '1091': ['1091'], '1115': ['1115'], '1117': ['1117'], '1146': ['1146'], '1118': ['1118'], '1073': ['1073'], '1116': ['1116'], '1119': ['1119'], '1120': ['1120'], '1134': ['1134']})"
62,"defaultdict(<class 'list'>, {'1040': ['1040', '1080', '1081', '1078'], '1079': ['1079'], '1095': ['1095'], '1082': ['1082', '1084', '1042', '1083', '1085'], '1096': ['1096', '1138', '1135', '1137', '1139'], '1136': ['1136'], '1041': ['1041', '1126', '1125', '1127', '1124'], '1128': ['1128', '1131', '1132', '1130', '1133'], '1129': ['1129'], '1032': ['1032', '1160', '1161', '1162', '1146'], '1052': ['1052', '1053', '1049', '1050', '1054'], '1063': ['1063', '1057', '1060', '1071', '1061'], '1051': ['1051'], '1055': ['1055'], '1147': ['1147'], '1148': ['1148'], '1158': ['1158'], '1066': ['1066', '1038', '1048', '1068', '1034', '1067', '1064', '1065', '1031'], '1056': ['1056'], '1072': ['1072'], '1157': ['1157'], '1159': ['1159'], '1033': ['1033'], '1101': ['1101', '1102', '1098', '1099', '1100', '1103', '1039', '1097', '1035'], '1109': ['1109'], '1153': ['1153', '1154', '1155', '1151', '1152'], '1105': ['1105'], '1106': ['1106'], '1113': ['1113'], '1108': ['1108'], '1110': ['1110'], '1104': ['1104', '1030', '1046', '1047', '1117'], '1107': ['1107'], '1114': ['1114'], '1156': ['1156'], '1112': ['1112'], '1111': ['1111'], '1069': ['1069'], '1058': ['1058'], '1059': ['1059'], '1070': ['1070'], '1086': ['1086', '1087', '1088', '1141', '1143', '1089', '1044', '1090', '1142'], '1043': ['1043'], '1121': ['1121'], '1122': ['1122'], '1123': ['1123'], '1036': ['1036'], '1092': ['1092'], '1150': ['1150'], '1093': ['1093', '1094', '1144', '1149', '1037'], '1145': ['1145'], '1091': ['1091'], '1045': ['1045'], '1115': ['1115'], '1062': ['1062'], '1077': ['1077', '1075', '1076', '1073', '1074'], '1118': ['1118'], '1116': ['1116'], '1140': ['1140'], '1119': ['1119'], '1120': ['1120'], '1134': ['1134']})"
62,"defaultdict(<class 'list'>, {'1040': ['1040', '1080', '1079', '1081', '1078'], '1095': ['1095'], '1082': ['1082', '1084', '1042', '1083', '1085'], '1096': ['1096', '1138', '1135', '1137', '1139'], '1136': ['1136'], '1041': ['1041'], '1126': ['1126'], '1125': ['1125'], '1127': ['1127'], '1128': ['1128', '1131', '1132', '1130', '1133', '1129', '1120', '1134'], '1032': ['1032', '1052', '1053', '1038', '1048', '1054', '1034', '1049', '1050', '1068'], '1063': ['1063', '1057', '1071', '1072'], '1160': ['1160', '1147', '1161', '1162', '1146'], '1051': ['1051', '1055', '1056', '1046', '1047'], '1060': ['1060'], '1148': ['1148', '1158', '1157', '1159', '1156'], '1066': ['1066', '1067', '1064', '1065', '1031'], '1061': ['1061', '1062', '1075', '1073', '1074'], '1033': ['1033', '1153', '1154', '1155', '1152'], '1101': ['1101'], '1109': ['1109'], '1102': ['1102'], '1103': ['1103'], '1105': ['1105'], '1106': ['1106'], '1113': ['1113'], '1108': ['1108'], '1110': ['1110'], '1104': ['1104'], '1107': ['1107'], '1114': ['1114', '1115', '1118', '1116', '1119'], '1039': ['1039', '1097', '1098', '1099', '1035'], '1112': ['1112'], '1100': ['1100'], '1111': ['1111'], '1030': ['1030'], '1069': ['1069'], '1058': ['1058'], '1059': ['1059'], '1070': ['1070'], '1086': ['1086', '1089', '1044', '1087', '1090'], '1043': ['1043', '1121', '1122', '1123', '1045'], '1124': ['1124'], '1036': ['1036'], '1092': ['1092'], '1150': ['1150'], '1093': ['1093'], '1094': ['1094'], '1145': ['1145'], '1151': ['1151'], '1144': ['1144'], '1149': ['1149'], '1037': ['1037'], '1088': ['1088'], '1142': ['1142'], '1141': ['1141'], '1091': ['1091'], '1143': ['1143'], '1077': ['1077'], '1117': ['1117'], '1076': ['1076'], '1140': ['1140']})"
63,"defaultdict(<class 'list'>, {'1040': ['1040', '1080', '1079', '1081', '1078', '1095', '1082', '1084', '1042', '1083', '1085', '1096'], '1136': ['1136'], '1138': ['1138'], '1041': ['1041', '1126', '1125', '1127', '1124', '1131', '1122', '1123', '1045'], '1128': ['1128', '1129', '1132', '1130', '1134'], '1032': ['1032', '1052', '1063', '1053', '1049', '1160', '1161', '1162', '1146'], '1051': ['1051', '1055', '1056', '1050'], '1057': ['1057'], '1060': ['1060'], '1071': ['1071'], '1147': ['1147'], '1148': ['1148', '1158', '1157', '1159', '1156'], '1066': ['1066'], '1061': ['1061'], '1072': ['1072'], '1033': ['1033', '1109', '1153', '1155', '1152'], '1101': ['1101'], '1102': ['1102'], '1103': ['1103'], '1105': ['1105', '1106', '1107', '1058', '1059'], '1113': ['1113'], '1154': ['1154'], '1108': ['1108'], '1110': ['1110'], '1104': ['1104'], '1114': ['1114'], '1038': ['1038', '1048', '1068', '1034', '1067'], '1054': ['1054'], '1039': ['1039'], '1097': ['1097'], '1098': ['1098'], '1099': ['1099'], '1112': ['1112'], '1100': ['1100'], '1035': ['1035'], '1111': ['1111'], '1030': ['1030', '1046', '1069', '1047', '1070'], '1064': ['1064'], '1065': ['1065'], '1031': ['1031'], '1086': ['1086'], '1089': ['1089', '1092', '1044', '1090', '1091'], '1043': ['1043'], '1121': ['1121'], '1036': ['1036'], '1150': ['1150'], '1093': ['1093', '1094', '1151', '1149', '1037'], '1145': ['1145'], '1144': ['1144'], '1087': ['1087'], '1088': ['1088', '1142', '1141', '1143', '1139'], '1115': ['1115'], '1062': ['1062'], '1077': ['1077'], '1117': ['1117', '1118', '1116', '1119', '1120'], '1075': ['1075'], '1076': ['1076'], '1073': ['1073'], '1074': ['1074'], '1135': ['1135'], '1137': ['1137'], '1140': ['1140'], '1133': ['1133']})"
63,"defaultdict(<class 'list'>, {'1040': ['1040', '1080', '1081', '1082', '1078'], '1079': ['1079'], '1095': ['1095'], '1084': ['1084'], '1096': ['1096', '1136', '1135', '1137', '1140'], '1138': ['1138'], '1041': ['1041', '1126', '1125', '1127', '1124', '1129', '1122', '1123', '1045', '1043', '1121', '1134'], '1128': ['1128', '1131', '1132', '1133'], '1032': ['1032'], '1052': ['1052', '1051', '1053', '1049', '1050'], '1063': ['1063'], '1160': ['1160', '1147', '1161', '1145', '1146'], '1055': ['1055'], '1057': ['1057', '1060', '1071', '1061', '1105', '1106', '1107', '1058', '1059'], '1148': ['1148', '1158', '1157', '1159', '1156'], '1066': ['1066'], '1056': ['1056'], '1072': ['1072', '1075', '1076', '1073', '1074'], '1162': ['1162'], '1033': ['1033', '1153', '1154', '1155', '1152'], '1101': ['1101'], '1109': ['1109'], '1102': ['1102'], '1103': ['1103'], '1113': ['1113'], '1108': ['1108'], '1110': ['1110'], '1104': ['1104'], '1114': ['1114'], '1038': ['1038'], '1048': ['1048'], '1054': ['1054'], '1068': ['1068'], '1039': ['1039', '1097', '1098', '1099', '1035'], '1112': ['1112'], '1100': ['1100'], '1034': ['1034'], '1067': ['1067'], '1111': ['1111'], '1030': ['1030', '1046', '1069', '1047', '1070'], '1064': ['1064'], '1065': ['1065'], '1031': ['1031'], '1042': ['1042'], '1083': ['1083'], '1085': ['1085'], '1086': ['1086', '1089', '1044', '1087', '1090'], '1036': ['1036'], '1092': ['1092'], '1150': ['1150'], '1093': ['1093'], '1094': ['1094'], '1151': ['1151'], '1144': ['1144'], '1149': ['1149'], '1037': ['1037'], '1088': ['1088', '1142', '1141', '1143', '1139'], '1091': ['1091'], '1115': ['1115'], '1062': ['1062'], '1077': ['1077'], '1117': ['1117', '1118', '1116', '1119', '1120'], '1130': ['1130']})"
63,"defaultdict(<class 'list'>, {'1040': ['1040', '1080', '1079', '1081', '1078'], '1095': ['1095'], '1082': ['1082', '1084', '1042', '1083', '1085'], '1096': ['1096'], '1136': ['1136'], '1138': ['1138'], '1041': ['1041', '1126', '1125', '1127', '1124'], '1128': ['1128', '1131', '1132', '1130', '1133'], '1129': ['1129'], '1032': ['1032', '1160', '1161', '1162', '1146'], '1052': ['1052'], '1063': ['1063'], '1051': ['1051'], '1055': ['1055'], '1057': ['1057'], '1060': ['1060'], '1071': ['1071'], '1147': ['1147'], '1148': ['1148', '1158', '1157', '1159', '1156'], '1053': ['1053'], '1066': ['1066'], '1056': ['1056'], '1061': ['1061'], '1072': ['1072'], '1033': ['1033', '1153', '1154', '1155', '1152'], '1101': ['1101'], '1109': ['1109'], '1102': ['1102', '1103', '1104', '1117', '1118', '1039', '1097', '1098', '1099', '1035', '1112', '1111'], '1105': ['1105', '1106', '1107', '1058', '1059'], '1113': ['1113'], '1108': ['1108', '1115', '1116', '1119'], '1110': ['1110'], '1114': ['1114'], '1038': ['1038'], '1048': ['1048'], '1049': ['1049'], '1050': ['1050'], '1054': ['1054'], '1068': ['1068', '1077', '1075', '1076', '1074'], '1100': ['1100'], '1034': ['1034'], '1067': ['1067'], '1030': ['1030', '1046', '1069', '1047', '1070'], '1064': ['1064'], '1065': ['1065'], '1031': ['1031'], '1086': ['1086', '1089', '1044', '1087', '1090'], '1043': ['1043', '1121', '1122', '1123', '1045'], '1036': ['1036', '1092', '1150', '1093', '1094', '1151', '1149', '1037', '1144'], '1145': ['1145'], '1088': ['1088'], '1142': ['1142'], '1141': ['1141'], '1091': ['1091'], '1143': ['1143'], '1062': ['1062'], '1073': ['1073'], '1135': ['1135'], '1137': ['1137'], '1140': ['1140'], '1139': ['1139'], '1120': ['1120'], '1134': ['1134']})"
63,"defaultdict(<class 'list'>, {'1040': ['1040', '1080', '1081', '1082', '1084', '1042', '1083', '1085', '1078'], '1079': ['1079'], '1095': ['1095'], '1096': ['1096', '1138', '1135', '1137', '1139'], '1136': ['1136'], '1041': ['1041', '1126', '1125', '1127', '1128', '1124', '1131', '1043', '1121', '1122', '1123', '1045'], '1129': ['1129'], '1032': ['1032', '1052', '1063', '1053', '1049'], '1160': ['1160'], '1051': ['1051', '1055', '1056', '1075', '1076'], '1057': ['1057'], '1060': ['1060'], '1071': ['1071'], '1147': ['1147'], '1148': ['1148', '1158', '1157', '1159', '1156'], '1161': ['1161'], '1066': ['1066'], '1061': ['1061', '1062', '1073', '1074'], '1072': ['1072'], '1162': ['1162'], '1033': ['1033', '1153', '1154', '1155', '1152'], '1101': ['1101'], '1109': ['1109'], '1102': ['1102', '1103', '1104', '1098', '1099'], '1105': ['1105', '1106', '1107', '1058', '1059'], '1113': ['1113'], '1108': ['1108'], '1110': ['1110'], '1114': ['1114'], '1038': ['1038'], '1048': ['1048'], '1050': ['1050'], '1054': ['1054'], '1068': ['1068'], '1039': ['1039', '1097', '1112', '1035', '1111'], '1100': ['1100'], '1034': ['1034'], '1067': ['1067'], '1030': ['1030'], '1046': ['1046'], '1069': ['1069'], '1064': ['1064'], '1065': ['1065'], '1047': ['1047'], '1070': ['1070'], '1031': ['1031'], '1086': ['1086', '1089', '1087', '1090', '1091'], '1036': ['1036', '1092', '1150', '1151', '1149'], '1093': ['1093'], '1094': ['1094'], '1145': ['1145'], '1144': ['1144'], '1037': ['1037'], '1044': ['1044'], '1088': ['1088', '1142', '1141', '1143', '1140'], '1115': ['1115'], '1077': ['1077'], '1117': ['1117', '1118', '1116', '1119', '1120'], '1146': ['1146'], '1132': ['1132'], '1130': ['1130'], '1134': ['1134'], '1133': ['1133']})"
63,"defaultdict(<class 'list'>, {'1040': ['1040'], '1080': ['1080'], '1079': ['1079', '1077', '1075', '1076', '1074'], '1081': ['1081'], '1095': ['1095', '1082', '1084', '1083', '1085'], '1096': ['1096', '1138', '1135', '1137', '1139'], '1136': ['1136'], '1041': ['1041'], '1126': ['1126'], '1125': ['1125'], '1127': ['1127'], '1128': ['1128', '1129', '1132', '1130', '1134'], '1131': ['1131', '1133'], '1032': ['1032', '1052', '1063', '1053', '1049'], '1160': ['1160', '1147', '1161', '1145', '1146', '1162'], '1051': ['1051'], '1055': ['1055'], '1057': ['1057', '1060', '1061', '1058', '1059'], '1071': ['1071'], '1148': ['1148', '1158', '1157', '1159', '1156'], '1066': ['1066'], '1056': ['1056'], '1072': ['1072'], '1033': ['1033', '1109', '1153', '1155', '1152'], '1101': ['1101'], '1102': ['1102'], '1103': ['1103'], '1105': ['1105', '1106', '1113', '1107', '1114'], '1154': ['1154'], '1108': ['1108'], '1110': ['1110'], '1104': ['1104'], '1038': ['1038', '1048', '1068', '1034', '1067'], '1050': ['1050'], '1054': ['1054'], '1039': ['1039', '1097', '1112', '1035', '1111'], '1098': ['1098'], '1099': ['1099'], '1100': ['1100'], '1030': ['1030'], '1046': ['1046'], '1069': ['1069', '1064', '1065', '1070', '1031'], '1047': ['1047'], '1042': ['1042'], '1086': ['1086'], '1089': ['1089'], '1043': ['1043', '1121', '1122', '1123', '1045'], '1124': ['1124'], '1036': ['1036', '1092', '1150', '1093', '1094', '1144', '1149', '1037', '1151'], '1044': ['1044'], '1087': ['1087'], '1088': ['1088'], '1090': ['1090'], '1142': ['1142'], '1141': ['1141'], '1091': ['1091'], '1143': ['1143'], '1115': ['1115', '1118', '1116', '1119', '1120'], '1062': ['1062'], '1117': ['1117'], '1073': ['1073'], '1078': ['1078'], '1140': ['1140']})"
63,"defaultdict(<class 'list'>, {'1040': ['1040', '1080', '1079', '1081', '1078', '1095', '1082', '1096', '1083'], '1084': ['1084', '1042', '1085', '1086', '1087'], '1136': ['1136'], '1138': ['1138', '1137', '1139'], '1041': ['1041', '1126', '1125', '1127', '1124'], '1128': ['1128'], '1129': ['1129'], '1131': ['1131'], '1032': ['1032', '1052', '1063', '1053', '1049', '1160', '1161', '1162', '1146'], '1051': ['1051', '1038', '1048', '1050', '1034'], '1055': ['1055'], '1057': ['1057', '1060', '1071', '1061', '1072'], '1147': ['1147'], '1148': ['1148', '1158', '1157', '1159', '1156', '1153', '1154', '1155', '1152'], '1066': ['1066'], '1056': ['1056'], '1033': ['1033', '1109', '1113', '1110', '1111'], '1101': ['1101'], '1102': ['1102'], '1103': ['1103'], '1105': ['1105', '1106', '1107', '1058', '1059'], '1108': ['1108'], '1104': ['1104'], '1114': ['1114'], '1054': ['1054'], '1068': ['1068'], '1039': ['1039', '1097', '1098', '1099', '1035'], '1112': ['1112'], '1100': ['1100'], '1067': ['1067'], '1030': ['1030'], '1046': ['1046'], '1069': ['1069'], '1064': ['1064'], '1065': ['1065'], '1047': ['1047'], '1070': ['1070'], '1031': ['1031'], '1089': ['1089', '1149', '1044', '1090', '1091'], '1043': ['1043'], '1121': ['1121'], '1122': ['1122'], '1123': ['1123'], '1036': ['1036'], '1092': ['1092'], '1150': ['1150'], '1093': ['1093', '1094', '1145', '1144', '1037'], '1151': ['1151'], '1088': ['1088', '1142', '1141', '1143', '1140'], '1045': ['1045'], '1115': ['1115'], '1062': ['1062'], '1077': ['1077', '1075', '1076', '1073', '1074'], '1117': ['1117'], '1118': ['1118'], '1116': ['1116'], '1135': ['1135'], '1119': ['1119'], '1120': ['1120'], '1132': ['1132'], '1130': ['1130'], '1134': ['1134'], '1133': ['1133']})"
63,"defaultdict(<class 'list'>, {'1040': ['1040', '1080', '1079', '1081', '1078', '1095', '1082', '1084', '1042', '1083', '1085', '1096'], '1136': ['1136'], '1138': ['1138'], '1041': ['1041', '1126', '1125', '1127', '1124'], '1128': ['1128', '1131', '1132', '1130', '1133'], '1129': ['1129'], '1032': ['1032'], '1052': ['1052', '1051', '1053', '1049', '1050'], '1063': ['1063'], '1160': ['1160'], '1055': ['1055'], '1057': ['1057', '1060', '1061', '1105', '1106', '1107', '1058', '1059', '1108'], '1071': ['1071'], '1147': ['1147'], '1148': ['1148', '1158', '1157', '1159', '1156'], '1161': ['1161'], '1066': ['1066'], '1056': ['1056'], '1072': ['1072'], '1162': ['1162'], '1033': ['1033'], '1101': ['1101', '1102', '1098', '1099', '1100', '1103', '1039', '1097', '1035'], '1109': ['1109'], '1153': ['1153', '1154', '1155', '1151', '1152'], '1113': ['1113'], '1110': ['1110'], '1104': ['1104', '1112', '1111', '1117'], '1114': ['1114', '1115', '1118', '1116', '1119'], '1038': ['1038', '1048', '1068', '1034', '1067'], '1054': ['1054'], '1030': ['1030', '1046', '1069', '1047', '1070'], '1064': ['1064'], '1065': ['1065'], '1031': ['1031'], '1086': ['1086', '1089', '1044', '1087', '1090'], '1043': ['1043', '1121', '1122', '1123', '1045'], '1036': ['1036'], '1092': ['1092'], '1150': ['1150'], '1093': ['1093'], '1094': ['1094'], '1145': ['1145'], '1144': ['1144'], '1149': ['1149'], '1037': ['1037'], '1088': ['1088'], '1142': ['1142'], '1141': ['1141'], '1091': ['1091'], '1143': ['1143'], '1062': ['1062'], '1077': ['1077'], '1146': ['1146'], '1075': ['1075'], '1076': ['1076'], '1073': ['1073'], '1074': ['1074'], '1135': ['1135'], '1137': ['1137'], '1140': ['1140'], '1139': ['1139'], '1120': ['1120'], '1134': ['1134']})"
63,"defaultdict(<class 'list'>, {'1040': ['1040'], '1080': ['1080'], '1079': ['1079'], '1081': ['1081'], '1095': ['1095'], '1082': ['1082'], '1084': ['1084', '1042', '1085', '1086', '1087'], '1096': ['1096', '1136', '1135', '1137', '1140'], '1138': ['1138'], '1041': ['1041'], '1126': ['1126'], '1125': ['1125'], '1127': ['1127'], '1128': ['1128', '1131', '1132', '1130', '1133'], '1129': ['1129'], '1032': ['1032', '1052', '1063', '1053', '1049'], '1160': ['1160', '1147', '1161', '1162', '1146'], '1051': ['1051'], '1055': ['1055'], '1057': ['1057', '1060', '1061', '1058', '1059'], '1071': ['1071'], '1148': ['1148', '1158', '1157', '1159'], '1066': ['1066'], '1056': ['1056'], '1072': ['1072'], '1033': ['1033', '1101', '1102', '1098', '1099', '1100', '1103', '1108', '1107'], '1109': ['1109'], '1153': ['1153', '1154', '1155', '1156', '1152'], '1105': ['1105'], '1106': ['1106'], '1113': ['1113'], '1110': ['1110'], '1104': ['1104'], '1114': ['1114'], '1038': ['1038', '1048', '1068', '1034', '1067'], '1050': ['1050'], '1054': ['1054'], '1039': ['1039', '1097', '1112', '1035', '1111'], '1030': ['1030'], '1046': ['1046'], '1069': ['1069'], '1064': ['1064'], '1065': ['1065'], '1047': ['1047'], '1070': ['1070'], '1031': ['1031'], '1083': ['1083'], '1089': ['1089', '1149', '1044', '1090', '1091', '1093', '1094', '1037'], '1043': ['1043', '1121', '1122', '1123', '1045'], '1124': ['1124'], '1036': ['1036'], '1092': ['1092'], '1150': ['1150'], '1145': ['1145'], '1151': ['1151'], '1144': ['1144'], '1088': ['1088', '1142', '1141', '1143', '1139'], '1115': ['1115'], '1062': ['1062'], '1077': ['1077', '1075', '1076', '1073', '1074'], '1117': ['1117', '1118', '1116', '1119', '1120'], '1078': ['1078'], '1134': ['1134']})"
63,"defaultdict(<class 'list'>, {'1040': ['1040'], '1080': ['1080'], '1079': ['1079'], '1081': ['1081'], '1095': ['1095'], '1082': ['1082', '1084', '1042', '1085', '1086', '1087', '1083', '1089', '1044'], '1096': ['1096', '1138', '1135', '1137', '1139'], '1136': ['1136'], '1041': ['1041'], '1126': ['1126'], '1125': ['1125'], '1127': ['1127'], '1128': ['1128'], '1129': ['1129'], '1131': ['1131'], '1032': ['1032', '1063', '1160', '1161', '1162', '1147', '1148', '1158', '1157', '1159', '1156', '1146'], '1052': ['1052'], '1051': ['1051', '1055', '1056', '1049', '1050'], '1057': ['1057', '1060', '1061', '1058', '1059', '1105', '1106', '1113', '1107'], '1071': ['1071'], '1053': ['1053'], '1066': ['1066', '1068', '1067', '1077', '1076'], '1072': ['1072'], '1033': ['1033', '1153', '1154', '1155', '1152'], '1101': ['1101', '1102', '1098', '1099', '1100', '1103', '1039', '1097', '1035'], '1109': ['1109'], '1108': ['1108'], '1110': ['1110'], '1104': ['1104', '1030', '1046', '1047'], '1114': ['1114'], '1038': ['1038'], '1048': ['1048'], '1054': ['1054'], '1112': ['1112'], '1034': ['1034'], '1111': ['1111'], '1069': ['1069', '1064', '1065', '1070', '1031'], '1043': ['1043'], '1121': ['1121'], '1122': ['1122'], '1123': ['1123'], '1124': ['1124'], '1036': ['1036'], '1092': ['1092', '1150', '1093', '1094', '1144', '1149', '1037', '1145', '1151'], '1088': ['1088'], '1090': ['1090'], '1142': ['1142'], '1141': ['1141'], '1091': ['1091'], '1143': ['1143'], '1045': ['1045'], '1115': ['1115'], '1062': ['1062'], '1117': ['1117', '1118', '1116', '1119', '1120'], '1075': ['1075'], '1073': ['1073'], '1078': ['1078'], '1074': ['1074'], '1140': ['1140'], '1132': ['1132'], '1130': ['1130'], '1134': ['1134'], '1133': ['1133']})"
63,"defaultdict(<class 'list'>, {'1040': ['1040'], '1080': ['1080', '1079', '1077', '1076', '1078'], '1081': ['1081', '1095', '1082', '1084', '1042', '1083', '1085', '1096'], '1136': ['1136'], '1138': ['1138'], '1041': ['1041', '1126', '1125', '1127', '1124', '1129', '1122', '1123', '1045', '1043', '1121'], '1128': ['1128', '1131', '1132', '1130', '1133'], '1032': ['1032', '1160', '1161', '1162', '1146', '1147', '1148', '1158', '1157', '1159', '1155', '1156'], '1052': ['1052'], '1063': ['1063'], '1051': ['1051', '1038', '1048', '1068', '1034', '1067', '1049', '1050'], '1055': ['1055'], '1057': ['1057'], '1060': ['1060'], '1071': ['1071'], '1053': ['1053'], '1066': ['1066', '1110', '1064', '1065', '1031'], '1056': ['1056'], '1061': ['1061', '1062', '1075', '1073', '1074'], '1072': ['1072'], '1033': ['1033', '1101', '1102', '1103', '1104', '1098', '1099', '1100'], '1109': ['1109'], '1153': ['1153'], '1105': ['1105'], '1106': ['1106'], '1113': ['1113'], '1154': ['1154'], '1108': ['1108'], '1107': ['1107'], '1114': ['1114', '1115', '1118', '1116', '1119'], '1054': ['1054'], '1039': ['1039'], '1097': ['1097'], '1112': ['1112'], '1035': ['1035'], '1111': ['1111'], '1030': ['1030'], '1046': ['1046'], '1069': ['1069'], '1058': ['1058'], '1059': ['1059'], '1047': ['1047'], '1070': ['1070'], '1086': ['1086', '1087', '1088', '1141', '1143'], '1089': ['1089', '1149', '1044', '1090', '1091'], '1036': ['1036'], '1092': ['1092'], '1150': ['1150'], '1093': ['1093'], '1094': ['1094'], '1145': ['1145'], '1151': ['1151'], '1144': ['1144'], '1037': ['1037'], '1142': ['1142'], '1117': ['1117'], '1152': ['1152'], '1135': ['1135'], '1137': ['1137'], '1140': ['1140'], '1139': ['1139'], '1120': ['1120'], '1134': ['1134']})"
63,"defaultdict(<class 'list'>, {'1040': ['1040', '1080', '1079', '1081', '1078', '1038', '1048', '1068', '1034', '1067', '1077'], '1095': ['1095', '1082', '1084', '1083', '1085'], '1096': ['1096', '1138', '1135', '1137', '1139'], '1136': ['1136'], '1041': ['1041'], '1126': ['1126', '1125', '1127', '1043', '1121', '1122', '1123', '1045', '1124'], '1128': ['1128', '1129', '1132', '1130', '1134'], '1131': ['1131'], '1032': ['1032', '1160', '1161', '1162', '1146'], '1052': ['1052', '1053', '1049', '1050', '1054'], '1063': ['1063'], '1051': ['1051'], '1055': ['1055'], '1057': ['1057', '1060', '1061', '1058', '1059'], '1071': ['1071'], '1147': ['1147'], '1148': ['1148', '1158', '1157', '1159', '1156'], '1066': ['1066'], '1056': ['1056'], '1072': ['1072', '1075', '1076', '1073', '1074'], '1033': ['1033', '1101', '1109', '1153', '1100'], '1102': ['1102', '1103', '1104', '1117', '1118'], '1105': ['1105'], '1106': ['1106'], '1113': ['1113'], '1154': ['1154'], '1155': ['1155'], '1108': ['1108'], '1110': ['1110'], '1107': ['1107'], '1114': ['1114'], '1039': ['1039'], '1097': ['1097'], '1098': ['1098'], '1099': ['1099'], '1112': ['1112'], '1035': ['1035'], '1111': ['1111'], '1030': ['1030', '1046', '1069', '1047', '1070'], '1064': ['1064'], '1065': ['1065'], '1031': ['1031'], '1042': ['1042'], '1086': ['1086'], '1089': ['1089', '1092', '1044', '1090', '1091'], '1036': ['1036'], '1150': ['1150'], '1093': ['1093', '1094', '1144', '1149', '1037'], '1145': ['1145'], '1151': ['1151'], '1087': ['1087'], '1088': ['1088'], '1142': ['1142'], '1141': ['1141'], '1143': ['1143'], '1115': ['1115'], '1062': ['1062'], '1152': ['1152'], '1116': ['1116'], '1140': ['1140'], '1119': ['1119'], '1120': ['1120'], '1133': ['1133']})"
63,"defaultdict(<class 'list'>, {'1040': ['1040'], '1080': ['1080', '1079', '1077', '1076', '1078'], '1081': ['1081'], '1095': ['1095'], '1082': ['1082'], '1084': ['1084'], '1096': ['1096', '1138', '1135', '1137', '1139'], '1136': ['1136'], '1041': ['1041', '1126', '1125', '1127', '1124'], '1128': ['1128', '1131', '1132', '1130', '1133'], '1129': ['1129'], '1032': ['1032', '1160', '1161', '1162', '1146'], '1052': ['1052'], '1063': ['1063'], '1051': ['1051', '1055', '1056', '1049', '1050'], '1057': ['1057', '1060', '1061', '1105', '1106', '1107', '1058', '1059', '1113'], '1071': ['1071'], '1147': ['1147'], '1148': ['1148'], '1158': ['1158'], '1053': ['1053', '1038', '1048', '1054', '1034'], '1066': ['1066'], '1072': ['1072'], '1157': ['1157'], '1159': ['1159'], '1033': ['1033', '1101', '1109', '1153', '1100'], '1102': ['1102', '1103', '1104', '1117', '1118'], '1154': ['1154', '1151', '1152'], '1155': ['1155'], '1108': ['1108'], '1110': ['1110'], '1114': ['1114'], '1156': ['1156'], '1068': ['1068'], '1039': ['1039', '1097', '1112', '1035', '1111', '1098', '1099'], '1067': ['1067'], '1030': ['1030'], '1046': ['1046'], '1069': ['1069', '1064', '1065', '1070', '1031'], '1047': ['1047'], '1042': ['1042'], '1083': ['1083'], '1085': ['1085'], '1086': ['1086', '1089', '1044', '1087', '1090'], '1043': ['1043'], '1121': ['1121'], '1122': ['1122'], '1123': ['1123'], '1036': ['1036'], '1092': ['1092'], '1150': ['1150'], '1093': ['1093', '1094', '1144', '1149', '1037'], '1145': ['1145'], '1088': ['1088', '1142', '1141', '1143'], '1091': ['1091'], '1045': ['1045'], '1115': ['1115'], '1062': ['1062', '1075', '1073', '1074'], '1116': ['1116'], '1140': ['1140'], '1119': ['1119'], '1120': ['1120'], '1134': ['1134']})"
63,"defaultdict(<class 'list'>, {'1040': ['1040'], '1080': ['1080'], '1079': ['1079'], '1081': ['1081'], '1095': ['1095', '1082', '1084', '1083', '1085'], '1096': ['1096', '1138', '1135', '1137', '1139', '1136', '1140'], '1041': ['1041', '1126', '1125', '1127', '1124', '1129', '1043', '1121', '1122', '1123', '1045', '1134'], '1128': ['1128'], '1131': ['1131'], '1032': ['1032', '1052', '1063', '1053', '1049'], '1160': ['1160'], '1051': ['1051'], '1055': ['1055'], '1057': ['1057', '1060', '1061', '1058', '1059', '1071', '1072', '1062', '1073'], '1147': ['1147'], '1148': ['1148', '1158', '1157', '1159', '1156'], '1161': ['1161'], '1066': ['1066'], '1056': ['1056', '1077', '1075', '1076', '1074'], '1162': ['1162'], '1033': ['1033'], '1101': ['1101'], '1109': ['1109'], '1153': ['1153'], '1102': ['1102', '1103', '1104', '1098', '1099'], '1105': ['1105'], '1106': ['1106'], '1113': ['1113'], '1154': ['1154'], '1155': ['1155'], '1108': ['1108'], '1110': ['1110'], '1107': ['1107'], '1114': ['1114', '1030', '1046', '1069', '1047', '1070', '1064', '1065', '1031'], '1038': ['1038'], '1048': ['1048'], '1050': ['1050'], '1054': ['1054'], '1068': ['1068'], '1039': ['1039'], '1097': ['1097'], '1112': ['1112'], '1100': ['1100'], '1034': ['1034'], '1067': ['1067'], '1035': ['1035'], '1111': ['1111'], '1042': ['1042'], '1086': ['1086', '1087', '1088', '1141', '1143', '1142'], '1089': ['1089', '1149', '1044', '1090', '1091'], '1036': ['1036'], '1092': ['1092'], '1150': ['1150'], '1093': ['1093', '1094', '1145', '1144', '1037'], '1151': ['1151'], '1115': ['1115', '1118', '1116', '1119', '1120'], '1117': ['1117'], '1146': ['1146'], '1152': ['1152'], '1078': ['1078'], '1132': ['1132'], '1130': ['1130'], '1133': ['1133']})"
63,"defaultdict(<class 'list'>, {'1040': ['1040', '1080', '1079', '1081', '1078'], '1095': ['1095'], '1082': ['1082'], '1084': ['1084'], '1096': ['1096', '1138', '1135', '1137', '1139', '1136', '1088', '1142', '1141', '1143', '1140'], '1041': ['1041', '1126', '1125', '1127', '1124'], '1128': ['1128', '1131', '1132', '1130', '1133', '1129', '1120', '1134'], '1032': ['1032', '1160', '1161', '1162', '1146'], '1052': ['1052'], '1063': ['1063', '1057', '1071', '1066', '1067'], '1051': ['1051'], '1055': ['1055'], '1060': ['1060'], '1147': ['1147'], '1148': ['1148', '1158', '1157', '1159', '1156'], '1053': ['1053', '1038', '1048', '1054', '1034'], '1056': ['1056'], '1061': ['1061', '1062', '1075', '1073', '1074', '1076'], '1072': ['1072'], '1033': ['1033'], '1101': ['1101', '1102', '1098', '1099', '1100'], '1109': ['1109'], '1153': ['1153'], '1103': ['1103'], '1105': ['1105', '1106', '1107', '1058', '1059'], '1113': ['1113'], '1154': ['1154'], '1155': ['1155'], '1108': ['1108'], '1110': ['1110', '1039', '1097', '1112', '1111'], '1104': ['1104'], '1114': ['1114'], '1049': ['1049'], '1050': ['1050'], '1068': ['1068'], '1035': ['1035'], '1030': ['1030'], '1046': ['1046'], '1069': ['1069', '1064', '1065', '1070', '1031'], '1047': ['1047'], '1042': ['1042'], '1083': ['1083'], '1085': ['1085'], '1086': ['1086', '1089', '1044', '1087', '1090'], '1043': ['1043'], '1121': ['1121'], '1122': ['1122'], '1123': ['1123'], '1036': ['1036'], '1092': ['1092'], '1150': ['1150'], '1093': ['1093'], '1094': ['1094'], '1145': ['1145'], '1151': ['1151'], '1144': ['1144'], '1149': ['1149'], '1037': ['1037'], '1091': ['1091'], '1045': ['1045'], '1115': ['1115', '1117', '1118', '1116', '1119'], '1077': ['1077'], '1152': ['1152']})"
63,"defaultdict(<class 'list'>, {'1040': ['1040'], '1080': ['1080'], '1079': ['1079'], '1081': ['1081'], '1095': ['1095'], '1082': ['1082'], '1084': ['1084'], '1096': ['1096'], '1136': ['1136', '1133'], '1138': ['1138'], '1041': ['1041'], '1126': ['1126'], '1125': ['1125'], '1127': ['1127'], '1128': ['1128', '1129', '1132', '1130', '1134'], '1131': ['1131'], '1032': ['1032', '1160', '1161', '1162', '1146', '1147', '1148', '1158', '1156', '1157', '1159'], '1052': ['1052'], '1063': ['1063', '1057', '1071', '1066'], '1051': ['1051'], '1055': ['1055'], '1060': ['1060'], '1053': ['1053'], '1056': ['1056'], '1061': ['1061'], '1072': ['1072'], '1033': ['1033', '1153', '1154', '1155', '1152'], '1101': ['1101', '1102', '1098', '1099', '1100'], '1109': ['1109'], '1103': ['1103', '1104', '1030', '1046', '1047'], '1105': ['1105', '1106', '1107', '1058', '1059'], '1113': ['1113'], '1108': ['1108'], '1110': ['1110'], '1114': ['1114'], '1038': ['1038', '1048', '1068', '1034', '1067'], '1049': ['1049'], '1050': ['1050'], '1054': ['1054'], '1039': ['1039', '1097', '1112', '1035', '1111'], '1069': ['1069', '1064', '1065', '1070', '1031'], '1042': ['1042'], '1083': ['1083'], '1085': ['1085'], '1086': ['1086', '1089', '1044', '1087', '1090'], '1043': ['1043', '1121', '1122', '1123', '1045'], '1124': ['1124'], '1036': ['1036', '1092', '1150', '1093', '1094', '1151', '1149', '1037', '1144'], '1145': ['1145'], '1088': ['1088', '1142', '1141', '1143', '1140'], '1091': ['1091'], '1115': ['1115'], '1062': ['1062'], '1077': ['1077'], '1117': ['1117', '1118', '1116', '1119', '1120'], '1075': ['1075'], '1076': ['1076'], '1073': ['1073'], '1078': ['1078'], '1074': ['1074'], '1135': ['1135'], '1137': ['1137'], '1139': ['1139']})"
64,"defaultdict(<class 'list'>, {'1040': ['1040'], '1080': ['1080'], '1079': ['1079', '1038', '1048', '1068', '1034', '1067', '1077', '1076', '1078'], '1081': ['1081'], '1095': ['1095'], '1082': ['1082', '1084', '1042', '1083', '1085'], '1096': ['1096'], '1136': ['1136'], '1138': ['1138'], '1041': ['1041'], '1126': ['1126'], '1125': ['1125'], '1127': ['1127'], '1128': ['1128', '1131', '1132', '1130', '1133'], '1129': ['1129'], '1032': ['1032', '1052', '1063', '1053', '1049'], '1160': ['1160'], '1051': ['1051', '1055', '1056', '1050'], '1057': ['1057'], '1060': ['1060'], '1071': ['1071'], '1147': ['1147', '1148', '1158', '1157', '1159', '1156', '1161', '1033', '1153', '1154', '1155', '1152'], '1066': ['1066'], '1061': ['1061'], '1072': ['1072'], '1162': ['1162'], '1101': ['1101', '1102', '1103', '1039', '1097', '1098', '1099', '1035', '1100'], '1109': ['1109'], '1105': ['1105', '1106', '1107', '1058', '1059'], '1113': ['1113'], '1108': ['1108'], '1110': ['1110'], '1104': ['1104'], '1114': ['1114', '1030', '1046', '1069', '1064', '1065', '1070', '1031', '1047'], '1054': ['1054'], '1112': ['1112'], '1111': ['1111'], '1086': ['1086', '1089', '1044', '1087', '1090', '1088', '1142', '1091'], '1043': ['1043', '1121', '1122', '1123', '1045'], '1124': ['1124'], '1036': ['1036', '1092', '1150', '1151', '1149'], '1093': ['1093'], '1094': ['1094'], '1145': ['1145'], '1144': ['1144'], '1037': ['1037'], '1141': ['1141'], '1143': ['1143'], '1115': ['1115'], '1062': ['1062'], '1117': ['1117'], '1146': ['1146'], '1075': ['1075'], '1118': ['1118'], '1073': ['1073'], '1074': ['1074'], '1116': ['1116'], '1135': ['1135'], '1137': ['1137'], '1140': ['1140'], '1139': ['1139'], '1119': ['1119'], '1120': ['1120'], '1134': ['1134']})"
64,"defaultdict(<class 'list'>, {'1040': ['1040', '1080', '1081', '1082', '1078', '1079', '1095', '1096', '1083'], '1084': ['1084', '1042', '1085', '1086', '1087'], '1136': ['1136', '1133'], '1138': ['1138', '1137', '1139'], '1041': ['1041'], '1126': ['1126'], '1125': ['1125'], '1127': ['1127'], '1128': ['1128'], '1129': ['1129'], '1131': ['1131'], '1032': ['1032', '1160', '1161', '1162', '1146'], '1052': ['1052', '1051', '1053', '1049', '1050', '1054'], '1063': ['1063', '1057', '1060', '1071', '1061'], '1055': ['1055', '1056', '1075', '1076', '1074'], '1147': ['1147'], '1148': ['1148'], '1158': ['1158'], '1066': ['1066'], '1072': ['1072'], '1157': ['1157'], '1159': ['1159'], '1033': ['1033'], '1101': ['1101', '1102', '1098', '1099', '1100'], '1109': ['1109'], '1153': ['1153', '1154', '1155', '1156', '1152'], '1103': ['1103'], '1105': ['1105', '1106', '1113', '1107', '1114'], '1108': ['1108'], '1110': ['1110', '1111', '1064', '1065', '1031'], '1104': ['1104'], '1038': ['1038', '1048', '1068', '1034', '1067'], '1039': ['1039'], '1097': ['1097'], '1112': ['1112'], '1035': ['1035'], '1030': ['1030', '1046', '1069', '1047', '1070'], '1058': ['1058'], '1059': ['1059'], '1089': ['1089'], '1043': ['1043', '1121', '1122', '1123', '1045'], '1124': ['1124'], '1036': ['1036'], '1092': ['1092'], '1150': ['1150'], '1093': ['1093'], '1094': ['1094'], '1145': ['1145'], '1151': ['1151'], '1144': ['1144'], '1149': ['1149'], '1037': ['1037'], '1044': ['1044'], '1088': ['1088', '1142', '1141', '1143', '1140'], '1090': ['1090'], '1091': ['1091'], '1115': ['1115'], '1062': ['1062'], '1077': ['1077'], '1117': ['1117', '1118', '1116', '1119', '1120'], '1073': ['1073'], '1135': ['1135', '1134'], '1132': ['1132'], '1130': ['1130']})"
64,"defaultdict(<class 'list'>, {'1040': ['1040', '1080', '1079', '1081', '1078'], '1095': ['1095'], '1082': ['1082'], '1084': ['1084'], '1096': ['1096'], '1136': ['1136'], '1138': ['1138'], '1041': ['1041', '1126', '1125', '1043', '1121', '1122', '1123', '1045', '1124'], '1127': ['1127'], '1128': ['1128', '1131', '1132', '1130', '1133'], '1129': ['1129'], '1032': ['1032', '1160', '1147', '1161', '1145', '1146', '1162'], '1052': ['1052', '1051', '1053', '1049', '1050'], '1063': ['1063', '1071', '1066', '1067'], '1055': ['1055'], '1057': ['1057', '1060', '1061', '1058', '1059', '1105', '1106', '1113', '1107'], '1148': ['1148'], '1158': ['1158'], '1056': ['1056'], '1072': ['1072'], '1157': ['1157'], '1159': ['1159'], '1033': ['1033', '1153', '1154', '1036', '1150', '1151', '1152', '1155'], '1101': ['1101'], '1109': ['1109'], '1102': ['1102'], '1103': ['1103', '1104'], '1108': ['1108'], '1110': ['1110', '1039', '1097', '1098', '1099', '1035', '1112', '1111', '1117'], '1114': ['1114'], '1156': ['1156'], '1038': ['1038'], '1048': ['1048'], '1054': ['1054'], '1068': ['1068'], '1100': ['1100'], '1034': ['1034'], '1030': ['1030', '1046', '1069', '1047', '1070'], '1064': ['1064'], '1065': ['1065'], '1031': ['1031'], '1042': ['1042'], '1083': ['1083'], '1085': ['1085'], '1086': ['1086', '1087', '1088', '1141', '1143'], '1089': ['1089', '1092', '1044', '1090', '1091'], '1093': ['1093', '1094', '1144', '1149', '1037'], '1142': ['1142'], '1115': ['1115'], '1062': ['1062'], '1077': ['1077'], '1075': ['1075'], '1076': ['1076'], '1118': ['1118'], '1073': ['1073'], '1074': ['1074'], '1116': ['1116'], '1135': ['1135'], '1137': ['1137'], '1140': ['1140'], '1139': ['1139'], '1119': ['1119'], '1120': ['1120'], '1134': ['1134']})"
64,"defaultdict(<class 'list'>, {'1040': ['1040', '1080', '1081', '1082', '1084', '1042', '1083', '1085', '1078'], '1079': ['1079', '1038', '1048', '1068', '1034', '1067', '1077', '1076'], '1095': ['1095'], '1096': ['1096', '1136', '1135', '1137', '1140'], '1138': ['1138'], '1041': ['1041'], '1126': ['1126'], '1125': ['1125'], '1127': ['1127'], '1128': ['1128', '1131', '1132', '1130', '1133'], '1129': ['1129'], '1032': ['1032'], '1052': ['1052', '1053', '1049', '1050', '1054'], '1063': ['1063'], '1160': ['1160'], '1051': ['1051'], '1055': ['1055'], '1057': ['1057'], '1060': ['1060'], '1071': ['1071'], '1147': ['1147'], '1148': ['1148', '1158', '1157', '1159', '1156', '1153', '1154', '1155', '1152'], '1161': ['1161'], '1066': ['1066'], '1056': ['1056'], '1061': ['1061', '1062', '1075', '1073', '1074'], '1072': ['1072'], '1162': ['1162'], '1033': ['1033'], '1101': ['1101'], '1109': ['1109', '1105', '1106', '1113', '1107'], '1102': ['1102', '1103', '1104', '1117', '1118'], '1108': ['1108'], '1110': ['1110'], '1114': ['1114', '1030', '1046', '1069', '1064', '1065', '1070', '1031', '1047'], '1039': ['1039'], '1097': ['1097'], '1098': ['1098'], '1099': ['1099'], '1112': ['1112'], '1100': ['1100'], '1035': ['1035'], '1111': ['1111'], '1058': ['1058'], '1059': ['1059'], '1086': ['1086', '1089', '1044', '1087', '1090'], '1043': ['1043'], '1121': ['1121'], '1122': ['1122'], '1123': ['1123'], '1124': ['1124'], '1036': ['1036'], '1092': ['1092'], '1150': ['1150'], '1093': ['1093', '1094', '1151', '1149', '1037'], '1145': ['1145'], '1144': ['1144'], '1088': ['1088', '1142', '1141', '1143'], '1091': ['1091'], '1045': ['1045'], '1115': ['1115', '1116', '1119', '1120'], '1146': ['1146'], '1139': ['1139'], '1134': ['1134']})"
64,"defaultdict(<class 'list'>, {'1040': ['1040', '1080', '1081', '1082', '1078', '1084', '1042', '1083', '1085'], '1079': ['1079'], '1095': ['1095'], '1096': ['1096', '1138', '1135', '1137', '1139'], '1136': ['1136'], '1041': ['1041', '1126', '1125', '1127', '1124'], '1128': ['1128', '1131', '1132', '1130', '1133', '1129', '1120', '1134'], '1032': ['1032', '1063', '1071', '1066', '1067'], '1052': ['1052'], '1160': ['1160', '1147', '1161', '1162', '1146'], '1051': ['1051'], '1055': ['1055'], '1057': ['1057', '1060', '1061', '1058', '1059'], '1148': ['1148'], '1158': ['1158'], '1053': ['1053', '1038', '1048', '1054', '1034'], '1056': ['1056'], '1072': ['1072'], '1157': ['1157'], '1159': ['1159'], '1033': ['1033', '1153', '1154', '1155', '1152'], '1101': ['1101'], '1109': ['1109'], '1102': ['1102'], '1103': ['1103'], '1105': ['1105', '1106', '1113', '1107', '1114'], '1108': ['1108'], '1110': ['1110'], '1104': ['1104'], '1156': ['1156'], '1049': ['1049'], '1050': ['1050'], '1068': ['1068'], '1039': ['1039', '1097', '1098', '1099', '1035', '1112', '1111', '1117', '1118'], '1100': ['1100'], '1030': ['1030'], '1046': ['1046'], '1069': ['1069'], '1064': ['1064'], '1065': ['1065'], '1047': ['1047'], '1070': ['1070'], '1031': ['1031'], '1086': ['1086', '1089', '1087', '1090', '1091'], '1043': ['1043'], '1121': ['1121'], '1122': ['1122'], '1123': ['1123'], '1036': ['1036', '1092', '1150', '1151', '1149'], '1093': ['1093', '1094', '1144', '1037'], '1145': ['1145'], '1044': ['1044'], '1088': ['1088', '1142', '1141', '1143'], '1045': ['1045'], '1115': ['1115'], '1062': ['1062'], '1077': ['1077'], '1075': ['1075'], '1076': ['1076'], '1073': ['1073'], '1074': ['1074'], '1116': ['1116'], '1140': ['1140'], '1119': ['1119']})"
64,"defaultdict(<class 'list'>, {'1040': ['1040'], '1080': ['1080'], '1079': ['1079', '1077', '1075', '1076', '1074'], '1081': ['1081'], '1095': ['1095', '1082', '1084', '1083', '1085'], '1096': ['1096', '1138', '1135', '1137', '1139'], '1136': ['1136'], '1041': ['1041'], '1126': ['1126'], '1125': ['1125'], '1127': ['1127'], '1128': ['1128', '1129', '1132', '1130', '1134'], '1131': ['1131'], '1032': ['1032', '1052', '1063', '1053', '1049'], '1160': ['1160', '1147', '1161', '1145', '1146', '1162'], '1051': ['1051'], '1055': ['1055'], '1057': ['1057', '1060', '1061', '1058', '1059'], '1071': ['1071'], '1148': ['1148', '1158', '1157', '1159', '1156'], '1066': ['1066'], '1056': ['1056'], '1072': ['1072'], '1033': ['1033', '1109', '1153', '1155', '1152'], '1101': ['1101'], '1102': ['1102'], '1103': ['1103'], '1105': ['1105', '1106', '1113', '1107', '1114'], '1154': ['1154'], '1108': ['1108'], '1110': ['1110'], '1104': ['1104'], '1038': ['1038', '1048', '1068', '1034', '1067'], '1050': ['1050'], '1054': ['1054'], '1039': ['1039', '1097', '1112', '1035', '1111'], '1098': ['1098'], '1099': ['1099'], '1100': ['1100'], '1030': ['1030'], '1046': ['1046'], '1069': ['1069', '1064', '1065', '1070', '1031'], '1047': ['1047'], '1042': ['1042'], '1086': ['1086'], '1089': ['1089'], '1043': ['1043', '1121', '1122', '1123', '1045'], '1124': ['1124'], '1036': ['1036', '1092', '1150', '1093', '1094', '1144', '1149', '1037', '1151'], '1044': ['1044'], '1087': ['1087'], '1088': ['1088'], '1090': ['1090'], '1142': ['1142'], '1141': ['1141'], '1091': ['1091'], '1143': ['1143'], '1115': ['1115', '1118', '1116', '1119', '1120'], '1062': ['1062'], '1117': ['1117'], '1073': ['1073'], '1078': ['1078'], '1140': ['1140'], '1133': ['1133']})"
64,"defaultdict(<class 'list'>, {'1040': ['1040'], '1080': ['1080', '1079', '1077', '1076', '1078'], '1081': ['1081', '1082', '1084', '1042', '1083'], '1095': ['1095'], '1096': ['1096', '1138', '1135', '1137', '1139'], '1136': ['1136'], '1041': ['1041', '1126', '1125', '1127', '1124', '1129', '1122', '1123', '1045'], '1128': ['1128'], '1131': ['1131', '1120', '1132', '1130', '1133'], '1032': ['1032', '1052', '1063', '1053', '1049'], '1160': ['1160', '1147', '1161', '1162', '1146'], '1051': ['1051', '1038', '1048', '1050', '1034'], '1055': ['1055'], '1057': ['1057'], '1060': ['1060'], '1071': ['1071'], '1148': ['1148', '1158', '1157', '1159', '1156'], '1066': ['1066', '1068', '1067'], '1056': ['1056'], '1061': ['1061'], '1072': ['1072'], '1033': ['1033', '1109', '1153', '1155', '1152'], '1101': ['1101'], '1102': ['1102'], '1103': ['1103'], '1105': ['1105', '1106', '1107', '1058', '1059'], '1113': ['1113'], '1154': ['1154'], '1108': ['1108', '1115', '1116', '1119'], '1110': ['1110'], '1104': ['1104'], '1114': ['1114'], '1054': ['1054'], '1039': ['1039', '1097', '1098', '1099', '1035', '1112', '1111', '1117', '1118'], '1100': ['1100'], '1030': ['1030'], '1046': ['1046'], '1069': ['1069', '1064', '1065', '1070', '1031'], '1047': ['1047'], '1085': ['1085'], '1086': ['1086', '1089', '1044', '1087', '1090'], '1043': ['1043'], '1121': ['1121'], '1036': ['1036'], '1092': ['1092'], '1150': ['1150'], '1093': ['1093'], '1094': ['1094'], '1145': ['1145'], '1151': ['1151'], '1144': ['1144'], '1149': ['1149'], '1037': ['1037'], '1088': ['1088'], '1142': ['1142'], '1141': ['1141'], '1091': ['1091'], '1143': ['1143'], '1062': ['1062'], '1075': ['1075'], '1073': ['1073'], '1074': ['1074'], '1140': ['1140'], '1134': ['1134']})"
64,"defaultdict(<class 'list'>, {'1040': ['1040', '1080', '1081', '1082', '1078'], '1079': ['1079', '1077', '1075', '1076', '1074'], '1095': ['1095'], '1084': ['1084', '1042', '1085', '1086', '1089', '1044', '1087', '1090', '1091'], '1096': ['1096', '1138', '1135', '1137', '1139'], '1136': ['1136'], '1041': ['1041'], '1126': ['1126'], '1125': ['1125'], '1127': ['1127'], '1128': ['1128'], '1129': ['1129'], '1131': ['1131'], '1032': ['1032', '1052', '1063', '1053', '1049'], '1160': ['1160', '1147', '1161', '1145', '1146'], '1051': ['1051', '1038', '1048', '1050', '1034'], '1055': ['1055'], '1057': ['1057'], '1060': ['1060'], '1071': ['1071'], '1148': ['1148', '1158', '1157', '1159', '1156'], '1066': ['1066', '1068', '1067'], '1056': ['1056'], '1061': ['1061'], '1072': ['1072'], '1162': ['1162'], '1033': ['1033', '1101', '1109', '1153', '1100', '1154', '1155', '1152'], '1102': ['1102'], '1103': ['1103'], '1105': ['1105', '1106', '1107', '1058', '1059'], '1113': ['1113'], '1108': ['1108'], '1110': ['1110'], '1104': ['1104'], '1114': ['1114'], '1054': ['1054'], '1039': ['1039', '1097', '1098', '1099', '1035', '1112', '1111', '1117', '1118'], '1030': ['1030'], '1046': ['1046'], '1069': ['1069', '1064', '1065', '1070', '1031'], '1047': ['1047'], '1083': ['1083'], '1043': ['1043', '1121', '1122', '1123', '1045'], '1124': ['1124'], '1036': ['1036'], '1092': ['1092'], '1150': ['1150'], '1093': ['1093', '1094', '1151', '1149', '1037'], '1144': ['1144'], '1088': ['1088'], '1142': ['1142'], '1141': ['1141'], '1143': ['1143'], '1115': ['1115'], '1062': ['1062'], '1073': ['1073'], '1116': ['1116'], '1140': ['1140'], '1119': ['1119'], '1120': ['1120'], '1132': ['1132'], '1130': ['1130'], '1134': ['1134'], '1133': ['1133']})"
64,"defaultdict(<class 'list'>, {'1040': ['1040', '1080', '1079', '1081', '1078'], '1095': ['1095'], '1082': ['1082', '1084', '1042', '1083', '1085'], '1096': ['1096'], '1136': ['1136'], '1138': ['1138'], '1041': ['1041', '1126', '1125', '1127', '1043', '1121', '1122', '1123', '1045', '1124', '1128', '1132'], '1129': ['1129', '1131', '1120', '1130', '1134'], '1032': ['1032', '1160', '1147', '1148', '1158', '1157', '1159', '1161', '1162', '1155', '1156', '1146'], '1052': ['1052'], '1063': ['1063'], '1051': ['1051'], '1055': ['1055'], '1057': ['1057'], '1060': ['1060'], '1071': ['1071'], '1053': ['1053'], '1066': ['1066'], '1056': ['1056'], '1061': ['1061'], '1072': ['1072'], '1033': ['1033'], '1101': ['1101'], '1109': ['1109'], '1153': ['1153'], '1102': ['1102'], '1103': ['1103'], '1105': ['1105'], '1106': ['1106'], '1113': ['1113'], '1154': ['1154', '1036', '1092', '1150', '1093', '1094', '1151', '1149', '1037', '1144', '1145', '1152'], '1108': ['1108'], '1110': ['1110'], '1104': ['1104'], '1107': ['1107'], '1114': ['1114', '1030', '1046', '1069', '1047', '1070', '1064', '1065', '1031'], '1038': ['1038', '1048', '1068', '1034', '1067'], '1049': ['1049'], '1050': ['1050'], '1054': ['1054'], '1039': ['1039', '1097', '1098', '1099', '1035', '1112', '1111', '1117', '1118'], '1100': ['1100'], '1058': ['1058'], '1059': ['1059'], '1086': ['1086', '1089', '1087', '1090', '1091'], '1044': ['1044'], '1088': ['1088'], '1142': ['1142'], '1141': ['1141'], '1143': ['1143'], '1115': ['1115'], '1062': ['1062'], '1077': ['1077'], '1075': ['1075'], '1076': ['1076'], '1073': ['1073'], '1074': ['1074'], '1116': ['1116'], '1135': ['1135'], '1137': ['1137'], '1140': ['1140'], '1139': ['1139'], '1119': ['1119'], '1133': ['1133']})"
64,"defaultdict(<class 'list'>, {'1040': ['1040', '1080', '1081', '1082', '1078', '1079', '1095', '1096', '1083'], '1084': ['1084', '1042', '1085', '1086', '1089', '1044', '1087', '1090', '1091'], '1136': ['1136'], '1138': ['1138'], '1041': ['1041', '1126', '1125', '1127', '1124'], '1128': ['1128'], '1129': ['1129'], '1131': ['1131'], '1032': ['1032'], '1052': ['1052', '1053', '1049', '1050', '1054'], '1063': ['1063'], '1160': ['1160', '1147', '1161', '1145', '1146'], '1051': ['1051'], '1055': ['1055'], '1057': ['1057', '1060', '1071', '1061', '1072'], '1148': ['1148'], '1158': ['1158'], '1066': ['1066', '1038', '1048', '1068', '1034', '1067', '1064', '1065', '1031'], '1056': ['1056', '1077', '1075', '1076', '1074'], '1157': ['1157'], '1159': ['1159'], '1162': ['1162'], '1033': ['1033', '1109', '1105', '1106', '1107', '1058', '1059', '1113'], '1101': ['1101', '1102', '1098', '1099', '1100'], '1153': ['1153', '1154', '1155', '1156', '1152'], '1103': ['1103'], '1108': ['1108'], '1110': ['1110'], '1104': ['1104'], '1114': ['1114', '1115', '1118', '1116', '1119'], '1039': ['1039'], '1097': ['1097'], '1112': ['1112'], '1035': ['1035'], '1111': ['1111'], '1030': ['1030'], '1046': ['1046'], '1069': ['1069'], '1047': ['1047'], '1070': ['1070'], '1043': ['1043'], '1121': ['1121'], '1122': ['1122'], '1123': ['1123'], '1036': ['1036'], '1092': ['1092'], '1150': ['1150'], '1093': ['1093', '1094', '1151', '1149', '1037'], '1144': ['1144'], '1088': ['1088'], '1142': ['1142', '1137', '1139'], '1141': ['1141'], '1143': ['1143'], '1045': ['1045'], '1062': ['1062'], '1117': ['1117'], '1073': ['1073'], '1135': ['1135'], '1140': ['1140'], '1120': ['1120'], '1132': ['1132'], '1130': ['1130'], '1134': ['1134'], '1133': ['1133']})"
65,"defaultdict(<class 'list'>, {'1040': ['1040', '1080', '1081', '1082', '1078', '1079', '1084', '1042', '1083'], '1095': ['1095'], '1096': ['1096', '1138', '1135', '1137', '1139'], '1136': ['1136'], '1041': ['1041'], '1126': ['1126'], '1125': ['1125'], '1127': ['1127'], '1128': ['1128'], '1129': ['1129'], '1131': ['1131'], '1032': ['1032'], '1052': ['1052'], '1063': ['1063'], '1160': ['1160', '1147', '1161', '1145', '1146'], '1051': ['1051'], '1055': ['1055'], '1057': ['1057', '1060', '1061', '1105', '1106', '1107', '1058', '1059', '1113'], '1071': ['1071'], '1148': ['1148', '1158', '1157', '1159', '1156'], '1053': ['1053'], '1066': ['1066'], '1056': ['1056', '1077', '1075', '1076', '1074'], '1072': ['1072'], '1162': ['1162'], '1033': ['1033', '1153', '1154', '1155', '1152'], '1101': ['1101', '1102', '1098', '1099', '1100', '1103', '1039', '1097', '1035'], '1109': ['1109'], '1108': ['1108'], '1110': ['1110', '1111', '1064', '1065', '1031'], '1104': ['1104'], '1114': ['1114'], '1038': ['1038', '1048', '1068', '1034', '1067'], '1049': ['1049'], '1050': ['1050'], '1054': ['1054'], '1112': ['1112'], '1030': ['1030'], '1046': ['1046'], '1069': ['1069'], '1047': ['1047'], '1070': ['1070'], '1085': ['1085'], '1086': ['1086', '1089', '1044', '1087', '1090'], '1043': ['1043', '1121', '1122', '1123', '1045'], '1124': ['1124'], '1036': ['1036'], '1092': ['1092'], '1150': ['1150'], '1093': ['1093', '1094', '1151', '1149', '1037'], '1144': ['1144'], '1088': ['1088', '1142', '1141', '1143', '1140'], '1091': ['1091'], '1115': ['1115'], '1062': ['1062'], '1117': ['1117'], '1118': ['1118'], '1073': ['1073'], '1116': ['1116'], '1119': ['1119'], '1120': ['1120'], '1132': ['1132'], '1130': ['1130'], '1134': ['1134'], '1133': ['1133']})"
65,"defaultdict(<class 'list'>, {'1040': ['1040'], '1080': ['1080'], '1079': ['1079'], '1081': ['1081'], '1095': ['1095'], '1082': ['1082', '1084', '1042', '1083', '1085'], '1096': ['1096', '1138', '1135', '1137', '1139'], '1136': ['1136'], '1041': ['1041'], '1126': ['1126', '1125', '1127', '1043', '1121', '1122', '1123', '1045', '1124'], '1128': ['1128', '1131', '1132', '1130', '1133'], '1129': ['1129'], '1032': ['1032', '1160', '1161', '1162', '1146'], '1052': ['1052', '1053', '1049', '1050', '1054'], '1063': ['1063'], '1051': ['1051'], '1055': ['1055'], '1057': ['1057'], '1060': ['1060'], '1071': ['1071'], '1147': ['1147'], '1148': ['1148'], '1158': ['1158'], '1066': ['1066'], '1056': ['1056'], '1061': ['1061'], '1072': ['1072'], '1157': ['1157'], '1159': ['1159'], '1033': ['1033'], '1101': ['1101'], '1109': ['1109', '1110', '1039', '1097', '1098', '1099', '1035', '1112', '1111'], '1153': ['1153'], '1102': ['1102'], '1103': ['1103'], '1105': ['1105', '1106', '1107', '1058', '1059', '1113', '1108', '1114', '1115'], '1154': ['1154'], '1155': ['1155'], '1104': ['1104'], '1156': ['1156'], '1038': ['1038', '1048', '1068', '1034', '1067'], '1100': ['1100'], '1030': ['1030', '1046', '1069', '1047', '1070'], '1064': ['1064'], '1065': ['1065'], '1031': ['1031'], '1086': ['1086', '1087', '1088', '1141', '1143'], '1089': ['1089'], '1036': ['1036', '1092', '1150', '1093', '1094', '1151', '1149', '1037', '1144'], '1145': ['1145'], '1044': ['1044'], '1090': ['1090'], '1142': ['1142'], '1091': ['1091'], '1062': ['1062'], '1077': ['1077'], '1117': ['1117', '1118', '1116', '1119', '1120'], '1152': ['1152'], '1075': ['1075'], '1076': ['1076'], '1073': ['1073'], '1078': ['1078'], '1074': ['1074'], '1140': ['1140'], '1134': ['1134']})"
65,"defaultdict(<class 'list'>, {'1040': ['1040', '1080', '1081', '1082', '1078', '1079', '1095', '1096', '1083'], '1084': ['1084', '1042', '1085', '1086', '1087'], '1136': ['1136'], '1138': ['1138', '1137', '1139'], '1041': ['1041'], '1126': ['1126'], '1125': ['1125'], '1127': ['1127'], '1128': ['1128'], '1129': ['1129'], '1131': ['1131'], '1032': ['1032', '1160', '1161', '1162', '1146'], '1052': ['1052', '1051', '1053', '1049', '1050', '1054'], '1063': ['1063', '1057', '1060', '1071', '1061'], '1055': ['1055', '1056', '1075', '1076', '1074'], '1147': ['1147'], '1148': ['1148'], '1158': ['1158'], '1066': ['1066'], '1072': ['1072'], '1157': ['1157'], '1159': ['1159'], '1033': ['1033'], '1101': ['1101', '1102', '1098', '1099', '1100'], '1109': ['1109'], '1153': ['1153', '1154', '1155', '1156', '1152'], '1103': ['1103'], '1105': ['1105', '1106', '1113', '1107', '1114'], '1108': ['1108'], '1110': ['1110', '1111', '1064', '1065', '1031'], '1104': ['1104'], '1038': ['1038', '1048', '1068', '1034', '1067'], '1039': ['1039'], '1097': ['1097'], '1112': ['1112'], '1035': ['1035'], '1030': ['1030', '1046', '1069', '1047', '1070'], '1058': ['1058'], '1059': ['1059'], '1089': ['1089'], '1043': ['1043', '1121', '1122', '1123', '1045'], '1124': ['1124'], '1036': ['1036'], '1092': ['1092'], '1150': ['1150'], '1093': ['1093'], '1094': ['1094'], '1145': ['1145'], '1151': ['1151'], '1144': ['1144'], '1149': ['1149'], '1037': ['1037'], '1044': ['1044'], '1088': ['1088', '1142', '1141', '1143', '1140'], '1090': ['1090'], '1091': ['1091'], '1115': ['1115'], '1062': ['1062'], '1077': ['1077'], '1117': ['1117', '1118', '1116', '1119', '1120'], '1073': ['1073'], '1135': ['1135', '1134'], '1132': ['1132'], '1130': ['1130'], '1133': ['1133']})"
65,"defaultdict(<class 'list'>, {'1040': ['1040'], '1080': ['1080'], '1079': ['1079'], '1081': ['1081'], '1095': ['1095'], '1082': ['1082'], '1084': ['1084'], '1096': ['1096'], '1136': ['1136', '1133'], '1138': ['1138'], '1041': ['1041'], '1126': ['1126'], '1125': ['1125'], '1127': ['1127'], '1128': ['1128', '1129', '1132', '1130', '1134'], '1131': ['1131'], '1032': ['1032', '1160', '1161', '1162', '1146', '1147', '1148', '1158', '1156'], '1052': ['1052'], '1063': ['1063', '1057', '1071', '1066'], '1051': ['1051'], '1055': ['1055'], '1060': ['1060'], '1053': ['1053'], '1056': ['1056'], '1061': ['1061'], '1072': ['1072'], '1157': ['1157'], '1159': ['1159'], '1033': ['1033', '1153', '1154', '1155', '1152'], '1101': ['1101', '1102', '1098', '1099', '1100'], '1109': ['1109'], '1103': ['1103', '1104', '1030', '1046', '1047'], '1105': ['1105', '1106', '1107', '1058', '1059'], '1113': ['1113'], '1108': ['1108'], '1110': ['1110'], '1114': ['1114'], '1038': ['1038', '1048', '1068', '1034', '1067'], '1049': ['1049'], '1050': ['1050'], '1054': ['1054'], '1039': ['1039', '1097', '1112', '1035', '1111'], '1069': ['1069', '1064', '1065', '1070', '1031'], '1042': ['1042'], '1083': ['1083'], '1085': ['1085'], '1086': ['1086', '1089', '1044', '1087', '1090'], '1043': ['1043', '1121', '1122', '1123', '1045'], '1124': ['1124'], '1036': ['1036', '1092', '1150', '1093', '1094', '1151', '1149', '1037', '1144'], '1145': ['1145'], '1088': ['1088', '1142', '1141', '1143', '1140'], '1091': ['1091'], '1115': ['1115'], '1062': ['1062'], '1077': ['1077'], '1117': ['1117', '1118', '1116', '1119', '1120'], '1075': ['1075'], '1076': ['1076'], '1073': ['1073'], '1078': ['1078'], '1074': ['1074'], '1135': ['1135'], '1137': ['1137'], '1139': ['1139']})"
65,"defaultdict(<class 'list'>, {'1040': ['1040', '1080', '1079', '1081', '1078', '1095', '1082', '1084', '1042', '1083', '1085', '1086'], '1096': ['1096', '1138', '1135', '1137', '1139'], '1136': ['1136'], '1041': ['1041'], '1126': ['1126', '1125', '1127', '1043', '1121', '1122', '1123', '1045', '1124'], '1128': ['1128'], '1129': ['1129'], '1131': ['1131'], '1032': ['1032'], '1052': ['1052', '1051', '1053', '1049', '1050'], '1063': ['1063'], '1160': ['1160'], '1055': ['1055'], '1057': ['1057', '1060', '1071', '1061', '1105', '1106', '1107', '1058', '1059'], '1147': ['1147'], '1148': ['1148', '1158', '1157', '1159', '1156'], '1161': ['1161'], '1066': ['1066'], '1056': ['1056', '1077', '1075', '1076', '1074'], '1072': ['1072'], '1162': ['1162'], '1033': ['1033'], '1101': ['1101'], '1109': ['1109'], '1153': ['1153'], '1102': ['1102', '1103', '1039', '1097', '1098', '1099', '1035', '1112', '1111'], '1113': ['1113', '1114', '1115'], '1154': ['1154'], '1155': ['1155'], '1108': ['1108'], '1110': ['1110'], '1104': ['1104'], '1038': ['1038', '1048', '1068', '1034', '1067'], '1054': ['1054'], '1100': ['1100'], '1030': ['1030', '1046', '1069', '1047', '1070'], '1064': ['1064'], '1065': ['1065'], '1031': ['1031'], '1089': ['1089'], '1036': ['1036'], '1092': ['1092'], '1150': ['1150'], '1093': ['1093'], '1094': ['1094'], '1145': ['1145'], '1151': ['1151'], '1144': ['1144'], '1149': ['1149'], '1037': ['1037'], '1044': ['1044'], '1087': ['1087'], '1088': ['1088', '1142', '1141', '1143'], '1090': ['1090'], '1091': ['1091'], '1062': ['1062'], '1117': ['1117', '1118', '1116', '1119', '1120'], '1146': ['1146'], '1152': ['1152'], '1073': ['1073'], '1140': ['1140'], '1132': ['1132'], '1130': ['1130'], '1134': ['1134'], '1133': ['1133']})"
65,"defaultdict(<class 'list'>, {'1040': ['1040', '1080', '1081', '1082', '1078'], '1079': ['1079', '1077', '1075', '1076', '1074'], '1095': ['1095'], '1084': ['1084', '1042', '1085', '1086', '1089', '1044', '1087', '1090', '1091'], '1096': ['1096', '1138', '1135', '1137', '1139'], '1136': ['1136'], '1041': ['1041'], '1126': ['1126'], '1125': ['1125'], '1127': ['1127'], '1128': ['1128', '1131', '1132', '1130', '1133'], '1129': ['1129'], '1032': ['1032', '1160', '1161', '1162', '1146'], '1052': ['1052', '1053', '1049', '1050', '1054'], '1063': ['1063'], '1051': ['1051'], '1055': ['1055'], '1057': ['1057', '1060', '1061', '1062', '1073'], '1071': ['1071'], '1147': ['1147'], '1148': ['1148'], '1158': ['1158'], '1066': ['1066', '1067', '1064', '1065', '1031'], '1056': ['1056'], '1072': ['1072'], '1157': ['1157'], '1159': ['1159'], '1033': ['1033', '1153', '1154', '1155', '1152'], '1101': ['1101'], '1109': ['1109'], '1102': ['1102'], '1103': ['1103'], '1105': ['1105'], '1106': ['1106'], '1113': ['1113'], '1108': ['1108'], '1110': ['1110'], '1104': ['1104', '1030', '1046', '1047', '1117'], '1107': ['1107'], '1114': ['1114', '1115', '1118', '1116', '1119'], '1156': ['1156'], '1038': ['1038'], '1048': ['1048'], '1068': ['1068'], '1039': ['1039', '1097', '1098', '1099', '1035'], '1112': ['1112'], '1100': ['1100'], '1034': ['1034'], '1111': ['1111'], '1069': ['1069'], '1058': ['1058'], '1059': ['1059'], '1070': ['1070'], '1083': ['1083'], '1043': ['1043', '1121', '1122', '1123', '1045'], '1124': ['1124'], '1036': ['1036', '1092', '1150', '1093', '1094', '1151', '1149', '1037', '1144'], '1145': ['1145'], '1088': ['1088'], '1142': ['1142'], '1141': ['1141'], '1143': ['1143'], '1140': ['1140'], '1120': ['1120'], '1134': ['1134']})"
65,"defaultdict(<class 'list'>, {'1040': ['1040', '1080', '1079', '1077', '1076', '1078', '1075', '1074'], '1081': ['1081', '1082', '1084', '1042', '1083'], '1095': ['1095'], '1096': ['1096'], '1136': ['1136'], '1138': ['1138'], '1041': ['1041'], '1126': ['1126'], '1125': ['1125'], '1127': ['1127'], '1128': ['1128', '1131', '1132', '1130', '1133'], '1129': ['1129'], '1032': ['1032', '1160', '1161', '1162', '1146'], '1052': ['1052', '1053', '1049', '1050', '1054', '1051', '1055', '1061', '1062'], '1063': ['1063'], '1057': ['1057'], '1060': ['1060'], '1071': ['1071'], '1147': ['1147'], '1148': ['1148', '1158', '1157', '1159', '1156', '1153', '1154', '1155', '1152'], '1066': ['1066', '1038', '1048', '1068', '1067'], '1056': ['1056'], '1072': ['1072'], '1033': ['1033', '1109', '1113', '1110', '1111', '1105'], '1101': ['1101'], '1102': ['1102'], '1103': ['1103'], '1106': ['1106', '1108', '1107', '1058', '1059'], '1104': ['1104'], '1114': ['1114'], '1039': ['1039'], '1097': ['1097'], '1098': ['1098'], '1099': ['1099'], '1112': ['1112'], '1100': ['1100'], '1034': ['1034'], '1035': ['1035'], '1030': ['1030'], '1046': ['1046'], '1069': ['1069', '1064', '1065', '1070', '1031'], '1047': ['1047'], '1085': ['1085'], '1086': ['1086', '1089', '1044', '1087', '1090'], '1043': ['1043', '1121', '1122', '1123', '1045'], '1124': ['1124'], '1036': ['1036', '1092', '1150', '1151', '1149'], '1093': ['1093', '1094', '1144', '1037', '1143'], '1145': ['1145'], '1088': ['1088'], '1142': ['1142'], '1141': ['1141'], '1091': ['1091'], '1115': ['1115'], '1117': ['1117'], '1118': ['1118'], '1073': ['1073'], '1116': ['1116'], '1135': ['1135'], '1137': ['1137'], '1140': ['1140'], '1139': ['1139'], '1119': ['1119'], '1120': ['1120'], '1134': ['1134']})"
65,"defaultdict(<class 'list'>, {'1040': ['1040', '1080', '1079', '1081', '1078'], '1095': ['1095'], '1082': ['1082'], '1084': ['1084', '1042', '1085', '1086', '1089', '1044', '1087', '1090', '1091'], '1096': ['1096', '1138', '1135', '1137', '1139'], '1136': ['1136'], '1041': ['1041'], '1126': ['1126'], '1125': ['1125'], '1127': ['1127'], '1128': ['1128', '1131', '1132', '1130', '1133'], '1129': ['1129'], '1032': ['1032', '1052', '1063', '1053', '1049'], '1160': ['1160'], '1051': ['1051'], '1055': ['1055'], '1057': ['1057'], '1060': ['1060'], '1071': ['1071'], '1147': ['1147', '1148', '1158', '1157', '1159'], '1161': ['1161'], '1066': ['1066'], '1056': ['1056'], '1061': ['1061'], '1072': ['1072'], '1162': ['1162'], '1033': ['1033'], '1101': ['1101'], '1109': ['1109'], '1153': ['1153', '1154', '1155', '1156', '1152'], '1102': ['1102'], '1103': ['1103'], '1105': ['1105', '1106', '1113', '1107', '1114'], '1108': ['1108'], '1110': ['1110'], '1104': ['1104'], '1038': ['1038', '1048', '1068', '1034', '1067'], '1050': ['1050'], '1054': ['1054'], '1039': ['1039', '1097', '1112', '1035', '1111'], '1098': ['1098'], '1099': ['1099'], '1100': ['1100'], '1030': ['1030'], '1046': ['1046'], '1069': ['1069', '1064', '1065', '1070', '1031'], '1058': ['1058'], '1059': ['1059'], '1047': ['1047'], '1083': ['1083'], '1043': ['1043', '1121', '1122', '1123', '1045'], '1124': ['1124'], '1036': ['1036'], '1092': ['1092', '1150', '1093', '1094', '1144', '1149', '1037', '1145', '1151'], '1088': ['1088', '1142', '1141', '1143', '1140'], '1115': ['1115'], '1062': ['1062'], '1077': ['1077'], '1117': ['1117', '1118', '1116', '1119', '1120'], '1146': ['1146'], '1075': ['1075'], '1076': ['1076'], '1073': ['1073'], '1074': ['1074'], '1134': ['1134']})"
65,"defaultdict(<class 'list'>, {'1040': ['1040'], '1080': ['1080', '1079', '1077', '1076', '1078'], '1081': ['1081', '1095', '1082', '1084', '1042', '1083', '1085', '1096'], '1136': ['1136'], '1138': ['1138'], '1041': ['1041', '1126', '1125', '1127', '1124', '1129', '1122', '1123', '1045'], '1128': ['1128', '1131', '1132', '1130', '1133'], '1032': ['1032', '1160', '1161', '1162', '1146', '1147', '1148', '1158', '1157', '1159', '1155', '1156'], '1052': ['1052'], '1063': ['1063'], '1051': ['1051', '1038', '1048', '1068', '1034', '1067', '1049', '1050'], '1055': ['1055'], '1057': ['1057'], '1060': ['1060'], '1071': ['1071'], '1053': ['1053'], '1066': ['1066', '1110', '1064', '1065', '1031'], '1056': ['1056'], '1061': ['1061', '1062', '1075', '1073', '1074'], '1072': ['1072'], '1033': ['1033', '1101', '1102', '1103', '1104', '1098', '1099', '1100'], '1109': ['1109'], '1153': ['1153'], '1105': ['1105'], '1106': ['1106'], '1113': ['1113'], '1154': ['1154'], '1108': ['1108'], '1107': ['1107'], '1114': ['1114', '1115', '1118', '1116', '1119'], '1054': ['1054'], '1039': ['1039'], '1097': ['1097'], '1112': ['1112'], '1035': ['1035'], '1111': ['1111'], '1030': ['1030'], '1046': ['1046'], '1069': ['1069'], '1058': ['1058'], '1059': ['1059'], '1047': ['1047'], '1070': ['1070'], '1086': ['1086', '1087', '1088', '1141', '1143'], '1089': ['1089', '1149', '1044', '1090', '1091'], '1043': ['1043'], '1121': ['1121'], '1036': ['1036'], '1092': ['1092'], '1150': ['1150'], '1093': ['1093'], '1094': ['1094'], '1145': ['1145'], '1151': ['1151'], '1144': ['1144'], '1037': ['1037'], '1142': ['1142'], '1117': ['1117'], '1152': ['1152'], '1135': ['1135'], '1137': ['1137'], '1140': ['1140'], '1139': ['1139'], '1120': ['1120'], '1134': ['1134']})"
65,"defaultdict(<class 'list'>, {'1040': ['1040', '1080', '1081', '1095', '1082', '1084', '1042', '1083', '1085'], '1079': ['1079'], '1096': ['1096', '1138', '1135', '1137', '1139'], '1136': ['1136'], '1041': ['1041'], '1126': ['1126'], '1125': ['1125'], '1127': ['1127'], '1128': ['1128', '1129', '1132', '1130', '1134'], '1131': ['1131'], '1032': ['1032', '1052', '1051', '1053', '1049', '1050', '1063', '1055', '1054'], '1160': ['1160', '1147', '1161', '1162', '1146'], '1057': ['1057', '1060', '1061', '1058', '1059'], '1071': ['1071'], '1148': ['1148', '1158', '1157', '1159', '1156', '1153', '1154', '1155', '1152'], '1066': ['1066'], '1056': ['1056'], '1072': ['1072', '1075', '1076', '1073', '1074'], '1033': ['1033'], '1101': ['1101'], '1109': ['1109'], '1102': ['1102'], '1103': ['1103'], '1105': ['1105'], '1106': ['1106'], '1113': ['1113'], '1108': ['1108'], '1110': ['1110'], '1104': ['1104'], '1107': ['1107'], '1114': ['1114'], '1038': ['1038', '1048', '1068', '1034', '1067'], '1039': ['1039', '1097', '1098', '1099', '1035'], '1112': ['1112'], '1100': ['1100'], '1111': ['1111'], '1030': ['1030'], '1046': ['1046'], '1069': ['1069', '1064', '1065', '1070', '1031'], '1047': ['1047'], '1086': ['1086', '1089', '1044', '1087', '1090'], '1043': ['1043', '1121', '1122', '1123', '1045'], '1124': ['1124'], '1036': ['1036'], '1092': ['1092'], '1150': ['1150'], '1093': ['1093'], '1094': ['1094'], '1145': ['1145'], '1151': ['1151'], '1144': ['1144'], '1149': ['1149'], '1037': ['1037'], '1088': ['1088'], '1142': ['1142'], '1141': ['1141'], '1091': ['1091'], '1143': ['1143'], '1115': ['1115'], '1062': ['1062'], '1077': ['1077'], '1117': ['1117', '1118', '1116', '1119', '1120'], '1078': ['1078'], '1140': ['1140'], '1133': ['1133']})"
65,"defaultdict(<class 'list'>, {'1040': ['1040', '1080', '1079', '1081', '1078'], '1095': ['1095'], '1082': ['1082', '1084', '1042', '1083', '1085'], '1096': ['1096', '1138', '1135', '1137', '1139', '1136', '1088', '1142', '1141', '1143', '1140'], '1041': ['1041', '1126', '1125', '1127', '1124'], '1128': ['1128'], '1129': ['1129'], '1131': ['1131'], '1032': ['1032'], '1052': ['1052'], '1063': ['1063'], '1160': ['1160'], '1051': ['1051'], '1055': ['1055'], '1057': ['1057', '1060', '1071', '1061', '1072'], '1147': ['1147', '1036', '1092', '1145', '1146'], '1148': ['1148'], '1158': ['1158'], '1161': ['1161'], '1053': ['1053'], '1066': ['1066'], '1056': ['1056', '1077', '1075', '1076', '1074'], '1157': ['1157'], '1159': ['1159'], '1162': ['1162'], '1033': ['1033', '1153', '1154', '1155', '1151', '1152', '1156'], '1101': ['1101', '1102', '1098', '1099', '1100', '1103', '1039', '1097', '1035'], '1109': ['1109'], '1105': ['1105', '1106', '1107', '1058', '1059', '1113', '1108', '1114', '1115'], '1110': ['1110', '1111', '1064', '1065', '1031'], '1104': ['1104'], '1038': ['1038'], '1048': ['1048'], '1049': ['1049'], '1050': ['1050'], '1054': ['1054'], '1068': ['1068'], '1112': ['1112'], '1034': ['1034'], '1067': ['1067'], '1030': ['1030'], '1046': ['1046'], '1069': ['1069'], '1047': ['1047'], '1070': ['1070'], '1086': ['1086'], '1089': ['1089'], '1043': ['1043'], '1121': ['1121'], '1122': ['1122'], '1123': ['1123'], '1150': ['1150'], '1093': ['1093', '1094', '1144', '1149', '1037'], '1044': ['1044'], '1087': ['1087'], '1090': ['1090'], '1091': ['1091'], '1045': ['1045'], '1062': ['1062'], '1117': ['1117', '1118', '1116', '1119', '1120'], '1073': ['1073'], '1132': ['1132'], '1130': ['1130'], '1134': ['1134'], '1133': ['1133']})"
65,"defaultdict(<class 'list'>, {'1040': ['1040', '1080', '1079', '1081', '1078', '1095', '1082', '1096', '1083'], '1084': ['1084', '1042', '1085', '1086', '1087'], '1136': ['1136'], '1138': ['1138'], '1041': ['1041', '1126', '1125', '1127', '1124'], '1128': ['1128'], '1129': ['1129'], '1131': ['1131'], '1032': ['1032', '1052', '1063', '1053', '1049', '1160', '1161', '1162', '1146'], '1051': ['1051', '1038', '1048', '1050', '1034'], '1055': ['1055'], '1057': ['1057', '1060', '1071', '1061', '1072'], '1147': ['1147'], '1148': ['1148', '1158', '1157', '1159', '1156', '1153', '1154', '1155', '1152'], '1066': ['1066'], '1056': ['1056'], '1033': ['1033', '1109', '1113', '1110', '1111'], '1101': ['1101'], '1102': ['1102'], '1103': ['1103'], '1105': ['1105', '1106', '1107', '1058', '1059'], '1108': ['1108'], '1104': ['1104'], '1114': ['1114'], '1054': ['1054'], '1068': ['1068'], '1039': ['1039', '1097', '1098', '1099', '1035'], '1112': ['1112'], '1100': ['1100'], '1067': ['1067'], '1030': ['1030'], '1046': ['1046'], '1069': ['1069'], '1064': ['1064'], '1065': ['1065'], '1047': ['1047'], '1070': ['1070'], '1031': ['1031'], '1089': ['1089', '1149', '1044', '1090', '1091'], '1043': ['1043'], '1121': ['1121'], '1122': ['1122'], '1123': ['1123'], '1036': ['1036'], '1092': ['1092'], '1150': ['1150'], '1093': ['1093', '1094', '1145', '1144', '1037'], '1151': ['1151'], '1088': ['1088', '1142', '1141', '1143', '1140'], '1045': ['1045'], '1115': ['1115'], '1062': ['1062'], '1077': ['1077', '1075', '1076', '1073', '1074'], '1117': ['1117'], '1118': ['1118'], '1116': ['1116'], '1135': ['1135'], '1137': ['1137'], '1139': ['1139'], '1119': ['1119'], '1120': ['1120'], '1132': ['1132'], '1130': ['1130'], '1134': ['1134'], '1133': ['1133']})"
65,"defaultdict(<class 'list'>, {'1040': ['1040', '1080', '1079', '1081', '1078'], '1095': ['1095'], '1082': ['1082'], '1084': ['1084'], '1096': ['1096'], '1136': ['1136'], '1138': ['1138'], '1041': ['1041'], '1126': ['1126', '1125', '1127', '1128', '1124'], '1129': ['1129', '1131', '1120', '1130', '1134'], '1032': ['1032', '1160', '1161', '1162', '1146'], '1052': ['1052', '1053', '1049', '1050', '1054', '1051', '1055', '1061', '1062'], '1063': ['1063'], '1057': ['1057'], '1060': ['1060'], '1071': ['1071'], '1147': ['1147'], '1148': ['1148', '1158', '1157', '1159', '1153', '1154', '1155', '1156', '1152'], '1066': ['1066'], '1056': ['1056'], '1072': ['1072'], '1033': ['1033'], '1101': ['1101'], '1109': ['1109'], '1102': ['1102'], '1103': ['1103'], '1105': ['1105'], '1106': ['1106'], '1113': ['1113'], '1108': ['1108'], '1110': ['1110'], '1104': ['1104'], '1107': ['1107'], '1114': ['1114'], '1038': ['1038', '1048', '1068', '1034', '1067'], '1039': ['1039', '1097', '1098', '1099', '1035', '1112', '1111', '1117', '1118'], '1100': ['1100'], '1030': ['1030', '1046', '1069', '1047', '1070'], '1058': ['1058'], '1059': ['1059'], '1064': ['1064'], '1065': ['1065'], '1031': ['1031'], '1042': ['1042'], '1083': ['1083'], '1085': ['1085'], '1086': ['1086', '1089', '1044', '1087', '1090'], '1043': ['1043', '1121', '1122', '1123', '1045'], '1036': ['1036'], '1092': ['1092'], '1150': ['1150'], '1093': ['1093', '1094', '1151', '1149', '1037'], '1145': ['1145'], '1144': ['1144'], '1088': ['1088', '1142', '1141', '1143', '1139'], '1091': ['1091'], '1115': ['1115'], '1077': ['1077', '1075', '1076', '1073', '1074'], '1116': ['1116'], '1135': ['1135'], '1137': ['1137'], '1140': ['1140'], '1119': ['1119'], '1132': ['1132'], '1133': ['1133']})"
65,"defaultdict(<class 'list'>, {'1040': ['1040'], '1080': ['1080', '1079', '1077', '1076', '1078'], '1081': ['1081'], '1095': ['1095'], '1082': ['1082', '1084', '1042', '1083', '1085'], '1096': ['1096', '1138', '1135', '1137', '1139'], '1136': ['1136'], '1041': ['1041', '1126', '1125', '1127', '1124'], '1128': ['1128', '1131', '1132', '1130', '1133'], '1129': ['1129'], '1032': ['1032', '1052', '1053', '1049', '1050', '1054', '1063', '1051', '1055'], '1160': ['1160'], '1057': ['1057', '1060', '1061', '1105', '1106', '1107', '1058', '1059', '1113'], '1071': ['1071'], '1147': ['1147'], '1148': ['1148'], '1158': ['1158', '1157', '1159', '1033', '1153', '1154', '1155', '1152', '1156'], '1161': ['1161'], '1066': ['1066'], '1056': ['1056', '1104', '1030', '1046', '1047'], '1072': ['1072'], '1162': ['1162'], '1101': ['1101', '1102', '1098', '1099', '1100'], '1109': ['1109'], '1103': ['1103'], '1108': ['1108'], '1110': ['1110'], '1114': ['1114'], '1038': ['1038', '1048', '1068', '1034', '1067'], '1039': ['1039', '1097', '1112', '1035', '1111'], '1069': ['1069'], '1064': ['1064'], '1065': ['1065'], '1070': ['1070'], '1031': ['1031'], '1086': ['1086'], '1089': ['1089'], '1043': ['1043'], '1121': ['1121'], '1122': ['1122'], '1123': ['1123'], '1036': ['1036'], '1092': ['1092', '1150', '1093', '1094', '1151', '1149', '1037', '1145', '1144'], '1044': ['1044'], '1087': ['1087'], '1088': ['1088'], '1090': ['1090'], '1142': ['1142'], '1141': ['1141'], '1091': ['1091'], '1143': ['1143'], '1045': ['1045'], '1115': ['1115'], '1062': ['1062'], '1117': ['1117'], '1146': ['1146'], '1075': ['1075'], '1118': ['1118'], '1073': ['1073'], '1074': ['1074'], '1116': ['1116'], '1140': ['1140'], '1119': ['1119'], '1120': ['1120'], '1134': ['1134']})"
65,"defaultdict(<class 'list'>, {'1040': ['1040', '1080', '1079', '1081', '1078'], '1095': ['1095'], '1082': ['1082', '1084', '1042', '1083', '1085'], '1096': ['1096', '1136', '1135', '1137', '1140'], '1138': ['1138'], '1041': ['1041', '1126', '1125', '1043', '1121', '1122', '1123', '1045', '1124'], '1127': ['1127'], '1128': ['1128', '1129', '1132', '1130', '1134'], '1131': ['1131'], '1032': ['1032', '1052', '1063', '1053', '1049'], '1160': ['1160', '1147', '1161', '1162', '1146'], '1051': ['1051'], '1055': ['1055'], '1057': ['1057'], '1060': ['1060'], '1071': ['1071'], '1148': ['1148'], '1158': ['1158'], '1066': ['1066', '1067', '1064', '1065', '1031'], '1056': ['1056'], '1061': ['1061'], '1072': ['1072'], '1157': ['1157'], '1159': ['1159'], '1033': ['1033', '1153', '1154', '1036', '1150', '1151', '1152', '1155'], '1101': ['1101'], '1109': ['1109', '1113'], '1102': ['1102'], '1103': ['1103'], '1105': ['1105', '1106', '1107', '1058', '1059'], '1108': ['1108'], '1110': ['1110', '1039', '1097', '1098', '1099', '1035', '1112', '1111', '1117'], '1104': ['1104'], '1114': ['1114', '1115', '1118', '1116', '1119'], '1156': ['1156'], '1038': ['1038'], '1048': ['1048'], '1050': ['1050'], '1054': ['1054'], '1068': ['1068', '1077', '1075', '1076', '1074'], '1100': ['1100'], '1034': ['1034'], '1030': ['1030'], '1046': ['1046'], '1069': ['1069'], '1047': ['1047'], '1070': ['1070'], '1086': ['1086', '1089', '1044', '1087', '1090'], '1092': ['1092'], '1093': ['1093'], '1094': ['1094'], '1145': ['1145'], '1144': ['1144'], '1149': ['1149'], '1037': ['1037'], '1088': ['1088'], '1142': ['1142'], '1141': ['1141'], '1091': ['1091'], '1143': ['1143'], '1062': ['1062'], '1073': ['1073'], '1139': ['1139'], '1120': ['1120'], '1133': ['1133']})"
65,"defaultdict(<class 'list'>, {'1040': ['1040', '1080', '1081', '1095', '1082', '1084', '1042', '1083', '1085'], '1079': ['1079', '1077', '1075', '1076', '1074'], '1096': ['1096', '1138', '1135', '1137', '1139'], '1136': ['1136'], '1041': ['1041', '1126', '1125', '1127', '1043', '1121', '1122', '1123', '1045', '1124', '1128', '1132'], '1129': ['1129'], '1131': ['1131'], '1032': ['1032', '1160', '1161', '1162', '1146'], '1052': ['1052'], '1063': ['1063'], '1051': ['1051', '1055', '1056', '1049', '1050'], '1057': ['1057', '1060', '1061', '1105', '1106', '1107', '1058', '1059', '1062'], '1071': ['1071'], '1147': ['1147'], '1148': ['1148', '1158', '1157', '1159', '1156'], '1053': ['1053', '1054'], '1066': ['1066'], '1072': ['1072'], '1033': ['1033', '1153', '1154', '1155', '1152'], '1101': ['1101'], '1109': ['1109'], '1102': ['1102'], '1103': ['1103'], '1113': ['1113'], '1108': ['1108'], '1110': ['1110'], '1104': ['1104'], '1114': ['1114'], '1038': ['1038', '1048', '1068', '1034', '1067'], '1039': ['1039'], '1097': ['1097'], '1098': ['1098'], '1099': ['1099'], '1112': ['1112'], '1100': ['1100'], '1035': ['1035'], '1111': ['1111'], '1030': ['1030'], '1046': ['1046'], '1069': ['1069', '1064', '1065', '1070', '1031'], '1047': ['1047'], '1086': ['1086', '1087', '1088', '1141', '1143'], '1089': ['1089'], '1036': ['1036', '1092', '1150', '1151', '1149'], '1093': ['1093'], '1094': ['1094'], '1145': ['1145'], '1144': ['1144'], '1037': ['1037'], '1044': ['1044'], '1090': ['1090'], '1142': ['1142'], '1091': ['1091'], '1115': ['1115'], '1117': ['1117'], '1118': ['1118'], '1073': ['1073'], '1078': ['1078'], '1116': ['1116'], '1140': ['1140'], '1119': ['1119'], '1120': ['1120'], '1130': ['1130'], '1134': ['1134'], '1133': ['1133']})"
65,"defaultdict(<class 'list'>, {'1040': ['1040', '1080', '1038', '1048', '1068', '1034', '1067', '1077', '1078'], '1079': ['1079'], '1081': ['1081'], '1095': ['1095'], '1082': ['1082'], '1084': ['1084'], '1096': ['1096', '1136', '1135', '1137', '1140'], '1138': ['1138'], '1041': ['1041', '1126', '1125', '1127', '1124', '1129', '1122', '1123', '1045'], '1128': ['1128'], '1131': ['1131'], '1032': ['1032', '1160', '1161', '1162', '1146'], '1052': ['1052', '1051', '1053', '1049', '1050'], '1063': ['1063'], '1055': ['1055'], '1057': ['1057'], '1060': ['1060'], '1071': ['1071'], '1147': ['1147'], '1148': ['1148', '1158', '1157', '1159', '1153', '1154', '1155', '1156', '1152'], '1066': ['1066'], '1056': ['1056'], '1061': ['1061'], '1072': ['1072', '1075', '1076', '1073', '1074'], '1033': ['1033'], '1101': ['1101'], '1109': ['1109'], '1102': ['1102'], '1103': ['1103'], '1105': ['1105', '1106', '1107', '1058', '1059'], '1113': ['1113'], '1108': ['1108'], '1110': ['1110'], '1104': ['1104'], '1114': ['1114'], '1054': ['1054'], '1039': ['1039', '1097', '1112', '1035', '1111', '1098', '1099', '1117', '1118'], '1100': ['1100'], '1030': ['1030'], '1046': ['1046'], '1069': ['1069', '1064', '1065', '1070', '1031'], '1047': ['1047'], '1042': ['1042'], '1083': ['1083'], '1085': ['1085'], '1086': ['1086', '1089', '1044', '1087', '1090'], '1043': ['1043'], '1121': ['1121'], '1036': ['1036'], '1092': ['1092'], '1150': ['1150'], '1093': ['1093', '1094', '1151', '1149', '1037'], '1145': ['1145'], '1144': ['1144'], '1088': ['1088', '1142', '1141', '1143', '1139'], '1091': ['1091'], '1115': ['1115'], '1062': ['1062'], '1116': ['1116'], '1119': ['1119'], '1120': ['1120'], '1132': ['1132'], '1130': ['1130'], '1134': ['1134'], '1133': ['1133']})"
66,"defaultdict(<class 'list'>, {'1040': ['1040', '1080', '1079', '1077', '1076', '1078', '1081', '1082', '1083'], '1095': ['1095'], '1084': ['1084'], '1096': ['1096', '1138', '1135', '1137', '1139'], '1136': ['1136'], '1041': ['1041', '1126', '1125', '1127', '1124'], '1128': ['1128', '1131', '1132', '1130', '1133'], '1129': ['1129'], '1032': ['1032', '1160', '1161', '1162', '1146'], '1052': ['1052'], '1063': ['1063'], '1051': ['1051', '1055', '1056', '1049', '1050'], '1057': ['1057'], '1060': ['1060'], '1071': ['1071'], '1147': ['1147'], '1148': ['1148', '1158', '1157', '1159', '1156'], '1053': ['1053'], '1066': ['1066'], '1061': ['1061'], '1072': ['1072'], '1033': ['1033', '1101', '1109', '1153', '1100', '1154', '1155', '1152'], '1102': ['1102'], '1103': ['1103'], '1105': ['1105', '1106', '1107', '1058', '1059'], '1113': ['1113'], '1108': ['1108'], '1110': ['1110', '1111', '1064', '1065', '1031'], '1104': ['1104'], '1114': ['1114'], '1038': ['1038'], '1048': ['1048'], '1054': ['1054'], '1068': ['1068'], '1039': ['1039', '1097', '1112', '1035', '1117'], '1098': ['1098'], '1099': ['1099'], '1034': ['1034'], '1067': ['1067'], '1030': ['1030', '1046', '1069', '1047', '1070'], '1042': ['1042'], '1085': ['1085'], '1086': ['1086', '1089', '1044', '1087', '1090'], '1043': ['1043'], '1121': ['1121'], '1122': ['1122'], '1123': ['1123'], '1036': ['1036'], '1092': ['1092'], '1150': ['1150'], '1093': ['1093', '1094', '1151', '1149', '1037'], '1145': ['1145'], '1144': ['1144'], '1088': ['1088', '1142', '1141', '1143', '1140'], '1091': ['1091'], '1045': ['1045'], '1115': ['1115'], '1062': ['1062'], '1075': ['1075'], '1118': ['1118'], '1073': ['1073'], '1074': ['1074'], '1116': ['1116'], '1119': ['1119'], '1120': ['1120'], '1134': ['1134']})"
66,"defaultdict(<class 'list'>, {'1040': ['1040', '1080', '1079', '1081', '1078'], '1095': ['1095'], '1082': ['1082', '1084', '1042', '1083', '1085'], '1096': ['1096', '1136', '1135', '1137', '1140'], '1138': ['1138'], '1041': ['1041', '1126', '1125', '1043', '1121', '1122', '1123', '1045', '1124'], '1127': ['1127'], '1128': ['1128', '1129', '1132', '1130', '1134'], '1131': ['1131'], '1032': ['1032', '1052', '1063', '1053', '1049'], '1160': ['1160', '1147', '1161', '1162', '1146'], '1051': ['1051'], '1055': ['1055'], '1057': ['1057'], '1060': ['1060'], '1071': ['1071'], '1148': ['1148'], '1158': ['1158'], '1066': ['1066', '1067', '1064', '1065', '1031'], '1056': ['1056'], '1061': ['1061'], '1072': ['1072'], '1157': ['1157'], '1159': ['1159'], '1033': ['1033', '1153', '1154', '1036', '1150', '1151', '1152', '1155'], '1101': ['1101'], '1109': ['1109'], '1102': ['1102'], '1103': ['1103'], '1105': ['1105', '1106', '1107', '1058', '1059'], '1113': ['1113'], '1108': ['1108'], '1110': ['1110', '1039', '1097', '1098', '1099', '1035', '1112', '1111', '1117'], '1104': ['1104'], '1114': ['1114', '1115', '1118', '1116', '1119'], '1156': ['1156'], '1038': ['1038'], '1048': ['1048'], '1050': ['1050'], '1054': ['1054'], '1068': ['1068', '1077', '1075', '1076', '1074'], '1100': ['1100'], '1034': ['1034'], '1030': ['1030'], '1046': ['1046'], '1069': ['1069'], '1047': ['1047'], '1070': ['1070'], '1086': ['1086', '1089', '1044', '1087', '1090'], '1092': ['1092'], '1093': ['1093'], '1094': ['1094'], '1145': ['1145'], '1144': ['1144'], '1149': ['1149'], '1037': ['1037'], '1088': ['1088'], '1142': ['1142'], '1141': ['1141'], '1091': ['1091'], '1143': ['1143'], '1062': ['1062'], '1073': ['1073'], '1139': ['1139'], '1120': ['1120'], '1133': ['1133']})"
66,"defaultdict(<class 'list'>, {'1040': ['1040', '1080', '1079', '1081', '1078'], '1095': ['1095'], '1082': ['1082', '1084', '1042', '1083', '1085'], '1096': ['1096', '1138', '1135', '1137', '1139'], '1136': ['1136'], '1041': ['1041'], '1126': ['1126'], '1125': ['1125'], '1127': ['1127'], '1128': ['1128', '1131', '1132', '1130', '1133'], '1129': ['1129'], '1032': ['1032', '1160', '1161', '1162'], '1052': ['1052'], '1063': ['1063'], '1051': ['1051'], '1055': ['1055'], '1057': ['1057'], '1060': ['1060'], '1071': ['1071'], '1147': ['1147', '1036', '1092', '1145', '1146', '1150', '1093', '1094', '1151', '1149', '1037', '1144'], '1148': ['1148', '1158', '1157', '1159', '1153', '1154', '1155', '1156', '1152', '1033', '1109'], '1053': ['1053'], '1066': ['1066'], '1056': ['1056'], '1061': ['1061'], '1072': ['1072'], '1101': ['1101', '1102', '1103', '1039', '1097', '1098', '1099', '1035', '1100'], '1105': ['1105'], '1106': ['1106'], '1113': ['1113'], '1108': ['1108'], '1110': ['1110', '1111', '1064', '1065', '1031'], '1104': ['1104'], '1107': ['1107'], '1114': ['1114'], '1038': ['1038'], '1048': ['1048'], '1049': ['1049'], '1050': ['1050'], '1054': ['1054'], '1068': ['1068'], '1112': ['1112'], '1034': ['1034'], '1067': ['1067'], '1030': ['1030', '1046', '1069', '1047', '1070'], '1058': ['1058'], '1059': ['1059'], '1086': ['1086', '1087', '1088', '1141', '1143'], '1089': ['1089', '1044', '1090', '1091'], '1043': ['1043'], '1121': ['1121'], '1122': ['1122'], '1123': ['1123'], '1124': ['1124'], '1142': ['1142'], '1045': ['1045'], '1115': ['1115'], '1062': ['1062'], '1077': ['1077'], '1117': ['1117', '1118', '1116', '1119', '1120'], '1075': ['1075'], '1076': ['1076'], '1073': ['1073'], '1074': ['1074'], '1140': ['1140'], '1134': ['1134']})"
66,"defaultdict(<class 'list'>, {'1040': ['1040', '1080', '1079', '1081', '1078'], '1095': ['1095'], '1082': ['1082', '1084', '1042', '1083', '1085'], '1096': ['1096'], '1136': ['1136'], '1138': ['1138'], '1041': ['1041', '1126', '1125', '1127', '1043', '1121', '1122', '1123', '1045', '1124', '1128', '1132'], '1129': ['1129'], '1131': ['1131'], '1032': ['1032', '1160', '1161', '1162', '1146', '1147', '1148', '1158', '1156'], '1052': ['1052', '1051', '1053', '1049', '1050'], '1063': ['1063'], '1055': ['1055'], '1057': ['1057', '1060', '1061', '1105', '1106', '1107', '1058', '1059', '1113'], '1071': ['1071'], '1066': ['1066'], '1056': ['1056'], '1072': ['1072'], '1157': ['1157'], '1159': ['1159'], '1033': ['1033', '1153', '1154', '1155', '1152'], '1101': ['1101'], '1109': ['1109'], '1102': ['1102'], '1103': ['1103'], '1108': ['1108'], '1110': ['1110'], '1104': ['1104'], '1114': ['1114'], '1038': ['1038', '1048', '1068', '1034', '1067'], '1054': ['1054'], '1039': ['1039', '1097', '1098', '1099', '1035', '1112', '1111', '1117', '1118'], '1100': ['1100'], '1030': ['1030'], '1046': ['1046'], '1069': ['1069'], '1064': ['1064'], '1065': ['1065'], '1047': ['1047'], '1070': ['1070'], '1031': ['1031'], '1086': ['1086', '1089', '1044', '1087', '1090'], '1036': ['1036', '1092', '1150', '1093', '1094', '1151', '1149', '1037', '1144'], '1145': ['1145'], '1088': ['1088'], '1142': ['1142'], '1141': ['1141'], '1091': ['1091'], '1143': ['1143'], '1115': ['1115'], '1062': ['1062'], '1077': ['1077'], '1075': ['1075'], '1076': ['1076'], '1073': ['1073'], '1074': ['1074'], '1116': ['1116'], '1135': ['1135'], '1137': ['1137'], '1140': ['1140'], '1139': ['1139'], '1119': ['1119'], '1120': ['1120'], '1130': ['1130'], '1134': ['1134'], '1133': ['1133']})"
66,"defaultdict(<class 'list'>, {'1040': ['1040', '1080', '1081', '1078'], '1079': ['1079', '1077', '1075', '1076', '1074'], '1095': ['1095'], '1082': ['1082', '1084', '1042', '1085', '1086', '1087', '1083', '1089', '1044'], '1096': ['1096', '1138', '1135', '1137', '1139'], '1136': ['1136'], '1041': ['1041', '1126', '1125', '1127', '1124'], '1128': ['1128', '1131', '1132', '1130', '1133'], '1129': ['1129'], '1032': ['1032', '1160', '1161', '1162', '1146'], '1052': ['1052'], '1063': ['1063'], '1051': ['1051'], '1055': ['1055'], '1057': ['1057'], '1060': ['1060'], '1071': ['1071'], '1147': ['1147'], '1148': ['1148'], '1158': ['1158'], '1053': ['1053'], '1066': ['1066'], '1056': ['1056'], '1061': ['1061'], '1072': ['1072'], '1157': ['1157'], '1159': ['1159'], '1033': ['1033'], '1101': ['1101', '1102', '1098', '1099', '1100'], '1109': ['1109'], '1153': ['1153'], '1103': ['1103', '1104', '1030', '1046', '1047'], '1105': ['1105', '1106', '1107', '1058', '1059'], '1113': ['1113'], '1154': ['1154'], '1155': ['1155'], '1108': ['1108'], '1110': ['1110', '1111', '1064', '1065', '1031'], '1114': ['1114'], '1156': ['1156'], '1038': ['1038', '1048', '1068', '1034', '1067'], '1049': ['1049'], '1050': ['1050'], '1054': ['1054'], '1039': ['1039', '1097', '1112', '1035', '1117'], '1069': ['1069'], '1070': ['1070'], '1043': ['1043'], '1121': ['1121'], '1122': ['1122'], '1123': ['1123'], '1036': ['1036'], '1092': ['1092'], '1150': ['1150'], '1093': ['1093', '1094', '1151', '1149', '1037'], '1145': ['1145'], '1144': ['1144'], '1088': ['1088', '1142', '1141', '1143', '1140'], '1090': ['1090'], '1091': ['1091'], '1045': ['1045'], '1115': ['1115', '1118', '1116', '1119', '1120'], '1062': ['1062'], '1152': ['1152'], '1073': ['1073'], '1134': ['1134']})"
66,"defaultdict(<class 'list'>, {'1040': ['1040', '1080', '1081', '1082', '1078'], '1079': ['1079', '1077', '1075', '1076', '1074'], '1095': ['1095'], '1084': ['1084'], '1096': ['1096', '1138', '1135', '1137', '1139', '1136', '1140'], '1041': ['1041'], '1126': ['1126', '1125', '1127', '1043', '1121', '1122', '1123', '1045', '1124'], '1128': ['1128', '1131', '1132', '1130', '1133'], '1129': ['1129'], '1032': ['1032', '1052', '1063', '1053', '1049'], '1160': ['1160'], '1051': ['1051', '1055', '1056', '1046', '1047'], '1057': ['1057', '1060', '1061', '1105', '1106', '1107', '1058', '1059', '1062'], '1071': ['1071'], '1147': ['1147'], '1148': ['1148', '1158', '1157', '1159'], '1161': ['1161'], '1066': ['1066'], '1072': ['1072'], '1162': ['1162'], '1033': ['1033', '1153', '1155', '1156'], '1101': ['1101'], '1109': ['1109'], '1102': ['1102'], '1103': ['1103'], '1113': ['1113'], '1154': ['1154', '1036', '1150', '1151', '1152'], '1108': ['1108'], '1110': ['1110'], '1104': ['1104'], '1114': ['1114'], '1038': ['1038', '1048', '1068', '1034', '1067'], '1050': ['1050'], '1054': ['1054'], '1039': ['1039', '1097', '1098', '1099', '1035'], '1112': ['1112'], '1100': ['1100'], '1111': ['1111'], '1030': ['1030'], '1069': ['1069'], '1064': ['1064'], '1065': ['1065'], '1070': ['1070'], '1031': ['1031'], '1042': ['1042'], '1083': ['1083'], '1085': ['1085'], '1086': ['1086', '1089', '1044', '1087', '1090'], '1092': ['1092'], '1093': ['1093'], '1094': ['1094'], '1145': ['1145'], '1144': ['1144'], '1149': ['1149'], '1037': ['1037'], '1088': ['1088', '1142', '1141', '1143'], '1091': ['1091'], '1115': ['1115'], '1117': ['1117'], '1146': ['1146'], '1118': ['1118'], '1073': ['1073'], '1116': ['1116'], '1119': ['1119'], '1120': ['1120'], '1134': ['1134']})"
66,"defaultdict(<class 'list'>, {'1040': ['1040', '1080', '1079', '1081', '1078', '1077', '1075', '1076', '1074'], '1095': ['1095'], '1082': ['1082'], '1084': ['1084'], '1096': ['1096', '1138', '1135', '1137', '1139'], '1136': ['1136'], '1041': ['1041'], '1126': ['1126'], '1125': ['1125'], '1127': ['1127'], '1128': ['1128', '1129', '1132', '1130', '1134'], '1131': ['1131'], '1032': ['1032', '1160', '1161', '1162', '1146', '1147', '1148', '1158', '1157', '1159', '1156', '1145'], '1052': ['1052'], '1063': ['1063'], '1051': ['1051'], '1055': ['1055'], '1057': ['1057', '1060', '1071', '1061', '1105', '1106', '1107', '1058', '1059'], '1053': ['1053'], '1066': ['1066'], '1056': ['1056'], '1072': ['1072', '1070', '1073'], '1033': ['1033', '1109', '1153', '1155', '1152'], '1101': ['1101', '1102', '1098', '1099', '1100'], '1103': ['1103'], '1113': ['1113', '1114', '1115'], '1154': ['1154'], '1108': ['1108'], '1110': ['1110'], '1104': ['1104'], '1038': ['1038', '1048', '1068', '1034', '1067'], '1049': ['1049'], '1050': ['1050'], '1054': ['1054'], '1039': ['1039', '1097', '1112', '1035', '1111'], '1030': ['1030'], '1046': ['1046'], '1069': ['1069'], '1064': ['1064'], '1065': ['1065'], '1047': ['1047'], '1031': ['1031'], '1042': ['1042'], '1083': ['1083'], '1085': ['1085'], '1086': ['1086'], '1089': ['1089'], '1043': ['1043'], '1121': ['1121'], '1122': ['1122'], '1123': ['1123'], '1124': ['1124'], '1036': ['1036', '1092', '1150', '1151', '1149'], '1093': ['1093'], '1094': ['1094'], '1144': ['1144'], '1037': ['1037'], '1044': ['1044'], '1087': ['1087'], '1088': ['1088', '1142', '1141', '1143', '1140'], '1090': ['1090'], '1091': ['1091'], '1045': ['1045'], '1062': ['1062'], '1117': ['1117', '1118', '1116', '1119', '1120'], '1133': ['1133']})"
66,"defaultdict(<class 'list'>, {'1040': ['1040'], '1080': ['1080'], '1079': ['1079'], '1081': ['1081'], '1095': ['1095'], '1082': ['1082', '1084', '1042', '1083', '1085'], '1096': ['1096', '1138', '1135', '1137', '1139'], '1136': ['1136'], '1041': ['1041'], '1126': ['1126'], '1125': ['1125'], '1127': ['1127'], '1128': ['1128', '1131', '1132', '1130', '1133', '1129', '1120', '1134'], '1032': ['1032', '1052', '1053', '1038', '1048', '1054', '1034', '1049', '1050', '1068'], '1063': ['1063', '1057', '1071', '1072'], '1160': ['1160', '1147', '1161', '1162', '1146'], '1051': ['1051', '1055', '1056', '1046', '1047'], '1060': ['1060'], '1148': ['1148', '1158', '1157', '1159', '1156'], '1066': ['1066', '1067', '1064', '1065', '1031'], '1061': ['1061', '1062', '1075', '1073', '1074'], '1033': ['1033', '1153', '1154', '1155', '1152'], '1101': ['1101'], '1109': ['1109'], '1102': ['1102'], '1103': ['1103'], '1105': ['1105'], '1106': ['1106'], '1113': ['1113'], '1108': ['1108'], '1110': ['1110'], '1104': ['1104'], '1107': ['1107'], '1114': ['1114', '1115', '1118', '1116', '1119'], '1039': ['1039', '1097', '1098', '1099', '1035'], '1112': ['1112'], '1100': ['1100'], '1111': ['1111'], '1030': ['1030'], '1069': ['1069'], '1058': ['1058'], '1059': ['1059'], '1070': ['1070'], '1086': ['1086', '1089', '1044', '1087', '1090'], '1043': ['1043', '1121', '1122', '1123', '1045'], '1124': ['1124'], '1036': ['1036'], '1092': ['1092'], '1150': ['1150'], '1093': ['1093'], '1094': ['1094'], '1145': ['1145'], '1151': ['1151'], '1144': ['1144'], '1149': ['1149'], '1037': ['1037'], '1088': ['1088'], '1142': ['1142'], '1141': ['1141'], '1091': ['1091'], '1143': ['1143'], '1077': ['1077'], '1117': ['1117'], '1076': ['1076'], '1078': ['1078'], '1140': ['1140']})"
66,"defaultdict(<class 'list'>, {'1040': ['1040', '1080', '1081', '1078'], '1079': ['1079'], '1095': ['1095'], '1082': ['1082', '1084', '1042', '1083', '1085'], '1096': ['1096', '1138', '1135', '1137', '1139'], '1136': ['1136'], '1041': ['1041', '1126', '1125', '1127', '1124'], '1128': ['1128', '1131', '1132', '1130', '1133'], '1129': ['1129'], '1032': ['1032', '1160', '1161', '1162', '1146'], '1052': ['1052'], '1063': ['1063', '1057', '1060', '1071', '1061'], '1051': ['1051'], '1055': ['1055'], '1147': ['1147'], '1148': ['1148'], '1158': ['1158'], '1053': ['1053'], '1066': ['1066', '1038', '1048', '1068', '1034', '1067', '1064', '1065', '1031'], '1056': ['1056'], '1072': ['1072'], '1157': ['1157'], '1159': ['1159'], '1033': ['1033'], '1101': ['1101', '1102', '1098', '1099', '1100', '1103', '1039', '1097', '1035'], '1109': ['1109'], '1153': ['1153', '1154', '1155', '1151', '1152'], '1105': ['1105'], '1106': ['1106'], '1113': ['1113'], '1108': ['1108'], '1110': ['1110'], '1104': ['1104', '1030', '1046', '1047', '1117'], '1107': ['1107'], '1114': ['1114'], '1156': ['1156'], '1049': ['1049'], '1050': ['1050'], '1054': ['1054'], '1112': ['1112'], '1111': ['1111'], '1069': ['1069'], '1058': ['1058'], '1059': ['1059'], '1070': ['1070'], '1086': ['1086', '1087', '1088', '1141', '1143', '1089', '1044', '1090', '1142'], '1043': ['1043'], '1121': ['1121'], '1122': ['1122'], '1123': ['1123'], '1036': ['1036'], '1092': ['1092'], '1150': ['1150'], '1093': ['1093', '1094', '1144', '1149', '1037'], '1145': ['1145'], '1091': ['1091'], '1045': ['1045'], '1115': ['1115'], '1062': ['1062'], '1077': ['1077', '1075', '1076', '1073', '1074'], '1118': ['1118'], '1116': ['1116'], '1140': ['1140'], '1119': ['1119'], '1120': ['1120'], '1134': ['1134']})"
66,"defaultdict(<class 'list'>, {'1040': ['1040', '1080', '1079', '1077', '1078'], '1081': ['1081'], '1095': ['1095'], '1082': ['1082', '1084', '1042', '1083', '1085'], '1096': ['1096', '1136', '1135', '1137', '1140'], '1138': ['1138'], '1041': ['1041'], '1126': ['1126'], '1125': ['1125'], '1127': ['1127'], '1128': ['1128', '1129', '1132', '1130', '1134', '1131', '1120', '1133'], '1032': ['1032'], '1052': ['1052'], '1063': ['1063'], '1160': ['1160'], '1051': ['1051', '1055', '1056', '1049', '1050'], '1057': ['1057', '1060', '1061', '1058', '1059'], '1071': ['1071'], '1147': ['1147', '1148', '1158', '1157', '1159'], '1161': ['1161'], '1053': ['1053', '1038', '1048', '1054', '1034'], '1066': ['1066'], '1072': ['1072', '1075', '1076', '1073', '1074'], '1162': ['1162'], '1033': ['1033'], '1101': ['1101'], '1109': ['1109'], '1153': ['1153'], '1102': ['1102'], '1103': ['1103'], '1105': ['1105'], '1106': ['1106'], '1113': ['1113'], '1154': ['1154', '1036', '1150', '1151', '1152'], '1155': ['1155'], '1108': ['1108', '1107', '1115', '1116', '1119'], '1110': ['1110'], '1104': ['1104', '1030', '1046', '1047', '1117'], '1114': ['1114'], '1156': ['1156'], '1068': ['1068'], '1039': ['1039'], '1097': ['1097'], '1098': ['1098'], '1099': ['1099'], '1112': ['1112'], '1100': ['1100'], '1067': ['1067'], '1035': ['1035'], '1111': ['1111'], '1069': ['1069', '1064', '1065', '1070', '1031'], '1086': ['1086'], '1089': ['1089'], '1043': ['1043', '1121', '1122', '1123', '1045'], '1124': ['1124'], '1092': ['1092'], '1093': ['1093', '1094', '1144', '1149', '1037'], '1145': ['1145'], '1044': ['1044'], '1087': ['1087'], '1088': ['1088', '1142', '1141', '1143', '1139'], '1090': ['1090'], '1091': ['1091'], '1062': ['1062'], '1146': ['1146'], '1118': ['1118']})"
66,"defaultdict(<class 'list'>, {'1040': ['1040', '1080', '1081', '1082', '1078'], '1079': ['1079'], '1095': ['1095'], '1084': ['1084'], '1096': ['1096'], '1136': ['1136'], '1138': ['1138', '1134'], '1041': ['1041', '1126', '1125', '1127', '1124'], '1128': ['1128', '1131', '1132', '1130', '1133'], '1129': ['1129'], '1032': ['1032', '1160', '1161', '1162'], '1052': ['1052', '1053', '1049', '1050', '1054'], '1063': ['1063'], '1051': ['1051'], '1055': ['1055'], '1057': ['1057', '1060', '1061', '1058', '1059', '1105', '1106', '1107', '1062'], '1071': ['1071'], '1147': ['1147', '1145', '1144', '1146'], '1148': ['1148'], '1158': ['1158'], '1066': ['1066', '1038', '1048', '1068', '1067'], '1056': ['1056', '1077', '1075', '1076', '1074'], '1072': ['1072'], '1157': ['1157'], '1159': ['1159'], '1033': ['1033'], '1101': ['1101'], '1109': ['1109'], '1153': ['1153', '1154', '1155', '1156', '1152'], '1102': ['1102', '1103', '1104', '1117', '1118'], '1113': ['1113'], '1108': ['1108'], '1110': ['1110'], '1114': ['1114', '1030', '1046', '1069', '1064', '1065', '1070', '1031', '1047'], '1039': ['1039'], '1097': ['1097'], '1098': ['1098'], '1099': ['1099'], '1112': ['1112'], '1100': ['1100'], '1034': ['1034'], '1035': ['1035'], '1111': ['1111'], '1042': ['1042'], '1083': ['1083'], '1085': ['1085'], '1086': ['1086', '1089', '1087', '1090', '1091'], '1043': ['1043'], '1121': ['1121'], '1122': ['1122'], '1123': ['1123'], '1036': ['1036'], '1092': ['1092'], '1150': ['1150'], '1093': ['1093', '1094', '1151', '1149', '1037'], '1044': ['1044'], '1088': ['1088', '1142', '1141', '1143', '1139'], '1045': ['1045'], '1115': ['1115'], '1073': ['1073'], '1116': ['1116'], '1135': ['1135'], '1137': ['1137'], '1140': ['1140'], '1119': ['1119'], '1120': ['1120']})"
66,"defaultdict(<class 'list'>, {'1040': ['1040', '1080', '1081', '1082', '1083'], '1079': ['1079', '1077', '1075', '1076', '1074'], '1095': ['1095'], '1084': ['1084', '1042', '1085', '1086', '1089', '1044', '1087', '1090', '1091'], '1096': ['1096'], '1136': ['1136'], '1138': ['1138'], '1041': ['1041', '1126', '1125', '1127', '1124'], '1128': ['1128', '1129', '1132', '1130', '1134'], '1131': ['1131'], '1032': ['1032', '1063', '1160', '1147', '1148', '1158', '1157', '1159', '1156', '1161', '1162', '1146'], '1052': ['1052', '1053', '1049', '1050', '1054'], '1051': ['1051'], '1055': ['1055'], '1057': ['1057', '1060', '1061', '1058', '1059'], '1071': ['1071'], '1066': ['1066'], '1056': ['1056'], '1072': ['1072'], '1033': ['1033', '1153', '1154', '1155', '1152'], '1101': ['1101'], '1109': ['1109'], '1102': ['1102'], '1103': ['1103'], '1105': ['1105', '1106', '1113', '1107', '1114'], '1108': ['1108'], '1110': ['1110', '1111', '1064', '1065', '1031'], '1104': ['1104'], '1038': ['1038', '1048', '1068', '1034', '1067'], '1039': ['1039'], '1097': ['1097'], '1098': ['1098'], '1099': ['1099'], '1112': ['1112'], '1100': ['1100'], '1035': ['1035'], '1030': ['1030', '1046', '1069', '1047', '1070'], '1043': ['1043'], '1121': ['1121'], '1122': ['1122'], '1123': ['1123'], '1036': ['1036'], '1092': ['1092'], '1150': ['1150'], '1093': ['1093'], '1094': ['1094'], '1145': ['1145'], '1151': ['1151'], '1144': ['1144'], '1149': ['1149'], '1037': ['1037'], '1088': ['1088'], '1142': ['1142'], '1141': ['1141'], '1143': ['1143'], '1045': ['1045'], '1115': ['1115', '1118', '1116', '1119', '1120'], '1062': ['1062'], '1117': ['1117'], '1073': ['1073'], '1078': ['1078'], '1135': ['1135'], '1137': ['1137'], '1140': ['1140'], '1139': ['1139'], '1133': ['1133']})"
66,"defaultdict(<class 'list'>, {'1040': ['1040', '1080', '1079', '1081', '1078', '1095', '1082', '1084', '1042', '1083', '1085', '1096'], '1136': ['1136'], '1138': ['1138'], '1041': ['1041'], '1126': ['1126'], '1125': ['1125'], '1127': ['1127'], '1128': ['1128'], '1129': ['1129'], '1131': ['1131'], '1032': ['1032', '1160', '1161', '1162', '1146'], '1052': ['1052', '1053'], '1063': ['1063'], '1051': ['1051', '1055', '1056', '1049', '1050'], '1057': ['1057', '1060', '1061', '1058', '1059'], '1071': ['1071'], '1147': ['1147', '1148', '1158', '1157', '1159', '1156', '1033', '1153', '1154', '1155', '1152', '1109'], '1066': ['1066'], '1072': ['1072'], '1101': ['1101', '1102', '1098', '1099', '1100'], '1103': ['1103'], '1105': ['1105'], '1106': ['1106'], '1113': ['1113'], '1108': ['1108'], '1110': ['1110'], '1104': ['1104'], '1107': ['1107'], '1114': ['1114', '1030', '1046', '1069', '1064', '1065', '1070', '1031', '1047'], '1038': ['1038', '1048', '1068', '1034', '1067'], '1054': ['1054', '1062'], '1039': ['1039'], '1097': ['1097'], '1112': ['1112'], '1035': ['1035'], '1111': ['1111'], '1086': ['1086'], '1089': ['1089'], '1043': ['1043'], '1121': ['1121'], '1122': ['1122'], '1123': ['1123'], '1124': ['1124'], '1036': ['1036', '1092', '1145', '1144'], '1150': ['1150'], '1093': ['1093', '1094', '1151', '1149', '1037'], '1044': ['1044'], '1087': ['1087'], '1088': ['1088', '1142', '1141', '1143', '1140'], '1090': ['1090'], '1091': ['1091'], '1045': ['1045'], '1115': ['1115'], '1077': ['1077', '1075', '1076', '1073', '1074'], '1117': ['1117'], '1118': ['1118'], '1116': ['1116'], '1135': ['1135'], '1137': ['1137'], '1139': ['1139'], '1119': ['1119'], '1120': ['1120'], '1132': ['1132'], '1130': ['1130'], '1134': ['1134'], '1133': ['1133']})"
66,"defaultdict(<class 'list'>, {'1040': ['1040', '1080', '1081', '1082', '1078', '1079', '1095', '1096', '1083'], '1084': ['1084', '1042', '1085', '1086', '1089', '1044', '1087', '1090', '1091'], '1136': ['1136'], '1138': ['1138'], '1041': ['1041', '1126', '1125', '1127', '1124'], '1128': ['1128'], '1129': ['1129'], '1131': ['1131'], '1032': ['1032'], '1052': ['1052', '1053', '1049', '1050', '1054'], '1063': ['1063'], '1160': ['1160', '1147', '1161', '1145', '1146'], '1051': ['1051'], '1055': ['1055'], '1057': ['1057', '1060', '1071', '1061', '1072'], '1148': ['1148'], '1158': ['1158'], '1066': ['1066', '1038', '1048', '1068', '1034', '1067', '1064', '1065', '1031'], '1056': ['1056', '1077', '1075', '1076', '1074'], '1157': ['1157'], '1159': ['1159'], '1162': ['1162'], '1033': ['1033', '1109', '1105', '1106', '1107', '1058', '1059', '1113'], '1101': ['1101', '1102', '1098', '1099', '1100'], '1153': ['1153', '1154', '1155', '1156', '1152'], '1103': ['1103'], '1108': ['1108'], '1110': ['1110'], '1104': ['1104'], '1114': ['1114', '1115', '1118', '1116', '1119'], '1039': ['1039'], '1097': ['1097'], '1112': ['1112'], '1035': ['1035'], '1111': ['1111'], '1030': ['1030'], '1046': ['1046'], '1069': ['1069'], '1047': ['1047'], '1070': ['1070'], '1043': ['1043'], '1121': ['1121'], '1122': ['1122'], '1123': ['1123'], '1036': ['1036'], '1092': ['1092'], '1150': ['1150'], '1093': ['1093', '1094', '1151', '1149', '1037'], '1144': ['1144'], '1088': ['1088'], '1142': ['1142'], '1141': ['1141'], '1143': ['1143'], '1045': ['1045'], '1062': ['1062'], '1117': ['1117'], '1073': ['1073'], '1135': ['1135'], '1137': ['1137'], '1140': ['1140'], '1139': ['1139'], '1120': ['1120'], '1132': ['1132'], '1130': ['1130'], '1134': ['1134'], '1133': ['1133']})"
66,"defaultdict(<class 'list'>, {'1040': ['1040'], '1080': ['1080', '1079', '1077', '1076', '1078'], '1081': ['1081'], '1095': ['1095'], '1082': ['1082', '1084', '1042', '1083', '1085'], '1096': ['1096', '1138', '1135', '1137', '1139'], '1136': ['1136'], '1041': ['1041'], '1126': ['1126'], '1125': ['1125'], '1127': ['1127'], '1128': ['1128', '1129', '1132', '1130', '1134', '1131', '1120', '1133'], '1032': ['1032', '1052', '1063', '1053', '1049', '1051', '1055', '1050', '1054'], '1160': ['1160'], '1057': ['1057'], '1060': ['1060'], '1071': ['1071'], '1147': ['1147'], '1148': ['1148', '1158', '1157', '1159', '1156'], '1161': ['1161'], '1066': ['1066'], '1056': ['1056'], '1061': ['1061', '1062', '1075', '1073', '1074'], '1072': ['1072'], '1162': ['1162'], '1033': ['1033', '1153', '1154', '1155', '1152'], '1101': ['1101'], '1109': ['1109'], '1102': ['1102'], '1103': ['1103'], '1105': ['1105', '1106', '1107', '1058', '1059'], '1113': ['1113'], '1108': ['1108'], '1110': ['1110', '1111', '1064', '1065', '1031'], '1104': ['1104', '1117', '1118', '1116', '1119'], '1114': ['1114'], '1038': ['1038', '1048', '1068', '1034', '1067'], '1039': ['1039'], '1097': ['1097'], '1098': ['1098'], '1099': ['1099'], '1112': ['1112'], '1100': ['1100'], '1035': ['1035'], '1030': ['1030', '1046', '1069', '1047', '1070'], '1086': ['1086', '1089', '1044', '1087', '1090'], '1043': ['1043'], '1121': ['1121'], '1122': ['1122'], '1123': ['1123'], '1124': ['1124'], '1036': ['1036'], '1092': ['1092'], '1150': ['1150'], '1093': ['1093', '1094', '1151', '1149', '1037'], '1145': ['1145'], '1144': ['1144'], '1088': ['1088'], '1142': ['1142'], '1141': ['1141'], '1091': ['1091'], '1143': ['1143'], '1045': ['1045'], '1115': ['1115'], '1146': ['1146'], '1140': ['1140']})"
66,"defaultdict(<class 'list'>, {'1040': ['1040', '1080', '1079', '1081', '1078'], '1095': ['1095'], '1082': ['1082', '1084', '1042', '1083', '1085'], '1096': ['1096'], '1136': ['1136'], '1138': ['1138'], '1041': ['1041', '1126', '1125', '1127', '1124', '1131', '1122', '1123', '1045'], '1128': ['1128', '1129', '1132', '1130', '1134'], '1032': ['1032', '1052', '1063', '1053', '1049', '1160', '1161', '1162', '1146'], '1051': ['1051', '1055', '1056', '1050'], '1057': ['1057'], '1060': ['1060'], '1071': ['1071'], '1147': ['1147'], '1148': ['1148', '1158', '1157', '1159', '1156'], '1066': ['1066'], '1061': ['1061'], '1072': ['1072'], '1033': ['1033', '1109', '1153', '1155', '1152'], '1101': ['1101'], '1102': ['1102'], '1103': ['1103'], '1105': ['1105', '1106', '1107', '1058', '1059'], '1113': ['1113'], '1154': ['1154'], '1108': ['1108'], '1110': ['1110'], '1104': ['1104'], '1114': ['1114'], '1038': ['1038', '1048', '1068', '1034', '1067'], '1054': ['1054'], '1039': ['1039'], '1097': ['1097'], '1098': ['1098'], '1099': ['1099'], '1112': ['1112'], '1100': ['1100'], '1035': ['1035'], '1111': ['1111'], '1030': ['1030', '1046', '1069', '1047', '1070'], '1064': ['1064'], '1065': ['1065'], '1031': ['1031'], '1086': ['1086'], '1089': ['1089', '1092', '1044', '1090', '1091'], '1043': ['1043'], '1121': ['1121'], '1036': ['1036'], '1150': ['1150'], '1093': ['1093', '1094', '1151', '1149', '1037'], '1145': ['1145'], '1144': ['1144'], '1087': ['1087'], '1088': ['1088', '1142', '1141', '1143', '1139'], '1115': ['1115'], '1062': ['1062'], '1077': ['1077'], '1117': ['1117', '1118', '1116', '1119', '1120'], '1075': ['1075'], '1076': ['1076'], '1073': ['1073'], '1074': ['1074'], '1135': ['1135'], '1137': ['1137'], '1140': ['1140'], '1133': ['1133']})"
67,"defaultdict(<class 'list'>, {'1040': ['1040', '1080', '1081', '1082', '1084', '1042', '1083', '1085', '1078'], '1079': ['1079'], '1095': ['1095'], '1096': ['1096', '1138', '1135', '1137', '1139'], '1136': ['1136'], '1041': ['1041', '1126', '1125', '1127', '1128', '1124', '1131', '1043', '1121', '1122', '1123', '1045'], '1129': ['1129'], '1032': ['1032', '1052', '1063', '1053', '1049'], '1160': ['1160'], '1051': ['1051', '1055', '1056', '1075', '1076'], '1057': ['1057'], '1060': ['1060'], '1071': ['1071'], '1147': ['1147'], '1148': ['1148', '1158', '1157', '1159', '1156'], '1161': ['1161'], '1066': ['1066'], '1061': ['1061', '1062', '1073', '1074'], '1072': ['1072'], '1162': ['1162'], '1033': ['1033', '1153', '1154', '1155', '1152'], '1101': ['1101'], '1109': ['1109'], '1102': ['1102', '1103', '1104', '1098', '1099'], '1105': ['1105', '1106', '1107', '1058', '1059'], '1113': ['1113'], '1108': ['1108'], '1110': ['1110'], '1114': ['1114'], '1038': ['1038'], '1048': ['1048'], '1050': ['1050'], '1054': ['1054'], '1068': ['1068'], '1039': ['1039', '1097', '1112', '1035', '1111'], '1100': ['1100'], '1034': ['1034'], '1067': ['1067'], '1030': ['1030'], '1046': ['1046'], '1069': ['1069'], '1064': ['1064'], '1065': ['1065'], '1047': ['1047'], '1070': ['1070'], '1031': ['1031'], '1086': ['1086'], '1089': ['1089'], '1036': ['1036', '1092', '1150', '1151', '1149'], '1093': ['1093'], '1094': ['1094'], '1145': ['1145'], '1144': ['1144'], '1037': ['1037'], '1044': ['1044'], '1087': ['1087'], '1088': ['1088', '1142', '1141', '1143', '1140'], '1090': ['1090'], '1091': ['1091'], '1115': ['1115'], '1077': ['1077'], '1117': ['1117', '1118', '1116', '1119', '1120'], '1146': ['1146'], '1132': ['1132'], '1130': ['1130'], '1134': ['1134'], '1133': ['1133']})"
67,"defaultdict(<class 'list'>, {'1040': ['1040'], '1080': ['1080', '1079', '1077', '1076', '1078'], '1081': ['1081'], '1095': ['1095'], '1082': ['1082'], '1084': ['1084'], '1096': ['1096', '1138', '1135', '1137', '1139'], '1136': ['1136'], '1041': ['1041', '1126', '1125', '1127', '1124'], '1128': ['1128', '1131', '1132', '1130', '1133'], '1129': ['1129'], '1032': ['1032', '1160', '1161', '1162', '1146'], '1052': ['1052'], '1063': ['1063'], '1051': ['1051', '1055', '1056', '1049', '1050'], '1057': ['1057', '1060', '1061', '1105', '1106', '1107', '1058', '1059', '1113'], '1071': ['1071'], '1147': ['1147'], '1148': ['1148'], '1158': ['1158'], '1053': ['1053', '1038', '1048', '1054', '1034'], '1066': ['1066'], '1072': ['1072'], '1157': ['1157'], '1159': ['1159'], '1033': ['1033', '1101', '1109', '1153', '1100'], '1102': ['1102', '1103', '1104', '1117', '1118'], '1154': ['1154', '1151', '1152'], '1155': ['1155'], '1108': ['1108'], '1110': ['1110'], '1114': ['1114'], '1156': ['1156'], '1068': ['1068'], '1039': ['1039', '1097', '1112', '1035', '1111', '1098', '1099'], '1067': ['1067'], '1030': ['1030'], '1046': ['1046'], '1069': ['1069'], '1064': ['1064'], '1065': ['1065'], '1047': ['1047'], '1070': ['1070'], '1031': ['1031'], '1042': ['1042'], '1083': ['1083'], '1085': ['1085'], '1086': ['1086', '1089', '1044', '1087', '1090'], '1043': ['1043'], '1121': ['1121'], '1122': ['1122'], '1123': ['1123'], '1036': ['1036'], '1092': ['1092'], '1150': ['1150'], '1093': ['1093', '1094', '1144', '1149', '1037'], '1145': ['1145'], '1088': ['1088', '1142', '1141', '1143'], '1091': ['1091'], '1045': ['1045'], '1115': ['1115'], '1062': ['1062', '1075', '1073', '1074'], '1116': ['1116'], '1140': ['1140'], '1119': ['1119'], '1120': ['1120'], '1134': ['1134']})"
67,"defaultdict(<class 'list'>, {'1040': ['1040', '1080', '1079', '1081', '1078'], '1095': ['1095'], '1082': ['1082'], '1084': ['1084'], '1096': ['1096', '1138', '1135', '1137', '1139', '1136', '1088', '1142', '1141', '1143', '1140'], '1041': ['1041', '1126', '1125', '1127', '1124'], '1128': ['1128', '1131', '1132', '1130', '1133', '1129', '1120', '1134'], '1032': ['1032', '1160', '1161', '1162', '1146'], '1052': ['1052'], '1063': ['1063', '1057', '1071', '1066', '1067'], '1051': ['1051'], '1055': ['1055'], '1060': ['1060'], '1147': ['1147'], '1148': ['1148', '1158', '1157', '1159', '1156'], '1053': ['1053', '1038', '1048', '1054', '1034'], '1056': ['1056'], '1061': ['1061', '1062', '1075', '1073', '1074', '1076'], '1072': ['1072'], '1033': ['1033'], '1101': ['1101', '1102', '1098', '1099', '1100'], '1109': ['1109'], '1153': ['1153'], '1103': ['1103'], '1105': ['1105', '1106', '1107', '1058', '1059'], '1113': ['1113'], '1154': ['1154'], '1155': ['1155'], '1108': ['1108'], '1110': ['1110'], '1104': ['1104'], '1114': ['1114'], '1049': ['1049'], '1050': ['1050'], '1068': ['1068'], '1039': ['1039'], '1097': ['1097'], '1112': ['1112'], '1035': ['1035'], '1111': ['1111'], '1030': ['1030'], '1046': ['1046'], '1069': ['1069', '1064', '1065', '1070', '1031'], '1047': ['1047'], '1042': ['1042'], '1083': ['1083'], '1085': ['1085'], '1086': ['1086', '1089', '1044', '1087', '1090'], '1043': ['1043'], '1121': ['1121'], '1122': ['1122'], '1123': ['1123'], '1036': ['1036'], '1092': ['1092'], '1150': ['1150'], '1093': ['1093'], '1094': ['1094'], '1145': ['1145'], '1151': ['1151'], '1144': ['1144'], '1149': ['1149'], '1037': ['1037'], '1091': ['1091'], '1045': ['1045'], '1115': ['1115', '1117', '1118', '1116', '1119'], '1077': ['1077'], '1152': ['1152']})"
67,"defaultdict(<class 'list'>, {'1040': ['1040', '1080', '1079', '1081', '1078'], '1095': ['1095'], '1082': ['1082', '1084', '1042', '1083', '1085'], '1096': ['1096'], '1136': ['1136'], '1138': ['1138'], '1041': ['1041', '1126', '1125', '1127', '1124'], '1128': ['1128', '1131', '1132', '1130', '1133'], '1129': ['1129'], '1032': ['1032', '1160', '1161', '1162', '1146'], '1052': ['1052'], '1063': ['1063'], '1051': ['1051'], '1055': ['1055'], '1057': ['1057'], '1060': ['1060'], '1071': ['1071'], '1147': ['1147'], '1148': ['1148', '1158', '1157', '1159', '1156'], '1053': ['1053'], '1066': ['1066'], '1056': ['1056'], '1061': ['1061'], '1072': ['1072'], '1033': ['1033', '1153', '1154', '1155', '1152'], '1101': ['1101'], '1109': ['1109'], '1102': ['1102', '1103', '1104', '1117', '1118', '1039', '1097', '1098', '1099', '1035', '1112', '1111'], '1105': ['1105', '1106', '1107', '1058', '1059'], '1113': ['1113'], '1108': ['1108', '1115', '1116', '1119'], '1110': ['1110'], '1114': ['1114'], '1038': ['1038'], '1048': ['1048'], '1049': ['1049'], '1050': ['1050'], '1054': ['1054'], '1068': ['1068', '1077', '1075', '1076', '1074'], '1100': ['1100'], '1034': ['1034'], '1067': ['1067'], '1030': ['1030', '1046', '1069', '1047', '1070'], '1064': ['1064'], '1065': ['1065'], '1031': ['1031'], '1086': ['1086', '1089', '1044', '1087', '1090'], '1043': ['1043'], '1121': ['1121'], '1122': ['1122'], '1123': ['1123'], '1036': ['1036', '1092', '1150', '1093', '1094', '1151', '1149', '1037', '1144'], '1145': ['1145'], '1088': ['1088'], '1142': ['1142'], '1141': ['1141'], '1091': ['1091'], '1143': ['1143'], '1045': ['1045'], '1062': ['1062'], '1073': ['1073'], '1135': ['1135'], '1137': ['1137'], '1140': ['1140'], '1139': ['1139'], '1120': ['1120'], '1134': ['1134']})"
67,"defaultdict(<class 'list'>, {'1040': ['1040', '1080', '1079', '1081', '1078'], '1095': ['1095'], '1082': ['1082'], '1084': ['1084'], '1096': ['1096'], '1136': ['1136'], '1138': ['1138'], '1041': ['1041', '1126', '1125', '1043', '1121', '1122', '1123', '1045', '1124'], '1127': ['1127'], '1128': ['1128', '1131', '1132', '1130', '1133'], '1129': ['1129'], '1032': ['1032', '1160', '1147', '1161', '1145', '1146', '1162'], '1052': ['1052', '1051', '1053', '1049', '1050'], '1063': ['1063'], '1055': ['1055'], '1057': ['1057', '1060', '1061', '1058', '1059', '1105', '1106', '1113', '1107'], '1071': ['1071'], '1148': ['1148'], '1158': ['1158'], '1066': ['1066'], '1056': ['1056'], '1072': ['1072'], '1157': ['1157'], '1159': ['1159'], '1033': ['1033', '1153', '1154', '1036', '1150', '1151', '1152', '1155'], '1101': ['1101'], '1109': ['1109'], '1102': ['1102'], '1103': ['1103', '1104'], '1108': ['1108'], '1110': ['1110', '1039', '1097', '1098', '1099', '1035', '1112', '1111', '1117'], '1114': ['1114'], '1156': ['1156'], '1038': ['1038'], '1048': ['1048'], '1054': ['1054'], '1068': ['1068'], '1100': ['1100'], '1034': ['1034'], '1067': ['1067'], '1030': ['1030', '1046', '1069', '1047', '1070'], '1064': ['1064'], '1065': ['1065'], '1031': ['1031'], '1042': ['1042'], '1083': ['1083'], '1085': ['1085'], '1086': ['1086', '1087', '1088', '1141', '1143'], '1089': ['1089', '1092', '1044', '1090', '1091'], '1093': ['1093', '1094', '1144', '1149', '1037'], '1142': ['1142'], '1115': ['1115'], '1062': ['1062'], '1077': ['1077'], '1075': ['1075'], '1076': ['1076'], '1118': ['1118'], '1073': ['1073'], '1074': ['1074'], '1116': ['1116'], '1135': ['1135'], '1137': ['1137'], '1140': ['1140'], '1139': ['1139'], '1119': ['1119'], '1120': ['1120'], '1134': ['1134']})"
67,"defaultdict(<class 'list'>, {'1040': ['1040', '1080', '1079', '1081', '1078', '1038', '1048', '1068', '1034', '1067', '1077'], '1095': ['1095', '1082', '1084', '1083', '1085'], '1096': ['1096', '1138', '1135', '1137', '1139'], '1136': ['1136'], '1041': ['1041'], '1126': ['1126', '1125', '1127', '1043', '1121', '1122', '1123', '1045', '1124'], '1128': ['1128', '1129', '1132', '1130', '1134'], '1131': ['1131'], '1032': ['1032'], '1052': ['1052', '1053', '1049', '1050', '1054'], '1063': ['1063'], '1160': ['1160'], '1051': ['1051'], '1055': ['1055'], '1057': ['1057', '1060', '1061', '1058', '1059'], '1071': ['1071'], '1147': ['1147'], '1148': ['1148', '1158', '1157', '1159', '1156'], '1161': ['1161'], '1066': ['1066'], '1056': ['1056'], '1072': ['1072', '1075', '1076', '1073', '1074'], '1162': ['1162'], '1033': ['1033', '1101', '1109', '1153', '1100'], '1102': ['1102', '1103', '1104', '1117', '1118'], '1105': ['1105'], '1106': ['1106'], '1113': ['1113'], '1154': ['1154'], '1155': ['1155'], '1108': ['1108'], '1110': ['1110'], '1107': ['1107'], '1114': ['1114'], '1039': ['1039'], '1097': ['1097'], '1098': ['1098'], '1099': ['1099'], '1112': ['1112'], '1035': ['1035'], '1111': ['1111'], '1030': ['1030', '1046', '1069', '1047', '1070'], '1064': ['1064'], '1065': ['1065'], '1031': ['1031'], '1042': ['1042'], '1086': ['1086'], '1089': ['1089', '1092', '1044', '1090', '1091'], '1036': ['1036'], '1150': ['1150'], '1093': ['1093', '1094', '1144', '1149', '1037'], '1145': ['1145'], '1151': ['1151'], '1087': ['1087'], '1088': ['1088'], '1142': ['1142'], '1141': ['1141'], '1143': ['1143'], '1115': ['1115'], '1062': ['1062'], '1146': ['1146'], '1152': ['1152'], '1116': ['1116'], '1140': ['1140'], '1119': ['1119'], '1120': ['1120'], '1133': ['1133']})"
67,"defaultdict(<class 'list'>, {'1040': ['1040'], '1080': ['1080'], '1079': ['1079'], '1081': ['1081'], '1095': ['1095'], '1082': ['1082'], '1084': ['1084', '1042', '1085', '1086', '1087'], '1096': ['1096', '1138', '1135', '1137', '1139'], '1136': ['1136'], '1041': ['1041'], '1126': ['1126'], '1125': ['1125'], '1127': ['1127'], '1128': ['1128'], '1129': ['1129'], '1131': ['1131'], '1032': ['1032', '1063', '1160', '1161', '1162', '1147', '1148', '1158', '1157', '1159', '1156', '1146'], '1052': ['1052'], '1051': ['1051', '1055', '1056', '1049', '1050'], '1057': ['1057', '1060', '1061', '1058', '1059', '1105', '1106', '1113', '1107'], '1071': ['1071'], '1053': ['1053'], '1066': ['1066', '1068', '1067', '1077', '1076'], '1072': ['1072'], '1033': ['1033', '1153', '1154', '1155', '1152'], '1101': ['1101', '1102', '1098', '1099', '1100', '1103', '1039', '1097', '1035'], '1109': ['1109'], '1108': ['1108'], '1110': ['1110'], '1104': ['1104', '1030', '1046', '1047'], '1114': ['1114'], '1038': ['1038'], '1048': ['1048'], '1054': ['1054'], '1112': ['1112'], '1034': ['1034'], '1111': ['1111'], '1069': ['1069', '1064', '1065', '1070', '1031'], '1083': ['1083'], '1089': ['1089'], '1043': ['1043'], '1121': ['1121'], '1122': ['1122'], '1123': ['1123'], '1124': ['1124'], '1036': ['1036'], '1092': ['1092', '1150', '1093', '1094', '1144', '1149', '1037', '1145', '1151'], '1044': ['1044'], '1088': ['1088'], '1090': ['1090'], '1142': ['1142'], '1141': ['1141'], '1091': ['1091'], '1143': ['1143'], '1045': ['1045'], '1115': ['1115'], '1062': ['1062'], '1117': ['1117', '1118', '1116', '1119', '1120'], '1075': ['1075'], '1073': ['1073'], '1078': ['1078'], '1074': ['1074'], '1140': ['1140'], '1132': ['1132'], '1130': ['1130'], '1134': ['1134'], '1133': ['1133']})"
67,"defaultdict(<class 'list'>, {'1040': ['1040', '1080', '1081', '1082', '1078'], '1079': ['1079'], '1095': ['1095'], '1084': ['1084'], '1096': ['1096', '1136', '1135', '1137', '1140'], '1138': ['1138'], '1041': ['1041', '1126', '1125', '1127', '1124', '1129', '1122', '1123', '1045', '1043', '1121', '1134'], '1128': ['1128', '1131', '1132', '1133'], '1032': ['1032'], '1052': ['1052', '1051', '1053', '1049', '1050'], '1063': ['1063'], '1160': ['1160', '1147', '1161', '1145', '1146'], '1055': ['1055'], '1057': ['1057'], '1060': ['1060'], '1071': ['1071'], '1148': ['1148', '1158', '1157', '1159', '1156'], '1066': ['1066'], '1056': ['1056'], '1061': ['1061'], '1072': ['1072', '1075', '1076', '1073', '1074'], '1162': ['1162'], '1033': ['1033', '1153', '1154', '1155', '1152'], '1101': ['1101'], '1109': ['1109'], '1102': ['1102'], '1103': ['1103'], '1105': ['1105', '1106', '1107', '1058', '1059'], '1113': ['1113'], '1108': ['1108'], '1110': ['1110'], '1104': ['1104'], '1114': ['1114'], '1038': ['1038'], '1048': ['1048'], '1054': ['1054'], '1068': ['1068'], '1039': ['1039', '1097', '1098', '1099', '1035'], '1112': ['1112'], '1100': ['1100'], '1034': ['1034'], '1067': ['1067'], '1111': ['1111'], '1030': ['1030', '1046', '1069', '1047', '1070'], '1064': ['1064'], '1065': ['1065'], '1031': ['1031'], '1042': ['1042'], '1083': ['1083'], '1085': ['1085'], '1086': ['1086', '1089', '1044', '1087', '1090'], '1036': ['1036'], '1092': ['1092'], '1150': ['1150'], '1093': ['1093'], '1094': ['1094'], '1151': ['1151'], '1144': ['1144'], '1149': ['1149'], '1037': ['1037'], '1088': ['1088', '1142', '1141', '1143', '1139'], '1091': ['1091'], '1115': ['1115'], '1062': ['1062'], '1077': ['1077'], '1117': ['1117', '1118', '1116', '1119', '1120'], '1130': ['1130']})"
67,"defaultdict(<class 'list'>, {'1040': ['1040', '1080', '1079', '1081', '1078', '1095', '1082', '1084', '1042', '1083', '1085', '1096'], '1136': ['1136'], '1138': ['1138'], '1041': ['1041', '1126', '1125', '1127', '1124'], '1128': ['1128', '1131', '1132', '1130', '1133'], '1129': ['1129'], '1032': ['1032'], '1052': ['1052', '1051', '1053', '1049', '1050'], '1063': ['1063'], '1160': ['1160'], '1055': ['1055'], '1057': ['1057'], '1060': ['1060'], '1071': ['1071'], '1147': ['1147'], '1148': ['1148', '1158', '1157', '1159', '1156'], '1161': ['1161'], '1066': ['1066'], '1056': ['1056'], '1061': ['1061'], '1072': ['1072'], '1162': ['1162'], '1033': ['1033'], '1101': ['1101', '1102', '1098', '1099', '1100', '1103', '1039', '1097', '1035'], '1109': ['1109'], '1153': ['1153', '1154', '1155', '1151', '1152'], '1105': ['1105', '1106', '1107', '1058', '1059'], '1113': ['1113'], '1108': ['1108'], '1110': ['1110'], '1104': ['1104', '1112', '1111', '1117'], '1114': ['1114', '1115', '1118', '1116', '1119'], '1038': ['1038', '1048', '1068', '1034', '1067'], '1054': ['1054'], '1030': ['1030', '1046', '1069', '1047', '1070'], '1064': ['1064'], '1065': ['1065'], '1031': ['1031'], '1086': ['1086', '1089', '1044', '1087', '1090'], '1043': ['1043', '1121', '1122', '1123', '1045'], '1036': ['1036'], '1092': ['1092'], '1150': ['1150'], '1093': ['1093'], '1094': ['1094'], '1145': ['1145'], '1144': ['1144'], '1149': ['1149'], '1037': ['1037'], '1088': ['1088'], '1142': ['1142'], '1141': ['1141'], '1091': ['1091'], '1143': ['1143'], '1062': ['1062'], '1077': ['1077'], '1146': ['1146'], '1075': ['1075'], '1076': ['1076'], '1073': ['1073'], '1074': ['1074'], '1135': ['1135'], '1137': ['1137'], '1140': ['1140'], '1139': ['1139'], '1120': ['1120'], '1134': ['1134']})"
67,"defaultdict(<class 'list'>, {'1040': ['1040'], '1080': ['1080'], '1079': ['1079'], '1081': ['1081'], '1095': ['1095', '1082', '1084', '1083', '1085'], '1096': ['1096', '1138', '1135', '1137', '1139', '1136', '1140'], '1041': ['1041', '1126', '1125', '1127', '1124', '1129', '1043', '1121', '1122', '1123', '1045', '1134'], '1128': ['1128'], '1131': ['1131'], '1032': ['1032', '1052', '1063', '1053', '1049'], '1160': ['1160'], '1051': ['1051'], '1055': ['1055'], '1057': ['1057', '1060', '1061', '1058', '1059', '1071', '1072', '1062', '1073'], '1147': ['1147'], '1148': ['1148', '1158', '1157', '1159', '1156'], '1161': ['1161'], '1066': ['1066'], '1056': ['1056', '1077', '1075', '1076', '1074'], '1162': ['1162'], '1033': ['1033'], '1101': ['1101'], '1109': ['1109'], '1153': ['1153'], '1102': ['1102', '1103', '1104', '1098', '1099'], '1105': ['1105'], '1106': ['1106'], '1113': ['1113'], '1154': ['1154'], '1155': ['1155'], '1108': ['1108'], '1110': ['1110'], '1107': ['1107'], '1114': ['1114'], '1038': ['1038'], '1048': ['1048'], '1050': ['1050'], '1054': ['1054'], '1068': ['1068'], '1039': ['1039'], '1097': ['1097'], '1112': ['1112'], '1100': ['1100'], '1034': ['1034'], '1067': ['1067'], '1035': ['1035'], '1111': ['1111'], '1030': ['1030', '1046', '1069', '1047', '1070'], '1064': ['1064'], '1065': ['1065'], '1031': ['1031'], '1042': ['1042'], '1086': ['1086', '1087', '1088', '1141', '1143', '1142'], '1089': ['1089', '1149', '1044', '1090', '1091'], '1036': ['1036'], '1092': ['1092'], '1150': ['1150'], '1093': ['1093', '1094', '1145', '1144', '1037'], '1151': ['1151'], '1115': ['1115', '1118', '1116', '1119', '1120'], '1117': ['1117'], '1146': ['1146'], '1152': ['1152'], '1078': ['1078'], '1132': ['1132'], '1130': ['1130'], '1133': ['1133']})"
67,"defaultdict(<class 'list'>, {'1040': ['1040'], '1080': ['1080'], '1079': ['1079'], '1081': ['1081'], '1095': ['1095'], '1082': ['1082'], '1084': ['1084', '1042', '1085', '1086', '1087'], '1096': ['1096'], '1136': ['1136'], '1138': ['1138'], '1041': ['1041'], '1126': ['1126'], '1125': ['1125'], '1127': ['1127'], '1128': ['1128', '1131', '1132', '1130', '1133'], '1129': ['1129'], '1032': ['1032', '1052', '1063', '1053', '1049'], '1160': ['1160', '1147', '1161', '1162', '1146'], '1051': ['1051'], '1055': ['1055'], '1057': ['1057', '1060', '1061', '1058', '1059'], '1071': ['1071'], '1148': ['1148', '1158', '1157', '1159'], '1066': ['1066'], '1056': ['1056'], '1072': ['1072'], '1033': ['1033', '1101', '1102', '1098', '1099', '1100', '1103', '1108', '1107'], '1109': ['1109'], '1153': ['1153', '1154', '1155', '1156', '1152'], '1105': ['1105'], '1106': ['1106'], '1113': ['1113'], '1110': ['1110'], '1104': ['1104'], '1114': ['1114'], '1038': ['1038', '1048', '1068', '1034', '1067'], '1050': ['1050'], '1054': ['1054'], '1039': ['1039', '1097', '1112', '1035', '1111'], '1030': ['1030'], '1046': ['1046'], '1069': ['1069'], '1064': ['1064'], '1065': ['1065'], '1047': ['1047'], '1070': ['1070'], '1031': ['1031'], '1083': ['1083'], '1089': ['1089', '1149', '1044', '1090', '1091', '1093', '1094', '1037'], '1043': ['1043', '1121', '1122', '1123', '1045'], '1124': ['1124'], '1036': ['1036'], '1092': ['1092'], '1150': ['1150'], '1145': ['1145'], '1151': ['1151'], '1144': ['1144'], '1088': ['1088', '1142', '1141', '1143', '1139'], '1115': ['1115'], '1062': ['1062'], '1077': ['1077', '1075', '1076', '1073', '1074'], '1117': ['1117', '1118', '1116', '1119', '1120'], '1078': ['1078'], '1135': ['1135'], '1137': ['1137'], '1140': ['1140'], '1134': ['1134']})"
68,"defaultdict(<class 'list'>, {'1040': ['1040'], '1080': ['1080'], '1079': ['1079'], '1081': ['1081'], '1095': ['1095', '1082', '1084', '1083', '1085'], '1096': ['1096', '1138', '1135', '1137', '1139'], '1136': ['1136'], '1041': ['1041'], '1126': ['1126'], '1125': ['1125'], '1127': ['1127'], '1128': ['1128', '1129', '1132', '1130', '1134'], '1131': ['1131'], '1032': ['1032', '1052', '1063', '1053', '1049'], '1160': ['1160', '1147', '1161', '1145', '1146', '1162'], '1051': ['1051'], '1055': ['1055'], '1057': ['1057', '1060', '1061', '1058', '1059'], '1071': ['1071'], '1148': ['1148', '1158', '1157', '1159', '1156'], '1066': ['1066'], '1056': ['1056'], '1072': ['1072'], '1033': ['1033', '1109', '1153', '1155', '1152'], '1101': ['1101'], '1102': ['1102'], '1103': ['1103'], '1105': ['1105', '1106', '1113', '1107', '1114'], '1154': ['1154'], '1108': ['1108'], '1110': ['1110'], '1104': ['1104'], '1038': ['1038', '1048', '1068', '1034', '1067'], '1050': ['1050'], '1054': ['1054'], '1039': ['1039', '1097', '1112', '1035', '1111'], '1098': ['1098'], '1099': ['1099'], '1100': ['1100'], '1030': ['1030'], '1046': ['1046'], '1069': ['1069', '1064', '1065', '1070', '1031'], '1047': ['1047'], '1042': ['1042'], '1086': ['1086'], '1089': ['1089'], '1043': ['1043', '1121', '1122', '1123', '1045'], '1124': ['1124'], '1036': ['1036', '1092', '1150', '1093', '1094', '1144', '1149', '1037', '1151'], '1044': ['1044'], '1087': ['1087'], '1088': ['1088'], '1090': ['1090'], '1142': ['1142'], '1141': ['1141'], '1091': ['1091'], '1143': ['1143'], '1115': ['1115', '1118', '1116', '1119', '1120'], '1062': ['1062'], '1077': ['1077'], '1117': ['1117'], '1075': ['1075'], '1076': ['1076'], '1073': ['1073'], '1078': ['1078'], '1074': ['1074'], '1140': ['1140'], '1133': ['1133']})"
68,"defaultdict(<class 'list'>, {'1040': ['1040', '1080', '1081', '1082', '1084', '1042', '1083', '1085', '1078'], '1079': ['1079', '1038', '1048', '1068', '1034', '1067', '1077', '1076'], '1095': ['1095'], '1096': ['1096', '1136', '1135', '1137', '1140'], '1138': ['1138'], '1041': ['1041'], '1126': ['1126'], '1125': ['1125'], '1127': ['1127'], '1128': ['1128', '1131', '1132', '1130', '1133'], '1129': ['1129'], '1032': ['1032'], '1052': ['1052', '1053', '1049', '1050', '1054'], '1063': ['1063'], '1160': ['1160'], '1051': ['1051'], '1055': ['1055'], '1057': ['1057'], '1060': ['1060'], '1071': ['1071'], '1147': ['1147'], '1148': ['1148', '1158', '1157', '1159', '1156', '1153', '1154', '1155', '1152'], '1161': ['1161'], '1066': ['1066'], '1056': ['1056'], '1061': ['1061', '1062', '1075', '1073', '1074'], '1072': ['1072'], '1162': ['1162'], '1033': ['1033'], '1101': ['1101'], '1109': ['1109', '1105', '1106', '1113', '1107'], '1102': ['1102', '1103', '1104', '1117', '1118'], '1108': ['1108'], '1110': ['1110'], '1114': ['1114', '1030', '1046', '1069', '1064', '1065', '1070', '1031', '1047'], '1039': ['1039'], '1097': ['1097'], '1098': ['1098'], '1099': ['1099'], '1112': ['1112'], '1100': ['1100'], '1035': ['1035'], '1111': ['1111'], '1058': ['1058'], '1059': ['1059'], '1086': ['1086'], '1089': ['1089'], '1043': ['1043'], '1121': ['1121'], '1122': ['1122'], '1123': ['1123'], '1124': ['1124'], '1036': ['1036'], '1092': ['1092'], '1150': ['1150'], '1093': ['1093', '1094', '1151', '1149', '1037'], '1145': ['1145'], '1144': ['1144'], '1044': ['1044'], '1087': ['1087'], '1088': ['1088', '1142', '1141', '1143'], '1090': ['1090'], '1091': ['1091'], '1045': ['1045'], '1115': ['1115', '1116', '1119', '1120'], '1146': ['1146'], '1139': ['1139'], '1134': ['1134']})"
68,"defaultdict(<class 'list'>, {'1040': ['1040', '1080', '1081', '1082', '1078'], '1079': ['1079', '1077', '1075', '1076', '1074'], '1095': ['1095'], '1084': ['1084', '1042', '1085', '1086', '1089', '1044', '1087', '1090', '1091'], '1096': ['1096'], '1136': ['1136'], '1138': ['1138'], '1041': ['1041'], '1126': ['1126'], '1125': ['1125'], '1127': ['1127'], '1128': ['1128'], '1129': ['1129'], '1131': ['1131'], '1032': ['1032', '1052', '1063', '1053', '1049'], '1160': ['1160', '1147', '1161', '1145', '1146'], '1051': ['1051', '1038', '1048', '1050', '1034'], '1055': ['1055'], '1057': ['1057'], '1060': ['1060'], '1071': ['1071'], '1148': ['1148', '1158', '1157', '1159', '1156'], '1066': ['1066', '1068', '1067'], '1056': ['1056'], '1061': ['1061'], '1072': ['1072'], '1162': ['1162'], '1033': ['1033', '1101', '1109', '1153', '1100', '1154', '1155', '1152'], '1102': ['1102'], '1103': ['1103'], '1105': ['1105', '1106', '1107', '1058', '1059'], '1113': ['1113'], '1108': ['1108'], '1110': ['1110'], '1104': ['1104'], '1114': ['1114'], '1054': ['1054'], '1039': ['1039', '1097', '1098', '1099', '1035', '1112', '1111', '1117', '1118'], '1030': ['1030'], '1046': ['1046'], '1069': ['1069', '1064', '1065', '1070', '1031'], '1047': ['1047'], '1083': ['1083'], '1043': ['1043', '1121', '1122', '1123', '1045'], '1124': ['1124'], '1036': ['1036'], '1092': ['1092'], '1150': ['1150'], '1093': ['1093', '1094', '1151', '1149', '1037'], '1144': ['1144'], '1088': ['1088'], '1142': ['1142'], '1141': ['1141'], '1143': ['1143'], '1115': ['1115'], '1062': ['1062'], '1073': ['1073'], '1116': ['1116'], '1135': ['1135'], '1137': ['1137'], '1140': ['1140'], '1139': ['1139'], '1119': ['1119'], '1120': ['1120'], '1132': ['1132'], '1130': ['1130'], '1134': ['1134'], '1133': ['1133']})"
68,"defaultdict(<class 'list'>, {'1040': ['1040'], '1080': ['1080'], '1079': ['1079'], '1081': ['1081'], '1095': ['1095'], '1082': ['1082'], '1084': ['1084'], '1096': ['1096'], '1136': ['1136', '1133'], '1138': ['1138'], '1041': ['1041'], '1126': ['1126'], '1125': ['1125'], '1127': ['1127'], '1128': ['1128', '1129', '1132', '1130', '1134'], '1131': ['1131'], '1032': ['1032', '1160', '1161', '1162', '1146', '1147', '1148', '1158', '1156'], '1052': ['1052'], '1063': ['1063'], '1051': ['1051'], '1055': ['1055'], '1057': ['1057'], '1060': ['1060'], '1071': ['1071'], '1053': ['1053'], '1066': ['1066'], '1056': ['1056'], '1061': ['1061'], '1072': ['1072'], '1157': ['1157'], '1159': ['1159'], '1033': ['1033', '1153', '1154', '1155', '1152'], '1101': ['1101', '1102', '1098', '1099', '1100'], '1109': ['1109'], '1103': ['1103', '1104', '1030', '1046', '1047'], '1105': ['1105', '1106', '1107', '1058', '1059'], '1113': ['1113'], '1108': ['1108'], '1110': ['1110'], '1114': ['1114'], '1038': ['1038', '1048', '1068', '1034', '1067'], '1049': ['1049'], '1050': ['1050'], '1054': ['1054'], '1039': ['1039', '1097', '1112', '1035', '1111'], '1069': ['1069', '1064', '1065', '1070', '1031'], '1042': ['1042'], '1083': ['1083'], '1085': ['1085'], '1086': ['1086', '1089', '1044', '1087', '1090'], '1043': ['1043', '1121', '1122', '1123', '1045'], '1124': ['1124'], '1036': ['1036', '1092', '1150', '1093', '1094', '1151', '1149', '1037', '1144'], '1145': ['1145'], '1088': ['1088', '1142', '1141', '1143', '1140'], '1091': ['1091'], '1115': ['1115'], '1062': ['1062'], '1077': ['1077'], '1117': ['1117', '1118', '1116', '1119', '1120'], '1075': ['1075'], '1076': ['1076'], '1073': ['1073'], '1078': ['1078'], '1074': ['1074'], '1135': ['1135'], '1137': ['1137'], '1139': ['1139']})"
68,"defaultdict(<class 'list'>, {'1040': ['1040'], '1080': ['1080', '1079', '1077', '1076', '1078'], '1081': ['1081', '1082', '1084', '1042', '1083'], '1095': ['1095'], '1096': ['1096', '1138', '1135', '1137', '1139'], '1136': ['1136'], '1041': ['1041', '1126', '1125', '1127', '1124', '1129', '1122', '1123', '1045'], '1128': ['1128'], '1131': ['1131'], '1032': ['1032', '1052', '1063', '1053', '1049'], '1160': ['1160', '1147', '1161', '1162', '1146'], '1051': ['1051', '1038', '1048', '1050', '1034'], '1055': ['1055'], '1057': ['1057'], '1060': ['1060'], '1071': ['1071'], '1148': ['1148', '1158', '1157', '1159', '1156'], '1066': ['1066', '1068', '1067'], '1056': ['1056'], '1061': ['1061'], '1072': ['1072'], '1033': ['1033', '1109', '1153', '1155', '1152'], '1101': ['1101'], '1102': ['1102'], '1103': ['1103'], '1105': ['1105', '1106', '1107', '1058', '1059'], '1113': ['1113'], '1154': ['1154'], '1108': ['1108', '1115', '1116', '1119'], '1110': ['1110'], '1104': ['1104'], '1114': ['1114'], '1054': ['1054'], '1039': ['1039', '1097', '1098', '1099', '1035', '1112', '1111', '1117', '1118'], '1100': ['1100'], '1030': ['1030'], '1046': ['1046'], '1069': ['1069', '1064', '1065', '1070', '1031'], '1047': ['1047'], '1085': ['1085'], '1086': ['1086', '1089', '1044', '1087', '1090'], '1043': ['1043'], '1121': ['1121'], '1036': ['1036'], '1092': ['1092'], '1150': ['1150'], '1093': ['1093'], '1094': ['1094'], '1145': ['1145'], '1151': ['1151'], '1144': ['1144'], '1149': ['1149'], '1037': ['1037'], '1088': ['1088'], '1142': ['1142'], '1141': ['1141'], '1091': ['1091'], '1143': ['1143'], '1062': ['1062'], '1075': ['1075'], '1073': ['1073'], '1074': ['1074'], '1140': ['1140'], '1120': ['1120'], '1132': ['1132'], '1130': ['1130'], '1134': ['1134'], '1133': ['1133']})"
68,"defaultdict(<class 'list'>, {'1040': ['1040'], '1080': ['1080'], '1079': ['1079'], '1081': ['1081'], '1095': ['1095'], '1082': ['1082', '1084', '1042', '1083', '1085'], '1096': ['1096'], '1136': ['1136'], '1138': ['1138'], '1041': ['1041', '1126', '1125', '1127', '1043', '1121', '1122', '1123', '1045', '1124', '1128', '1132'], '1129': ['1129', '1131', '1120', '1130', '1134'], '1032': ['1032', '1160', '1147', '1148', '1158', '1157', '1159', '1161', '1162', '1155', '1156', '1146'], '1052': ['1052'], '1063': ['1063'], '1051': ['1051'], '1055': ['1055'], '1057': ['1057'], '1060': ['1060'], '1071': ['1071'], '1053': ['1053'], '1066': ['1066'], '1056': ['1056'], '1061': ['1061'], '1072': ['1072'], '1033': ['1033'], '1101': ['1101'], '1109': ['1109'], '1153': ['1153'], '1102': ['1102'], '1103': ['1103'], '1105': ['1105'], '1106': ['1106'], '1113': ['1113'], '1154': ['1154', '1036', '1092', '1150', '1093', '1094', '1151', '1149', '1037', '1144', '1145', '1152'], '1108': ['1108'], '1110': ['1110'], '1104': ['1104'], '1107': ['1107'], '1114': ['1114', '1030', '1046', '1069', '1047', '1070', '1064', '1065', '1031'], '1038': ['1038', '1048', '1068', '1034', '1067'], '1049': ['1049'], '1050': ['1050'], '1054': ['1054'], '1039': ['1039', '1097', '1098', '1099', '1035', '1112', '1111', '1117', '1118'], '1100': ['1100'], '1058': ['1058'], '1059': ['1059'], '1086': ['1086', '1089', '1087', '1090', '1091'], '1044': ['1044'], '1088': ['1088'], '1142': ['1142'], '1141': ['1141'], '1143': ['1143'], '1115': ['1115'], '1062': ['1062'], '1077': ['1077'], '1075': ['1075'], '1076': ['1076'], '1073': ['1073'], '1078': ['1078'], '1074': ['1074'], '1116': ['1116'], '1135': ['1135'], '1137': ['1137'], '1140': ['1140'], '1139': ['1139'], '1119': ['1119'], '1133': ['1133']})"
68,"defaultdict(<class 'list'>, {'1040': ['1040', '1080', '1079', '1081', '1078', '1077', '1075', '1076', '1074'], '1095': ['1095'], '1082': ['1082'], '1084': ['1084'], '1096': ['1096', '1138', '1135', '1137', '1139'], '1136': ['1136'], '1041': ['1041'], '1126': ['1126'], '1125': ['1125'], '1127': ['1127'], '1128': ['1128', '1129', '1132', '1130', '1134'], '1131': ['1131'], '1032': ['1032', '1160', '1161', '1162', '1146', '1147', '1148', '1158', '1157', '1159', '1156', '1145'], '1052': ['1052'], '1063': ['1063'], '1051': ['1051'], '1055': ['1055'], '1057': ['1057', '1060', '1071', '1061', '1105', '1106', '1107', '1058', '1059'], '1053': ['1053'], '1066': ['1066'], '1056': ['1056'], '1072': ['1072', '1070', '1073'], '1033': ['1033', '1109', '1153', '1155', '1152'], '1101': ['1101', '1102', '1098', '1099', '1100'], '1103': ['1103'], '1113': ['1113'], '1154': ['1154'], '1108': ['1108'], '1110': ['1110'], '1104': ['1104'], '1114': ['1114'], '1038': ['1038', '1048', '1068', '1034', '1067'], '1049': ['1049'], '1050': ['1050'], '1054': ['1054'], '1039': ['1039', '1097', '1112', '1035', '1111'], '1030': ['1030'], '1046': ['1046'], '1069': ['1069'], '1064': ['1064'], '1065': ['1065'], '1047': ['1047'], '1031': ['1031'], '1042': ['1042'], '1083': ['1083'], '1085': ['1085'], '1086': ['1086'], '1089': ['1089'], '1043': ['1043'], '1121': ['1121'], '1122': ['1122'], '1123': ['1123'], '1124': ['1124'], '1036': ['1036', '1092', '1150', '1151', '1149'], '1093': ['1093'], '1094': ['1094'], '1144': ['1144'], '1037': ['1037'], '1044': ['1044'], '1087': ['1087'], '1088': ['1088', '1142', '1141', '1143', '1140'], '1090': ['1090'], '1091': ['1091'], '1045': ['1045'], '1115': ['1115'], '1062': ['1062'], '1117': ['1117', '1118', '1116', '1119', '1120'], '1133': ['1133']})"
68,"defaultdict(<class 'list'>, {'1040': ['1040'], '1080': ['1080'], '1079': ['1079'], '1081': ['1081'], '1095': ['1095'], '1082': ['1082', '1084', '1042', '1083', '1085'], '1096': ['1096'], '1136': ['1136'], '1138': ['1138'], '1041': ['1041'], '1126': ['1126'], '1125': ['1125'], '1127': ['1127'], '1128': ['1128', '1131', '1132', '1130', '1133'], '1129': ['1129'], '1032': ['1032', '1052', '1063', '1053', '1049'], '1160': ['1160'], '1051': ['1051', '1055', '1056', '1050'], '1057': ['1057'], '1060': ['1060'], '1071': ['1071'], '1147': ['1147', '1148', '1158', '1157', '1159', '1156', '1161', '1033', '1153', '1154', '1155', '1152'], '1066': ['1066'], '1061': ['1061'], '1072': ['1072'], '1162': ['1162'], '1101': ['1101', '1102', '1103', '1039', '1097', '1098', '1099', '1035', '1100'], '1109': ['1109'], '1105': ['1105', '1106', '1107', '1058', '1059'], '1113': ['1113'], '1108': ['1108'], '1110': ['1110'], '1104': ['1104'], '1114': ['1114', '1030', '1046', '1069', '1064', '1065', '1070', '1031', '1047'], '1038': ['1038', '1048', '1068', '1034', '1067'], '1054': ['1054'], '1112': ['1112'], '1111': ['1111'], '1086': ['1086', '1089', '1044', '1087', '1090', '1088', '1142', '1091'], '1043': ['1043', '1121', '1122', '1123', '1045'], '1124': ['1124'], '1036': ['1036', '1092', '1150', '1151', '1149'], '1093': ['1093'], '1094': ['1094'], '1145': ['1145'], '1144': ['1144'], '1037': ['1037'], '1141': ['1141'], '1143': ['1143'], '1115': ['1115'], '1062': ['1062'], '1077': ['1077'], '1117': ['1117'], '1146': ['1146'], '1075': ['1075'], '1076': ['1076'], '1118': ['1118'], '1073': ['1073'], '1078': ['1078'], '1074': ['1074'], '1116': ['1116'], '1135': ['1135'], '1137': ['1137'], '1140': ['1140'], '1139': ['1139'], '1119': ['1119'], '1120': ['1120'], '1134': ['1134']})"
68,"defaultdict(<class 'list'>, {'1040': ['1040', '1080', '1081', '1082', '1078', '1084', '1042', '1083', '1085'], '1079': ['1079'], '1095': ['1095'], '1096': ['1096', '1138', '1135', '1137', '1139'], '1136': ['1136'], '1041': ['1041', '1126', '1125', '1127', '1124'], '1128': ['1128', '1131', '1132', '1130', '1133', '1129', '1120', '1134'], '1032': ['1032', '1063', '1071', '1066', '1067'], '1052': ['1052'], '1160': ['1160', '1147', '1161', '1162', '1146'], '1051': ['1051'], '1055': ['1055'], '1057': ['1057', '1060', '1061', '1058', '1059'], '1148': ['1148'], '1158': ['1158'], '1053': ['1053', '1038', '1048', '1054', '1034'], '1056': ['1056'], '1072': ['1072'], '1157': ['1157'], '1159': ['1159'], '1033': ['1033', '1153', '1154', '1155', '1152'], '1101': ['1101'], '1109': ['1109'], '1102': ['1102'], '1103': ['1103'], '1105': ['1105', '1106', '1113', '1107', '1114'], '1108': ['1108'], '1110': ['1110'], '1104': ['1104'], '1156': ['1156'], '1049': ['1049'], '1050': ['1050'], '1068': ['1068'], '1039': ['1039', '1097', '1098', '1099', '1035', '1112', '1111', '1117', '1118'], '1100': ['1100'], '1030': ['1030'], '1046': ['1046'], '1069': ['1069'], '1064': ['1064'], '1065': ['1065'], '1047': ['1047'], '1070': ['1070'], '1031': ['1031'], '1086': ['1086'], '1089': ['1089'], '1043': ['1043'], '1121': ['1121'], '1122': ['1122'], '1123': ['1123'], '1036': ['1036', '1092', '1150', '1151', '1149'], '1093': ['1093', '1094', '1144', '1037'], '1145': ['1145'], '1044': ['1044'], '1087': ['1087'], '1088': ['1088', '1142', '1141', '1143'], '1090': ['1090'], '1091': ['1091'], '1045': ['1045'], '1115': ['1115'], '1062': ['1062'], '1077': ['1077'], '1075': ['1075'], '1076': ['1076'], '1073': ['1073'], '1074': ['1074'], '1116': ['1116'], '1140': ['1140'], '1119': ['1119']})"
69,"defaultdict(<class 'list'>, {'1040': ['1040'], '1080': ['1080'], '1079': ['1079'], '1081': ['1081'], '1095': ['1095'], '1082': ['1082'], '1084': ['1084'], '1096': ['1096'], '1136': ['1136'], '1138': ['1138'], '1041': ['1041'], '1126': ['1126'], '1125': ['1125'], '1127': ['1127'], '1128': ['1128', '1129', '1132', '1130', '1134'], '1131': ['1131'], '1032': ['1032', '1160', '1161', '1162', '1146', '1147', '1148', '1158', '1156'], '1052': ['1052'], '1063': ['1063'], '1051': ['1051'], '1055': ['1055'], '1057': ['1057'], '1060': ['1060'], '1071': ['1071'], '1053': ['1053'], '1066': ['1066'], '1056': ['1056'], '1061': ['1061'], '1072': ['1072'], '1157': ['1157'], '1159': ['1159'], '1033': ['1033', '1153', '1154', '1155', '1152'], '1101': ['1101', '1102', '1098', '1099', '1100'], '1109': ['1109'], '1103': ['1103', '1104', '1030', '1046', '1047'], '1105': ['1105', '1106', '1107', '1058', '1059'], '1113': ['1113'], '1108': ['1108'], '1110': ['1110'], '1114': ['1114'], '1038': ['1038', '1048', '1068', '1034', '1067'], '1049': ['1049'], '1050': ['1050'], '1054': ['1054'], '1039': ['1039', '1097', '1112', '1035', '1111'], '1069': ['1069', '1064', '1065', '1070', '1031'], '1042': ['1042'], '1083': ['1083'], '1085': ['1085'], '1086': ['1086', '1089', '1044', '1087', '1090'], '1043': ['1043', '1121', '1122', '1123', '1045'], '1124': ['1124'], '1036': ['1036', '1092', '1150', '1093', '1094', '1151', '1149', '1037', '1144'], '1145': ['1145'], '1088': ['1088', '1142', '1141', '1143', '1140'], '1091': ['1091'], '1115': ['1115'], '1062': ['1062'], '1077': ['1077'], '1117': ['1117', '1118', '1116', '1119', '1120'], '1075': ['1075'], '1076': ['1076'], '1073': ['1073'], '1078': ['1078'], '1074': ['1074'], '1135': ['1135'], '1137': ['1137'], '1139': ['1139'], '1133': ['1133']})"
69,"defaultdict(<class 'list'>, {'1040': ['1040', '1080', '1079', '1081', '1078'], '1095': ['1095'], '1082': ['1082', '1084', '1042', '1083', '1085'], '1096': ['1096', '1138', '1135', '1137', '1139'], '1136': ['1136'], '1041': ['1041'], '1126': ['1126'], '1125': ['1125'], '1127': ['1127'], '1128': ['1128', '1131', '1132', '1130', '1133'], '1129': ['1129'], '1032': ['1032', '1160', '1161', '1162'], '1052': ['1052'], '1063': ['1063'], '1051': ['1051'], '1055': ['1055'], '1057': ['1057'], '1060': ['1060'], '1071': ['1071'], '1147': ['1147', '1036', '1092', '1145', '1146', '1150', '1093', '1094', '1151', '1149', '1037', '1144'], '1148': ['1148', '1158', '1157', '1159', '1153', '1154', '1155', '1156', '1152', '1033', '1109'], '1053': ['1053'], '1066': ['1066'], '1056': ['1056'], '1061': ['1061'], '1072': ['1072'], '1101': ['1101', '1102', '1103', '1039', '1097', '1098', '1099', '1035', '1100'], '1105': ['1105'], '1106': ['1106'], '1113': ['1113'], '1108': ['1108'], '1110': ['1110', '1111', '1064', '1065', '1031'], '1104': ['1104'], '1107': ['1107'], '1114': ['1114'], '1038': ['1038'], '1048': ['1048'], '1049': ['1049'], '1050': ['1050'], '1054': ['1054'], '1068': ['1068'], '1112': ['1112'], '1034': ['1034'], '1067': ['1067'], '1030': ['1030', '1046', '1069', '1047', '1070'], '1058': ['1058'], '1059': ['1059'], '1086': ['1086', '1087', '1088', '1141', '1143'], '1089': ['1089'], '1043': ['1043'], '1121': ['1121'], '1122': ['1122'], '1123': ['1123'], '1124': ['1124'], '1044': ['1044'], '1090': ['1090'], '1142': ['1142'], '1091': ['1091'], '1045': ['1045'], '1115': ['1115'], '1062': ['1062'], '1077': ['1077'], '1117': ['1117', '1118', '1116', '1119', '1120'], '1075': ['1075'], '1076': ['1076'], '1073': ['1073'], '1074': ['1074'], '1140': ['1140'], '1134': ['1134']})"
69,"defaultdict(<class 'list'>, {'1040': ['1040', '1080', '1079', '1077', '1076', '1078', '1075', '1074'], '1081': ['1081', '1082', '1084', '1042', '1083'], '1095': ['1095'], '1096': ['1096'], '1136': ['1136'], '1138': ['1138'], '1041': ['1041'], '1126': ['1126'], '1125': ['1125'], '1127': ['1127'], '1128': ['1128', '1131', '1132', '1130', '1133'], '1129': ['1129'], '1032': ['1032', '1160', '1161', '1162', '1146'], '1052': ['1052', '1053', '1049', '1050', '1054', '1051', '1055', '1061', '1062'], '1063': ['1063'], '1057': ['1057'], '1060': ['1060'], '1071': ['1071'], '1147': ['1147'], '1148': ['1148', '1158', '1157', '1159', '1156', '1153', '1154', '1155', '1152'], '1066': ['1066', '1038', '1048', '1068', '1067'], '1056': ['1056'], '1072': ['1072'], '1033': ['1033', '1109', '1113', '1110', '1111', '1105'], '1101': ['1101'], '1102': ['1102'], '1103': ['1103'], '1106': ['1106', '1108', '1107', '1058', '1059'], '1104': ['1104'], '1114': ['1114'], '1039': ['1039'], '1097': ['1097'], '1098': ['1098'], '1099': ['1099'], '1112': ['1112'], '1100': ['1100'], '1034': ['1034'], '1035': ['1035'], '1030': ['1030'], '1046': ['1046'], '1069': ['1069', '1064', '1065', '1070', '1031'], '1047': ['1047'], '1085': ['1085'], '1086': ['1086', '1089', '1044', '1087', '1090'], '1043': ['1043'], '1121': ['1121'], '1122': ['1122'], '1123': ['1123'], '1124': ['1124'], '1036': ['1036', '1092', '1150', '1151', '1149'], '1093': ['1093', '1094', '1144', '1037', '1143'], '1145': ['1145'], '1088': ['1088'], '1142': ['1142'], '1141': ['1141'], '1091': ['1091'], '1045': ['1045'], '1115': ['1115'], '1117': ['1117'], '1118': ['1118'], '1073': ['1073'], '1116': ['1116'], '1135': ['1135'], '1137': ['1137'], '1140': ['1140'], '1139': ['1139'], '1119': ['1119'], '1120': ['1120'], '1134': ['1134']})"
69,"defaultdict(<class 'list'>, {'1040': ['1040', '1080', '1081', '1082', '1078', '1079', '1095', '1096', '1083'], '1084': ['1084', '1042', '1085', '1086', '1089', '1044', '1087', '1090', '1091'], '1136': ['1136'], '1138': ['1138'], '1041': ['1041', '1126', '1125', '1127', '1124'], '1128': ['1128'], '1129': ['1129'], '1131': ['1131'], '1032': ['1032'], '1052': ['1052', '1053', '1049', '1050', '1054'], '1063': ['1063'], '1160': ['1160', '1147', '1161', '1145', '1146'], '1051': ['1051'], '1055': ['1055'], '1057': ['1057', '1060', '1071', '1061', '1072'], '1148': ['1148'], '1158': ['1158'], '1066': ['1066', '1038', '1048', '1068', '1034', '1067', '1064', '1065', '1031'], '1056': ['1056', '1077', '1075', '1076', '1074'], '1157': ['1157'], '1159': ['1159'], '1162': ['1162'], '1033': ['1033'], '1101': ['1101', '1102', '1098', '1099', '1100'], '1109': ['1109'], '1153': ['1153', '1154', '1155', '1156', '1152'], '1103': ['1103'], '1105': ['1105', '1106', '1107', '1058', '1059'], '1113': ['1113'], '1108': ['1108'], '1110': ['1110'], '1104': ['1104'], '1114': ['1114', '1115', '1118', '1116', '1119'], '1039': ['1039'], '1097': ['1097'], '1112': ['1112'], '1035': ['1035'], '1111': ['1111'], '1030': ['1030'], '1046': ['1046'], '1069': ['1069'], '1047': ['1047'], '1070': ['1070'], '1043': ['1043'], '1121': ['1121'], '1122': ['1122'], '1123': ['1123'], '1036': ['1036'], '1092': ['1092'], '1150': ['1150'], '1093': ['1093', '1094', '1151', '1149', '1037'], '1144': ['1144'], '1088': ['1088'], '1142': ['1142'], '1141': ['1141'], '1143': ['1143'], '1045': ['1045'], '1062': ['1062'], '1117': ['1117'], '1073': ['1073'], '1135': ['1135'], '1137': ['1137'], '1140': ['1140'], '1139': ['1139'], '1120': ['1120'], '1132': ['1132'], '1130': ['1130'], '1134': ['1134'], '1133': ['1133']})"
69,"defaultdict(<class 'list'>, {'1040': ['1040', '1080', '1079', '1081', '1078'], '1095': ['1095'], '1082': ['1082'], '1084': ['1084'], '1096': ['1096'], '1136': ['1136'], '1138': ['1138'], '1041': ['1041'], '1126': ['1126', '1125', '1127', '1128', '1124'], '1129': ['1129', '1131', '1120', '1130', '1134'], '1032': ['1032', '1160', '1161', '1162', '1146'], '1052': ['1052', '1053', '1049', '1050', '1054', '1051', '1055', '1061', '1062'], '1063': ['1063'], '1057': ['1057'], '1060': ['1060'], '1071': ['1071'], '1147': ['1147'], '1148': ['1148', '1158', '1157', '1159', '1153', '1154', '1155', '1156', '1152'], '1066': ['1066'], '1056': ['1056'], '1072': ['1072'], '1033': ['1033'], '1101': ['1101'], '1109': ['1109'], '1102': ['1102'], '1103': ['1103'], '1105': ['1105'], '1106': ['1106'], '1113': ['1113'], '1108': ['1108'], '1110': ['1110'], '1104': ['1104'], '1107': ['1107'], '1114': ['1114'], '1038': ['1038', '1048', '1068', '1034', '1067'], '1039': ['1039', '1097', '1098', '1099', '1035', '1112', '1111', '1117', '1118'], '1100': ['1100'], '1030': ['1030'], '1046': ['1046'], '1069': ['1069'], '1058': ['1058'], '1059': ['1059'], '1064': ['1064'], '1065': ['1065'], '1047': ['1047'], '1070': ['1070'], '1031': ['1031'], '1042': ['1042'], '1083': ['1083'], '1085': ['1085'], '1086': ['1086', '1089', '1044', '1087', '1090'], '1043': ['1043', '1121', '1122', '1123', '1045'], '1036': ['1036'], '1092': ['1092'], '1150': ['1150'], '1093': ['1093', '1094', '1151', '1149', '1037'], '1145': ['1145'], '1144': ['1144'], '1088': ['1088', '1142', '1141', '1143', '1139'], '1091': ['1091'], '1115': ['1115'], '1077': ['1077', '1075', '1076', '1073', '1074'], '1116': ['1116'], '1135': ['1135'], '1137': ['1137'], '1140': ['1140'], '1119': ['1119'], '1132': ['1132'], '1133': ['1133']})"
69,"defaultdict(<class 'list'>, {'1040': ['1040', '1080', '1081', '1082', '1078'], '1079': ['1079', '1077', '1075', '1076', '1074'], '1095': ['1095'], '1084': ['1084', '1042', '1085', '1086', '1089', '1044', '1087', '1090', '1091'], '1096': ['1096', '1138', '1135', '1137', '1139'], '1136': ['1136'], '1041': ['1041'], '1126': ['1126'], '1125': ['1125'], '1127': ['1127'], '1128': ['1128', '1131', '1132', '1130', '1133'], '1129': ['1129'], '1032': ['1032', '1160', '1161', '1162', '1146'], '1052': ['1052', '1053', '1049', '1050', '1054'], '1063': ['1063'], '1051': ['1051'], '1055': ['1055'], '1057': ['1057', '1060', '1061', '1062', '1073'], '1071': ['1071'], '1147': ['1147'], '1148': ['1148'], '1158': ['1158'], '1066': ['1066', '1067', '1064', '1065', '1031'], '1056': ['1056'], '1072': ['1072'], '1157': ['1157'], '1159': ['1159'], '1033': ['1033', '1153', '1154', '1155', '1152'], '1101': ['1101'], '1109': ['1109'], '1102': ['1102'], '1103': ['1103'], '1105': ['1105'], '1106': ['1106'], '1113': ['1113'], '1108': ['1108'], '1110': ['1110'], '1104': ['1104', '1030', '1046', '1047', '1117'], '1107': ['1107'], '1114': ['1114', '1115', '1118', '1116', '1119'], '1156': ['1156'], '1038': ['1038'], '1048': ['1048'], '1068': ['1068'], '1039': ['1039', '1097', '1098', '1099', '1035'], '1112': ['1112'], '1100': ['1100'], '1034': ['1034'], '1111': ['1111'], '1069': ['1069'], '1058': ['1058'], '1059': ['1059'], '1070': ['1070'], '1083': ['1083'], '1043': ['1043', '1121', '1122', '1123', '1045'], '1124': ['1124'], '1036': ['1036'], '1092': ['1092'], '1150': ['1150'], '1093': ['1093', '1094', '1151', '1149', '1037'], '1145': ['1145'], '1144': ['1144'], '1088': ['1088'], '1142': ['1142'], '1141': ['1141'], '1143': ['1143'], '1140': ['1140'], '1120': ['1120'], '1134': ['1134']})"
69,"defaultdict(<class 'list'>, {'1040': ['1040', '1080', '1081', '1082', '1078'], '1079': ['1079'], '1095': ['1095'], '1084': ['1084'], '1096': ['1096', '1138', '1135', '1137', '1139'], '1136': ['1136'], '1041': ['1041'], '1126': ['1126'], '1125': ['1125'], '1127': ['1127'], '1128': ['1128'], '1129': ['1129'], '1131': ['1131'], '1032': ['1032'], '1052': ['1052'], '1063': ['1063'], '1160': ['1160', '1147', '1161', '1145', '1146'], '1051': ['1051'], '1055': ['1055'], '1057': ['1057', '1060', '1061', '1105', '1106', '1107', '1058', '1059', '1113'], '1071': ['1071'], '1148': ['1148', '1158', '1157', '1159', '1156'], '1053': ['1053'], '1066': ['1066'], '1056': ['1056', '1077', '1075', '1076', '1074'], '1072': ['1072'], '1162': ['1162'], '1033': ['1033', '1153', '1154', '1155', '1152'], '1101': ['1101', '1102', '1098', '1099', '1100', '1103', '1039', '1097', '1035'], '1109': ['1109'], '1108': ['1108'], '1110': ['1110', '1111', '1064', '1065', '1031'], '1104': ['1104'], '1114': ['1114'], '1038': ['1038', '1048', '1068', '1034', '1067'], '1049': ['1049'], '1050': ['1050'], '1054': ['1054'], '1112': ['1112'], '1030': ['1030'], '1046': ['1046'], '1069': ['1069'], '1047': ['1047'], '1070': ['1070'], '1042': ['1042'], '1083': ['1083'], '1085': ['1085'], '1086': ['1086', '1089', '1044', '1087', '1090'], '1043': ['1043', '1121', '1122', '1123', '1045'], '1124': ['1124'], '1036': ['1036'], '1092': ['1092'], '1150': ['1150'], '1093': ['1093', '1094', '1151', '1149', '1037'], '1144': ['1144'], '1088': ['1088', '1142', '1141', '1143', '1140'], '1091': ['1091'], '1115': ['1115'], '1062': ['1062'], '1117': ['1117'], '1118': ['1118'], '1073': ['1073'], '1116': ['1116'], '1119': ['1119'], '1120': ['1120'], '1132': ['1132'], '1130': ['1130'], '1134': ['1134'], '1133': ['1133']})"
69,"defaultdict(<class 'list'>, {'1040': ['1040'], '1080': ['1080'], '1079': ['1079'], '1081': ['1081'], '1095': ['1095'], '1082': ['1082', '1084', '1042', '1083', '1085'], '1096': ['1096', '1138', '1135', '1137', '1139'], '1136': ['1136'], '1041': ['1041'], '1126': ['1126', '1125', '1127', '1043', '1121', '1122', '1123', '1045', '1124'], '1128': ['1128', '1131', '1132', '1130', '1133'], '1129': ['1129'], '1032': ['1032', '1160', '1161', '1162', '1146'], '1052': ['1052', '1053', '1049', '1050', '1054'], '1063': ['1063'], '1051': ['1051'], '1055': ['1055'], '1057': ['1057'], '1060': ['1060'], '1071': ['1071'], '1147': ['1147'], '1148': ['1148'], '1158': ['1158'], '1066': ['1066'], '1056': ['1056'], '1061': ['1061'], '1072': ['1072'], '1157': ['1157'], '1159': ['1159'], '1033': ['1033'], '1101': ['1101'], '1109': ['1109', '1110', '1039', '1097', '1098', '1099', '1035', '1112', '1111'], '1153': ['1153'], '1102': ['1102'], '1103': ['1103'], '1105': ['1105', '1106', '1107', '1058', '1059', '1113', '1108', '1114', '1115'], '1154': ['1154'], '1155': ['1155'], '1104': ['1104'], '1156': ['1156'], '1038': ['1038', '1048', '1068', '1034', '1067'], '1100': ['1100'], '1030': ['1030'], '1046': ['1046'], '1069': ['1069'], '1064': ['1064'], '1065': ['1065'], '1047': ['1047'], '1070': ['1070'], '1031': ['1031'], '1086': ['1086', '1087', '1088', '1141', '1143'], '1089': ['1089'], '1036': ['1036', '1092', '1150', '1093', '1094', '1151', '1149', '1037', '1144'], '1145': ['1145'], '1044': ['1044'], '1090': ['1090'], '1142': ['1142'], '1091': ['1091'], '1062': ['1062'], '1077': ['1077'], '1117': ['1117', '1118', '1116', '1119', '1120'], '1152': ['1152'], '1075': ['1075'], '1076': ['1076'], '1073': ['1073'], '1078': ['1078'], '1074': ['1074'], '1140': ['1140'], '1134': ['1134']})"
69,"defaultdict(<class 'list'>, {'1040': ['1040', '1080', '1079', '1081', '1078', '1095', '1082', '1084', '1042', '1083', '1085', '1086'], '1096': ['1096', '1138', '1135', '1137', '1139'], '1136': ['1136'], '1041': ['1041'], '1126': ['1126', '1125', '1127', '1043', '1121', '1122', '1123', '1045', '1124'], '1128': ['1128'], '1129': ['1129'], '1131': ['1131'], '1032': ['1032'], '1052': ['1052', '1051', '1053', '1049', '1050'], '1063': ['1063'], '1160': ['1160'], '1055': ['1055'], '1057': ['1057', '1060', '1071', '1061', '1105', '1106', '1107', '1058', '1059'], '1147': ['1147'], '1148': ['1148', '1158', '1157', '1159', '1156'], '1161': ['1161'], '1066': ['1066'], '1056': ['1056', '1077', '1075', '1076', '1074'], '1072': ['1072'], '1162': ['1162'], '1033': ['1033'], '1101': ['1101'], '1109': ['1109'], '1153': ['1153'], '1102': ['1102'], '1103': ['1103'], '1113': ['1113', '1114', '1115'], '1154': ['1154'], '1155': ['1155'], '1108': ['1108'], '1110': ['1110'], '1104': ['1104'], '1038': ['1038', '1048', '1068', '1034', '1067'], '1054': ['1054'], '1039': ['1039', '1097', '1098', '1099', '1035'], '1112': ['1112'], '1100': ['1100'], '1111': ['1111'], '1030': ['1030', '1046', '1069', '1047', '1070'], '1064': ['1064'], '1065': ['1065'], '1031': ['1031'], '1089': ['1089'], '1036': ['1036'], '1092': ['1092'], '1150': ['1150'], '1093': ['1093'], '1094': ['1094'], '1145': ['1145'], '1151': ['1151'], '1144': ['1144'], '1149': ['1149'], '1037': ['1037'], '1044': ['1044'], '1087': ['1087'], '1088': ['1088', '1142', '1141', '1143'], '1090': ['1090'], '1091': ['1091'], '1062': ['1062'], '1117': ['1117', '1118', '1116', '1119', '1120'], '1146': ['1146'], '1152': ['1152'], '1073': ['1073'], '1140': ['1140'], '1132': ['1132'], '1130': ['1130'], '1134': ['1134'], '1133': ['1133']})"
69,"defaultdict(<class 'list'>, {'1040': ['1040', '1080', '1079', '1081', '1078'], '1095': ['1095'], '1082': ['1082'], '1084': ['1084', '1042', '1085', '1086', '1089', '1044', '1087', '1090', '1091'], '1096': ['1096', '1138', '1135', '1137', '1139'], '1136': ['1136'], '1041': ['1041'], '1126': ['1126'], '1125': ['1125'], '1127': ['1127'], '1128': ['1128', '1131', '1132', '1130', '1133'], '1129': ['1129'], '1032': ['1032', '1052', '1063', '1053', '1049'], '1160': ['1160'], '1051': ['1051'], '1055': ['1055'], '1057': ['1057'], '1060': ['1060'], '1071': ['1071'], '1147': ['1147', '1148', '1158', '1157', '1159'], '1161': ['1161'], '1066': ['1066'], '1056': ['1056'], '1061': ['1061'], '1072': ['1072'], '1162': ['1162'], '1033': ['1033'], '1101': ['1101'], '1109': ['1109'], '1153': ['1153', '1154', '1155', '1156', '1152'], '1102': ['1102'], '1103': ['1103'], '1105': ['1105', '1106', '1113', '1107', '1114'], '1108': ['1108'], '1110': ['1110'], '1104': ['1104'], '1038': ['1038', '1048', '1068', '1034', '1067'], '1050': ['1050'], '1054': ['1054'], '1039': ['1039'], '1097': ['1097'], '1098': ['1098'], '1099': ['1099'], '1112': ['1112'], '1100': ['1100'], '1035': ['1035'], '1111': ['1111'], '1030': ['1030'], '1046': ['1046'], '1069': ['1069', '1064', '1065', '1070', '1031'], '1058': ['1058'], '1059': ['1059'], '1047': ['1047'], '1083': ['1083'], '1043': ['1043', '1121', '1122', '1123', '1045'], '1124': ['1124'], '1036': ['1036'], '1092': ['1092', '1150', '1093', '1094', '1144', '1149', '1037', '1145', '1151'], '1088': ['1088', '1142', '1141', '1143', '1140'], '1115': ['1115'], '1062': ['1062'], '1077': ['1077'], '1117': ['1117', '1118', '1116', '1119', '1120'], '1146': ['1146'], '1075': ['1075'], '1076': ['1076'], '1073': ['1073'], '1074': ['1074'], '1134': ['1134']})"
69,"defaultdict(<class 'list'>, {'1040': ['1040', '1080', '1081', '1095', '1082', '1084', '1042', '1083', '1085'], '1079': ['1079', '1077', '1075', '1076', '1074'], '1096': ['1096', '1138', '1135', '1137', '1139'], '1136': ['1136'], '1041': ['1041', '1126', '1125', '1127', '1043', '1121', '1122', '1123', '1045', '1124', '1128', '1132'], '1129': ['1129'], '1131': ['1131'], '1032': ['1032', '1160', '1161', '1162', '1146'], '1052': ['1052'], '1063': ['1063'], '1051': ['1051', '1055', '1056', '1049', '1050'], '1057': ['1057', '1060', '1061', '1105', '1106', '1107', '1058', '1059', '1062'], '1071': ['1071'], '1147': ['1147'], '1148': ['1148', '1158', '1157', '1159', '1156'], '1053': ['1053', '1054'], '1066': ['1066'], '1072': ['1072'], '1033': ['1033', '1153', '1154', '1155', '1152'], '1101': ['1101'], '1109': ['1109'], '1102': ['1102'], '1103': ['1103'], '1113': ['1113'], '1108': ['1108'], '1110': ['1110'], '1104': ['1104'], '1114': ['1114'], '1038': ['1038', '1048', '1068', '1034', '1067'], '1039': ['1039'], '1097': ['1097'], '1098': ['1098'], '1099': ['1099'], '1112': ['1112'], '1100': ['1100'], '1035': ['1035'], '1111': ['1111'], '1030': ['1030'], '1046': ['1046'], '1069': ['1069'], '1064': ['1064'], '1065': ['1065'], '1047': ['1047'], '1070': ['1070'], '1031': ['1031'], '1086': ['1086', '1087', '1088', '1141', '1143'], '1089': ['1089'], '1036': ['1036', '1092', '1150', '1151', '1149'], '1093': ['1093'], '1094': ['1094'], '1145': ['1145'], '1144': ['1144'], '1037': ['1037'], '1044': ['1044'], '1090': ['1090'], '1142': ['1142'], '1091': ['1091'], '1115': ['1115'], '1117': ['1117'], '1118': ['1118'], '1073': ['1073'], '1078': ['1078'], '1116': ['1116'], '1140': ['1140'], '1119': ['1119'], '1120': ['1120'], '1130': ['1130'], '1134': ['1134'], '1133': ['1133']})"
69,"defaultdict(<class 'list'>, {'1040': ['1040', '1080', '1081', '1082', '1078', '1079', '1095', '1096', '1083'], '1084': ['1084', '1042', '1085', '1086', '1087'], '1136': ['1136'], '1138': ['1138', '1137', '1139'], '1041': ['1041'], '1126': ['1126'], '1125': ['1125'], '1127': ['1127'], '1128': ['1128'], '1129': ['1129'], '1131': ['1131'], '1032': ['1032', '1160', '1161', '1162', '1146'], '1052': ['1052', '1051', '1053', '1049', '1050', '1054'], '1063': ['1063'], '1055': ['1055', '1056', '1075', '1076', '1074'], '1057': ['1057'], '1060': ['1060'], '1071': ['1071'], '1147': ['1147'], '1148': ['1148'], '1158': ['1158'], '1066': ['1066'], '1061': ['1061'], '1072': ['1072'], '1157': ['1157'], '1159': ['1159'], '1033': ['1033'], '1101': ['1101', '1102', '1098', '1099', '1100'], '1109': ['1109'], '1153': ['1153', '1154', '1155', '1156', '1152'], '1103': ['1103'], '1105': ['1105', '1106', '1113', '1107', '1114'], '1108': ['1108'], '1110': ['1110', '1111', '1064', '1065', '1031'], '1104': ['1104'], '1038': ['1038', '1048', '1068', '1034', '1067'], '1039': ['1039'], '1097': ['1097'], '1112': ['1112'], '1035': ['1035'], '1030': ['1030', '1046', '1069', '1047', '1070'], '1058': ['1058'], '1059': ['1059'], '1089': ['1089'], '1043': ['1043', '1121', '1122', '1123', '1045'], '1124': ['1124'], '1036': ['1036'], '1092': ['1092'], '1150': ['1150'], '1093': ['1093'], '1094': ['1094'], '1145': ['1145'], '1151': ['1151'], '1144': ['1144'], '1149': ['1149'], '1037': ['1037'], '1044': ['1044'], '1088': ['1088', '1142', '1141', '1143', '1140'], '1090': ['1090'], '1091': ['1091'], '1115': ['1115'], '1062': ['1062'], '1077': ['1077'], '1117': ['1117', '1118', '1116', '1119', '1120'], '1073': ['1073'], '1135': ['1135', '1134'], '1132': ['1132'], '1130': ['1130'], '1133': ['1133']})"
69,"defaultdict(<class 'list'>, {'1040': ['1040'], '1080': ['1080', '1079', '1077', '1076', '1078'], '1081': ['1081', '1095', '1082', '1084', '1042', '1083', '1085', '1096'], '1136': ['1136'], '1138': ['1138'], '1041': ['1041', '1126', '1125', '1127', '1124', '1129', '1122', '1123', '1045'], '1128': ['1128', '1131', '1132', '1130', '1133'], '1032': ['1032', '1160', '1161', '1162', '1146', '1147', '1148', '1158', '1157', '1159', '1155', '1156'], '1052': ['1052'], '1063': ['1063'], '1051': ['1051', '1038', '1048', '1068', '1034', '1067', '1049', '1050'], '1055': ['1055'], '1057': ['1057'], '1060': ['1060'], '1071': ['1071'], '1053': ['1053'], '1066': ['1066', '1110', '1064', '1065', '1031'], '1056': ['1056'], '1061': ['1061', '1062', '1075', '1073', '1074'], '1072': ['1072'], '1033': ['1033', '1101', '1102', '1103', '1104', '1098', '1099', '1100'], '1109': ['1109'], '1153': ['1153'], '1105': ['1105'], '1106': ['1106'], '1113': ['1113'], '1154': ['1154'], '1108': ['1108'], '1107': ['1107'], '1114': ['1114', '1115', '1118', '1116', '1119'], '1054': ['1054'], '1039': ['1039'], '1097': ['1097'], '1112': ['1112'], '1035': ['1035'], '1111': ['1111'], '1030': ['1030'], '1046': ['1046'], '1069': ['1069'], '1058': ['1058'], '1059': ['1059'], '1047': ['1047'], '1070': ['1070'], '1086': ['1086', '1087', '1088', '1141', '1143'], '1089': ['1089'], '1043': ['1043'], '1121': ['1121'], '1036': ['1036'], '1092': ['1092'], '1150': ['1150'], '1093': ['1093'], '1094': ['1094'], '1145': ['1145'], '1151': ['1151'], '1144': ['1144'], '1149': ['1149'], '1037': ['1037'], '1044': ['1044'], '1090': ['1090'], '1142': ['1142'], '1091': ['1091'], '1117': ['1117'], '1152': ['1152'], '1135': ['1135'], '1137': ['1137'], '1140': ['1140'], '1139': ['1139'], '1120': ['1120'], '1134': ['1134']})"
69,"defaultdict(<class 'list'>, {'1040': ['1040', '1080', '1079', '1081', '1078', '1095', '1082', '1084', '1042', '1083', '1085', '1096'], '1136': ['1136'], '1138': ['1138'], '1041': ['1041'], '1126': ['1126'], '1125': ['1125'], '1127': ['1127'], '1128': ['1128'], '1129': ['1129'], '1131': ['1131'], '1032': ['1032', '1160', '1161', '1162', '1146'], '1052': ['1052', '1053'], '1063': ['1063'], '1051': ['1051', '1055', '1056', '1049', '1050'], '1057': ['1057', '1060', '1061', '1058', '1059'], '1071': ['1071'], '1147': ['1147', '1148', '1158', '1157', '1159', '1156', '1033', '1153', '1154', '1155', '1152', '1109'], '1066': ['1066'], '1072': ['1072'], '1101': ['1101', '1102', '1098', '1099', '1100'], '1103': ['1103'], '1105': ['1105'], '1106': ['1106'], '1113': ['1113'], '1108': ['1108'], '1110': ['1110'], '1104': ['1104'], '1107': ['1107'], '1114': ['1114', '1030', '1046', '1069', '1064', '1065', '1070', '1031', '1047'], '1038': ['1038', '1048', '1068', '1034', '1067'], '1054': ['1054', '1062'], '1039': ['1039'], '1097': ['1097'], '1112': ['1112'], '1035': ['1035'], '1111': ['1111'], '1086': ['1086'], '1089': ['1089'], '1043': ['1043'], '1121': ['1121'], '1122': ['1122'], '1123': ['1123'], '1124': ['1124'], '1036': ['1036'], '1092': ['1092'], '1150': ['1150'], '1093': ['1093', '1094', '1151', '1149', '1037'], '1145': ['1145'], '1144': ['1144'], '1044': ['1044'], '1087': ['1087'], '1088': ['1088', '1142', '1141', '1143', '1140'], '1090': ['1090'], '1091': ['1091'], '1045': ['1045'], '1115': ['1115'], '1077': ['1077', '1075', '1076', '1073', '1074'], '1117': ['1117'], '1118': ['1118'], '1116': ['1116'], '1135': ['1135'], '1137': ['1137'], '1139': ['1139'], '1119': ['1119'], '1120': ['1120'], '1132': ['1132'], '1130': ['1130'], '1134': ['1134'], '1133': ['1133']})"
69,"defaultdict(<class 'list'>, {'1040': ['1040', '1080', '1079', '1081', '1078'], '1095': ['1095'], '1082': ['1082', '1084', '1042', '1083', '1085'], '1096': ['1096', '1138', '1135', '1137', '1139', '1136', '1088', '1142', '1141', '1143', '1140'], '1041': ['1041', '1126', '1125', '1127', '1124'], '1128': ['1128'], '1129': ['1129'], '1131': ['1131'], '1032': ['1032'], '1052': ['1052'], '1063': ['1063'], '1160': ['1160'], '1051': ['1051'], '1055': ['1055'], '1057': ['1057'], '1060': ['1060'], '1071': ['1071'], '1147': ['1147', '1036', '1092', '1145', '1146'], '1148': ['1148'], '1158': ['1158'], '1161': ['1161'], '1053': ['1053'], '1066': ['1066'], '1056': ['1056', '1077', '1075', '1076', '1074'], '1061': ['1061'], '1072': ['1072'], '1157': ['1157'], '1159': ['1159'], '1162': ['1162'], '1033': ['1033', '1153', '1154', '1155', '1151', '1152', '1156'], '1101': ['1101', '1102', '1098', '1099', '1100', '1103', '1039', '1097', '1035'], '1109': ['1109'], '1105': ['1105', '1106', '1107', '1058', '1059', '1113', '1108', '1114', '1115'], '1110': ['1110', '1111', '1064', '1065', '1031'], '1104': ['1104'], '1038': ['1038'], '1048': ['1048'], '1049': ['1049'], '1050': ['1050'], '1054': ['1054'], '1068': ['1068'], '1112': ['1112'], '1034': ['1034'], '1067': ['1067'], '1030': ['1030'], '1046': ['1046'], '1069': ['1069'], '1047': ['1047'], '1070': ['1070'], '1086': ['1086'], '1089': ['1089'], '1043': ['1043'], '1121': ['1121'], '1122': ['1122'], '1123': ['1123'], '1150': ['1150'], '1093': ['1093', '1094', '1144', '1149', '1037'], '1044': ['1044'], '1087': ['1087'], '1090': ['1090'], '1091': ['1091'], '1045': ['1045'], '1062': ['1062'], '1117': ['1117', '1118', '1116', '1119', '1120'], '1073': ['1073'], '1132': ['1132'], '1130': ['1130'], '1134': ['1134'], '1133': ['1133']})"
69,"defaultdict(<class 'list'>, {'1040': ['1040'], '1080': ['1080', '1079', '1077', '1076', '1078'], '1081': ['1081'], '1095': ['1095'], '1082': ['1082', '1084', '1042', '1083', '1085'], '1096': ['1096', '1138', '1135', '1137', '1139'], '1136': ['1136'], '1041': ['1041', '1126', '1125', '1127', '1124'], '1128': ['1128', '1131', '1132', '1130', '1133'], '1129': ['1129'], '1032': ['1032', '1052', '1053', '1049', '1050', '1054', '1063', '1051', '1055'], '1160': ['1160'], '1057': ['1057', '1060', '1061', '1105', '1106', '1107', '1058', '1059', '1113'], '1071': ['1071'], '1147': ['1147'], '1148': ['1148'], '1158': ['1158', '1157', '1159', '1033', '1153', '1154', '1155', '1152', '1156'], '1161': ['1161'], '1066': ['1066'], '1056': ['1056', '1104', '1030', '1046', '1047'], '1072': ['1072'], '1162': ['1162'], '1101': ['1101', '1102', '1098', '1099', '1100'], '1109': ['1109'], '1103': ['1103'], '1108': ['1108'], '1110': ['1110'], '1114': ['1114'], '1038': ['1038'], '1048': ['1048'], '1068': ['1068'], '1039': ['1039', '1097', '1112', '1035', '1111'], '1034': ['1034'], '1067': ['1067'], '1069': ['1069'], '1064': ['1064'], '1065': ['1065'], '1070': ['1070'], '1031': ['1031'], '1086': ['1086'], '1089': ['1089'], '1043': ['1043'], '1121': ['1121'], '1122': ['1122'], '1123': ['1123'], '1036': ['1036'], '1092': ['1092', '1150', '1093', '1094', '1151', '1149', '1037', '1145', '1144'], '1044': ['1044'], '1087': ['1087'], '1088': ['1088'], '1090': ['1090'], '1142': ['1142'], '1141': ['1141'], '1091': ['1091'], '1143': ['1143'], '1045': ['1045'], '1115': ['1115'], '1062': ['1062'], '1117': ['1117'], '1146': ['1146'], '1075': ['1075'], '1118': ['1118'], '1073': ['1073'], '1074': ['1074'], '1116': ['1116'], '1140': ['1140'], '1119': ['1119'], '1120': ['1120'], '1134': ['1134']})"
69,"defaultdict(<class 'list'>, {'1040': ['1040', '1080', '1081', '1095', '1082', '1084', '1042', '1083', '1085'], '1079': ['1079'], '1096': ['1096', '1138', '1135', '1137', '1139'], '1136': ['1136'], '1041': ['1041'], '1126': ['1126'], '1125': ['1125'], '1127': ['1127'], '1128': ['1128', '1129', '1132', '1130', '1134'], '1131': ['1131'], '1032': ['1032', '1052', '1051', '1053', '1049', '1050', '1063', '1055', '1054'], '1160': ['1160'], '1057': ['1057', '1060', '1061', '1058', '1059'], '1071': ['1071'], '1147': ['1147'], '1148': ['1148', '1158', '1157', '1159', '1156', '1153', '1154', '1155', '1152'], '1161': ['1161'], '1066': ['1066'], '1056': ['1056'], '1072': ['1072', '1075', '1076', '1073', '1074'], '1162': ['1162'], '1033': ['1033'], '1101': ['1101'], '1109': ['1109'], '1102': ['1102'], '1103': ['1103'], '1105': ['1105'], '1106': ['1106'], '1113': ['1113'], '1108': ['1108'], '1110': ['1110'], '1104': ['1104'], '1107': ['1107'], '1114': ['1114'], '1038': ['1038', '1048', '1068', '1034', '1067'], '1039': ['1039', '1097', '1098', '1099', '1035'], '1112': ['1112'], '1100': ['1100'], '1111': ['1111'], '1030': ['1030'], '1046': ['1046'], '1069': ['1069', '1064', '1065', '1070', '1031'], '1047': ['1047'], '1086': ['1086', '1089', '1044', '1087', '1090'], '1043': ['1043', '1121', '1122', '1123', '1045'], '1124': ['1124'], '1036': ['1036'], '1092': ['1092'], '1150': ['1150'], '1093': ['1093'], '1094': ['1094'], '1145': ['1145'], '1151': ['1151'], '1144': ['1144'], '1149': ['1149'], '1037': ['1037'], '1088': ['1088'], '1142': ['1142'], '1141': ['1141'], '1091': ['1091'], '1143': ['1143'], '1115': ['1115'], '1062': ['1062'], '1077': ['1077'], '1117': ['1117', '1118', '1116', '1119', '1120'], '1146': ['1146'], '1078': ['1078'], '1140': ['1140'], '1133': ['1133']})"
69,"defaultdict(<class 'list'>, {'1040': ['1040'], '1080': ['1080'], '1079': ['1079'], '1081': ['1081'], '1095': ['1095'], '1082': ['1082'], '1084': ['1084'], '1096': ['1096', '1136', '1135', '1137', '1140'], '1138': ['1138'], '1041': ['1041', '1126', '1125', '1127', '1124', '1129', '1122', '1123', '1045'], '1128': ['1128'], '1131': ['1131'], '1032': ['1032', '1160', '1161', '1162', '1146'], '1052': ['1052', '1051', '1053', '1049', '1050'], '1063': ['1063'], '1055': ['1055'], '1057': ['1057'], '1060': ['1060'], '1071': ['1071'], '1147': ['1147'], '1148': ['1148', '1158', '1157', '1159', '1153', '1154', '1155', '1156', '1152'], '1066': ['1066'], '1056': ['1056'], '1061': ['1061'], '1072': ['1072', '1075', '1076', '1073', '1074'], '1033': ['1033'], '1101': ['1101'], '1109': ['1109'], '1102': ['1102'], '1103': ['1103'], '1105': ['1105', '1106', '1107', '1058', '1059'], '1113': ['1113'], '1108': ['1108'], '1110': ['1110'], '1104': ['1104'], '1114': ['1114'], '1038': ['1038', '1048', '1068', '1034', '1067'], '1054': ['1054'], '1039': ['1039', '1097', '1112', '1035', '1111', '1098', '1099', '1117', '1118'], '1100': ['1100'], '1030': ['1030'], '1046': ['1046'], '1069': ['1069', '1064', '1065', '1070', '1031'], '1047': ['1047'], '1042': ['1042'], '1083': ['1083'], '1085': ['1085'], '1086': ['1086', '1089', '1044', '1087', '1090'], '1043': ['1043'], '1121': ['1121'], '1036': ['1036'], '1092': ['1092'], '1150': ['1150'], '1093': ['1093', '1094', '1151', '1149', '1037'], '1145': ['1145'], '1144': ['1144'], '1088': ['1088', '1142', '1141', '1143', '1139'], '1091': ['1091'], '1115': ['1115'], '1062': ['1062'], '1077': ['1077'], '1078': ['1078'], '1116': ['1116'], '1119': ['1119'], '1120': ['1120'], '1132': ['1132'], '1130': ['1130'], '1134': ['1134'], '1133': ['1133']})"
69,"defaultdict(<class 'list'>, {'1040': ['1040', '1080', '1079', '1081', '1078', '1095', '1082', '1096', '1083'], '1084': ['1084', '1042', '1085', '1086', '1087'], '1136': ['1136'], '1138': ['1138'], '1041': ['1041', '1126', '1125', '1127', '1124'], '1128': ['1128'], '1129': ['1129'], '1131': ['1131'], '1032': ['1032', '1052', '1063', '1053', '1049', '1160', '1161', '1162', '1146'], '1051': ['1051', '1038', '1048', '1050', '1034'], '1055': ['1055'], '1057': ['1057', '1060', '1071', '1061', '1072'], '1147': ['1147'], '1148': ['1148', '1158', '1157', '1159', '1156', '1153', '1154', '1155', '1152'], '1066': ['1066'], '1056': ['1056'], '1033': ['1033', '1109', '1113', '1110', '1111'], '1101': ['1101'], '1102': ['1102'], '1103': ['1103'], '1105': ['1105', '1106', '1107', '1058', '1059'], '1108': ['1108'], '1104': ['1104'], '1114': ['1114'], '1054': ['1054'], '1068': ['1068'], '1039': ['1039', '1097', '1098', '1099', '1035'], '1112': ['1112'], '1100': ['1100'], '1067': ['1067'], '1030': ['1030'], '1046': ['1046'], '1069': ['1069'], '1064': ['1064'], '1065': ['1065'], '1047': ['1047'], '1070': ['1070'], '1031': ['1031'], '1089': ['1089'], '1043': ['1043'], '1121': ['1121'], '1122': ['1122'], '1123': ['1123'], '1036': ['1036'], '1092': ['1092'], '1150': ['1150'], '1093': ['1093', '1094', '1145', '1144', '1037'], '1151': ['1151'], '1149': ['1149'], '1044': ['1044'], '1088': ['1088', '1142', '1141', '1143', '1140'], '1090': ['1090'], '1091': ['1091'], '1045': ['1045'], '1115': ['1115'], '1062': ['1062'], '1077': ['1077', '1075', '1076', '1073', '1074'], '1117': ['1117'], '1118': ['1118'], '1116': ['1116'], '1135': ['1135'], '1137': ['1137'], '1139': ['1139'], '1119': ['1119'], '1120': ['1120'], '1132': ['1132'], '1130': ['1130'], '1134': ['1134'], '1133': ['1133']})"
70,"defaultdict(<class 'list'>, {'1040': ['1040', '1080', '1079', '1081', '1078', '1095', '1082', '1084', '1042', '1083', '1085', '1096'], '1136': ['1136'], '1138': ['1138'], '1041': ['1041'], '1126': ['1126'], '1125': ['1125'], '1127': ['1127'], '1128': ['1128'], '1129': ['1129'], '1131': ['1131'], '1032': ['1032', '1160', '1161', '1162', '1146'], '1052': ['1052', '1053'], '1063': ['1063'], '1051': ['1051', '1055', '1056', '1049', '1050'], '1057': ['1057', '1060', '1061', '1058', '1059'], '1071': ['1071'], '1147': ['1147', '1148', '1158', '1157', '1159', '1156', '1033', '1153', '1154', '1155', '1152', '1109'], '1066': ['1066'], '1072': ['1072'], '1101': ['1101', '1102', '1098', '1099', '1100'], '1103': ['1103'], '1105': ['1105'], '1106': ['1106'], '1113': ['1113'], '1108': ['1108'], '1110': ['1110'], '1104': ['1104'], '1107': ['1107'], '1114': ['1114', '1030', '1046', '1069', '1064', '1065', '1070', '1031', '1047'], '1038': ['1038', '1048', '1068', '1034', '1067'], '1054': ['1054'], '1039': ['1039'], '1097': ['1097'], '1112': ['1112'], '1035': ['1035'], '1111': ['1111'], '1086': ['1086'], '1089': ['1089'], '1043': ['1043'], '1121': ['1121'], '1122': ['1122'], '1123': ['1123'], '1124': ['1124'], '1036': ['1036'], '1092': ['1092'], '1150': ['1150'], '1093': ['1093', '1094', '1151', '1149', '1037'], '1145': ['1145'], '1144': ['1144'], '1044': ['1044'], '1087': ['1087'], '1088': ['1088', '1142', '1141', '1143', '1140'], '1090': ['1090'], '1091': ['1091'], '1045': ['1045'], '1115': ['1115'], '1062': ['1062'], '1077': ['1077', '1075', '1076', '1073', '1074'], '1117': ['1117'], '1118': ['1118'], '1116': ['1116'], '1135': ['1135'], '1137': ['1137'], '1139': ['1139'], '1119': ['1119'], '1120': ['1120'], '1132': ['1132'], '1130': ['1130'], '1134': ['1134'], '1133': ['1133']})"
70,"defaultdict(<class 'list'>, {'1040': ['1040', '1080', '1081', '1082', '1083'], '1079': ['1079', '1077', '1075', '1076', '1074'], '1095': ['1095'], '1084': ['1084', '1042', '1085', '1086', '1089', '1044', '1087', '1090', '1091'], '1096': ['1096'], '1136': ['1136'], '1138': ['1138'], '1041': ['1041'], '1126': ['1126'], '1125': ['1125'], '1127': ['1127'], '1128': ['1128', '1129', '1132', '1130', '1134'], '1131': ['1131'], '1032': ['1032', '1063', '1160', '1147', '1148', '1158', '1157', '1159', '1156', '1161', '1162', '1146'], '1052': ['1052', '1053', '1049', '1050', '1054'], '1051': ['1051'], '1055': ['1055'], '1057': ['1057', '1060', '1061', '1058', '1059'], '1071': ['1071'], '1066': ['1066'], '1056': ['1056'], '1072': ['1072'], '1033': ['1033', '1153', '1154', '1155', '1152'], '1101': ['1101'], '1109': ['1109'], '1102': ['1102'], '1103': ['1103'], '1105': ['1105', '1106', '1113', '1107', '1114'], '1108': ['1108'], '1110': ['1110', '1111', '1064', '1065', '1031'], '1104': ['1104'], '1038': ['1038', '1048', '1068', '1034', '1067'], '1039': ['1039'], '1097': ['1097'], '1098': ['1098'], '1099': ['1099'], '1112': ['1112'], '1100': ['1100'], '1035': ['1035'], '1030': ['1030', '1046', '1069', '1047', '1070'], '1043': ['1043'], '1121': ['1121'], '1122': ['1122'], '1123': ['1123'], '1124': ['1124'], '1036': ['1036'], '1092': ['1092'], '1150': ['1150'], '1093': ['1093'], '1094': ['1094'], '1145': ['1145'], '1151': ['1151'], '1144': ['1144'], '1149': ['1149'], '1037': ['1037'], '1088': ['1088'], '1142': ['1142'], '1141': ['1141'], '1143': ['1143'], '1045': ['1045'], '1115': ['1115', '1118', '1116', '1119', '1120'], '1062': ['1062'], '1117': ['1117'], '1073': ['1073'], '1078': ['1078'], '1135': ['1135'], '1137': ['1137'], '1140': ['1140'], '1139': ['1139'], '1133': ['1133']})"
70,"defaultdict(<class 'list'>, {'1040': ['1040', '1080', '1081', '1082', '1078'], '1079': ['1079'], '1095': ['1095'], '1084': ['1084'], '1096': ['1096'], '1136': ['1136'], '1138': ['1138', '1134'], '1041': ['1041', '1126', '1125', '1127', '1124'], '1128': ['1128', '1131', '1132', '1130', '1133'], '1129': ['1129'], '1032': ['1032', '1160', '1161', '1162'], '1052': ['1052'], '1063': ['1063'], '1051': ['1051'], '1055': ['1055'], '1057': ['1057', '1060', '1061', '1058', '1059', '1105', '1106', '1107', '1062'], '1071': ['1071'], '1147': ['1147', '1145', '1144', '1146'], '1148': ['1148'], '1158': ['1158'], '1053': ['1053'], '1066': ['1066', '1038', '1048', '1068', '1067'], '1056': ['1056', '1077', '1075', '1076', '1074'], '1072': ['1072'], '1157': ['1157'], '1159': ['1159'], '1033': ['1033'], '1101': ['1101'], '1109': ['1109'], '1153': ['1153', '1154', '1155', '1156', '1152'], '1102': ['1102', '1103', '1104', '1117', '1118'], '1113': ['1113'], '1108': ['1108'], '1110': ['1110'], '1114': ['1114', '1030', '1046', '1069', '1064', '1065', '1070', '1031', '1047'], '1049': ['1049'], '1050': ['1050'], '1054': ['1054'], '1039': ['1039'], '1097': ['1097'], '1098': ['1098'], '1099': ['1099'], '1112': ['1112'], '1100': ['1100'], '1034': ['1034'], '1035': ['1035'], '1111': ['1111'], '1042': ['1042'], '1083': ['1083'], '1085': ['1085'], '1086': ['1086', '1089', '1087', '1090', '1091'], '1043': ['1043'], '1121': ['1121'], '1122': ['1122'], '1123': ['1123'], '1036': ['1036'], '1092': ['1092'], '1150': ['1150'], '1093': ['1093', '1094', '1151', '1149', '1037'], '1044': ['1044'], '1088': ['1088', '1142', '1141', '1143', '1139'], '1045': ['1045'], '1115': ['1115'], '1073': ['1073'], '1116': ['1116'], '1135': ['1135'], '1137': ['1137'], '1140': ['1140'], '1119': ['1119'], '1120': ['1120']})"
70,"defaultdict(<class 'list'>, {'1040': ['1040', '1080', '1079', '1077', '1076', '1078', '1081', '1082', '1083'], '1095': ['1095'], '1084': ['1084'], '1096': ['1096', '1138', '1135', '1137', '1139'], '1136': ['1136'], '1041': ['1041', '1126', '1125', '1127', '1124'], '1128': ['1128', '1131', '1132', '1130', '1133'], '1129': ['1129'], '1032': ['1032', '1160', '1161', '1162', '1146'], '1052': ['1052'], '1063': ['1063'], '1051': ['1051', '1055', '1056', '1049', '1050'], '1057': ['1057'], '1060': ['1060'], '1071': ['1071'], '1147': ['1147'], '1148': ['1148', '1158', '1157', '1159', '1156'], '1053': ['1053'], '1066': ['1066'], '1061': ['1061'], '1072': ['1072'], '1033': ['1033', '1101', '1109', '1153', '1100', '1154', '1155', '1152'], '1102': ['1102'], '1103': ['1103'], '1105': ['1105'], '1106': ['1106'], '1113': ['1113'], '1108': ['1108'], '1110': ['1110', '1111', '1064', '1065', '1031'], '1104': ['1104'], '1107': ['1107'], '1114': ['1114'], '1038': ['1038'], '1048': ['1048'], '1054': ['1054'], '1068': ['1068'], '1039': ['1039', '1097', '1112', '1035', '1117'], '1098': ['1098'], '1099': ['1099'], '1034': ['1034'], '1067': ['1067'], '1030': ['1030', '1046', '1069', '1047', '1070'], '1058': ['1058'], '1059': ['1059'], '1042': ['1042'], '1085': ['1085'], '1086': ['1086', '1089', '1044', '1087', '1090'], '1043': ['1043'], '1121': ['1121'], '1122': ['1122'], '1123': ['1123'], '1036': ['1036'], '1092': ['1092'], '1150': ['1150'], '1093': ['1093', '1094', '1151', '1149', '1037'], '1145': ['1145'], '1144': ['1144'], '1088': ['1088', '1142', '1141', '1143', '1140'], '1091': ['1091'], '1045': ['1045'], '1115': ['1115'], '1062': ['1062'], '1075': ['1075'], '1118': ['1118'], '1073': ['1073'], '1074': ['1074'], '1116': ['1116'], '1119': ['1119'], '1120': ['1120'], '1134': ['1134']})"
70,"defaultdict(<class 'list'>, {'1040': ['1040', '1080', '1081', '1082', '1078'], '1079': ['1079', '1077', '1075', '1076', '1074'], '1095': ['1095'], '1084': ['1084'], '1096': ['1096', '1138', '1135', '1137', '1139', '1136', '1140'], '1041': ['1041'], '1126': ['1126', '1125', '1127', '1043', '1121', '1122', '1123', '1045', '1124'], '1128': ['1128', '1131', '1132', '1130', '1133'], '1129': ['1129'], '1032': ['1032', '1052', '1063', '1053', '1049'], '1160': ['1160'], '1051': ['1051'], '1055': ['1055'], '1057': ['1057', '1060', '1061', '1105', '1106', '1107', '1058', '1059', '1062'], '1071': ['1071'], '1147': ['1147'], '1148': ['1148', '1158', '1157', '1159'], '1161': ['1161'], '1066': ['1066'], '1056': ['1056'], '1072': ['1072'], '1162': ['1162'], '1033': ['1033', '1153', '1155', '1156'], '1101': ['1101'], '1109': ['1109'], '1102': ['1102'], '1103': ['1103'], '1113': ['1113'], '1154': ['1154', '1036', '1150', '1151', '1152'], '1108': ['1108'], '1110': ['1110'], '1104': ['1104'], '1114': ['1114'], '1038': ['1038', '1048', '1068', '1034', '1067'], '1050': ['1050'], '1054': ['1054'], '1039': ['1039', '1097', '1098', '1099', '1035'], '1112': ['1112'], '1100': ['1100'], '1111': ['1111'], '1030': ['1030'], '1046': ['1046'], '1069': ['1069'], '1064': ['1064'], '1065': ['1065'], '1047': ['1047'], '1070': ['1070'], '1031': ['1031'], '1042': ['1042'], '1083': ['1083'], '1085': ['1085'], '1086': ['1086', '1089', '1044', '1087', '1090'], '1092': ['1092'], '1093': ['1093'], '1094': ['1094'], '1145': ['1145'], '1144': ['1144'], '1149': ['1149'], '1037': ['1037'], '1088': ['1088', '1142', '1141', '1143'], '1091': ['1091'], '1115': ['1115'], '1117': ['1117'], '1146': ['1146'], '1118': ['1118'], '1073': ['1073'], '1116': ['1116'], '1119': ['1119'], '1120': ['1120'], '1134': ['1134']})"
70,"defaultdict(<class 'list'>, {'1040': ['1040'], '1080': ['1080', '1079', '1077', '1076', '1078'], '1081': ['1081'], '1095': ['1095'], '1082': ['1082'], '1084': ['1084'], '1096': ['1096', '1138', '1135', '1137', '1139'], '1136': ['1136'], '1041': ['1041', '1126', '1125', '1127', '1124'], '1128': ['1128', '1131', '1132', '1130', '1133'], '1129': ['1129'], '1032': ['1032', '1160', '1161', '1162', '1146'], '1052': ['1052'], '1063': ['1063'], '1051': ['1051', '1055', '1056', '1049', '1050'], '1057': ['1057', '1060', '1061', '1105', '1106', '1107', '1058', '1059', '1113'], '1071': ['1071'], '1147': ['1147'], '1148': ['1148'], '1158': ['1158'], '1053': ['1053', '1038', '1048', '1054', '1034'], '1066': ['1066'], '1072': ['1072'], '1157': ['1157'], '1159': ['1159'], '1033': ['1033', '1101', '1109', '1153', '1100'], '1102': ['1102', '1103', '1104', '1117', '1118'], '1154': ['1154', '1151', '1152'], '1155': ['1155'], '1108': ['1108'], '1110': ['1110'], '1114': ['1114'], '1156': ['1156'], '1068': ['1068'], '1039': ['1039', '1097', '1112', '1035', '1111', '1098', '1099'], '1067': ['1067'], '1030': ['1030'], '1046': ['1046'], '1069': ['1069'], '1064': ['1064'], '1065': ['1065'], '1047': ['1047'], '1070': ['1070'], '1031': ['1031'], '1042': ['1042'], '1083': ['1083'], '1085': ['1085'], '1086': ['1086', '1089', '1044', '1087', '1090'], '1043': ['1043'], '1121': ['1121'], '1122': ['1122'], '1123': ['1123'], '1036': ['1036'], '1092': ['1092'], '1150': ['1150'], '1093': ['1093', '1094', '1144', '1149', '1037'], '1145': ['1145'], '1088': ['1088', '1142', '1141', '1143'], '1091': ['1091'], '1045': ['1045'], '1115': ['1115'], '1062': ['1062'], '1075': ['1075'], '1073': ['1073'], '1074': ['1074'], '1116': ['1116'], '1140': ['1140'], '1119': ['1119'], '1120': ['1120'], '1134': ['1134']})"
70,"defaultdict(<class 'list'>, {'1040': ['1040', '1080', '1079', '1081', '1078'], '1095': ['1095'], '1082': ['1082', '1084', '1042', '1083', '1085'], '1096': ['1096', '1136', '1135', '1137', '1140'], '1138': ['1138'], '1041': ['1041', '1126', '1125', '1043', '1121', '1122', '1123', '1045', '1124'], '1127': ['1127'], '1128': ['1128', '1129', '1132', '1130', '1134'], '1131': ['1131'], '1032': ['1032', '1052', '1063', '1053', '1049'], '1160': ['1160', '1147', '1161', '1162', '1146'], '1051': ['1051'], '1055': ['1055'], '1057': ['1057'], '1060': ['1060'], '1071': ['1071'], '1148': ['1148'], '1158': ['1158'], '1066': ['1066'], '1056': ['1056'], '1061': ['1061'], '1072': ['1072'], '1157': ['1157'], '1159': ['1159'], '1033': ['1033', '1153', '1154', '1036', '1150', '1151', '1152', '1155'], '1101': ['1101'], '1109': ['1109'], '1102': ['1102'], '1103': ['1103'], '1105': ['1105', '1106', '1107', '1058', '1059'], '1113': ['1113'], '1108': ['1108'], '1110': ['1110', '1039', '1097', '1098', '1099', '1035', '1112', '1111', '1117'], '1104': ['1104'], '1114': ['1114', '1115', '1118', '1116', '1119'], '1156': ['1156'], '1038': ['1038'], '1048': ['1048'], '1050': ['1050'], '1054': ['1054'], '1068': ['1068', '1077', '1075', '1076', '1074'], '1100': ['1100'], '1034': ['1034'], '1067': ['1067'], '1030': ['1030'], '1046': ['1046'], '1069': ['1069'], '1064': ['1064'], '1065': ['1065'], '1047': ['1047'], '1070': ['1070'], '1031': ['1031'], '1086': ['1086', '1089', '1044', '1087', '1090'], '1092': ['1092'], '1093': ['1093'], '1094': ['1094'], '1145': ['1145'], '1144': ['1144'], '1149': ['1149'], '1037': ['1037'], '1088': ['1088'], '1142': ['1142'], '1141': ['1141'], '1091': ['1091'], '1143': ['1143'], '1062': ['1062'], '1073': ['1073'], '1139': ['1139'], '1120': ['1120'], '1133': ['1133']})"
70,"defaultdict(<class 'list'>, {'1040': ['1040'], '1080': ['1080', '1079', '1077', '1076', '1078'], '1081': ['1081'], '1095': ['1095'], '1082': ['1082', '1084', '1042', '1083', '1085'], '1096': ['1096', '1138', '1135', '1137', '1139'], '1136': ['1136'], '1041': ['1041'], '1126': ['1126'], '1125': ['1125'], '1127': ['1127'], '1128': ['1128', '1129', '1132', '1130', '1134', '1131', '1120', '1133'], '1032': ['1032', '1052', '1063', '1053', '1049', '1051', '1055', '1050', '1054'], '1160': ['1160'], '1057': ['1057'], '1060': ['1060'], '1071': ['1071'], '1147': ['1147'], '1148': ['1148', '1158', '1157', '1159', '1156'], '1161': ['1161'], '1066': ['1066'], '1056': ['1056'], '1061': ['1061', '1062', '1075', '1073', '1074'], '1072': ['1072'], '1162': ['1162'], '1033': ['1033'], '1101': ['1101'], '1109': ['1109'], '1153': ['1153'], '1102': ['1102'], '1103': ['1103'], '1105': ['1105', '1106', '1107', '1058', '1059'], '1113': ['1113'], '1154': ['1154'], '1155': ['1155'], '1108': ['1108'], '1110': ['1110', '1111', '1064', '1065', '1031'], '1104': ['1104', '1117', '1118', '1116', '1119'], '1114': ['1114'], '1038': ['1038', '1048', '1068', '1034', '1067'], '1039': ['1039'], '1097': ['1097'], '1098': ['1098'], '1099': ['1099'], '1112': ['1112'], '1100': ['1100'], '1035': ['1035'], '1030': ['1030', '1046', '1069', '1047', '1070'], '1086': ['1086', '1089', '1044', '1087', '1090'], '1043': ['1043'], '1121': ['1121'], '1122': ['1122'], '1123': ['1123'], '1124': ['1124'], '1036': ['1036'], '1092': ['1092'], '1150': ['1150'], '1093': ['1093', '1094', '1151', '1149', '1037'], '1145': ['1145'], '1144': ['1144'], '1088': ['1088'], '1142': ['1142'], '1141': ['1141'], '1091': ['1091'], '1143': ['1143'], '1045': ['1045'], '1115': ['1115'], '1146': ['1146'], '1152': ['1152'], '1140': ['1140']})"
70,"defaultdict(<class 'list'>, {'1040': ['1040'], '1080': ['1080', '1079', '1077', '1076', '1078'], '1081': ['1081', '1082', '1084', '1042', '1083'], '1095': ['1095'], '1096': ['1096', '1138', '1135', '1137', '1139'], '1136': ['1136'], '1041': ['1041', '1126', '1125', '1127', '1124', '1129', '1122', '1123', '1045'], '1128': ['1128'], '1131': ['1131'], '1032': ['1032', '1052', '1063', '1053', '1049'], '1160': ['1160', '1147', '1161', '1162', '1146'], '1051': ['1051', '1038', '1048', '1050', '1034'], '1055': ['1055'], '1057': ['1057'], '1060': ['1060'], '1071': ['1071'], '1148': ['1148', '1158', '1157', '1159', '1156'], '1066': ['1066'], '1056': ['1056'], '1061': ['1061'], '1072': ['1072'], '1033': ['1033', '1109', '1153', '1155', '1152'], '1101': ['1101'], '1102': ['1102'], '1103': ['1103'], '1105': ['1105', '1106', '1107', '1058', '1059'], '1113': ['1113'], '1154': ['1154'], '1108': ['1108', '1115', '1116', '1119'], '1110': ['1110'], '1104': ['1104'], '1114': ['1114'], '1054': ['1054'], '1068': ['1068'], '1039': ['1039', '1097', '1098', '1099', '1035', '1112', '1111', '1117', '1118'], '1100': ['1100'], '1067': ['1067'], '1030': ['1030'], '1046': ['1046'], '1069': ['1069', '1064', '1065', '1070', '1031'], '1047': ['1047'], '1085': ['1085'], '1086': ['1086', '1089', '1044', '1087', '1090'], '1043': ['1043'], '1121': ['1121'], '1036': ['1036'], '1092': ['1092'], '1150': ['1150'], '1093': ['1093'], '1094': ['1094'], '1145': ['1145'], '1151': ['1151'], '1144': ['1144'], '1149': ['1149'], '1037': ['1037'], '1088': ['1088'], '1142': ['1142'], '1141': ['1141'], '1091': ['1091'], '1143': ['1143'], '1062': ['1062'], '1075': ['1075'], '1073': ['1073'], '1074': ['1074'], '1140': ['1140'], '1120': ['1120'], '1132': ['1132'], '1130': ['1130'], '1134': ['1134'], '1133': ['1133']})"
70,"defaultdict(<class 'list'>, {'1040': ['1040'], '1080': ['1080'], '1079': ['1079'], '1081': ['1081'], '1095': ['1095', '1082', '1084', '1083', '1085'], '1096': ['1096', '1138', '1135', '1137', '1139', '1136', '1140'], '1041': ['1041', '1126', '1125', '1127', '1124'], '1128': ['1128'], '1129': ['1129'], '1131': ['1131'], '1032': ['1032', '1052', '1063', '1053', '1049'], '1160': ['1160'], '1051': ['1051'], '1055': ['1055'], '1057': ['1057', '1060', '1061', '1058', '1059', '1071', '1072', '1062', '1073'], '1147': ['1147'], '1148': ['1148', '1158', '1157', '1159', '1156'], '1161': ['1161'], '1066': ['1066'], '1056': ['1056', '1077', '1075', '1076', '1074'], '1162': ['1162'], '1033': ['1033'], '1101': ['1101'], '1109': ['1109'], '1153': ['1153'], '1102': ['1102', '1103', '1104', '1098', '1099'], '1105': ['1105'], '1106': ['1106'], '1113': ['1113'], '1154': ['1154'], '1155': ['1155'], '1108': ['1108'], '1110': ['1110'], '1107': ['1107'], '1114': ['1114'], '1038': ['1038'], '1048': ['1048'], '1050': ['1050'], '1054': ['1054'], '1068': ['1068'], '1039': ['1039'], '1097': ['1097'], '1112': ['1112'], '1100': ['1100'], '1034': ['1034'], '1067': ['1067'], '1035': ['1035'], '1111': ['1111'], '1030': ['1030', '1046', '1069', '1047', '1070'], '1064': ['1064'], '1065': ['1065'], '1031': ['1031'], '1042': ['1042'], '1086': ['1086', '1087', '1088', '1141', '1143', '1142'], '1089': ['1089', '1149', '1044', '1090', '1091'], '1043': ['1043', '1121', '1122', '1123', '1045'], '1036': ['1036'], '1092': ['1092'], '1150': ['1150'], '1093': ['1093', '1094', '1145', '1144', '1037'], '1151': ['1151'], '1115': ['1115', '1118', '1116', '1119', '1120'], '1117': ['1117'], '1146': ['1146'], '1152': ['1152'], '1078': ['1078'], '1132': ['1132'], '1130': ['1130'], '1134': ['1134'], '1133': ['1133']})"
70,"defaultdict(<class 'list'>, {'1040': ['1040', '1080', '1079', '1081', '1078'], '1095': ['1095'], '1082': ['1082', '1084', '1042', '1083', '1085'], '1096': ['1096'], '1136': ['1136'], '1138': ['1138'], '1041': ['1041', '1126', '1125', '1127', '1124', '1131', '1122', '1123', '1045'], '1128': ['1128', '1129', '1132', '1130', '1134'], '1032': ['1032', '1052', '1063', '1053', '1049', '1160', '1161', '1162', '1146'], '1051': ['1051', '1055', '1056', '1050'], '1057': ['1057'], '1060': ['1060'], '1071': ['1071'], '1147': ['1147'], '1148': ['1148', '1158', '1157', '1159', '1156'], '1066': ['1066'], '1061': ['1061'], '1072': ['1072'], '1033': ['1033', '1109', '1153', '1155', '1152'], '1101': ['1101'], '1102': ['1102'], '1103': ['1103'], '1105': ['1105', '1106', '1107', '1058', '1059'], '1113': ['1113'], '1154': ['1154'], '1108': ['1108'], '1110': ['1110'], '1104': ['1104'], '1114': ['1114'], '1038': ['1038', '1048', '1068', '1034', '1067'], '1054': ['1054'], '1039': ['1039'], '1097': ['1097'], '1098': ['1098'], '1099': ['1099'], '1112': ['1112'], '1100': ['1100'], '1035': ['1035'], '1111': ['1111'], '1030': ['1030'], '1046': ['1046'], '1069': ['1069'], '1064': ['1064'], '1065': ['1065'], '1047': ['1047'], '1070': ['1070'], '1031': ['1031'], '1086': ['1086'], '1089': ['1089', '1092', '1044', '1090', '1091'], '1043': ['1043'], '1121': ['1121'], '1036': ['1036'], '1150': ['1150'], '1093': ['1093', '1094', '1151', '1149', '1037'], '1145': ['1145'], '1144': ['1144'], '1087': ['1087'], '1088': ['1088', '1142', '1141', '1143', '1139'], '1115': ['1115'], '1062': ['1062'], '1077': ['1077'], '1117': ['1117', '1118', '1116', '1119', '1120'], '1075': ['1075'], '1076': ['1076'], '1073': ['1073'], '1074': ['1074'], '1135': ['1135'], '1137': ['1137'], '1140': ['1140'], '1133': ['1133']})"
70,"defaultdict(<class 'list'>, {'1040': ['1040', '1080', '1079', '1081', '1078'], '1095': ['1095'], '1082': ['1082', '1084', '1042', '1083', '1085'], '1096': ['1096'], '1136': ['1136'], '1138': ['1138'], '1041': ['1041', '1126', '1125', '1127', '1043', '1121', '1122', '1123', '1045', '1124', '1128', '1132'], '1129': ['1129'], '1131': ['1131'], '1032': ['1032', '1160', '1161', '1162', '1146'], '1052': ['1052', '1051', '1053', '1049', '1050'], '1063': ['1063'], '1055': ['1055'], '1057': ['1057', '1060', '1061', '1105', '1106', '1107', '1058', '1059', '1113'], '1071': ['1071'], '1147': ['1147'], '1148': ['1148'], '1158': ['1158'], '1066': ['1066'], '1056': ['1056'], '1072': ['1072'], '1157': ['1157'], '1159': ['1159'], '1033': ['1033', '1153', '1154', '1155', '1152'], '1101': ['1101'], '1109': ['1109'], '1102': ['1102'], '1103': ['1103'], '1108': ['1108'], '1110': ['1110'], '1104': ['1104'], '1114': ['1114'], '1156': ['1156'], '1038': ['1038', '1048', '1068', '1034', '1067'], '1054': ['1054'], '1039': ['1039', '1097', '1098', '1099', '1035', '1112', '1111', '1117', '1118'], '1100': ['1100'], '1030': ['1030'], '1046': ['1046'], '1069': ['1069'], '1064': ['1064'], '1065': ['1065'], '1047': ['1047'], '1070': ['1070'], '1031': ['1031'], '1086': ['1086', '1089', '1044', '1087', '1090'], '1036': ['1036', '1092', '1150', '1093', '1094', '1151', '1149', '1037', '1144'], '1145': ['1145'], '1088': ['1088'], '1142': ['1142'], '1141': ['1141'], '1091': ['1091'], '1143': ['1143'], '1115': ['1115'], '1062': ['1062'], '1077': ['1077'], '1075': ['1075'], '1076': ['1076'], '1073': ['1073'], '1074': ['1074'], '1116': ['1116'], '1135': ['1135'], '1137': ['1137'], '1140': ['1140'], '1139': ['1139'], '1119': ['1119'], '1120': ['1120'], '1130': ['1130'], '1134': ['1134'], '1133': ['1133']})"
70,"defaultdict(<class 'list'>, {'1040': ['1040'], '1080': ['1080'], '1079': ['1079'], '1081': ['1081'], '1095': ['1095'], '1082': ['1082'], '1084': ['1084'], '1096': ['1096', '1138', '1135', '1137', '1139'], '1136': ['1136'], '1041': ['1041'], '1126': ['1126'], '1125': ['1125'], '1127': ['1127'], '1128': ['1128', '1131', '1132', '1130', '1133', '1129', '1120', '1134'], '1032': ['1032', '1052', '1053', '1038', '1048', '1054', '1034', '1049', '1050', '1068'], '1063': ['1063', '1057', '1071', '1072'], '1160': ['1160', '1147', '1161', '1162', '1146'], '1051': ['1051', '1055', '1056', '1046', '1047'], '1060': ['1060'], '1148': ['1148', '1158', '1157', '1159', '1156'], '1066': ['1066', '1067', '1064', '1065', '1031'], '1061': ['1061', '1062', '1075', '1073', '1074'], '1033': ['1033', '1153', '1154', '1155', '1152'], '1101': ['1101'], '1109': ['1109'], '1102': ['1102'], '1103': ['1103'], '1105': ['1105'], '1106': ['1106'], '1113': ['1113'], '1108': ['1108'], '1110': ['1110'], '1104': ['1104'], '1107': ['1107'], '1114': ['1114', '1115', '1118', '1116', '1119'], '1039': ['1039', '1097', '1098', '1099', '1035'], '1112': ['1112'], '1100': ['1100'], '1111': ['1111'], '1030': ['1030'], '1069': ['1069'], '1058': ['1058'], '1059': ['1059'], '1070': ['1070'], '1042': ['1042'], '1083': ['1083'], '1085': ['1085'], '1086': ['1086', '1089', '1044', '1087', '1090'], '1043': ['1043', '1121', '1122', '1123', '1045'], '1124': ['1124'], '1036': ['1036'], '1092': ['1092'], '1150': ['1150'], '1093': ['1093'], '1094': ['1094'], '1145': ['1145'], '1151': ['1151'], '1144': ['1144'], '1149': ['1149'], '1037': ['1037'], '1088': ['1088'], '1142': ['1142'], '1141': ['1141'], '1091': ['1091'], '1143': ['1143'], '1077': ['1077'], '1117': ['1117'], '1076': ['1076'], '1078': ['1078'], '1140': ['1140']})"
70,"defaultdict(<class 'list'>, {'1040': ['1040'], '1080': ['1080'], '1079': ['1079'], '1081': ['1081'], '1095': ['1095'], '1082': ['1082', '1084', '1042', '1083', '1085'], '1096': ['1096', '1136', '1135', '1137', '1140'], '1138': ['1138'], '1041': ['1041'], '1126': ['1126'], '1125': ['1125'], '1127': ['1127'], '1128': ['1128', '1129', '1132', '1130', '1134', '1131', '1120', '1133'], '1032': ['1032'], '1052': ['1052'], '1063': ['1063'], '1160': ['1160'], '1051': ['1051', '1055', '1056', '1049', '1050'], '1057': ['1057', '1060', '1061', '1058', '1059'], '1071': ['1071'], '1147': ['1147', '1148', '1158', '1157', '1159'], '1161': ['1161'], '1053': ['1053', '1038', '1048', '1054', '1034'], '1066': ['1066'], '1072': ['1072', '1075', '1076', '1073', '1074'], '1162': ['1162'], '1033': ['1033'], '1101': ['1101'], '1109': ['1109'], '1153': ['1153'], '1102': ['1102'], '1103': ['1103'], '1105': ['1105'], '1106': ['1106'], '1113': ['1113'], '1154': ['1154', '1036', '1150', '1151', '1152'], '1155': ['1155'], '1108': ['1108', '1107', '1115', '1116', '1119'], '1110': ['1110'], '1104': ['1104', '1030', '1046', '1047', '1117'], '1114': ['1114'], '1156': ['1156'], '1068': ['1068'], '1039': ['1039'], '1097': ['1097'], '1098': ['1098'], '1099': ['1099'], '1112': ['1112'], '1100': ['1100'], '1067': ['1067'], '1035': ['1035'], '1111': ['1111'], '1069': ['1069', '1064', '1065', '1070', '1031'], '1086': ['1086'], '1089': ['1089'], '1043': ['1043', '1121', '1122', '1123', '1045'], '1124': ['1124'], '1092': ['1092'], '1093': ['1093', '1094', '1144', '1149', '1037'], '1145': ['1145'], '1044': ['1044'], '1087': ['1087'], '1088': ['1088', '1142', '1141', '1143', '1139'], '1090': ['1090'], '1091': ['1091'], '1062': ['1062'], '1077': ['1077'], '1146': ['1146'], '1118': ['1118'], '1078': ['1078']})"
70,"defaultdict(<class 'list'>, {'1040': ['1040', '1080', '1081', '1078'], '1079': ['1079', '1077', '1075', '1076', '1074'], '1095': ['1095'], '1082': ['1082', '1084', '1042', '1085', '1086', '1087', '1083', '1089', '1044'], '1096': ['1096', '1138', '1135', '1137', '1139'], '1136': ['1136'], '1041': ['1041', '1126', '1125', '1127', '1124'], '1128': ['1128', '1131', '1132', '1130', '1133'], '1129': ['1129'], '1032': ['1032', '1160', '1161', '1162', '1146'], '1052': ['1052'], '1063': ['1063'], '1051': ['1051'], '1055': ['1055'], '1057': ['1057'], '1060': ['1060'], '1071': ['1071'], '1147': ['1147'], '1148': ['1148'], '1158': ['1158'], '1053': ['1053'], '1066': ['1066'], '1056': ['1056'], '1061': ['1061'], '1072': ['1072'], '1157': ['1157'], '1159': ['1159'], '1033': ['1033'], '1101': ['1101', '1102', '1098', '1099', '1100'], '1109': ['1109'], '1153': ['1153'], '1103': ['1103', '1104', '1030', '1046', '1047'], '1105': ['1105', '1106', '1107', '1058', '1059'], '1113': ['1113'], '1154': ['1154'], '1155': ['1155'], '1108': ['1108'], '1110': ['1110', '1111', '1064', '1065', '1031'], '1114': ['1114'], '1156': ['1156'], '1038': ['1038', '1048', '1068', '1034', '1067'], '1049': ['1049'], '1050': ['1050'], '1054': ['1054'], '1039': ['1039', '1097', '1112', '1035', '1117'], '1069': ['1069'], '1070': ['1070'], '1043': ['1043'], '1121': ['1121'], '1122': ['1122'], '1123': ['1123'], '1036': ['1036'], '1092': ['1092'], '1150': ['1150'], '1093': ['1093', '1094', '1151', '1149', '1037'], '1145': ['1145'], '1144': ['1144'], '1088': ['1088'], '1090': ['1090'], '1142': ['1142'], '1141': ['1141'], '1091': ['1091'], '1143': ['1143'], '1045': ['1045'], '1115': ['1115', '1118', '1116', '1119', '1120'], '1062': ['1062'], '1152': ['1152'], '1073': ['1073'], '1140': ['1140'], '1134': ['1134']})"
70,"defaultdict(<class 'list'>, {'1040': ['1040', '1080', '1081', '1078'], '1079': ['1079'], '1095': ['1095'], '1082': ['1082', '1084', '1042', '1083', '1085'], '1096': ['1096', '1138', '1135', '1137', '1139'], '1136': ['1136'], '1041': ['1041', '1126', '1125', '1127', '1124'], '1128': ['1128', '1131', '1132', '1130', '1133'], '1129': ['1129'], '1032': ['1032', '1160', '1161', '1162', '1146'], '1052': ['1052'], '1063': ['1063', '1057', '1060', '1071', '1061'], '1051': ['1051'], '1055': ['1055'], '1147': ['1147'], '1148': ['1148'], '1158': ['1158'], '1053': ['1053'], '1066': ['1066', '1038', '1048', '1068', '1034', '1067', '1064', '1065', '1031'], '1056': ['1056'], '1072': ['1072'], '1157': ['1157'], '1159': ['1159'], '1033': ['1033'], '1101': ['1101', '1102', '1098', '1099', '1100', '1103', '1039', '1097', '1035'], '1109': ['1109'], '1153': ['1153', '1154', '1155', '1151', '1152'], '1105': ['1105'], '1106': ['1106'], '1113': ['1113'], '1108': ['1108'], '1110': ['1110'], '1104': ['1104', '1030', '1046', '1047', '1117'], '1107': ['1107'], '1114': ['1114'], '1156': ['1156'], '1049': ['1049'], '1050': ['1050'], '1054': ['1054'], '1112': ['1112'], '1111': ['1111'], '1069': ['1069'], '1058': ['1058'], '1059': ['1059'], '1070': ['1070'], '1086': ['1086', '1087', '1088', '1141', '1143'], '1089': ['1089'], '1043': ['1043'], '1121': ['1121'], '1122': ['1122'], '1123': ['1123'], '1036': ['1036'], '1092': ['1092'], '1150': ['1150'], '1093': ['1093', '1094', '1144', '1149', '1037'], '1145': ['1145'], '1044': ['1044'], '1090': ['1090'], '1142': ['1142'], '1091': ['1091'], '1045': ['1045'], '1115': ['1115'], '1062': ['1062'], '1077': ['1077', '1075', '1076', '1073', '1074'], '1118': ['1118'], '1116': ['1116'], '1140': ['1140'], '1119': ['1119'], '1120': ['1120'], '1134': ['1134']})"
71,"defaultdict(<class 'list'>, {'1040': ['1040', '1080', '1081', '1082', '1084', '1042', '1083', '1085', '1078'], '1079': ['1079'], '1095': ['1095'], '1096': ['1096', '1138', '1135', '1137', '1139'], '1136': ['1136'], '1041': ['1041', '1126', '1125', '1127', '1128', '1124', '1131', '1043', '1121', '1122', '1123', '1045'], '1129': ['1129'], '1032': ['1032', '1052', '1063', '1053', '1049'], '1160': ['1160'], '1051': ['1051', '1055', '1056', '1075', '1076'], '1057': ['1057'], '1060': ['1060'], '1071': ['1071'], '1147': ['1147'], '1148': ['1148', '1158', '1157', '1159', '1156'], '1161': ['1161'], '1066': ['1066'], '1061': ['1061', '1062', '1073', '1074'], '1072': ['1072'], '1162': ['1162'], '1033': ['1033', '1153', '1154', '1155', '1152'], '1101': ['1101'], '1109': ['1109'], '1102': ['1102', '1103', '1104', '1098', '1099'], '1105': ['1105', '1106', '1107', '1058', '1059'], '1113': ['1113'], '1108': ['1108'], '1110': ['1110'], '1114': ['1114'], '1038': ['1038'], '1048': ['1048'], '1050': ['1050'], '1054': ['1054'], '1068': ['1068'], '1039': ['1039', '1097', '1112', '1035', '1111'], '1100': ['1100'], '1034': ['1034'], '1067': ['1067'], '1030': ['1030'], '1046': ['1046'], '1069': ['1069'], '1064': ['1064'], '1065': ['1065'], '1047': ['1047'], '1070': ['1070'], '1031': ['1031'], '1086': ['1086'], '1089': ['1089'], '1036': ['1036'], '1092': ['1092'], '1150': ['1150'], '1093': ['1093'], '1094': ['1094'], '1145': ['1145'], '1151': ['1151'], '1144': ['1144'], '1149': ['1149'], '1037': ['1037'], '1044': ['1044'], '1087': ['1087'], '1088': ['1088', '1142', '1141', '1143', '1140'], '1090': ['1090'], '1091': ['1091'], '1115': ['1115'], '1077': ['1077'], '1117': ['1117', '1118', '1116', '1119', '1120'], '1146': ['1146'], '1132': ['1132'], '1130': ['1130'], '1134': ['1134'], '1133': ['1133']})"
71,"defaultdict(<class 'list'>, {'1040': ['1040', '1080', '1079', '1081', '1078', '1095', '1082', '1084', '1042', '1083', '1085', '1096'], '1136': ['1136'], '1138': ['1138'], '1041': ['1041'], '1126': ['1126'], '1125': ['1125'], '1127': ['1127'], '1128': ['1128'], '1129': ['1129'], '1131': ['1131'], '1032': ['1032', '1160', '1161', '1162', '1146'], '1052': ['1052', '1053'], '1063': ['1063'], '1051': ['1051', '1055', '1056', '1049', '1050'], '1057': ['1057', '1060', '1061', '1058', '1059'], '1071': ['1071'], '1147': ['1147', '1148', '1158', '1157', '1159', '1156', '1033', '1153', '1154', '1155', '1152'], '1066': ['1066'], '1072': ['1072'], '1101': ['1101', '1102', '1098', '1099', '1100'], '1109': ['1109'], '1103': ['1103'], '1105': ['1105'], '1106': ['1106'], '1113': ['1113'], '1108': ['1108'], '1110': ['1110'], '1104': ['1104'], '1107': ['1107'], '1114': ['1114', '1030', '1046', '1069', '1064', '1065', '1070', '1031', '1047'], '1038': ['1038', '1048', '1068', '1034', '1067'], '1054': ['1054'], '1039': ['1039'], '1097': ['1097'], '1112': ['1112'], '1035': ['1035'], '1111': ['1111'], '1086': ['1086'], '1089': ['1089'], '1043': ['1043'], '1121': ['1121'], '1122': ['1122'], '1123': ['1123'], '1124': ['1124'], '1036': ['1036'], '1092': ['1092'], '1150': ['1150'], '1093': ['1093', '1094', '1151', '1149', '1037'], '1145': ['1145'], '1144': ['1144'], '1044': ['1044'], '1087': ['1087'], '1088': ['1088', '1142', '1141', '1143', '1140'], '1090': ['1090'], '1091': ['1091'], '1045': ['1045'], '1115': ['1115'], '1062': ['1062'], '1077': ['1077', '1075', '1076', '1073', '1074'], '1117': ['1117'], '1118': ['1118'], '1116': ['1116'], '1135': ['1135'], '1137': ['1137'], '1139': ['1139'], '1119': ['1119'], '1120': ['1120'], '1132': ['1132'], '1130': ['1130'], '1134': ['1134'], '1133': ['1133']})"
71,"defaultdict(<class 'list'>, {'1040': ['1040', '1080', '1079', '1081', '1078'], '1095': ['1095'], '1082': ['1082', '1084', '1042', '1083', '1085'], '1096': ['1096', '1138', '1135', '1137', '1139'], '1136': ['1136'], '1041': ['1041'], '1126': ['1126'], '1125': ['1125'], '1127': ['1127'], '1128': ['1128', '1131', '1132', '1130', '1133'], '1129': ['1129'], '1032': ['1032', '1160', '1161', '1162'], '1052': ['1052'], '1063': ['1063'], '1051': ['1051'], '1055': ['1055'], '1057': ['1057'], '1060': ['1060'], '1071': ['1071'], '1147': ['1147', '1036', '1092', '1145', '1146', '1150', '1093', '1094', '1151', '1149', '1037', '1144'], '1148': ['1148', '1158', '1157', '1159', '1153', '1154', '1155', '1156', '1152'], '1053': ['1053'], '1066': ['1066'], '1056': ['1056'], '1061': ['1061'], '1072': ['1072'], '1033': ['1033'], '1101': ['1101', '1102', '1103', '1039', '1097', '1098', '1099', '1035', '1100'], '1109': ['1109'], '1105': ['1105'], '1106': ['1106'], '1113': ['1113'], '1108': ['1108'], '1110': ['1110', '1111', '1064', '1065', '1031'], '1104': ['1104'], '1107': ['1107'], '1114': ['1114'], '1038': ['1038'], '1048': ['1048'], '1049': ['1049'], '1050': ['1050'], '1054': ['1054'], '1068': ['1068'], '1112': ['1112'], '1034': ['1034'], '1067': ['1067'], '1030': ['1030', '1046', '1069', '1047', '1070'], '1058': ['1058'], '1059': ['1059'], '1086': ['1086', '1087', '1088', '1141', '1143'], '1089': ['1089'], '1043': ['1043'], '1121': ['1121'], '1122': ['1122'], '1123': ['1123'], '1124': ['1124'], '1044': ['1044'], '1090': ['1090'], '1142': ['1142'], '1091': ['1091'], '1045': ['1045'], '1115': ['1115'], '1062': ['1062'], '1077': ['1077'], '1117': ['1117', '1118', '1116', '1119', '1120'], '1075': ['1075'], '1076': ['1076'], '1073': ['1073'], '1074': ['1074'], '1140': ['1140'], '1134': ['1134']})"
71,"defaultdict(<class 'list'>, {'1040': ['1040', '1080', '1079', '1081', '1078'], '1095': ['1095'], '1082': ['1082'], '1084': ['1084'], '1096': ['1096', '1138', '1135', '1137', '1139', '1136', '1088', '1142', '1141', '1143', '1140'], '1041': ['1041', '1126', '1125', '1127', '1124'], '1128': ['1128', '1131', '1132', '1130', '1133', '1129', '1120', '1134'], '1032': ['1032', '1160', '1161', '1162', '1146'], '1052': ['1052'], '1063': ['1063', '1057', '1071', '1066', '1067'], '1051': ['1051'], '1055': ['1055'], '1060': ['1060'], '1147': ['1147'], '1148': ['1148', '1158', '1157', '1159', '1156'], '1053': ['1053', '1038', '1048', '1054', '1034'], '1056': ['1056'], '1061': ['1061', '1062', '1075', '1073', '1074', '1076'], '1072': ['1072'], '1033': ['1033'], '1101': ['1101'], '1109': ['1109'], '1153': ['1153'], '1102': ['1102'], '1103': ['1103'], '1105': ['1105', '1106', '1107', '1058', '1059'], '1113': ['1113'], '1154': ['1154'], '1155': ['1155'], '1108': ['1108'], '1110': ['1110'], '1104': ['1104'], '1114': ['1114'], '1049': ['1049'], '1050': ['1050'], '1068': ['1068'], '1039': ['1039'], '1097': ['1097'], '1098': ['1098'], '1099': ['1099'], '1112': ['1112'], '1100': ['1100'], '1035': ['1035'], '1111': ['1111'], '1030': ['1030'], '1046': ['1046'], '1069': ['1069', '1064', '1065', '1070', '1031'], '1047': ['1047'], '1042': ['1042'], '1083': ['1083'], '1085': ['1085'], '1086': ['1086', '1089', '1044', '1087', '1090'], '1043': ['1043'], '1121': ['1121'], '1122': ['1122'], '1123': ['1123'], '1036': ['1036'], '1092': ['1092'], '1150': ['1150'], '1093': ['1093'], '1094': ['1094'], '1145': ['1145'], '1151': ['1151'], '1144': ['1144'], '1149': ['1149'], '1037': ['1037'], '1091': ['1091'], '1045': ['1045'], '1115': ['1115', '1117', '1118', '1116', '1119'], '1077': ['1077'], '1152': ['1152']})"
71,"defaultdict(<class 'list'>, {'1040': ['1040', '1080', '1079', '1081', '1078', '1095', '1082', '1084', '1042', '1083', '1085', '1096'], '1136': ['1136'], '1138': ['1138'], '1041': ['1041', '1126', '1125', '1127', '1124'], '1128': ['1128', '1131', '1132', '1130', '1133'], '1129': ['1129'], '1032': ['1032'], '1052': ['1052', '1051', '1053', '1049', '1050'], '1063': ['1063'], '1160': ['1160'], '1055': ['1055'], '1057': ['1057'], '1060': ['1060'], '1071': ['1071'], '1147': ['1147'], '1148': ['1148', '1158', '1157', '1159', '1156'], '1161': ['1161'], '1066': ['1066'], '1056': ['1056'], '1061': ['1061'], '1072': ['1072'], '1162': ['1162'], '1033': ['1033'], '1101': ['1101', '1102', '1098', '1099', '1100', '1103', '1039', '1097', '1035'], '1109': ['1109'], '1153': ['1153', '1154', '1155', '1151', '1152'], '1105': ['1105', '1106', '1107', '1058', '1059'], '1113': ['1113'], '1108': ['1108'], '1110': ['1110'], '1104': ['1104', '1112', '1111', '1117'], '1114': ['1114', '1115', '1118', '1116', '1119'], '1038': ['1038', '1048', '1068', '1034', '1067'], '1054': ['1054'], '1030': ['1030', '1046', '1069', '1047', '1070'], '1064': ['1064'], '1065': ['1065'], '1031': ['1031'], '1086': ['1086', '1089', '1044', '1087', '1090'], '1043': ['1043'], '1121': ['1121'], '1122': ['1122'], '1123': ['1123'], '1036': ['1036'], '1092': ['1092'], '1150': ['1150'], '1093': ['1093'], '1094': ['1094'], '1145': ['1145'], '1144': ['1144'], '1149': ['1149'], '1037': ['1037'], '1088': ['1088'], '1142': ['1142'], '1141': ['1141'], '1091': ['1091'], '1143': ['1143'], '1045': ['1045'], '1062': ['1062'], '1077': ['1077'], '1146': ['1146'], '1075': ['1075'], '1076': ['1076'], '1073': ['1073'], '1074': ['1074'], '1135': ['1135'], '1137': ['1137'], '1140': ['1140'], '1139': ['1139'], '1120': ['1120'], '1134': ['1134']})"
71,"defaultdict(<class 'list'>, {'1040': ['1040', '1080', '1079', '1081', '1078', '1038', '1048', '1068', '1034', '1067', '1077'], '1095': ['1095', '1082', '1084', '1083', '1085'], '1096': ['1096', '1138', '1135', '1137', '1139'], '1136': ['1136'], '1041': ['1041'], '1126': ['1126'], '1125': ['1125'], '1127': ['1127'], '1128': ['1128', '1129', '1132', '1130', '1134'], '1131': ['1131'], '1032': ['1032'], '1052': ['1052', '1053', '1049', '1050', '1054'], '1063': ['1063'], '1160': ['1160'], '1051': ['1051'], '1055': ['1055'], '1057': ['1057', '1060', '1061', '1058', '1059'], '1071': ['1071'], '1147': ['1147'], '1148': ['1148', '1158', '1157', '1159', '1156'], '1161': ['1161'], '1066': ['1066'], '1056': ['1056'], '1072': ['1072', '1075', '1076', '1073', '1074'], '1162': ['1162'], '1033': ['1033', '1101', '1109', '1153', '1100'], '1102': ['1102', '1103', '1104', '1117', '1118'], '1105': ['1105'], '1106': ['1106'], '1113': ['1113'], '1154': ['1154'], '1155': ['1155'], '1108': ['1108'], '1110': ['1110'], '1107': ['1107'], '1114': ['1114'], '1039': ['1039'], '1097': ['1097'], '1098': ['1098'], '1099': ['1099'], '1112': ['1112'], '1035': ['1035'], '1111': ['1111'], '1030': ['1030', '1046', '1069', '1047', '1070'], '1064': ['1064'], '1065': ['1065'], '1031': ['1031'], '1042': ['1042'], '1086': ['1086'], '1089': ['1089', '1092', '1044', '1090', '1091'], '1043': ['1043', '1121', '1122', '1123', '1045'], '1124': ['1124'], '1036': ['1036'], '1150': ['1150'], '1093': ['1093', '1094', '1144', '1149', '1037'], '1145': ['1145'], '1151': ['1151'], '1087': ['1087'], '1088': ['1088'], '1142': ['1142'], '1141': ['1141'], '1143': ['1143'], '1115': ['1115'], '1062': ['1062'], '1146': ['1146'], '1152': ['1152'], '1116': ['1116'], '1140': ['1140'], '1119': ['1119'], '1120': ['1120'], '1133': ['1133']})"
71,"defaultdict(<class 'list'>, {'1040': ['1040'], '1080': ['1080'], '1079': ['1079'], '1081': ['1081'], '1095': ['1095'], '1082': ['1082'], '1084': ['1084', '1042', '1085', '1086', '1087'], '1096': ['1096'], '1136': ['1136'], '1138': ['1138'], '1041': ['1041'], '1126': ['1126'], '1125': ['1125'], '1127': ['1127'], '1128': ['1128'], '1129': ['1129'], '1131': ['1131'], '1032': ['1032', '1063', '1160', '1161', '1162', '1147', '1148', '1158', '1157', '1159', '1156', '1146'], '1052': ['1052'], '1051': ['1051', '1055', '1056', '1049', '1050'], '1057': ['1057', '1060', '1061', '1058', '1059', '1105', '1106', '1113', '1107'], '1071': ['1071'], '1053': ['1053'], '1066': ['1066', '1068', '1067', '1077', '1076'], '1072': ['1072'], '1033': ['1033', '1153', '1154', '1155', '1152'], '1101': ['1101', '1102', '1098', '1099', '1100', '1103', '1039', '1097', '1035'], '1109': ['1109'], '1108': ['1108'], '1110': ['1110'], '1104': ['1104', '1030', '1046', '1047'], '1114': ['1114'], '1038': ['1038'], '1048': ['1048'], '1054': ['1054'], '1112': ['1112'], '1034': ['1034'], '1111': ['1111'], '1069': ['1069', '1064', '1065', '1070', '1031'], '1083': ['1083'], '1089': ['1089'], '1043': ['1043'], '1121': ['1121'], '1122': ['1122'], '1123': ['1123'], '1124': ['1124'], '1036': ['1036'], '1092': ['1092', '1150', '1093', '1094', '1144', '1149', '1037', '1145', '1151'], '1044': ['1044'], '1088': ['1088'], '1090': ['1090'], '1142': ['1142'], '1141': ['1141'], '1091': ['1091'], '1143': ['1143'], '1045': ['1045'], '1115': ['1115'], '1062': ['1062'], '1117': ['1117', '1118', '1116', '1119', '1120'], '1075': ['1075'], '1073': ['1073'], '1078': ['1078'], '1074': ['1074'], '1135': ['1135'], '1137': ['1137'], '1140': ['1140'], '1139': ['1139'], '1132': ['1132'], '1130': ['1130'], '1134': ['1134'], '1133': ['1133']})"
71,"defaultdict(<class 'list'>, {'1040': ['1040', '1080', '1079', '1081', '1078'], '1095': ['1095'], '1082': ['1082'], '1084': ['1084'], '1096': ['1096'], '1136': ['1136'], '1138': ['1138'], '1041': ['1041', '1126', '1125', '1043', '1121', '1122', '1123', '1045', '1124'], '1127': ['1127'], '1128': ['1128', '1131', '1132', '1130', '1133'], '1129': ['1129'], '1032': ['1032', '1160', '1147', '1161', '1145', '1146', '1162'], '1052': ['1052', '1051', '1053', '1049', '1050'], '1063': ['1063'], '1055': ['1055'], '1057': ['1057', '1060', '1061', '1058', '1059', '1105', '1106', '1113', '1107'], '1071': ['1071'], '1148': ['1148'], '1158': ['1158'], '1066': ['1066'], '1056': ['1056'], '1072': ['1072'], '1157': ['1157'], '1159': ['1159'], '1033': ['1033', '1153', '1154', '1036', '1150', '1151', '1152', '1155'], '1101': ['1101'], '1109': ['1109'], '1102': ['1102'], '1103': ['1103', '1104'], '1108': ['1108'], '1110': ['1110', '1039', '1097', '1098', '1099', '1035', '1112', '1111', '1117'], '1114': ['1114'], '1156': ['1156'], '1038': ['1038'], '1048': ['1048'], '1054': ['1054'], '1068': ['1068'], '1100': ['1100'], '1034': ['1034'], '1067': ['1067'], '1030': ['1030', '1046', '1069', '1047', '1070'], '1064': ['1064'], '1065': ['1065'], '1031': ['1031'], '1042': ['1042'], '1083': ['1083'], '1085': ['1085'], '1086': ['1086'], '1089': ['1089', '1092', '1044', '1090', '1091'], '1093': ['1093', '1094', '1144', '1149', '1037'], '1087': ['1087'], '1088': ['1088'], '1142': ['1142'], '1141': ['1141'], '1143': ['1143'], '1115': ['1115'], '1062': ['1062'], '1077': ['1077'], '1075': ['1075'], '1076': ['1076'], '1118': ['1118'], '1073': ['1073'], '1074': ['1074'], '1116': ['1116'], '1135': ['1135'], '1137': ['1137'], '1140': ['1140'], '1139': ['1139'], '1119': ['1119'], '1120': ['1120'], '1134': ['1134']})"
71,"defaultdict(<class 'list'>, {'1040': ['1040', '1080', '1081', '1082', '1078'], '1079': ['1079'], '1095': ['1095'], '1084': ['1084'], '1096': ['1096', '1136', '1135', '1137', '1140'], '1138': ['1138'], '1041': ['1041', '1126', '1125', '1127', '1124', '1129', '1122', '1123', '1045', '1043', '1121', '1134'], '1128': ['1128', '1131', '1132', '1133'], '1032': ['1032'], '1052': ['1052', '1051', '1053', '1049', '1050'], '1063': ['1063'], '1160': ['1160', '1147', '1161', '1145', '1146'], '1055': ['1055'], '1057': ['1057'], '1060': ['1060'], '1071': ['1071'], '1148': ['1148', '1158', '1157', '1159', '1156'], '1066': ['1066'], '1056': ['1056'], '1061': ['1061'], '1072': ['1072', '1075', '1076', '1073', '1074'], '1162': ['1162'], '1033': ['1033', '1153', '1154', '1155', '1152'], '1101': ['1101'], '1109': ['1109'], '1102': ['1102'], '1103': ['1103'], '1105': ['1105'], '1106': ['1106'], '1113': ['1113'], '1108': ['1108'], '1110': ['1110'], '1104': ['1104'], '1107': ['1107'], '1114': ['1114'], '1038': ['1038'], '1048': ['1048'], '1054': ['1054'], '1068': ['1068'], '1039': ['1039', '1097', '1098', '1099', '1035'], '1112': ['1112'], '1100': ['1100'], '1034': ['1034'], '1067': ['1067'], '1111': ['1111'], '1030': ['1030', '1046', '1069', '1047', '1070'], '1058': ['1058'], '1059': ['1059'], '1064': ['1064'], '1065': ['1065'], '1031': ['1031'], '1042': ['1042'], '1083': ['1083'], '1085': ['1085'], '1086': ['1086', '1089', '1044', '1087', '1090'], '1036': ['1036'], '1092': ['1092'], '1150': ['1150'], '1093': ['1093'], '1094': ['1094'], '1151': ['1151'], '1144': ['1144'], '1149': ['1149'], '1037': ['1037'], '1088': ['1088', '1142', '1141', '1143', '1139'], '1091': ['1091'], '1115': ['1115'], '1062': ['1062'], '1077': ['1077'], '1117': ['1117', '1118', '1116', '1119', '1120'], '1130': ['1130']})"
71,"defaultdict(<class 'list'>, {'1040': ['1040'], '1080': ['1080'], '1079': ['1079'], '1081': ['1081'], '1095': ['1095'], '1082': ['1082'], '1084': ['1084', '1042', '1085', '1086', '1087'], '1096': ['1096'], '1136': ['1136'], '1138': ['1138'], '1041': ['1041'], '1126': ['1126'], '1125': ['1125'], '1127': ['1127'], '1128': ['1128', '1131', '1132', '1130', '1133'], '1129': ['1129'], '1032': ['1032', '1052', '1063', '1053', '1049'], '1160': ['1160', '1147', '1161', '1162', '1146'], '1051': ['1051'], '1055': ['1055'], '1057': ['1057', '1060', '1061', '1058', '1059'], '1071': ['1071'], '1148': ['1148', '1158', '1157', '1159'], '1066': ['1066'], '1056': ['1056'], '1072': ['1072'], '1033': ['1033', '1101', '1102', '1098', '1099', '1100', '1103', '1108', '1107'], '1109': ['1109'], '1153': ['1153', '1154', '1155', '1156', '1152'], '1105': ['1105'], '1106': ['1106'], '1113': ['1113'], '1110': ['1110'], '1104': ['1104'], '1114': ['1114'], '1038': ['1038'], '1048': ['1048'], '1050': ['1050'], '1054': ['1054'], '1068': ['1068'], '1039': ['1039', '1097', '1112', '1035', '1111'], '1034': ['1034'], '1067': ['1067'], '1030': ['1030'], '1046': ['1046'], '1069': ['1069'], '1064': ['1064'], '1065': ['1065'], '1047': ['1047'], '1070': ['1070'], '1031': ['1031'], '1083': ['1083'], '1089': ['1089', '1149', '1044', '1090', '1091', '1093', '1094', '1037'], '1043': ['1043', '1121', '1122', '1123', '1045'], '1124': ['1124'], '1036': ['1036'], '1092': ['1092'], '1150': ['1150'], '1145': ['1145'], '1151': ['1151'], '1144': ['1144'], '1088': ['1088', '1142', '1141', '1143', '1139'], '1115': ['1115'], '1062': ['1062'], '1077': ['1077', '1075', '1076', '1073', '1074'], '1117': ['1117', '1118', '1116', '1119', '1120'], '1078': ['1078'], '1135': ['1135'], '1137': ['1137'], '1140': ['1140'], '1134': ['1134']})"
71,"defaultdict(<class 'list'>, {'1040': ['1040', '1080', '1079', '1081', '1078', '1077', '1075', '1076', '1074'], '1095': ['1095'], '1082': ['1082'], '1084': ['1084'], '1096': ['1096', '1138', '1135', '1137', '1139'], '1136': ['1136'], '1041': ['1041'], '1126': ['1126'], '1125': ['1125'], '1127': ['1127'], '1128': ['1128', '1129', '1132', '1130', '1134'], '1131': ['1131'], '1032': ['1032', '1160', '1161', '1162', '1146'], '1052': ['1052'], '1063': ['1063'], '1051': ['1051'], '1055': ['1055'], '1057': ['1057', '1060', '1071', '1061', '1105', '1106', '1107', '1058', '1059'], '1147': ['1147', '1148', '1158', '1157', '1159'], '1053': ['1053'], '1066': ['1066'], '1056': ['1056'], '1072': ['1072', '1070', '1073'], '1033': ['1033', '1109', '1153', '1155', '1152'], '1101': ['1101', '1102', '1098', '1099', '1100'], '1103': ['1103'], '1113': ['1113'], '1154': ['1154'], '1108': ['1108'], '1110': ['1110'], '1104': ['1104'], '1114': ['1114'], '1156': ['1156'], '1038': ['1038', '1048', '1068', '1034', '1067'], '1049': ['1049'], '1050': ['1050'], '1054': ['1054'], '1039': ['1039', '1097', '1112', '1035', '1111'], '1030': ['1030'], '1046': ['1046'], '1069': ['1069'], '1064': ['1064'], '1065': ['1065'], '1047': ['1047'], '1031': ['1031'], '1042': ['1042'], '1083': ['1083'], '1085': ['1085'], '1086': ['1086'], '1089': ['1089'], '1043': ['1043'], '1121': ['1121'], '1122': ['1122'], '1123': ['1123'], '1124': ['1124'], '1036': ['1036', '1092', '1150', '1151', '1149'], '1093': ['1093'], '1094': ['1094'], '1145': ['1145'], '1144': ['1144'], '1037': ['1037'], '1044': ['1044'], '1087': ['1087'], '1088': ['1088', '1142', '1141', '1143', '1140'], '1090': ['1090'], '1091': ['1091'], '1045': ['1045'], '1115': ['1115'], '1062': ['1062'], '1117': ['1117', '1118', '1116', '1119', '1120'], '1133': ['1133']})"
71,"defaultdict(<class 'list'>, {'1040': ['1040', '1080', '1079', '1081', '1078'], '1095': ['1095'], '1082': ['1082', '1084', '1042', '1083', '1085'], '1096': ['1096'], '1136': ['1136'], '1138': ['1138'], '1041': ['1041', '1126', '1125', '1127', '1124'], '1128': ['1128', '1131', '1132', '1130', '1133'], '1129': ['1129'], '1032': ['1032', '1160', '1161', '1162', '1146'], '1052': ['1052'], '1063': ['1063'], '1051': ['1051'], '1055': ['1055'], '1057': ['1057'], '1060': ['1060'], '1071': ['1071'], '1147': ['1147'], '1148': ['1148', '1158', '1157', '1159', '1156'], '1053': ['1053'], '1066': ['1066'], '1056': ['1056'], '1061': ['1061'], '1072': ['1072'], '1033': ['1033', '1153', '1154', '1155', '1152'], '1101': ['1101'], '1109': ['1109'], '1102': ['1102', '1103', '1104', '1117', '1118', '1039', '1097', '1098', '1099', '1035', '1112', '1111'], '1105': ['1105', '1106', '1107', '1058', '1059'], '1113': ['1113'], '1108': ['1108', '1115', '1116', '1119'], '1110': ['1110'], '1114': ['1114'], '1038': ['1038'], '1048': ['1048'], '1049': ['1049'], '1050': ['1050'], '1054': ['1054'], '1068': ['1068', '1077', '1075', '1076', '1074'], '1100': ['1100'], '1034': ['1034'], '1067': ['1067'], '1030': ['1030'], '1046': ['1046'], '1069': ['1069'], '1064': ['1064'], '1065': ['1065'], '1047': ['1047'], '1070': ['1070'], '1031': ['1031'], '1086': ['1086', '1089', '1044', '1087', '1090'], '1043': ['1043'], '1121': ['1121'], '1122': ['1122'], '1123': ['1123'], '1036': ['1036', '1092', '1150', '1093', '1094', '1151', '1149', '1037', '1144'], '1145': ['1145'], '1088': ['1088'], '1142': ['1142'], '1141': ['1141'], '1091': ['1091'], '1143': ['1143'], '1045': ['1045'], '1062': ['1062'], '1073': ['1073'], '1135': ['1135'], '1137': ['1137'], '1140': ['1140'], '1139': ['1139'], '1120': ['1120'], '1134': ['1134']})"
71,"defaultdict(<class 'list'>, {'1040': ['1040', '1080', '1079', '1081', '1078'], '1095': ['1095'], '1082': ['1082', '1084', '1042', '1083', '1085'], '1096': ['1096', '1138', '1135', '1137', '1139', '1136', '1088', '1142', '1141', '1143', '1140'], '1041': ['1041', '1126', '1125', '1127', '1124'], '1128': ['1128'], '1129': ['1129'], '1131': ['1131'], '1032': ['1032'], '1052': ['1052'], '1063': ['1063'], '1160': ['1160'], '1051': ['1051'], '1055': ['1055'], '1057': ['1057'], '1060': ['1060'], '1071': ['1071'], '1147': ['1147', '1036', '1092', '1145', '1146'], '1148': ['1148'], '1158': ['1158'], '1161': ['1161'], '1053': ['1053'], '1066': ['1066'], '1056': ['1056', '1077', '1075', '1076', '1074'], '1061': ['1061'], '1072': ['1072'], '1157': ['1157'], '1159': ['1159'], '1162': ['1162'], '1033': ['1033'], '1101': ['1101', '1102', '1098', '1099', '1100', '1103', '1039', '1097', '1035'], '1109': ['1109'], '1153': ['1153', '1154', '1155', '1151', '1152'], '1105': ['1105', '1106', '1107', '1058', '1059', '1113', '1108', '1114', '1115'], '1110': ['1110', '1111', '1064', '1065', '1031'], '1104': ['1104'], '1156': ['1156'], '1038': ['1038'], '1048': ['1048'], '1049': ['1049'], '1050': ['1050'], '1054': ['1054'], '1068': ['1068'], '1112': ['1112'], '1034': ['1034'], '1067': ['1067'], '1030': ['1030'], '1046': ['1046'], '1069': ['1069'], '1047': ['1047'], '1070': ['1070'], '1086': ['1086'], '1089': ['1089'], '1043': ['1043'], '1121': ['1121'], '1122': ['1122'], '1123': ['1123'], '1150': ['1150'], '1093': ['1093', '1094', '1144', '1149', '1037'], '1044': ['1044'], '1087': ['1087'], '1090': ['1090'], '1091': ['1091'], '1045': ['1045'], '1062': ['1062'], '1117': ['1117', '1118', '1116', '1119', '1120'], '1073': ['1073'], '1132': ['1132'], '1130': ['1130'], '1134': ['1134'], '1133': ['1133']})"
71,"defaultdict(<class 'list'>, {'1040': ['1040', '1080', '1081', '1082', '1084', '1042', '1083', '1085', '1078'], '1079': ['1079', '1038', '1048', '1068', '1034', '1067', '1077', '1076'], '1095': ['1095'], '1096': ['1096', '1136', '1135', '1137', '1140'], '1138': ['1138'], '1041': ['1041'], '1126': ['1126'], '1125': ['1125'], '1127': ['1127'], '1128': ['1128', '1131', '1132', '1130', '1133'], '1129': ['1129'], '1032': ['1032'], '1052': ['1052', '1053', '1049', '1050', '1054'], '1063': ['1063'], '1160': ['1160'], '1051': ['1051'], '1055': ['1055'], '1057': ['1057'], '1060': ['1060'], '1071': ['1071'], '1147': ['1147'], '1148': ['1148', '1158', '1157', '1159', '1156', '1153', '1154', '1155', '1152'], '1161': ['1161'], '1066': ['1066'], '1056': ['1056'], '1061': ['1061', '1062', '1075', '1073', '1074'], '1072': ['1072'], '1162': ['1162'], '1033': ['1033'], '1101': ['1101'], '1109': ['1109', '1105', '1106', '1113', '1107'], '1102': ['1102', '1103', '1104', '1117', '1118'], '1108': ['1108'], '1110': ['1110'], '1114': ['1114', '1030', '1046', '1069', '1064', '1065', '1070', '1031', '1047'], '1039': ['1039'], '1097': ['1097'], '1098': ['1098'], '1099': ['1099'], '1112': ['1112'], '1100': ['1100'], '1035': ['1035'], '1111': ['1111'], '1058': ['1058'], '1059': ['1059'], '1086': ['1086'], '1089': ['1089'], '1043': ['1043'], '1121': ['1121'], '1122': ['1122'], '1123': ['1123'], '1124': ['1124'], '1036': ['1036'], '1092': ['1092'], '1150': ['1150'], '1093': ['1093', '1094', '1151', '1149', '1037'], '1145': ['1145'], '1144': ['1144'], '1044': ['1044'], '1087': ['1087'], '1088': ['1088'], '1090': ['1090'], '1142': ['1142'], '1141': ['1141'], '1091': ['1091'], '1143': ['1143'], '1045': ['1045'], '1115': ['1115', '1116', '1119', '1120'], '1146': ['1146'], '1139': ['1139'], '1134': ['1134']})"
71,"defaultdict(<class 'list'>, {'1040': ['1040'], '1080': ['1080'], '1079': ['1079'], '1081': ['1081'], '1095': ['1095'], '1082': ['1082', '1084', '1042', '1083', '1085'], '1096': ['1096'], '1136': ['1136'], '1138': ['1138'], '1041': ['1041'], '1126': ['1126'], '1125': ['1125'], '1127': ['1127'], '1128': ['1128', '1131', '1132', '1130', '1133'], '1129': ['1129'], '1032': ['1032', '1052', '1063', '1053', '1049'], '1160': ['1160'], '1051': ['1051', '1055', '1056', '1050'], '1057': ['1057'], '1060': ['1060'], '1071': ['1071'], '1147': ['1147', '1148', '1158', '1157', '1159', '1156', '1161', '1033', '1153', '1154', '1155', '1152'], '1066': ['1066'], '1061': ['1061'], '1072': ['1072'], '1162': ['1162'], '1101': ['1101', '1102', '1103', '1039', '1097', '1098', '1099', '1035', '1100'], '1109': ['1109'], '1105': ['1105', '1106', '1107', '1058', '1059'], '1113': ['1113'], '1108': ['1108'], '1110': ['1110'], '1104': ['1104'], '1114': ['1114', '1030', '1046', '1069', '1064', '1065', '1070', '1031', '1047'], '1038': ['1038', '1048', '1068', '1034', '1067'], '1054': ['1054'], '1112': ['1112'], '1111': ['1111'], '1086': ['1086', '1089', '1044', '1087', '1090'], '1043': ['1043', '1121', '1122', '1123', '1045'], '1124': ['1124'], '1036': ['1036', '1092', '1150', '1151', '1149'], '1093': ['1093'], '1094': ['1094'], '1145': ['1145'], '1144': ['1144'], '1037': ['1037'], '1088': ['1088'], '1142': ['1142'], '1141': ['1141'], '1091': ['1091'], '1143': ['1143'], '1115': ['1115'], '1062': ['1062'], '1077': ['1077'], '1117': ['1117'], '1146': ['1146'], '1075': ['1075'], '1076': ['1076'], '1118': ['1118'], '1073': ['1073'], '1078': ['1078'], '1074': ['1074'], '1116': ['1116'], '1135': ['1135'], '1137': ['1137'], '1140': ['1140'], '1139': ['1139'], '1119': ['1119'], '1120': ['1120'], '1134': ['1134']})"
71,"defaultdict(<class 'list'>, {'1040': ['1040', '1080', '1081', '1082', '1078'], '1079': ['1079', '1077', '1075', '1076', '1074'], '1095': ['1095'], '1084': ['1084', '1042', '1085', '1086', '1089', '1044', '1087', '1090', '1091'], '1096': ['1096'], '1136': ['1136'], '1138': ['1138'], '1041': ['1041'], '1126': ['1126'], '1125': ['1125'], '1127': ['1127'], '1128': ['1128'], '1129': ['1129'], '1131': ['1131'], '1032': ['1032', '1052', '1063', '1053', '1049'], '1160': ['1160', '1147', '1161', '1145', '1146'], '1051': ['1051', '1038', '1048', '1050', '1034'], '1055': ['1055'], '1057': ['1057'], '1060': ['1060'], '1071': ['1071'], '1148': ['1148', '1158', '1157', '1159', '1156'], '1066': ['1066', '1068', '1067'], '1056': ['1056'], '1061': ['1061'], '1072': ['1072'], '1162': ['1162'], '1033': ['1033', '1101', '1109', '1153', '1100'], '1102': ['1102'], '1103': ['1103'], '1105': ['1105', '1106', '1107', '1058', '1059'], '1113': ['1113'], '1154': ['1154'], '1155': ['1155'], '1108': ['1108'], '1110': ['1110'], '1104': ['1104'], '1114': ['1114'], '1054': ['1054'], '1039': ['1039', '1097', '1098', '1099', '1035', '1112', '1111', '1117', '1118'], '1030': ['1030'], '1046': ['1046'], '1069': ['1069', '1064', '1065', '1070', '1031'], '1047': ['1047'], '1083': ['1083'], '1043': ['1043', '1121', '1122', '1123', '1045'], '1124': ['1124'], '1036': ['1036'], '1092': ['1092'], '1150': ['1150'], '1093': ['1093', '1094', '1151', '1149', '1037'], '1144': ['1144'], '1088': ['1088'], '1142': ['1142'], '1141': ['1141'], '1143': ['1143'], '1115': ['1115'], '1062': ['1062'], '1152': ['1152'], '1073': ['1073'], '1116': ['1116'], '1135': ['1135'], '1137': ['1137'], '1140': ['1140'], '1139': ['1139'], '1119': ['1119'], '1120': ['1120'], '1132': ['1132'], '1130': ['1130'], '1134': ['1134'], '1133': ['1133']})"
72,"defaultdict(<class 'list'>, {'1040': ['1040'], '1080': ['1080'], '1079': ['1079'], '1081': ['1081'], '1095': ['1095'], '1082': ['1082', '1084', '1042', '1083', '1085'], '1096': ['1096'], '1136': ['1136'], '1138': ['1138'], '1041': ['1041', '1126', '1125', '1127', '1043', '1121', '1122', '1123', '1045', '1124', '1128', '1132'], '1129': ['1129', '1131', '1120', '1130', '1134'], '1032': ['1032', '1160', '1147', '1148', '1158', '1157', '1159', '1161', '1162', '1155', '1156', '1146'], '1052': ['1052'], '1063': ['1063'], '1051': ['1051'], '1055': ['1055'], '1057': ['1057'], '1060': ['1060'], '1071': ['1071'], '1053': ['1053'], '1066': ['1066'], '1056': ['1056'], '1061': ['1061'], '1072': ['1072'], '1033': ['1033'], '1101': ['1101'], '1109': ['1109'], '1153': ['1153'], '1102': ['1102'], '1103': ['1103'], '1105': ['1105'], '1106': ['1106'], '1113': ['1113'], '1154': ['1154', '1036', '1092', '1150', '1093', '1094', '1151', '1149', '1037', '1144', '1145', '1152'], '1108': ['1108'], '1110': ['1110'], '1104': ['1104'], '1107': ['1107'], '1114': ['1114', '1030', '1046', '1069', '1047', '1070', '1064', '1065', '1031'], '1038': ['1038', '1048', '1068', '1034', '1067'], '1049': ['1049'], '1050': ['1050'], '1054': ['1054'], '1039': ['1039', '1097', '1098', '1099', '1035'], '1112': ['1112'], '1100': ['1100'], '1111': ['1111'], '1058': ['1058'], '1059': ['1059'], '1086': ['1086', '1089', '1087', '1090', '1091'], '1044': ['1044'], '1088': ['1088'], '1142': ['1142'], '1141': ['1141'], '1143': ['1143'], '1115': ['1115'], '1062': ['1062'], '1077': ['1077'], '1117': ['1117'], '1075': ['1075'], '1076': ['1076'], '1118': ['1118'], '1073': ['1073'], '1078': ['1078'], '1074': ['1074'], '1116': ['1116'], '1135': ['1135'], '1137': ['1137'], '1140': ['1140'], '1139': ['1139'], '1119': ['1119'], '1133': ['1133']})"
72,"defaultdict(<class 'list'>, {'1040': ['1040'], '1080': ['1080'], '1079': ['1079'], '1081': ['1081'], '1095': ['1095', '1082', '1084', '1083', '1085'], '1096': ['1096', '1138', '1135', '1137', '1139'], '1136': ['1136'], '1041': ['1041'], '1126': ['1126'], '1125': ['1125'], '1127': ['1127'], '1128': ['1128', '1129', '1132', '1130', '1134'], '1131': ['1131'], '1032': ['1032', '1052', '1063', '1053', '1049'], '1160': ['1160', '1147', '1161', '1145', '1146', '1162'], '1051': ['1051'], '1055': ['1055'], '1057': ['1057', '1060', '1061', '1058', '1059'], '1071': ['1071'], '1148': ['1148', '1158', '1157', '1159', '1156'], '1066': ['1066'], '1056': ['1056'], '1072': ['1072'], '1033': ['1033'], '1101': ['1101'], '1109': ['1109'], '1153': ['1153'], '1102': ['1102'], '1103': ['1103'], '1105': ['1105', '1106', '1113', '1107', '1114'], '1154': ['1154'], '1155': ['1155'], '1108': ['1108'], '1110': ['1110'], '1104': ['1104'], '1038': ['1038', '1048', '1068', '1034', '1067'], '1050': ['1050'], '1054': ['1054'], '1039': ['1039', '1097', '1112', '1035', '1111'], '1098': ['1098'], '1099': ['1099'], '1100': ['1100'], '1030': ['1030'], '1046': ['1046'], '1069': ['1069', '1064', '1065', '1070', '1031'], '1047': ['1047'], '1042': ['1042'], '1086': ['1086'], '1089': ['1089'], '1043': ['1043', '1121', '1122', '1123', '1045'], '1124': ['1124'], '1036': ['1036', '1092', '1150', '1093', '1094', '1144', '1149', '1037', '1151'], '1044': ['1044'], '1087': ['1087'], '1088': ['1088'], '1090': ['1090'], '1142': ['1142'], '1141': ['1141'], '1091': ['1091'], '1143': ['1143'], '1115': ['1115', '1118', '1116', '1119', '1120'], '1062': ['1062'], '1077': ['1077'], '1117': ['1117'], '1152': ['1152'], '1075': ['1075'], '1076': ['1076'], '1073': ['1073'], '1078': ['1078'], '1074': ['1074'], '1140': ['1140'], '1133': ['1133']})"
72,"defaultdict(<class 'list'>, {'1040': ['1040', '1080', '1079', '1081', '1078', '1095', '1082', '1084', '1042', '1083', '1085', '1086'], '1096': ['1096', '1138', '1135', '1137', '1139'], '1136': ['1136'], '1041': ['1041'], '1126': ['1126', '1125', '1127', '1043', '1121', '1122', '1123', '1045', '1124'], '1128': ['1128'], '1129': ['1129'], '1131': ['1131'], '1032': ['1032'], '1052': ['1052', '1051', '1053', '1049', '1050'], '1063': ['1063'], '1160': ['1160'], '1055': ['1055'], '1057': ['1057', '1060', '1071', '1061', '1105', '1106', '1107', '1058', '1059'], '1147': ['1147'], '1148': ['1148', '1158', '1157', '1159', '1156'], '1161': ['1161'], '1066': ['1066'], '1056': ['1056', '1077', '1075', '1076', '1074'], '1072': ['1072'], '1162': ['1162'], '1033': ['1033'], '1101': ['1101'], '1109': ['1109'], '1153': ['1153'], '1102': ['1102'], '1103': ['1103'], '1113': ['1113', '1114', '1115'], '1154': ['1154'], '1155': ['1155'], '1108': ['1108'], '1110': ['1110'], '1104': ['1104'], '1038': ['1038', '1048', '1068', '1034', '1067'], '1054': ['1054'], '1039': ['1039', '1097', '1098', '1099', '1035'], '1112': ['1112'], '1100': ['1100'], '1111': ['1111'], '1030': ['1030', '1046', '1069', '1047', '1070'], '1064': ['1064'], '1065': ['1065'], '1031': ['1031'], '1089': ['1089'], '1036': ['1036'], '1092': ['1092'], '1150': ['1150'], '1093': ['1093'], '1094': ['1094'], '1145': ['1145'], '1151': ['1151'], '1144': ['1144'], '1149': ['1149'], '1037': ['1037'], '1044': ['1044'], '1087': ['1087'], '1088': ['1088'], '1090': ['1090'], '1142': ['1142'], '1141': ['1141'], '1091': ['1091'], '1143': ['1143'], '1062': ['1062'], '1117': ['1117', '1118', '1116', '1119', '1120'], '1146': ['1146'], '1152': ['1152'], '1073': ['1073'], '1140': ['1140'], '1132': ['1132'], '1130': ['1130'], '1134': ['1134'], '1133': ['1133']})"
72,"defaultdict(<class 'list'>, {'1040': ['1040', '1080', '1081', '1082', '1078', '1084', '1042', '1083', '1085'], '1079': ['1079'], '1095': ['1095'], '1096': ['1096', '1138', '1135', '1137', '1139'], '1136': ['1136'], '1041': ['1041'], '1126': ['1126'], '1125': ['1125'], '1127': ['1127'], '1128': ['1128', '1131', '1132', '1130', '1133', '1129', '1120', '1134'], '1032': ['1032', '1063', '1071', '1066', '1067'], '1052': ['1052'], '1160': ['1160', '1147', '1161', '1162', '1146'], '1051': ['1051'], '1055': ['1055'], '1057': ['1057', '1060', '1061', '1058', '1059'], '1148': ['1148'], '1158': ['1158'], '1053': ['1053', '1038', '1048', '1054', '1034'], '1056': ['1056'], '1072': ['1072'], '1157': ['1157'], '1159': ['1159'], '1033': ['1033', '1153', '1154', '1155', '1152'], '1101': ['1101'], '1109': ['1109'], '1102': ['1102'], '1103': ['1103'], '1105': ['1105', '1106', '1113', '1107', '1114'], '1108': ['1108'], '1110': ['1110'], '1104': ['1104'], '1156': ['1156'], '1049': ['1049'], '1050': ['1050'], '1068': ['1068'], '1039': ['1039', '1097', '1098', '1099', '1035', '1112', '1111', '1117', '1118'], '1100': ['1100'], '1030': ['1030'], '1046': ['1046'], '1069': ['1069'], '1064': ['1064'], '1065': ['1065'], '1047': ['1047'], '1070': ['1070'], '1031': ['1031'], '1086': ['1086'], '1089': ['1089'], '1043': ['1043'], '1121': ['1121'], '1122': ['1122'], '1123': ['1123'], '1124': ['1124'], '1036': ['1036', '1092', '1150', '1151', '1149'], '1093': ['1093', '1094', '1144', '1037'], '1145': ['1145'], '1044': ['1044'], '1087': ['1087'], '1088': ['1088', '1142', '1141', '1143'], '1090': ['1090'], '1091': ['1091'], '1045': ['1045'], '1115': ['1115'], '1062': ['1062'], '1077': ['1077'], '1075': ['1075'], '1076': ['1076'], '1073': ['1073'], '1074': ['1074'], '1116': ['1116'], '1140': ['1140'], '1119': ['1119']})"
73,"defaultdict(<class 'list'>, {'1040': ['1040', '1080', '1079', '1081', '1078', '1077', '1075', '1076', '1074'], '1095': ['1095'], '1082': ['1082'], '1084': ['1084'], '1096': ['1096', '1138', '1135', '1137', '1139'], '1136': ['1136'], '1041': ['1041'], '1126': ['1126'], '1125': ['1125'], '1127': ['1127'], '1128': ['1128', '1129', '1132', '1130', '1134'], '1131': ['1131'], '1032': ['1032', '1160', '1161', '1162', '1146'], '1052': ['1052'], '1063': ['1063'], '1051': ['1051'], '1055': ['1055'], '1057': ['1057', '1060', '1071', '1061', '1105', '1106', '1107', '1058', '1059'], '1147': ['1147', '1148', '1158', '1157', '1159'], '1053': ['1053'], '1066': ['1066'], '1056': ['1056'], '1072': ['1072'], '1033': ['1033', '1109', '1153', '1155', '1152'], '1101': ['1101', '1102', '1098', '1099', '1100'], '1103': ['1103'], '1113': ['1113'], '1154': ['1154'], '1108': ['1108'], '1110': ['1110'], '1104': ['1104'], '1114': ['1114'], '1156': ['1156'], '1038': ['1038', '1048', '1068', '1034', '1067'], '1049': ['1049'], '1050': ['1050'], '1054': ['1054'], '1039': ['1039', '1097', '1112', '1035', '1111'], '1030': ['1030'], '1046': ['1046'], '1069': ['1069'], '1064': ['1064'], '1065': ['1065'], '1047': ['1047'], '1070': ['1070'], '1031': ['1031'], '1042': ['1042'], '1083': ['1083'], '1085': ['1085'], '1086': ['1086'], '1089': ['1089'], '1043': ['1043'], '1121': ['1121'], '1122': ['1122'], '1123': ['1123'], '1124': ['1124'], '1036': ['1036', '1092', '1150', '1151', '1149'], '1093': ['1093'], '1094': ['1094'], '1145': ['1145'], '1144': ['1144'], '1037': ['1037'], '1044': ['1044'], '1087': ['1087'], '1088': ['1088', '1142', '1141', '1143', '1140'], '1090': ['1090'], '1091': ['1091'], '1045': ['1045'], '1115': ['1115'], '1062': ['1062'], '1117': ['1117', '1118', '1116', '1119', '1120'], '1073': ['1073'], '1133': ['1133']})"
73,"defaultdict(<class 'list'>, {'1040': ['1040', '1080', '1079', '1081', '1078'], '1095': ['1095'], '1082': ['1082'], '1084': ['1084'], '1096': ['1096'], '1136': ['1136'], '1138': ['1138'], '1041': ['1041'], '1126': ['1126', '1125', '1127', '1128', '1124'], '1129': ['1129', '1131', '1120', '1130', '1134'], '1032': ['1032', '1160', '1161', '1162', '1146'], '1052': ['1052', '1053', '1049', '1050', '1054', '1051', '1055', '1061', '1062'], '1063': ['1063'], '1057': ['1057'], '1060': ['1060'], '1071': ['1071'], '1147': ['1147'], '1148': ['1148'], '1158': ['1158'], '1066': ['1066'], '1056': ['1056'], '1072': ['1072'], '1157': ['1157'], '1159': ['1159'], '1033': ['1033'], '1101': ['1101'], '1109': ['1109'], '1153': ['1153', '1154', '1155', '1156', '1152'], '1102': ['1102'], '1103': ['1103'], '1105': ['1105'], '1106': ['1106'], '1113': ['1113'], '1108': ['1108'], '1110': ['1110'], '1104': ['1104'], '1107': ['1107'], '1114': ['1114'], '1038': ['1038', '1048', '1068', '1034', '1067'], '1039': ['1039', '1097', '1098', '1099', '1035', '1112', '1111', '1117', '1118'], '1100': ['1100'], '1030': ['1030'], '1046': ['1046'], '1069': ['1069'], '1058': ['1058'], '1059': ['1059'], '1064': ['1064'], '1065': ['1065'], '1047': ['1047'], '1070': ['1070'], '1031': ['1031'], '1042': ['1042'], '1083': ['1083'], '1085': ['1085'], '1086': ['1086', '1089', '1044', '1087', '1090'], '1043': ['1043', '1121', '1122', '1123', '1045'], '1036': ['1036'], '1092': ['1092'], '1150': ['1150'], '1093': ['1093', '1094', '1151', '1149', '1037'], '1145': ['1145'], '1144': ['1144'], '1088': ['1088', '1142', '1141', '1143', '1139'], '1091': ['1091'], '1115': ['1115'], '1077': ['1077', '1075', '1076', '1073', '1074'], '1116': ['1116'], '1135': ['1135'], '1137': ['1137'], '1140': ['1140'], '1119': ['1119'], '1132': ['1132'], '1133': ['1133']})"
73,"defaultdict(<class 'list'>, {'1040': ['1040'], '1080': ['1080', '1079', '1077', '1076', '1078'], '1081': ['1081'], '1095': ['1095'], '1082': ['1082', '1084', '1042', '1083', '1085'], '1096': ['1096', '1138', '1135', '1137', '1139'], '1136': ['1136'], '1041': ['1041'], '1126': ['1126'], '1125': ['1125'], '1127': ['1127'], '1128': ['1128', '1131', '1132', '1130', '1133'], '1129': ['1129'], '1032': ['1032', '1052', '1053', '1049', '1050', '1054', '1063', '1051', '1055'], '1160': ['1160'], '1057': ['1057', '1060', '1061', '1105', '1106', '1107', '1058', '1059', '1113'], '1071': ['1071'], '1147': ['1147'], '1148': ['1148'], '1158': ['1158', '1157', '1159', '1033', '1153', '1154', '1155', '1152', '1156'], '1161': ['1161'], '1066': ['1066'], '1056': ['1056', '1104', '1030', '1046', '1047'], '1072': ['1072'], '1162': ['1162'], '1101': ['1101', '1102', '1098', '1099', '1100'], '1109': ['1109'], '1103': ['1103'], '1108': ['1108'], '1110': ['1110'], '1114': ['1114'], '1038': ['1038'], '1048': ['1048'], '1068': ['1068'], '1039': ['1039', '1097', '1112', '1035', '1111'], '1034': ['1034'], '1067': ['1067'], '1069': ['1069'], '1064': ['1064'], '1065': ['1065'], '1070': ['1070'], '1031': ['1031'], '1086': ['1086'], '1089': ['1089'], '1043': ['1043'], '1121': ['1121'], '1122': ['1122'], '1123': ['1123'], '1124': ['1124'], '1036': ['1036'], '1092': ['1092', '1150', '1093', '1094', '1151', '1149', '1037', '1145', '1144'], '1044': ['1044'], '1087': ['1087'], '1088': ['1088'], '1090': ['1090'], '1142': ['1142'], '1141': ['1141'], '1091': ['1091'], '1143': ['1143'], '1045': ['1045'], '1115': ['1115'], '1062': ['1062'], '1117': ['1117'], '1146': ['1146'], '1075': ['1075'], '1118': ['1118'], '1073': ['1073'], '1074': ['1074'], '1116': ['1116'], '1140': ['1140'], '1119': ['1119'], '1120': ['1120'], '1134': ['1134']})"
73,"defaultdict(<class 'list'>, {'1040': ['1040', '1080', '1079', '1081', '1078', '1095', '1082', '1096', '1083'], '1084': ['1084', '1042', '1085', '1086', '1087'], '1136': ['1136'], '1138': ['1138'], '1041': ['1041', '1126', '1125', '1127', '1124'], '1128': ['1128'], '1129': ['1129'], '1131': ['1131'], '1032': ['1032', '1052', '1063', '1053', '1049', '1160', '1161', '1162', '1146'], '1051': ['1051', '1038', '1048', '1050', '1034'], '1055': ['1055'], '1057': ['1057', '1060', '1071', '1061', '1072'], '1147': ['1147'], '1148': ['1148', '1158', '1157', '1159', '1156', '1153', '1154', '1155', '1152'], '1066': ['1066'], '1056': ['1056'], '1033': ['1033', '1109', '1113', '1110', '1111'], '1101': ['1101'], '1102': ['1102'], '1103': ['1103'], '1105': ['1105', '1106', '1107', '1058', '1059'], '1108': ['1108'], '1104': ['1104'], '1114': ['1114'], '1054': ['1054'], '1068': ['1068'], '1039': ['1039', '1097', '1098', '1099', '1035'], '1112': ['1112'], '1100': ['1100'], '1067': ['1067'], '1030': ['1030'], '1046': ['1046'], '1069': ['1069'], '1064': ['1064'], '1065': ['1065'], '1047': ['1047'], '1070': ['1070'], '1031': ['1031'], '1089': ['1089'], '1043': ['1043'], '1121': ['1121'], '1122': ['1122'], '1123': ['1123'], '1036': ['1036'], '1092': ['1092'], '1150': ['1150'], '1093': ['1093'], '1094': ['1094'], '1145': ['1145'], '1151': ['1151'], '1144': ['1144'], '1149': ['1149'], '1037': ['1037'], '1044': ['1044'], '1088': ['1088', '1142', '1141', '1143', '1140'], '1090': ['1090'], '1091': ['1091'], '1045': ['1045'], '1115': ['1115'], '1062': ['1062'], '1077': ['1077', '1075', '1076', '1073', '1074'], '1117': ['1117'], '1118': ['1118'], '1116': ['1116'], '1135': ['1135'], '1137': ['1137'], '1139': ['1139'], '1119': ['1119'], '1120': ['1120'], '1132': ['1132'], '1130': ['1130'], '1134': ['1134'], '1133': ['1133']})"
73,"defaultdict(<class 'list'>, {'1040': ['1040', '1080', '1079', '1081', '1078'], '1095': ['1095'], '1082': ['1082'], '1084': ['1084', '1042', '1085', '1086', '1089', '1044', '1087', '1090', '1091'], '1096': ['1096', '1138', '1135', '1137', '1139'], '1136': ['1136'], '1041': ['1041'], '1126': ['1126'], '1125': ['1125'], '1127': ['1127'], '1128': ['1128', '1131', '1132', '1130', '1133'], '1129': ['1129'], '1032': ['1032', '1052', '1063', '1053', '1049'], '1160': ['1160'], '1051': ['1051'], '1055': ['1055'], '1057': ['1057'], '1060': ['1060'], '1071': ['1071'], '1147': ['1147', '1148', '1158', '1157', '1159'], '1161': ['1161'], '1066': ['1066'], '1056': ['1056'], '1061': ['1061'], '1072': ['1072'], '1162': ['1162'], '1033': ['1033'], '1101': ['1101'], '1109': ['1109'], '1153': ['1153', '1154', '1155', '1156', '1152'], '1102': ['1102'], '1103': ['1103'], '1105': ['1105', '1106', '1113', '1107', '1114'], '1108': ['1108'], '1110': ['1110'], '1104': ['1104'], '1038': ['1038', '1048', '1068', '1034', '1067'], '1050': ['1050'], '1054': ['1054'], '1039': ['1039'], '1097': ['1097'], '1098': ['1098'], '1099': ['1099'], '1112': ['1112'], '1100': ['1100'], '1035': ['1035'], '1111': ['1111'], '1030': ['1030'], '1046': ['1046'], '1069': ['1069', '1064', '1065', '1070', '1031'], '1058': ['1058'], '1059': ['1059'], '1047': ['1047'], '1083': ['1083'], '1043': ['1043', '1121', '1122', '1123', '1045'], '1124': ['1124'], '1036': ['1036'], '1092': ['1092'], '1150': ['1150'], '1093': ['1093', '1094', '1144', '1149', '1037'], '1145': ['1145'], '1151': ['1151'], '1088': ['1088', '1142', '1141', '1143', '1140'], '1115': ['1115'], '1062': ['1062'], '1077': ['1077'], '1117': ['1117', '1118', '1116', '1119', '1120'], '1146': ['1146'], '1075': ['1075'], '1076': ['1076'], '1073': ['1073'], '1074': ['1074'], '1134': ['1134']})"
73,"defaultdict(<class 'list'>, {'1040': ['1040', '1080', '1081', '1095', '1082', '1084', '1042', '1083', '1085'], '1079': ['1079', '1077', '1075', '1076', '1074'], '1096': ['1096', '1138', '1135', '1137', '1139'], '1136': ['1136'], '1041': ['1041', '1126', '1125', '1127', '1043', '1121', '1122', '1123', '1045', '1124', '1128', '1132'], '1129': ['1129'], '1131': ['1131'], '1032': ['1032', '1160', '1161', '1162', '1146'], '1052': ['1052'], '1063': ['1063'], '1051': ['1051', '1055', '1056', '1049', '1050'], '1057': ['1057', '1060', '1061', '1105', '1106', '1107', '1058', '1059', '1062'], '1071': ['1071'], '1147': ['1147'], '1148': ['1148', '1158', '1157', '1159', '1156'], '1053': ['1053', '1054'], '1066': ['1066'], '1072': ['1072'], '1033': ['1033', '1153', '1154', '1155', '1152'], '1101': ['1101'], '1109': ['1109'], '1102': ['1102'], '1103': ['1103'], '1113': ['1113'], '1108': ['1108'], '1110': ['1110'], '1104': ['1104'], '1114': ['1114'], '1038': ['1038', '1048', '1068', '1034', '1067'], '1039': ['1039'], '1097': ['1097'], '1098': ['1098'], '1099': ['1099'], '1112': ['1112'], '1100': ['1100'], '1035': ['1035'], '1111': ['1111'], '1030': ['1030'], '1046': ['1046'], '1069': ['1069'], '1064': ['1064'], '1065': ['1065'], '1047': ['1047'], '1070': ['1070'], '1031': ['1031'], '1086': ['1086', '1087', '1088', '1141', '1143'], '1089': ['1089'], '1036': ['1036'], '1092': ['1092'], '1150': ['1150'], '1093': ['1093'], '1094': ['1094'], '1145': ['1145'], '1151': ['1151'], '1144': ['1144'], '1149': ['1149'], '1037': ['1037'], '1044': ['1044'], '1090': ['1090'], '1142': ['1142'], '1091': ['1091'], '1115': ['1115'], '1117': ['1117'], '1118': ['1118'], '1073': ['1073'], '1078': ['1078'], '1116': ['1116'], '1140': ['1140'], '1119': ['1119'], '1120': ['1120'], '1130': ['1130'], '1134': ['1134'], '1133': ['1133']})"
73,"defaultdict(<class 'list'>, {'1040': ['1040', '1080', '1079', '1081', '1078'], '1095': ['1095', '1082', '1084', '1083', '1085'], '1096': ['1096', '1138', '1135', '1137', '1139'], '1136': ['1136'], '1041': ['1041'], '1126': ['1126'], '1125': ['1125'], '1127': ['1127'], '1128': ['1128', '1129', '1132', '1130', '1134'], '1131': ['1131'], '1032': ['1032'], '1052': ['1052', '1053', '1049', '1050', '1054'], '1063': ['1063'], '1160': ['1160'], '1051': ['1051'], '1055': ['1055'], '1057': ['1057', '1060', '1061', '1058', '1059'], '1071': ['1071'], '1147': ['1147'], '1148': ['1148', '1158', '1157', '1159', '1156'], '1161': ['1161'], '1066': ['1066'], '1056': ['1056'], '1072': ['1072', '1075', '1076', '1073', '1074'], '1162': ['1162'], '1033': ['1033', '1101', '1109', '1153', '1100'], '1102': ['1102', '1103', '1104', '1117', '1118'], '1105': ['1105'], '1106': ['1106'], '1113': ['1113'], '1154': ['1154'], '1155': ['1155'], '1108': ['1108'], '1110': ['1110'], '1107': ['1107'], '1114': ['1114'], '1038': ['1038', '1048', '1068', '1034', '1067'], '1039': ['1039'], '1097': ['1097'], '1098': ['1098'], '1099': ['1099'], '1112': ['1112'], '1035': ['1035'], '1111': ['1111'], '1030': ['1030', '1046', '1069', '1047', '1070'], '1064': ['1064'], '1065': ['1065'], '1031': ['1031'], '1042': ['1042'], '1086': ['1086'], '1089': ['1089', '1092', '1044', '1090', '1091'], '1043': ['1043', '1121', '1122', '1123', '1045'], '1124': ['1124'], '1036': ['1036'], '1150': ['1150'], '1093': ['1093', '1094', '1144', '1149', '1037'], '1145': ['1145'], '1151': ['1151'], '1087': ['1087'], '1088': ['1088'], '1142': ['1142'], '1141': ['1141'], '1143': ['1143'], '1115': ['1115'], '1062': ['1062'], '1077': ['1077'], '1146': ['1146'], '1152': ['1152'], '1116': ['1116'], '1140': ['1140'], '1119': ['1119'], '1120': ['1120'], '1133': ['1133']})"
73,"defaultdict(<class 'list'>, {'1040': ['1040', '1080', '1079', '1081', '1078', '1095', '1082', '1084', '1042', '1083', '1085', '1096'], '1136': ['1136'], '1138': ['1138'], '1041': ['1041'], '1126': ['1126'], '1125': ['1125'], '1127': ['1127'], '1128': ['1128'], '1129': ['1129'], '1131': ['1131'], '1032': ['1032', '1160', '1161', '1162', '1146'], '1052': ['1052', '1053'], '1063': ['1063'], '1051': ['1051', '1055', '1056', '1049', '1050'], '1057': ['1057', '1060', '1061', '1058', '1059'], '1071': ['1071'], '1147': ['1147'], '1148': ['1148', '1158', '1157', '1159', '1156'], '1066': ['1066'], '1072': ['1072'], '1033': ['1033', '1153', '1154', '1155', '1152'], '1101': ['1101', '1102', '1098', '1099', '1100'], '1109': ['1109'], '1103': ['1103'], '1105': ['1105'], '1106': ['1106'], '1113': ['1113'], '1108': ['1108'], '1110': ['1110'], '1104': ['1104'], '1107': ['1107'], '1114': ['1114', '1030', '1046', '1069', '1064', '1065', '1070', '1031', '1047'], '1038': ['1038', '1048', '1068', '1034', '1067'], '1054': ['1054'], '1039': ['1039'], '1097': ['1097'], '1112': ['1112'], '1035': ['1035'], '1111': ['1111'], '1086': ['1086'], '1089': ['1089'], '1043': ['1043'], '1121': ['1121'], '1122': ['1122'], '1123': ['1123'], '1124': ['1124'], '1036': ['1036'], '1092': ['1092'], '1150': ['1150'], '1093': ['1093', '1094', '1151', '1149', '1037'], '1145': ['1145'], '1144': ['1144'], '1044': ['1044'], '1087': ['1087'], '1088': ['1088', '1142', '1141', '1143', '1140'], '1090': ['1090'], '1091': ['1091'], '1045': ['1045'], '1115': ['1115'], '1062': ['1062'], '1077': ['1077', '1075', '1076', '1073', '1074'], '1117': ['1117'], '1118': ['1118'], '1116': ['1116'], '1135': ['1135'], '1137': ['1137'], '1139': ['1139'], '1119': ['1119'], '1120': ['1120'], '1132': ['1132'], '1130': ['1130'], '1134': ['1134'], '1133': ['1133']})"
73,"defaultdict(<class 'list'>, {'1040': ['1040', '1080', '1081', '1095', '1082', '1084', '1042', '1083', '1085'], '1079': ['1079'], '1096': ['1096', '1138', '1135', '1137', '1139'], '1136': ['1136'], '1041': ['1041'], '1126': ['1126'], '1125': ['1125'], '1127': ['1127'], '1128': ['1128', '1129', '1132', '1130', '1134'], '1131': ['1131'], '1032': ['1032', '1052', '1051', '1053', '1049', '1050', '1063', '1055', '1054'], '1160': ['1160'], '1057': ['1057', '1060', '1061', '1058', '1059'], '1071': ['1071'], '1147': ['1147'], '1148': ['1148', '1158', '1157', '1159', '1156', '1153', '1154', '1155', '1152'], '1161': ['1161'], '1066': ['1066'], '1056': ['1056'], '1072': ['1072', '1075', '1076', '1073', '1074'], '1162': ['1162'], '1033': ['1033'], '1101': ['1101'], '1109': ['1109'], '1102': ['1102'], '1103': ['1103'], '1105': ['1105'], '1106': ['1106'], '1113': ['1113'], '1108': ['1108'], '1110': ['1110'], '1104': ['1104'], '1107': ['1107'], '1114': ['1114'], '1038': ['1038', '1048', '1068', '1034', '1067'], '1039': ['1039'], '1097': ['1097'], '1098': ['1098'], '1099': ['1099'], '1112': ['1112'], '1100': ['1100'], '1035': ['1035'], '1111': ['1111'], '1030': ['1030'], '1046': ['1046'], '1069': ['1069', '1064', '1065', '1070', '1031'], '1047': ['1047'], '1086': ['1086', '1089', '1044', '1087', '1090'], '1043': ['1043', '1121', '1122', '1123', '1045'], '1124': ['1124'], '1036': ['1036'], '1092': ['1092'], '1150': ['1150'], '1093': ['1093'], '1094': ['1094'], '1145': ['1145'], '1151': ['1151'], '1144': ['1144'], '1149': ['1149'], '1037': ['1037'], '1088': ['1088'], '1142': ['1142'], '1141': ['1141'], '1091': ['1091'], '1143': ['1143'], '1115': ['1115'], '1062': ['1062'], '1077': ['1077'], '1117': ['1117', '1118', '1116', '1119', '1120'], '1146': ['1146'], '1078': ['1078'], '1140': ['1140'], '1133': ['1133']})"
73,"defaultdict(<class 'list'>, {'1040': ['1040', '1080', '1081', '1082', '1078', '1079', '1095', '1096', '1083'], '1084': ['1084'], '1136': ['1136'], '1138': ['1138'], '1041': ['1041', '1126', '1125', '1127', '1124'], '1128': ['1128'], '1129': ['1129'], '1131': ['1131'], '1032': ['1032'], '1052': ['1052', '1053', '1049', '1050', '1054'], '1063': ['1063'], '1160': ['1160', '1147', '1161', '1145', '1146'], '1051': ['1051'], '1055': ['1055'], '1057': ['1057', '1060', '1071', '1061', '1072'], '1148': ['1148'], '1158': ['1158'], '1066': ['1066', '1038', '1048', '1068', '1034', '1067', '1064', '1065', '1031'], '1056': ['1056', '1077', '1075', '1076', '1074'], '1157': ['1157'], '1159': ['1159'], '1162': ['1162'], '1033': ['1033'], '1101': ['1101', '1102', '1098', '1099', '1100'], '1109': ['1109'], '1153': ['1153', '1154', '1155', '1156', '1152'], '1103': ['1103'], '1105': ['1105', '1106', '1107', '1058', '1059'], '1113': ['1113'], '1108': ['1108'], '1110': ['1110'], '1104': ['1104'], '1114': ['1114', '1115', '1118', '1116', '1119'], '1039': ['1039'], '1097': ['1097'], '1112': ['1112'], '1035': ['1035'], '1111': ['1111'], '1030': ['1030'], '1046': ['1046'], '1069': ['1069'], '1047': ['1047'], '1070': ['1070'], '1042': ['1042'], '1085': ['1085'], '1086': ['1086', '1089', '1044', '1087', '1090'], '1043': ['1043'], '1121': ['1121'], '1122': ['1122'], '1123': ['1123'], '1036': ['1036'], '1092': ['1092'], '1150': ['1150'], '1093': ['1093', '1094', '1151', '1149', '1037'], '1144': ['1144'], '1088': ['1088'], '1142': ['1142'], '1141': ['1141'], '1091': ['1091'], '1143': ['1143'], '1045': ['1045'], '1062': ['1062'], '1117': ['1117'], '1073': ['1073'], '1135': ['1135'], '1137': ['1137'], '1140': ['1140'], '1139': ['1139'], '1120': ['1120'], '1132': ['1132'], '1130': ['1130'], '1134': ['1134'], '1133': ['1133']})"
73,"defaultdict(<class 'list'>, {'1040': ['1040'], '1080': ['1080'], '1079': ['1079'], '1081': ['1081'], '1095': ['1095'], '1082': ['1082'], '1084': ['1084'], '1096': ['1096'], '1136': ['1136'], '1138': ['1138'], '1041': ['1041'], '1126': ['1126'], '1125': ['1125'], '1127': ['1127'], '1128': ['1128'], '1129': ['1129'], '1131': ['1131'], '1032': ['1032', '1160', '1161', '1162', '1146', '1147', '1148', '1158', '1156'], '1052': ['1052'], '1063': ['1063'], '1051': ['1051'], '1055': ['1055'], '1057': ['1057'], '1060': ['1060'], '1071': ['1071'], '1053': ['1053'], '1066': ['1066'], '1056': ['1056'], '1061': ['1061'], '1072': ['1072'], '1157': ['1157'], '1159': ['1159'], '1033': ['1033', '1153', '1154', '1155', '1152'], '1101': ['1101', '1102', '1098', '1099', '1100'], '1109': ['1109'], '1103': ['1103', '1104', '1030', '1046', '1047'], '1105': ['1105', '1106', '1107', '1058', '1059'], '1113': ['1113'], '1108': ['1108'], '1110': ['1110'], '1114': ['1114'], '1038': ['1038', '1048', '1068', '1034', '1067'], '1049': ['1049'], '1050': ['1050'], '1054': ['1054'], '1039': ['1039', '1097', '1112', '1035', '1111'], '1069': ['1069', '1064', '1065', '1070', '1031'], '1042': ['1042'], '1083': ['1083'], '1085': ['1085'], '1086': ['1086', '1089', '1044', '1087', '1090'], '1043': ['1043', '1121', '1122', '1123', '1045'], '1124': ['1124'], '1036': ['1036', '1092', '1150', '1093', '1094', '1151', '1149', '1037', '1144'], '1145': ['1145'], '1088': ['1088', '1142', '1141', '1143', '1140'], '1091': ['1091'], '1115': ['1115'], '1062': ['1062'], '1077': ['1077'], '1117': ['1117', '1118', '1116', '1119', '1120'], '1075': ['1075'], '1076': ['1076'], '1073': ['1073'], '1078': ['1078'], '1074': ['1074'], '1135': ['1135'], '1137': ['1137'], '1139': ['1139'], '1132': ['1132'], '1130': ['1130'], '1134': ['1134'], '1133': ['1133']})"
73,"defaultdict(<class 'list'>, {'1040': ['1040', '1080', '1081', '1082', '1078'], '1079': ['1079', '1077', '1075', '1076', '1074'], '1095': ['1095'], '1084': ['1084', '1042', '1085', '1086', '1089', '1044', '1087', '1090', '1091'], '1096': ['1096', '1138', '1135', '1137', '1139'], '1136': ['1136'], '1041': ['1041'], '1126': ['1126'], '1125': ['1125'], '1127': ['1127'], '1128': ['1128', '1131', '1132', '1130', '1133'], '1129': ['1129'], '1032': ['1032', '1160', '1161', '1162', '1146'], '1052': ['1052', '1053', '1049', '1050', '1054'], '1063': ['1063'], '1051': ['1051'], '1055': ['1055'], '1057': ['1057', '1060', '1061', '1062', '1073'], '1071': ['1071'], '1147': ['1147'], '1148': ['1148'], '1158': ['1158'], '1066': ['1066', '1067', '1064', '1065', '1031'], '1056': ['1056'], '1072': ['1072'], '1157': ['1157'], '1159': ['1159'], '1033': ['1033', '1153', '1154', '1155', '1152'], '1101': ['1101'], '1109': ['1109'], '1102': ['1102'], '1103': ['1103'], '1105': ['1105'], '1106': ['1106'], '1113': ['1113'], '1108': ['1108'], '1110': ['1110'], '1104': ['1104'], '1107': ['1107'], '1114': ['1114', '1115', '1118', '1116', '1119'], '1156': ['1156'], '1038': ['1038'], '1048': ['1048'], '1068': ['1068'], '1039': ['1039', '1097', '1098', '1099', '1035'], '1112': ['1112'], '1100': ['1100'], '1034': ['1034'], '1111': ['1111'], '1030': ['1030'], '1046': ['1046'], '1069': ['1069'], '1058': ['1058'], '1059': ['1059'], '1047': ['1047'], '1070': ['1070'], '1083': ['1083'], '1043': ['1043', '1121', '1122', '1123', '1045'], '1124': ['1124'], '1036': ['1036'], '1092': ['1092'], '1150': ['1150'], '1093': ['1093', '1094', '1151', '1149', '1037'], '1145': ['1145'], '1144': ['1144'], '1088': ['1088'], '1142': ['1142'], '1141': ['1141'], '1143': ['1143'], '1117': ['1117'], '1140': ['1140'], '1120': ['1120'], '1134': ['1134']})"
73,"defaultdict(<class 'list'>, {'1040': ['1040'], '1080': ['1080'], '1079': ['1079'], '1081': ['1081'], '1095': ['1095'], '1082': ['1082'], '1084': ['1084'], '1096': ['1096', '1136', '1135', '1137', '1140'], '1138': ['1138'], '1041': ['1041', '1126', '1125', '1127', '1124', '1129', '1122', '1123', '1045'], '1128': ['1128'], '1131': ['1131'], '1032': ['1032', '1160', '1161', '1162', '1146'], '1052': ['1052', '1051', '1053', '1049', '1050'], '1063': ['1063'], '1055': ['1055'], '1057': ['1057'], '1060': ['1060'], '1071': ['1071'], '1147': ['1147'], '1148': ['1148', '1158', '1157', '1159', '1153', '1154', '1155', '1156', '1152'], '1066': ['1066'], '1056': ['1056'], '1061': ['1061'], '1072': ['1072', '1075', '1076', '1073', '1074'], '1033': ['1033'], '1101': ['1101'], '1109': ['1109'], '1102': ['1102'], '1103': ['1103'], '1105': ['1105'], '1106': ['1106'], '1113': ['1113'], '1108': ['1108'], '1110': ['1110'], '1104': ['1104'], '1107': ['1107'], '1114': ['1114'], '1038': ['1038', '1048', '1068', '1034', '1067'], '1054': ['1054'], '1039': ['1039', '1097', '1112', '1035', '1111', '1098', '1099', '1117', '1118'], '1100': ['1100'], '1030': ['1030'], '1046': ['1046'], '1069': ['1069', '1064', '1065', '1070', '1031'], '1058': ['1058'], '1059': ['1059'], '1047': ['1047'], '1042': ['1042'], '1083': ['1083'], '1085': ['1085'], '1086': ['1086', '1089', '1044', '1087', '1090'], '1043': ['1043'], '1121': ['1121'], '1036': ['1036'], '1092': ['1092'], '1150': ['1150'], '1093': ['1093', '1094', '1151', '1149', '1037'], '1145': ['1145'], '1144': ['1144'], '1088': ['1088', '1142', '1141', '1143', '1139'], '1091': ['1091'], '1115': ['1115'], '1062': ['1062'], '1077': ['1077'], '1078': ['1078'], '1116': ['1116'], '1119': ['1119'], '1120': ['1120'], '1132': ['1132'], '1130': ['1130'], '1134': ['1134'], '1133': ['1133']})"
73,"defaultdict(<class 'list'>, {'1040': ['1040', '1080', '1079', '1077', '1076', '1078', '1075', '1074'], '1081': ['1081', '1082', '1084', '1042', '1083'], '1095': ['1095'], '1096': ['1096'], '1136': ['1136'], '1138': ['1138'], '1041': ['1041'], '1126': ['1126'], '1125': ['1125'], '1127': ['1127'], '1128': ['1128', '1131', '1132', '1130', '1133'], '1129': ['1129'], '1032': ['1032', '1160', '1161', '1162', '1146'], '1052': ['1052', '1053', '1049', '1050', '1054', '1051', '1055', '1061', '1062'], '1063': ['1063'], '1057': ['1057'], '1060': ['1060'], '1071': ['1071'], '1147': ['1147'], '1148': ['1148', '1158', '1157', '1159', '1156', '1153', '1154', '1155', '1152'], '1066': ['1066', '1038', '1048', '1068', '1067'], '1056': ['1056'], '1072': ['1072'], '1033': ['1033', '1109', '1113', '1110', '1111', '1105'], '1101': ['1101'], '1102': ['1102'], '1103': ['1103'], '1106': ['1106'], '1108': ['1108'], '1104': ['1104'], '1107': ['1107'], '1114': ['1114'], '1039': ['1039'], '1097': ['1097'], '1098': ['1098'], '1099': ['1099'], '1112': ['1112'], '1100': ['1100'], '1034': ['1034'], '1035': ['1035'], '1030': ['1030'], '1046': ['1046'], '1069': ['1069', '1064', '1065', '1070', '1031'], '1058': ['1058'], '1059': ['1059'], '1047': ['1047'], '1085': ['1085'], '1086': ['1086', '1089', '1044', '1087', '1090'], '1043': ['1043'], '1121': ['1121'], '1122': ['1122'], '1123': ['1123'], '1124': ['1124'], '1036': ['1036', '1092', '1150', '1151', '1149'], '1093': ['1093', '1094', '1144', '1037', '1143'], '1145': ['1145'], '1088': ['1088'], '1142': ['1142'], '1141': ['1141'], '1091': ['1091'], '1045': ['1045'], '1115': ['1115'], '1117': ['1117'], '1118': ['1118'], '1073': ['1073'], '1116': ['1116'], '1135': ['1135'], '1137': ['1137'], '1140': ['1140'], '1139': ['1139'], '1119': ['1119'], '1120': ['1120'], '1134': ['1134']})"
73,"defaultdict(<class 'list'>, {'1040': ['1040'], '1080': ['1080'], '1079': ['1079'], '1081': ['1081'], '1095': ['1095'], '1082': ['1082', '1084', '1042', '1083', '1085'], '1096': ['1096', '1138', '1135', '1137', '1139'], '1136': ['1136'], '1041': ['1041'], '1126': ['1126', '1125', '1127', '1043', '1121', '1122', '1123', '1045', '1124'], '1128': ['1128', '1131', '1132', '1130', '1133'], '1129': ['1129'], '1032': ['1032', '1160', '1161', '1162', '1146'], '1052': ['1052', '1053', '1049', '1050', '1054'], '1063': ['1063'], '1051': ['1051'], '1055': ['1055'], '1057': ['1057'], '1060': ['1060'], '1071': ['1071'], '1147': ['1147'], '1148': ['1148'], '1158': ['1158'], '1066': ['1066'], '1056': ['1056'], '1061': ['1061'], '1072': ['1072'], '1157': ['1157'], '1159': ['1159'], '1033': ['1033'], '1101': ['1101'], '1109': ['1109', '1110', '1039', '1097', '1098', '1099', '1035', '1112', '1111'], '1153': ['1153'], '1102': ['1102'], '1103': ['1103'], '1105': ['1105', '1106', '1107', '1058', '1059', '1113', '1108', '1114', '1115'], '1154': ['1154'], '1155': ['1155'], '1104': ['1104'], '1156': ['1156'], '1038': ['1038', '1048', '1068', '1034', '1067'], '1100': ['1100'], '1030': ['1030'], '1046': ['1046'], '1069': ['1069'], '1064': ['1064'], '1065': ['1065'], '1047': ['1047'], '1070': ['1070'], '1031': ['1031'], '1086': ['1086', '1087', '1088', '1141', '1143'], '1089': ['1089'], '1036': ['1036'], '1092': ['1092'], '1150': ['1150'], '1093': ['1093', '1094', '1151', '1149', '1037'], '1145': ['1145'], '1144': ['1144'], '1044': ['1044'], '1090': ['1090'], '1142': ['1142'], '1091': ['1091'], '1062': ['1062'], '1077': ['1077'], '1117': ['1117', '1118', '1116', '1119', '1120'], '1152': ['1152'], '1075': ['1075'], '1076': ['1076'], '1073': ['1073'], '1078': ['1078'], '1074': ['1074'], '1140': ['1140'], '1134': ['1134']})"
73,"defaultdict(<class 'list'>, {'1040': ['1040', '1080', '1081', '1082', '1078'], '1079': ['1079'], '1095': ['1095'], '1084': ['1084'], '1096': ['1096'], '1136': ['1136'], '1138': ['1138', '1134'], '1041': ['1041', '1126', '1125', '1127', '1124'], '1128': ['1128', '1131', '1132', '1130', '1133'], '1129': ['1129'], '1032': ['1032'], '1052': ['1052'], '1063': ['1063'], '1160': ['1160'], '1051': ['1051'], '1055': ['1055'], '1057': ['1057', '1060', '1061', '1058', '1059', '1105', '1106', '1107', '1062'], '1071': ['1071'], '1147': ['1147', '1145', '1144', '1146'], '1148': ['1148'], '1158': ['1158'], '1161': ['1161'], '1053': ['1053'], '1066': ['1066', '1038', '1048', '1068', '1067'], '1056': ['1056', '1077', '1075', '1076', '1074'], '1072': ['1072'], '1157': ['1157'], '1159': ['1159'], '1162': ['1162'], '1033': ['1033'], '1101': ['1101'], '1109': ['1109'], '1153': ['1153', '1154', '1155', '1156', '1152'], '1102': ['1102', '1103', '1104', '1117', '1118'], '1113': ['1113'], '1108': ['1108'], '1110': ['1110'], '1114': ['1114', '1030', '1046', '1069', '1064', '1065', '1070', '1031', '1047'], '1049': ['1049'], '1050': ['1050'], '1054': ['1054'], '1039': ['1039'], '1097': ['1097'], '1098': ['1098'], '1099': ['1099'], '1112': ['1112'], '1100': ['1100'], '1034': ['1034'], '1035': ['1035'], '1111': ['1111'], '1042': ['1042'], '1083': ['1083'], '1085': ['1085'], '1086': ['1086', '1089', '1087', '1090', '1091'], '1043': ['1043'], '1121': ['1121'], '1122': ['1122'], '1123': ['1123'], '1036': ['1036'], '1092': ['1092'], '1150': ['1150'], '1093': ['1093', '1094', '1151', '1149', '1037'], '1044': ['1044'], '1088': ['1088', '1142', '1141', '1143', '1139'], '1045': ['1045'], '1115': ['1115'], '1073': ['1073'], '1116': ['1116'], '1135': ['1135'], '1137': ['1137'], '1140': ['1140'], '1119': ['1119'], '1120': ['1120']})"
73,"defaultdict(<class 'list'>, {'1040': ['1040', '1080', '1081', '1082', '1078', '1079', '1095', '1096', '1083'], '1084': ['1084', '1042', '1085', '1086', '1087'], '1136': ['1136'], '1138': ['1138', '1137', '1139'], '1041': ['1041'], '1126': ['1126'], '1125': ['1125'], '1127': ['1127'], '1128': ['1128'], '1129': ['1129'], '1131': ['1131'], '1032': ['1032', '1160', '1161', '1162', '1146'], '1052': ['1052', '1051', '1053', '1049', '1050', '1054'], '1063': ['1063'], '1055': ['1055', '1056', '1075', '1076', '1074'], '1057': ['1057'], '1060': ['1060'], '1071': ['1071'], '1147': ['1147'], '1148': ['1148'], '1158': ['1158'], '1066': ['1066'], '1061': ['1061'], '1072': ['1072'], '1157': ['1157'], '1159': ['1159'], '1033': ['1033'], '1101': ['1101', '1102', '1098', '1099', '1100'], '1109': ['1109'], '1153': ['1153', '1154', '1155', '1156', '1152'], '1103': ['1103'], '1105': ['1105'], '1106': ['1106'], '1113': ['1113'], '1108': ['1108'], '1110': ['1110', '1111', '1064', '1065', '1031'], '1104': ['1104'], '1107': ['1107'], '1114': ['1114'], '1038': ['1038', '1048', '1068', '1034', '1067'], '1039': ['1039'], '1097': ['1097'], '1112': ['1112'], '1035': ['1035'], '1030': ['1030', '1046', '1069', '1047', '1070'], '1058': ['1058'], '1059': ['1059'], '1089': ['1089'], '1043': ['1043', '1121', '1122', '1123', '1045'], '1124': ['1124'], '1036': ['1036'], '1092': ['1092'], '1150': ['1150'], '1093': ['1093'], '1094': ['1094'], '1145': ['1145'], '1151': ['1151'], '1144': ['1144'], '1149': ['1149'], '1037': ['1037'], '1044': ['1044'], '1088': ['1088', '1142', '1141', '1143', '1140'], '1090': ['1090'], '1091': ['1091'], '1115': ['1115'], '1062': ['1062'], '1077': ['1077'], '1117': ['1117', '1118', '1116', '1119', '1120'], '1073': ['1073'], '1135': ['1135', '1134'], '1132': ['1132'], '1130': ['1130'], '1133': ['1133']})"
73,"defaultdict(<class 'list'>, {'1040': ['1040', '1080', '1081', '1082', '1078'], '1079': ['1079'], '1095': ['1095'], '1084': ['1084'], '1096': ['1096', '1138', '1135', '1137', '1139'], '1136': ['1136'], '1041': ['1041'], '1126': ['1126'], '1125': ['1125'], '1127': ['1127'], '1128': ['1128'], '1129': ['1129'], '1131': ['1131'], '1032': ['1032'], '1052': ['1052'], '1063': ['1063'], '1160': ['1160', '1147', '1161', '1145', '1146'], '1051': ['1051'], '1055': ['1055'], '1057': ['1057', '1060', '1061', '1105', '1106', '1107', '1058', '1059', '1113'], '1071': ['1071'], '1148': ['1148', '1158', '1157', '1159', '1156'], '1053': ['1053'], '1066': ['1066'], '1056': ['1056', '1077', '1075', '1076', '1074'], '1072': ['1072'], '1162': ['1162'], '1033': ['1033', '1153', '1154', '1155', '1152'], '1101': ['1101', '1102', '1098', '1099', '1100', '1103', '1039', '1097', '1035'], '1109': ['1109'], '1108': ['1108'], '1110': ['1110', '1111', '1064', '1065', '1031'], '1104': ['1104'], '1114': ['1114'], '1038': ['1038'], '1048': ['1048'], '1049': ['1049'], '1050': ['1050'], '1054': ['1054'], '1068': ['1068'], '1112': ['1112'], '1034': ['1034'], '1067': ['1067'], '1030': ['1030'], '1046': ['1046'], '1069': ['1069'], '1047': ['1047'], '1070': ['1070'], '1042': ['1042'], '1083': ['1083'], '1085': ['1085'], '1086': ['1086', '1089', '1044', '1087', '1090'], '1043': ['1043', '1121', '1122', '1123', '1045'], '1124': ['1124'], '1036': ['1036'], '1092': ['1092'], '1150': ['1150'], '1093': ['1093', '1094', '1151', '1149', '1037'], '1144': ['1144'], '1088': ['1088', '1142', '1141', '1143', '1140'], '1091': ['1091'], '1115': ['1115'], '1062': ['1062'], '1117': ['1117'], '1118': ['1118'], '1073': ['1073'], '1116': ['1116'], '1119': ['1119'], '1120': ['1120'], '1132': ['1132'], '1130': ['1130'], '1134': ['1134'], '1133': ['1133']})"
73,"defaultdict(<class 'list'>, {'1040': ['1040'], '1080': ['1080', '1079', '1077', '1076', '1078'], '1081': ['1081', '1095', '1082', '1084', '1042', '1083', '1085', '1096'], '1136': ['1136'], '1138': ['1138'], '1041': ['1041', '1126', '1125', '1127', '1124', '1129', '1122', '1123', '1045'], '1128': ['1128', '1131', '1132', '1130', '1133'], '1032': ['1032', '1160', '1161', '1162', '1146', '1147', '1148', '1158', '1157', '1159', '1155', '1156'], '1052': ['1052'], '1063': ['1063'], '1051': ['1051', '1038', '1048', '1068', '1034', '1067', '1049', '1050'], '1055': ['1055'], '1057': ['1057'], '1060': ['1060'], '1071': ['1071'], '1053': ['1053'], '1066': ['1066', '1110', '1064', '1065', '1031'], '1056': ['1056'], '1061': ['1061', '1062', '1075', '1073', '1074'], '1072': ['1072'], '1033': ['1033', '1101', '1102', '1103', '1104', '1098', '1099', '1100'], '1109': ['1109'], '1153': ['1153'], '1105': ['1105'], '1106': ['1106'], '1113': ['1113'], '1154': ['1154'], '1108': ['1108'], '1107': ['1107'], '1114': ['1114', '1115', '1118', '1116', '1119'], '1054': ['1054'], '1039': ['1039'], '1097': ['1097'], '1112': ['1112'], '1035': ['1035'], '1111': ['1111'], '1030': ['1030'], '1046': ['1046'], '1069': ['1069'], '1058': ['1058'], '1059': ['1059'], '1047': ['1047'], '1070': ['1070'], '1086': ['1086'], '1089': ['1089'], '1043': ['1043'], '1121': ['1121'], '1036': ['1036'], '1092': ['1092'], '1150': ['1150'], '1093': ['1093'], '1094': ['1094'], '1145': ['1145'], '1151': ['1151'], '1144': ['1144'], '1149': ['1149'], '1037': ['1037'], '1044': ['1044'], '1087': ['1087'], '1088': ['1088'], '1090': ['1090'], '1142': ['1142'], '1141': ['1141'], '1091': ['1091'], '1143': ['1143'], '1117': ['1117'], '1152': ['1152'], '1135': ['1135'], '1137': ['1137'], '1140': ['1140'], '1139': ['1139'], '1120': ['1120'], '1134': ['1134']})"
73,"defaultdict(<class 'list'>, {'1040': ['1040'], '1080': ['1080'], '1079': ['1079'], '1081': ['1081'], '1095': ['1095'], '1082': ['1082', '1084', '1042', '1083', '1085'], '1096': ['1096', '1138', '1135', '1137', '1139'], '1136': ['1136'], '1041': ['1041', '1126', '1125', '1127', '1124'], '1128': ['1128', '1131', '1132', '1130', '1133'], '1129': ['1129'], '1032': ['1032', '1160', '1161', '1162', '1146'], '1052': ['1052'], '1063': ['1063', '1057', '1060', '1071', '1061'], '1051': ['1051'], '1055': ['1055'], '1147': ['1147'], '1148': ['1148'], '1158': ['1158'], '1053': ['1053'], '1066': ['1066', '1038', '1048', '1068', '1034', '1067', '1064', '1065', '1031'], '1056': ['1056'], '1072': ['1072'], '1157': ['1157'], '1159': ['1159'], '1033': ['1033'], '1101': ['1101', '1102', '1098', '1099', '1100', '1103', '1039', '1097', '1035'], '1109': ['1109'], '1153': ['1153', '1154', '1155', '1151', '1152'], '1105': ['1105'], '1106': ['1106'], '1113': ['1113'], '1108': ['1108'], '1110': ['1110'], '1104': ['1104', '1030', '1046', '1047', '1117'], '1107': ['1107'], '1114': ['1114'], '1156': ['1156'], '1049': ['1049'], '1050': ['1050'], '1054': ['1054'], '1112': ['1112'], '1111': ['1111'], '1069': ['1069'], '1058': ['1058'], '1059': ['1059'], '1070': ['1070'], '1086': ['1086', '1087', '1088', '1141', '1143'], '1089': ['1089'], '1043': ['1043'], '1121': ['1121'], '1122': ['1122'], '1123': ['1123'], '1036': ['1036'], '1092': ['1092'], '1150': ['1150'], '1093': ['1093', '1094', '1144', '1149', '1037'], '1145': ['1145'], '1044': ['1044'], '1090': ['1090'], '1142': ['1142'], '1091': ['1091'], '1045': ['1045'], '1115': ['1115'], '1062': ['1062'], '1077': ['1077', '1075', '1076', '1073', '1074'], '1118': ['1118'], '1078': ['1078'], '1116': ['1116'], '1140': ['1140'], '1119': ['1119'], '1120': ['1120'], '1134': ['1134']})"
73,"defaultdict(<class 'list'>, {'1040': ['1040', '1080', '1079', '1081', '1078'], '1095': ['1095'], '1082': ['1082'], '1084': ['1084'], '1096': ['1096', '1138', '1135', '1137', '1139'], '1136': ['1136'], '1041': ['1041', '1126', '1125', '1127', '1124'], '1128': ['1128', '1131', '1132', '1130', '1133', '1129', '1120', '1134'], '1032': ['1032', '1160', '1161', '1162', '1146'], '1052': ['1052'], '1063': ['1063', '1057', '1071', '1066', '1067'], '1051': ['1051'], '1055': ['1055'], '1060': ['1060'], '1147': ['1147'], '1148': ['1148', '1158', '1157', '1159', '1156'], '1053': ['1053', '1038', '1048', '1054', '1034'], '1056': ['1056'], '1061': ['1061', '1062', '1075', '1073', '1074', '1076'], '1072': ['1072'], '1033': ['1033'], '1101': ['1101'], '1109': ['1109'], '1153': ['1153'], '1102': ['1102'], '1103': ['1103'], '1105': ['1105', '1106', '1107', '1058', '1059'], '1113': ['1113'], '1154': ['1154'], '1155': ['1155'], '1108': ['1108'], '1110': ['1110'], '1104': ['1104'], '1114': ['1114'], '1049': ['1049'], '1050': ['1050'], '1068': ['1068'], '1039': ['1039'], '1097': ['1097'], '1098': ['1098'], '1099': ['1099'], '1112': ['1112'], '1100': ['1100'], '1035': ['1035'], '1111': ['1111'], '1030': ['1030'], '1046': ['1046'], '1069': ['1069', '1064', '1065', '1070', '1031'], '1047': ['1047'], '1042': ['1042'], '1083': ['1083'], '1085': ['1085'], '1086': ['1086', '1089', '1044', '1087', '1090'], '1043': ['1043'], '1121': ['1121'], '1122': ['1122'], '1123': ['1123'], '1036': ['1036'], '1092': ['1092'], '1150': ['1150'], '1093': ['1093'], '1094': ['1094'], '1145': ['1145'], '1151': ['1151'], '1144': ['1144'], '1149': ['1149'], '1037': ['1037'], '1088': ['1088', '1142', '1141', '1143', '1140'], '1091': ['1091'], '1045': ['1045'], '1115': ['1115', '1117', '1118', '1116', '1119'], '1077': ['1077'], '1152': ['1152']})"
74,"defaultdict(<class 'list'>, {'1040': ['1040', '1080', '1081', '1078'], '1079': ['1079', '1077', '1075', '1076', '1074'], '1095': ['1095'], '1082': ['1082', '1084', '1042', '1085', '1086', '1087', '1083', '1089', '1044'], '1096': ['1096', '1138', '1135', '1137', '1139'], '1136': ['1136'], '1041': ['1041', '1126', '1125', '1127', '1124'], '1128': ['1128', '1131', '1132', '1130', '1133'], '1129': ['1129'], '1032': ['1032', '1160', '1161', '1162', '1146'], '1052': ['1052'], '1063': ['1063'], '1051': ['1051'], '1055': ['1055'], '1057': ['1057'], '1060': ['1060'], '1071': ['1071'], '1147': ['1147'], '1148': ['1148'], '1158': ['1158'], '1053': ['1053'], '1066': ['1066'], '1056': ['1056'], '1061': ['1061'], '1072': ['1072'], '1157': ['1157'], '1159': ['1159'], '1033': ['1033'], '1101': ['1101', '1102', '1098', '1099', '1100'], '1109': ['1109'], '1153': ['1153'], '1103': ['1103'], '1105': ['1105', '1106', '1107', '1058', '1059'], '1113': ['1113'], '1154': ['1154'], '1155': ['1155'], '1108': ['1108'], '1110': ['1110', '1111', '1064', '1065', '1031'], '1104': ['1104'], '1114': ['1114'], '1156': ['1156'], '1038': ['1038', '1048', '1068', '1034', '1067'], '1049': ['1049'], '1050': ['1050'], '1054': ['1054'], '1039': ['1039', '1097', '1112', '1035', '1117'], '1030': ['1030'], '1046': ['1046'], '1069': ['1069'], '1047': ['1047'], '1070': ['1070'], '1043': ['1043'], '1121': ['1121'], '1122': ['1122'], '1123': ['1123'], '1036': ['1036'], '1092': ['1092'], '1150': ['1150'], '1093': ['1093', '1094', '1151', '1149', '1037'], '1145': ['1145'], '1144': ['1144'], '1088': ['1088'], '1090': ['1090'], '1142': ['1142'], '1141': ['1141'], '1091': ['1091'], '1143': ['1143'], '1045': ['1045'], '1115': ['1115', '1118', '1116', '1119', '1120'], '1062': ['1062'], '1152': ['1152'], '1073': ['1073'], '1140': ['1140'], '1134': ['1134']})"
74,"defaultdict(<class 'list'>, {'1040': ['1040', '1080', '1079', '1081', '1078'], '1095': ['1095'], '1082': ['1082'], '1084': ['1084'], '1096': ['1096', '1138', '1135', '1137', '1139'], '1136': ['1136'], '1041': ['1041', '1126', '1125', '1127', '1124'], '1128': ['1128', '1131', '1132', '1130', '1133', '1129', '1120', '1134'], '1032': ['1032', '1160', '1161', '1162', '1146'], '1052': ['1052'], '1063': ['1063', '1057', '1071', '1066', '1067'], '1051': ['1051'], '1055': ['1055'], '1060': ['1060'], '1147': ['1147'], '1148': ['1148', '1158', '1157', '1159', '1156'], '1053': ['1053', '1038', '1048', '1054', '1034'], '1056': ['1056'], '1061': ['1061', '1062', '1075', '1073', '1074'], '1072': ['1072'], '1033': ['1033'], '1101': ['1101'], '1109': ['1109'], '1153': ['1153'], '1102': ['1102'], '1103': ['1103'], '1105': ['1105', '1106', '1107', '1058', '1059'], '1113': ['1113'], '1154': ['1154'], '1155': ['1155'], '1108': ['1108'], '1110': ['1110'], '1104': ['1104'], '1114': ['1114'], '1049': ['1049'], '1050': ['1050'], '1068': ['1068'], '1039': ['1039'], '1097': ['1097'], '1098': ['1098'], '1099': ['1099'], '1112': ['1112'], '1100': ['1100'], '1035': ['1035'], '1111': ['1111'], '1030': ['1030'], '1046': ['1046'], '1069': ['1069', '1064', '1065', '1070', '1031'], '1047': ['1047'], '1042': ['1042'], '1083': ['1083'], '1085': ['1085'], '1086': ['1086', '1089', '1044', '1087', '1090'], '1043': ['1043'], '1121': ['1121'], '1122': ['1122'], '1123': ['1123'], '1036': ['1036'], '1092': ['1092'], '1150': ['1150'], '1093': ['1093'], '1094': ['1094'], '1145': ['1145'], '1151': ['1151'], '1144': ['1144'], '1149': ['1149'], '1037': ['1037'], '1088': ['1088', '1142', '1141', '1143', '1140'], '1091': ['1091'], '1045': ['1045'], '1115': ['1115', '1117', '1118', '1116', '1119'], '1077': ['1077'], '1152': ['1152'], '1076': ['1076']})"
74,"defaultdict(<class 'list'>, {'1040': ['1040', '1080', '1079', '1081', '1078'], '1095': ['1095'], '1082': ['1082', '1084', '1042', '1083', '1085'], '1096': ['1096', '1138', '1135', '1137', '1139'], '1136': ['1136'], '1041': ['1041'], '1126': ['1126'], '1125': ['1125'], '1127': ['1127'], '1128': ['1128', '1131', '1132', '1130', '1133'], '1129': ['1129'], '1032': ['1032', '1160', '1161', '1162'], '1052': ['1052'], '1063': ['1063'], '1051': ['1051'], '1055': ['1055'], '1057': ['1057'], '1060': ['1060'], '1071': ['1071'], '1147': ['1147', '1036', '1092', '1145', '1146'], '1148': ['1148', '1158', '1157', '1159', '1153', '1154', '1155', '1156', '1152'], '1053': ['1053'], '1066': ['1066'], '1056': ['1056'], '1061': ['1061'], '1072': ['1072'], '1033': ['1033'], '1101': ['1101', '1102', '1103', '1039', '1097', '1098', '1099', '1035', '1100'], '1109': ['1109'], '1105': ['1105'], '1106': ['1106'], '1113': ['1113'], '1108': ['1108'], '1110': ['1110', '1111', '1064', '1065', '1031'], '1104': ['1104'], '1107': ['1107'], '1114': ['1114'], '1038': ['1038'], '1048': ['1048'], '1049': ['1049'], '1050': ['1050'], '1054': ['1054'], '1068': ['1068'], '1112': ['1112'], '1034': ['1034'], '1067': ['1067'], '1030': ['1030', '1046', '1069', '1047', '1070'], '1058': ['1058'], '1059': ['1059'], '1086': ['1086', '1087', '1088', '1141', '1143'], '1089': ['1089'], '1043': ['1043'], '1121': ['1121'], '1122': ['1122'], '1123': ['1123'], '1124': ['1124'], '1150': ['1150'], '1093': ['1093', '1094', '1151', '1149', '1037'], '1144': ['1144'], '1044': ['1044'], '1090': ['1090'], '1142': ['1142'], '1091': ['1091'], '1045': ['1045'], '1115': ['1115'], '1062': ['1062'], '1077': ['1077'], '1117': ['1117', '1118', '1116', '1119', '1120'], '1075': ['1075'], '1076': ['1076'], '1073': ['1073'], '1074': ['1074'], '1140': ['1140'], '1134': ['1134']})"
74,"defaultdict(<class 'list'>, {'1040': ['1040', '1080', '1079', '1081', '1078'], '1095': ['1095'], '1082': ['1082', '1084', '1042', '1083', '1085'], '1096': ['1096', '1136', '1135', '1137', '1140'], '1138': ['1138'], '1041': ['1041'], '1126': ['1126'], '1125': ['1125'], '1127': ['1127'], '1128': ['1128', '1129', '1132', '1130', '1134'], '1131': ['1131'], '1032': ['1032', '1052', '1063', '1053', '1049'], '1160': ['1160', '1147', '1161', '1162', '1146'], '1051': ['1051'], '1055': ['1055'], '1057': ['1057'], '1060': ['1060'], '1071': ['1071'], '1148': ['1148'], '1158': ['1158'], '1066': ['1066'], '1056': ['1056'], '1061': ['1061'], '1072': ['1072'], '1157': ['1157'], '1159': ['1159'], '1033': ['1033', '1153', '1154', '1036', '1150', '1151', '1152', '1155'], '1101': ['1101'], '1109': ['1109'], '1102': ['1102'], '1103': ['1103'], '1105': ['1105', '1106', '1107', '1058', '1059'], '1113': ['1113'], '1108': ['1108'], '1110': ['1110', '1039', '1097', '1098', '1099', '1035', '1112', '1111', '1117'], '1104': ['1104'], '1114': ['1114', '1115', '1118', '1116', '1119'], '1156': ['1156'], '1038': ['1038'], '1048': ['1048'], '1050': ['1050'], '1054': ['1054'], '1068': ['1068', '1077', '1075', '1076', '1074'], '1100': ['1100'], '1034': ['1034'], '1067': ['1067'], '1030': ['1030'], '1046': ['1046'], '1069': ['1069'], '1064': ['1064'], '1065': ['1065'], '1047': ['1047'], '1070': ['1070'], '1031': ['1031'], '1086': ['1086', '1089', '1044', '1087', '1090'], '1043': ['1043', '1121', '1122', '1123', '1045'], '1124': ['1124'], '1092': ['1092'], '1093': ['1093'], '1094': ['1094'], '1145': ['1145'], '1144': ['1144'], '1149': ['1149'], '1037': ['1037'], '1088': ['1088'], '1142': ['1142'], '1141': ['1141'], '1091': ['1091'], '1143': ['1143'], '1062': ['1062'], '1073': ['1073'], '1139': ['1139'], '1120': ['1120'], '1133': ['1133']})"
74,"defaultdict(<class 'list'>, {'1040': ['1040', '1080', '1081', '1082', '1083'], '1079': ['1079', '1077', '1075', '1076', '1074'], '1095': ['1095'], '1084': ['1084', '1042', '1085', '1086', '1089', '1044', '1087', '1090', '1091'], '1096': ['1096'], '1136': ['1136'], '1138': ['1138'], '1041': ['1041'], '1126': ['1126'], '1125': ['1125'], '1127': ['1127'], '1128': ['1128', '1129', '1132', '1130', '1134'], '1131': ['1131'], '1032': ['1032', '1063', '1160', '1147', '1148', '1158', '1157', '1159', '1156', '1161', '1162', '1146'], '1052': ['1052', '1053', '1049', '1050', '1054'], '1051': ['1051'], '1055': ['1055'], '1057': ['1057', '1060', '1061', '1058', '1059'], '1071': ['1071'], '1066': ['1066'], '1056': ['1056'], '1072': ['1072'], '1033': ['1033'], '1101': ['1101'], '1109': ['1109'], '1153': ['1153'], '1102': ['1102'], '1103': ['1103'], '1105': ['1105', '1106', '1113', '1107', '1114'], '1154': ['1154'], '1155': ['1155'], '1108': ['1108'], '1110': ['1110', '1111', '1064', '1065', '1031'], '1104': ['1104'], '1038': ['1038', '1048', '1068', '1034', '1067'], '1039': ['1039'], '1097': ['1097'], '1098': ['1098'], '1099': ['1099'], '1112': ['1112'], '1100': ['1100'], '1035': ['1035'], '1030': ['1030', '1046', '1069', '1047', '1070'], '1043': ['1043'], '1121': ['1121'], '1122': ['1122'], '1123': ['1123'], '1124': ['1124'], '1036': ['1036'], '1092': ['1092'], '1150': ['1150'], '1093': ['1093'], '1094': ['1094'], '1145': ['1145'], '1151': ['1151'], '1144': ['1144'], '1149': ['1149'], '1037': ['1037'], '1088': ['1088'], '1142': ['1142'], '1141': ['1141'], '1143': ['1143'], '1045': ['1045'], '1115': ['1115', '1118', '1116', '1119', '1120'], '1062': ['1062'], '1117': ['1117'], '1152': ['1152'], '1073': ['1073'], '1078': ['1078'], '1135': ['1135'], '1137': ['1137'], '1140': ['1140'], '1139': ['1139'], '1133': ['1133']})"
74,"defaultdict(<class 'list'>, {'1040': ['1040', '1080', '1079', '1081', '1078'], '1095': ['1095'], '1082': ['1082'], '1084': ['1084'], '1096': ['1096'], '1136': ['1136'], '1138': ['1138'], '1041': ['1041', '1126', '1125', '1043', '1121', '1122', '1123', '1045', '1124'], '1127': ['1127'], '1128': ['1128', '1131', '1132', '1130', '1133'], '1129': ['1129'], '1032': ['1032', '1160', '1147', '1161', '1145', '1146', '1162'], '1052': ['1052', '1051', '1053', '1049', '1050'], '1063': ['1063'], '1055': ['1055'], '1057': ['1057', '1060', '1061', '1058', '1059', '1105', '1106', '1113', '1107'], '1071': ['1071'], '1148': ['1148'], '1158': ['1158'], '1066': ['1066'], '1056': ['1056'], '1072': ['1072'], '1157': ['1157'], '1159': ['1159'], '1033': ['1033'], '1101': ['1101'], '1109': ['1109'], '1153': ['1153'], '1102': ['1102'], '1103': ['1103', '1104'], '1154': ['1154', '1036', '1150', '1151', '1152'], '1155': ['1155'], '1108': ['1108'], '1110': ['1110', '1039', '1097', '1098', '1099', '1035', '1112', '1111', '1117'], '1114': ['1114'], '1156': ['1156'], '1038': ['1038'], '1048': ['1048'], '1054': ['1054'], '1068': ['1068'], '1100': ['1100'], '1034': ['1034'], '1067': ['1067'], '1030': ['1030', '1046', '1069', '1047', '1070'], '1064': ['1064'], '1065': ['1065'], '1031': ['1031'], '1042': ['1042'], '1083': ['1083'], '1085': ['1085'], '1086': ['1086'], '1089': ['1089', '1092', '1044', '1090', '1091'], '1093': ['1093', '1094', '1144', '1149', '1037'], '1087': ['1087'], '1088': ['1088'], '1142': ['1142'], '1141': ['1141'], '1143': ['1143'], '1115': ['1115'], '1062': ['1062'], '1077': ['1077'], '1075': ['1075'], '1076': ['1076'], '1118': ['1118'], '1073': ['1073'], '1074': ['1074'], '1116': ['1116'], '1135': ['1135'], '1137': ['1137'], '1140': ['1140'], '1139': ['1139'], '1119': ['1119'], '1120': ['1120'], '1134': ['1134']})"
74,"defaultdict(<class 'list'>, {'1040': ['1040'], '1080': ['1080', '1079', '1077', '1076', '1078'], '1081': ['1081', '1082', '1084', '1042', '1083'], '1095': ['1095'], '1096': ['1096', '1138', '1135', '1137', '1139'], '1136': ['1136'], '1041': ['1041', '1126', '1125', '1127', '1124', '1129', '1122', '1123', '1045'], '1128': ['1128'], '1131': ['1131'], '1032': ['1032', '1052', '1063', '1053', '1049'], '1160': ['1160'], '1051': ['1051', '1038', '1048', '1050', '1034'], '1055': ['1055'], '1057': ['1057'], '1060': ['1060'], '1071': ['1071'], '1147': ['1147'], '1148': ['1148', '1158', '1157', '1159', '1156'], '1161': ['1161'], '1066': ['1066'], '1056': ['1056'], '1061': ['1061'], '1072': ['1072'], '1162': ['1162'], '1033': ['1033', '1109', '1153', '1155', '1152'], '1101': ['1101'], '1102': ['1102'], '1103': ['1103'], '1105': ['1105', '1106', '1107', '1058', '1059'], '1113': ['1113'], '1154': ['1154'], '1108': ['1108', '1115', '1116', '1119'], '1110': ['1110'], '1104': ['1104'], '1114': ['1114'], '1054': ['1054'], '1068': ['1068'], '1039': ['1039', '1097', '1098', '1099', '1035', '1112', '1111', '1117', '1118'], '1100': ['1100'], '1067': ['1067'], '1030': ['1030'], '1046': ['1046'], '1069': ['1069', '1064', '1065', '1070', '1031'], '1047': ['1047'], '1085': ['1085'], '1086': ['1086', '1089', '1044', '1087', '1090'], '1043': ['1043'], '1121': ['1121'], '1036': ['1036'], '1092': ['1092'], '1150': ['1150'], '1093': ['1093'], '1094': ['1094'], '1145': ['1145'], '1151': ['1151'], '1144': ['1144'], '1149': ['1149'], '1037': ['1037'], '1088': ['1088'], '1142': ['1142'], '1141': ['1141'], '1091': ['1091'], '1143': ['1143'], '1062': ['1062'], '1146': ['1146'], '1075': ['1075'], '1073': ['1073'], '1074': ['1074'], '1140': ['1140'], '1120': ['1120'], '1132': ['1132'], '1130': ['1130'], '1134': ['1134'], '1133': ['1133']})"
74,"defaultdict(<class 'list'>, {'1040': ['1040'], '1080': ['1080'], '1079': ['1079'], '1081': ['1081'], '1095': ['1095'], '1082': ['1082'], '1084': ['1084'], '1096': ['1096', '1138', '1135', '1137', '1139'], '1136': ['1136'], '1041': ['1041'], '1126': ['1126'], '1125': ['1125'], '1127': ['1127'], '1128': ['1128', '1131', '1132', '1130', '1133', '1129', '1120', '1134'], '1032': ['1032', '1052', '1053', '1038', '1048', '1054', '1034', '1049', '1050', '1068'], '1063': ['1063', '1057', '1071', '1072'], '1160': ['1160', '1147', '1161', '1162', '1146'], '1051': ['1051', '1055', '1056', '1046', '1047'], '1060': ['1060'], '1148': ['1148', '1158', '1157', '1159', '1156'], '1066': ['1066', '1067', '1064', '1065', '1031'], '1061': ['1061', '1062', '1075', '1073', '1074'], '1033': ['1033', '1153', '1154', '1155', '1152'], '1101': ['1101'], '1109': ['1109'], '1102': ['1102'], '1103': ['1103'], '1105': ['1105'], '1106': ['1106'], '1113': ['1113'], '1108': ['1108'], '1110': ['1110'], '1104': ['1104'], '1107': ['1107'], '1114': ['1114'], '1039': ['1039', '1097', '1098', '1099', '1035'], '1112': ['1112'], '1100': ['1100'], '1111': ['1111'], '1030': ['1030'], '1069': ['1069'], '1058': ['1058'], '1059': ['1059'], '1070': ['1070'], '1042': ['1042'], '1083': ['1083'], '1085': ['1085'], '1086': ['1086', '1089', '1044', '1087', '1090'], '1043': ['1043', '1121', '1122', '1123', '1045'], '1124': ['1124'], '1036': ['1036'], '1092': ['1092'], '1150': ['1150'], '1093': ['1093'], '1094': ['1094'], '1145': ['1145'], '1151': ['1151'], '1144': ['1144'], '1149': ['1149'], '1037': ['1037'], '1088': ['1088'], '1142': ['1142'], '1141': ['1141'], '1091': ['1091'], '1143': ['1143'], '1115': ['1115'], '1077': ['1077'], '1117': ['1117'], '1076': ['1076'], '1118': ['1118'], '1078': ['1078'], '1116': ['1116'], '1140': ['1140'], '1119': ['1119']})"
74,"defaultdict(<class 'list'>, {'1040': ['1040', '1080', '1079', '1081', '1078'], '1095': ['1095'], '1082': ['1082', '1084', '1042', '1083', '1085'], '1096': ['1096'], '1136': ['1136'], '1138': ['1138'], '1041': ['1041', '1126', '1125', '1127', '1124'], '1128': ['1128', '1131', '1132', '1130', '1133'], '1129': ['1129'], '1032': ['1032'], '1052': ['1052', '1051', '1053', '1049', '1050'], '1063': ['1063'], '1160': ['1160'], '1055': ['1055'], '1057': ['1057'], '1060': ['1060'], '1071': ['1071'], '1147': ['1147'], '1148': ['1148', '1158', '1157', '1159', '1156'], '1161': ['1161'], '1066': ['1066'], '1056': ['1056'], '1061': ['1061'], '1072': ['1072'], '1162': ['1162'], '1033': ['1033'], '1101': ['1101', '1102', '1098', '1099', '1100', '1103', '1039', '1097', '1035'], '1109': ['1109'], '1153': ['1153', '1154', '1155', '1151', '1152'], '1105': ['1105', '1106', '1107', '1058', '1059'], '1113': ['1113'], '1108': ['1108'], '1110': ['1110'], '1104': ['1104', '1112', '1111', '1117'], '1114': ['1114', '1115', '1118', '1116', '1119'], '1038': ['1038', '1048', '1068', '1034', '1067'], '1054': ['1054'], '1030': ['1030', '1046', '1069', '1047', '1070'], '1064': ['1064'], '1065': ['1065'], '1031': ['1031'], '1086': ['1086', '1089', '1044', '1087', '1090'], '1043': ['1043'], '1121': ['1121'], '1122': ['1122'], '1123': ['1123'], '1036': ['1036'], '1092': ['1092'], '1150': ['1150'], '1093': ['1093'], '1094': ['1094'], '1145': ['1145'], '1144': ['1144'], '1149': ['1149'], '1037': ['1037'], '1088': ['1088'], '1142': ['1142'], '1141': ['1141'], '1091': ['1091'], '1143': ['1143'], '1045': ['1045'], '1062': ['1062'], '1077': ['1077'], '1146': ['1146'], '1075': ['1075'], '1076': ['1076'], '1073': ['1073'], '1074': ['1074'], '1135': ['1135'], '1137': ['1137'], '1140': ['1140'], '1139': ['1139'], '1120': ['1120'], '1134': ['1134']})"
74,"defaultdict(<class 'list'>, {'1040': ['1040', '1080', '1079', '1077', '1076', '1078', '1075', '1074'], '1081': ['1081', '1082', '1084', '1042', '1083'], '1095': ['1095'], '1096': ['1096'], '1136': ['1136'], '1138': ['1138'], '1041': ['1041'], '1126': ['1126'], '1125': ['1125'], '1127': ['1127'], '1128': ['1128', '1131', '1132', '1130', '1133'], '1129': ['1129'], '1032': ['1032', '1160', '1161', '1162', '1146'], '1052': ['1052', '1053', '1049', '1050', '1054', '1051', '1055', '1061', '1062'], '1063': ['1063'], '1057': ['1057'], '1060': ['1060'], '1071': ['1071'], '1147': ['1147'], '1148': ['1148', '1158', '1157', '1159', '1156', '1153', '1154', '1155', '1152'], '1066': ['1066', '1038', '1048', '1068', '1067'], '1056': ['1056'], '1072': ['1072'], '1033': ['1033', '1109', '1113', '1110', '1111'], '1101': ['1101'], '1102': ['1102'], '1103': ['1103'], '1105': ['1105'], '1106': ['1106'], '1108': ['1108'], '1104': ['1104'], '1107': ['1107'], '1114': ['1114'], '1039': ['1039'], '1097': ['1097'], '1098': ['1098'], '1099': ['1099'], '1112': ['1112'], '1100': ['1100'], '1034': ['1034'], '1035': ['1035'], '1030': ['1030'], '1046': ['1046'], '1069': ['1069', '1064', '1065', '1070', '1031'], '1058': ['1058'], '1059': ['1059'], '1047': ['1047'], '1085': ['1085'], '1086': ['1086', '1089', '1044', '1087', '1090'], '1043': ['1043'], '1121': ['1121'], '1122': ['1122'], '1123': ['1123'], '1124': ['1124'], '1036': ['1036', '1092', '1150', '1151', '1149'], '1093': ['1093', '1094', '1144', '1037', '1143'], '1145': ['1145'], '1088': ['1088'], '1142': ['1142'], '1141': ['1141'], '1091': ['1091'], '1045': ['1045'], '1115': ['1115'], '1117': ['1117'], '1118': ['1118'], '1073': ['1073'], '1116': ['1116'], '1135': ['1135'], '1137': ['1137'], '1140': ['1140'], '1139': ['1139'], '1119': ['1119'], '1120': ['1120'], '1134': ['1134']})"
74,"defaultdict(<class 'list'>, {'1040': ['1040'], '1080': ['1080', '1079', '1077', '1076', '1078'], '1081': ['1081'], '1095': ['1095'], '1082': ['1082'], '1084': ['1084'], '1096': ['1096', '1138', '1135', '1137', '1139'], '1136': ['1136'], '1041': ['1041', '1126', '1125', '1127', '1124'], '1128': ['1128', '1131', '1132', '1130', '1133'], '1129': ['1129'], '1032': ['1032', '1160', '1161', '1162', '1146'], '1052': ['1052'], '1063': ['1063'], '1051': ['1051', '1055', '1056', '1049', '1050'], '1057': ['1057'], '1060': ['1060'], '1071': ['1071'], '1147': ['1147'], '1148': ['1148'], '1158': ['1158'], '1053': ['1053', '1038', '1048', '1054', '1034'], '1066': ['1066'], '1061': ['1061'], '1072': ['1072'], '1157': ['1157'], '1159': ['1159'], '1033': ['1033', '1101', '1109', '1153', '1100'], '1102': ['1102', '1103', '1104', '1117', '1118'], '1105': ['1105', '1106', '1107', '1058', '1059'], '1113': ['1113'], '1154': ['1154', '1151', '1152'], '1155': ['1155'], '1108': ['1108'], '1110': ['1110'], '1114': ['1114'], '1156': ['1156'], '1068': ['1068'], '1039': ['1039', '1097', '1112', '1035', '1111', '1098', '1099'], '1067': ['1067'], '1030': ['1030'], '1046': ['1046'], '1069': ['1069'], '1064': ['1064'], '1065': ['1065'], '1047': ['1047'], '1070': ['1070'], '1031': ['1031'], '1042': ['1042'], '1083': ['1083'], '1085': ['1085'], '1086': ['1086', '1089', '1044', '1087', '1090'], '1043': ['1043'], '1121': ['1121'], '1122': ['1122'], '1123': ['1123'], '1036': ['1036'], '1092': ['1092'], '1150': ['1150'], '1093': ['1093', '1094', '1144', '1149', '1037'], '1145': ['1145'], '1088': ['1088', '1142', '1141', '1143'], '1091': ['1091'], '1045': ['1045'], '1115': ['1115'], '1062': ['1062'], '1075': ['1075'], '1073': ['1073'], '1074': ['1074'], '1116': ['1116'], '1140': ['1140'], '1119': ['1119'], '1120': ['1120'], '1134': ['1134']})"
74,"defaultdict(<class 'list'>, {'1040': ['1040', '1080', '1079', '1081', '1078'], '1095': ['1095'], '1082': ['1082', '1084', '1042', '1083', '1085'], '1096': ['1096'], '1136': ['1136'], '1138': ['1138'], '1041': ['1041', '1126', '1125', '1127', '1124', '1131', '1122', '1123', '1045'], '1128': ['1128', '1129', '1132', '1130', '1134'], '1032': ['1032', '1052', '1063', '1053', '1049'], '1160': ['1160'], '1051': ['1051', '1055', '1056', '1050'], '1057': ['1057'], '1060': ['1060'], '1071': ['1071'], '1147': ['1147'], '1148': ['1148', '1158', '1157', '1159', '1156'], '1161': ['1161'], '1066': ['1066'], '1061': ['1061'], '1072': ['1072'], '1162': ['1162'], '1033': ['1033', '1109', '1153', '1155', '1152'], '1101': ['1101'], '1102': ['1102'], '1103': ['1103'], '1105': ['1105', '1106', '1107', '1058', '1059'], '1113': ['1113'], '1154': ['1154'], '1108': ['1108'], '1110': ['1110'], '1104': ['1104'], '1114': ['1114'], '1038': ['1038', '1048', '1068', '1034', '1067'], '1054': ['1054'], '1039': ['1039'], '1097': ['1097'], '1098': ['1098'], '1099': ['1099'], '1112': ['1112'], '1100': ['1100'], '1035': ['1035'], '1111': ['1111'], '1030': ['1030'], '1046': ['1046'], '1069': ['1069'], '1064': ['1064'], '1065': ['1065'], '1047': ['1047'], '1070': ['1070'], '1031': ['1031'], '1086': ['1086'], '1089': ['1089', '1092', '1044', '1090', '1091'], '1043': ['1043'], '1121': ['1121'], '1036': ['1036'], '1150': ['1150'], '1093': ['1093', '1094', '1151', '1149', '1037'], '1145': ['1145'], '1144': ['1144'], '1087': ['1087'], '1088': ['1088', '1142', '1141', '1143', '1139'], '1115': ['1115'], '1062': ['1062'], '1077': ['1077'], '1117': ['1117', '1118', '1116', '1119', '1120'], '1146': ['1146'], '1075': ['1075'], '1076': ['1076'], '1073': ['1073'], '1074': ['1074'], '1135': ['1135'], '1137': ['1137'], '1140': ['1140'], '1133': ['1133']})"
74,"defaultdict(<class 'list'>, {'1040': ['1040'], '1080': ['1080'], '1079': ['1079'], '1081': ['1081'], '1095': ['1095'], '1082': ['1082'], '1084': ['1084'], '1096': ['1096', '1138', '1135', '1137', '1139', '1136', '1140'], '1041': ['1041', '1126', '1125', '1127', '1124'], '1128': ['1128'], '1129': ['1129'], '1131': ['1131'], '1032': ['1032', '1052', '1063', '1053', '1049'], '1160': ['1160'], '1051': ['1051'], '1055': ['1055'], '1057': ['1057', '1060', '1061', '1058', '1059', '1071', '1072', '1062', '1073'], '1147': ['1147'], '1148': ['1148', '1158', '1157', '1159', '1156'], '1161': ['1161'], '1066': ['1066'], '1056': ['1056', '1077', '1075', '1076', '1074'], '1162': ['1162'], '1033': ['1033'], '1101': ['1101'], '1109': ['1109'], '1153': ['1153'], '1102': ['1102', '1103', '1104', '1098', '1099'], '1105': ['1105'], '1106': ['1106'], '1113': ['1113'], '1154': ['1154'], '1155': ['1155'], '1108': ['1108'], '1110': ['1110'], '1107': ['1107'], '1114': ['1114'], '1038': ['1038'], '1048': ['1048'], '1050': ['1050'], '1054': ['1054'], '1068': ['1068'], '1039': ['1039'], '1097': ['1097'], '1112': ['1112'], '1100': ['1100'], '1034': ['1034'], '1067': ['1067'], '1035': ['1035'], '1111': ['1111'], '1030': ['1030', '1046', '1069', '1047', '1070'], '1064': ['1064'], '1065': ['1065'], '1031': ['1031'], '1042': ['1042'], '1083': ['1083'], '1085': ['1085'], '1086': ['1086', '1087', '1088', '1141', '1143', '1142'], '1089': ['1089', '1149', '1044', '1090', '1091'], '1043': ['1043', '1121', '1122', '1123', '1045'], '1036': ['1036'], '1092': ['1092'], '1150': ['1150'], '1093': ['1093', '1094', '1145', '1144', '1037'], '1151': ['1151'], '1115': ['1115', '1118', '1116', '1119', '1120'], '1117': ['1117'], '1146': ['1146'], '1152': ['1152'], '1078': ['1078'], '1132': ['1132'], '1130': ['1130'], '1134': ['1134'], '1133': ['1133']})"
74,"defaultdict(<class 'list'>, {'1040': ['1040', '1080', '1081', '1082', '1084', '1042', '1083', '1085', '1078'], '1079': ['1079'], '1095': ['1095'], '1096': ['1096', '1138', '1135', '1137', '1139'], '1136': ['1136'], '1041': ['1041'], '1126': ['1126', '1125', '1127', '1128', '1124'], '1129': ['1129'], '1131': ['1131'], '1032': ['1032', '1052', '1063', '1053', '1049'], '1160': ['1160'], '1051': ['1051', '1055', '1056', '1075', '1076'], '1057': ['1057'], '1060': ['1060'], '1071': ['1071'], '1147': ['1147'], '1148': ['1148', '1158', '1157', '1159', '1156'], '1161': ['1161'], '1066': ['1066'], '1061': ['1061', '1062', '1073', '1074'], '1072': ['1072'], '1162': ['1162'], '1033': ['1033', '1153', '1154', '1155', '1152'], '1101': ['1101'], '1109': ['1109'], '1102': ['1102', '1103', '1104', '1098', '1099'], '1105': ['1105', '1106', '1107', '1058', '1059'], '1113': ['1113'], '1108': ['1108'], '1110': ['1110'], '1114': ['1114'], '1038': ['1038'], '1048': ['1048'], '1050': ['1050'], '1054': ['1054'], '1068': ['1068'], '1039': ['1039', '1097', '1112', '1035', '1111'], '1100': ['1100'], '1034': ['1034'], '1067': ['1067'], '1030': ['1030'], '1046': ['1046'], '1069': ['1069'], '1064': ['1064'], '1065': ['1065'], '1047': ['1047'], '1070': ['1070'], '1031': ['1031'], '1086': ['1086'], '1089': ['1089'], '1043': ['1043', '1121', '1122', '1123', '1045'], '1036': ['1036'], '1092': ['1092'], '1150': ['1150'], '1093': ['1093'], '1094': ['1094'], '1145': ['1145'], '1151': ['1151'], '1144': ['1144'], '1149': ['1149'], '1037': ['1037'], '1044': ['1044'], '1087': ['1087'], '1088': ['1088', '1142', '1141', '1143', '1140'], '1090': ['1090'], '1091': ['1091'], '1115': ['1115'], '1077': ['1077'], '1117': ['1117', '1118', '1116', '1119', '1120'], '1146': ['1146'], '1132': ['1132'], '1130': ['1130'], '1134': ['1134'], '1133': ['1133']})"
74,"defaultdict(<class 'list'>, {'1040': ['1040', '1080', '1081', '1082', '1078', '1079', '1095', '1096', '1083'], '1084': ['1084', '1042', '1085', '1086', '1087'], '1136': ['1136'], '1138': ['1138', '1137', '1139'], '1041': ['1041'], '1126': ['1126'], '1125': ['1125'], '1127': ['1127'], '1128': ['1128'], '1129': ['1129'], '1131': ['1131'], '1032': ['1032', '1160', '1161', '1162', '1146'], '1052': ['1052', '1051', '1053', '1049', '1050'], '1063': ['1063'], '1055': ['1055', '1056', '1075', '1076', '1074'], '1057': ['1057'], '1060': ['1060'], '1071': ['1071'], '1147': ['1147'], '1148': ['1148'], '1158': ['1158'], '1066': ['1066'], '1061': ['1061'], '1072': ['1072'], '1157': ['1157'], '1159': ['1159'], '1033': ['1033'], '1101': ['1101', '1102', '1098', '1099', '1100'], '1109': ['1109'], '1153': ['1153', '1154', '1155', '1156', '1152'], '1103': ['1103'], '1105': ['1105'], '1106': ['1106'], '1113': ['1113'], '1108': ['1108'], '1110': ['1110', '1111', '1064', '1065', '1031'], '1104': ['1104'], '1107': ['1107'], '1114': ['1114'], '1038': ['1038', '1048', '1068', '1034', '1067'], '1054': ['1054'], '1039': ['1039'], '1097': ['1097'], '1112': ['1112'], '1035': ['1035'], '1030': ['1030', '1046', '1069', '1047', '1070'], '1058': ['1058'], '1059': ['1059'], '1089': ['1089'], '1043': ['1043', '1121', '1122', '1123', '1045'], '1124': ['1124'], '1036': ['1036'], '1092': ['1092'], '1150': ['1150'], '1093': ['1093'], '1094': ['1094'], '1145': ['1145'], '1151': ['1151'], '1144': ['1144'], '1149': ['1149'], '1037': ['1037'], '1044': ['1044'], '1088': ['1088', '1142', '1141', '1143', '1140'], '1090': ['1090'], '1091': ['1091'], '1115': ['1115'], '1062': ['1062'], '1077': ['1077'], '1117': ['1117', '1118', '1116', '1119', '1120'], '1073': ['1073'], '1135': ['1135', '1134'], '1132': ['1132'], '1130': ['1130'], '1133': ['1133']})"
74,"defaultdict(<class 'list'>, {'1040': ['1040', '1080', '1079', '1081', '1078'], '1095': ['1095'], '1082': ['1082', '1084', '1042', '1083', '1085'], '1096': ['1096'], '1136': ['1136'], '1138': ['1138'], '1041': ['1041', '1126', '1125', '1127', '1043', '1121', '1122', '1123', '1045', '1124', '1128', '1132'], '1129': ['1129'], '1131': ['1131'], '1032': ['1032', '1160', '1161', '1162', '1146'], '1052': ['1052', '1051', '1053', '1049', '1050'], '1063': ['1063'], '1055': ['1055'], '1057': ['1057', '1060', '1061', '1105', '1106', '1107', '1058', '1059', '1113'], '1071': ['1071'], '1147': ['1147'], '1148': ['1148'], '1158': ['1158'], '1066': ['1066'], '1056': ['1056'], '1072': ['1072'], '1157': ['1157'], '1159': ['1159'], '1033': ['1033'], '1101': ['1101'], '1109': ['1109'], '1153': ['1153'], '1102': ['1102'], '1103': ['1103'], '1154': ['1154'], '1155': ['1155'], '1108': ['1108'], '1110': ['1110'], '1104': ['1104'], '1114': ['1114'], '1156': ['1156'], '1038': ['1038', '1048', '1068', '1034', '1067'], '1054': ['1054'], '1039': ['1039', '1097', '1098', '1099', '1035', '1112', '1111', '1117', '1118'], '1100': ['1100'], '1030': ['1030'], '1046': ['1046'], '1069': ['1069'], '1064': ['1064'], '1065': ['1065'], '1047': ['1047'], '1070': ['1070'], '1031': ['1031'], '1086': ['1086', '1089', '1044', '1087', '1090'], '1036': ['1036', '1092', '1150', '1093', '1094', '1151', '1149', '1037', '1144'], '1145': ['1145'], '1088': ['1088'], '1142': ['1142'], '1141': ['1141'], '1091': ['1091'], '1143': ['1143'], '1115': ['1115'], '1062': ['1062'], '1077': ['1077'], '1152': ['1152'], '1075': ['1075'], '1076': ['1076'], '1073': ['1073'], '1074': ['1074'], '1116': ['1116'], '1135': ['1135'], '1137': ['1137'], '1140': ['1140'], '1139': ['1139'], '1119': ['1119'], '1120': ['1120'], '1130': ['1130'], '1134': ['1134'], '1133': ['1133']})"
74,"defaultdict(<class 'list'>, {'1040': ['1040', '1080', '1081', '1095', '1082', '1084', '1042', '1083', '1085'], '1079': ['1079', '1077', '1075', '1076', '1074'], '1096': ['1096', '1138', '1135', '1137', '1139'], '1136': ['1136'], '1041': ['1041', '1126', '1125', '1127', '1043', '1121', '1122', '1123', '1045', '1124', '1128', '1132'], '1129': ['1129'], '1131': ['1131'], '1032': ['1032', '1160', '1161', '1162', '1146'], '1052': ['1052'], '1063': ['1063'], '1051': ['1051', '1055', '1056', '1049', '1050'], '1057': ['1057', '1060', '1061', '1105', '1106', '1107', '1058', '1059', '1062'], '1071': ['1071'], '1147': ['1147'], '1148': ['1148', '1158', '1157', '1159', '1156'], '1053': ['1053'], '1066': ['1066'], '1072': ['1072'], '1033': ['1033', '1153', '1154', '1155', '1152'], '1101': ['1101'], '1109': ['1109'], '1102': ['1102'], '1103': ['1103'], '1113': ['1113'], '1108': ['1108'], '1110': ['1110'], '1104': ['1104'], '1114': ['1114'], '1038': ['1038', '1048', '1068', '1034', '1067'], '1054': ['1054'], '1039': ['1039'], '1097': ['1097'], '1098': ['1098'], '1099': ['1099'], '1112': ['1112'], '1100': ['1100'], '1035': ['1035'], '1111': ['1111'], '1030': ['1030'], '1046': ['1046'], '1069': ['1069'], '1064': ['1064'], '1065': ['1065'], '1047': ['1047'], '1070': ['1070'], '1031': ['1031'], '1086': ['1086', '1087', '1088', '1141', '1143'], '1089': ['1089'], '1036': ['1036'], '1092': ['1092'], '1150': ['1150'], '1093': ['1093'], '1094': ['1094'], '1145': ['1145'], '1151': ['1151'], '1144': ['1144'], '1149': ['1149'], '1037': ['1037'], '1044': ['1044'], '1090': ['1090'], '1142': ['1142'], '1091': ['1091'], '1115': ['1115'], '1117': ['1117'], '1118': ['1118'], '1073': ['1073'], '1078': ['1078'], '1116': ['1116'], '1140': ['1140'], '1119': ['1119'], '1120': ['1120'], '1130': ['1130'], '1134': ['1134'], '1133': ['1133']})"
74,"defaultdict(<class 'list'>, {'1040': ['1040'], '1080': ['1080'], '1079': ['1079'], '1081': ['1081'], '1095': ['1095'], '1082': ['1082', '1084', '1042', '1083', '1085'], '1096': ['1096', '1136', '1135', '1137', '1140'], '1138': ['1138'], '1041': ['1041'], '1126': ['1126'], '1125': ['1125'], '1127': ['1127'], '1128': ['1128', '1129', '1132', '1130', '1134', '1131', '1120', '1133'], '1032': ['1032'], '1052': ['1052'], '1063': ['1063'], '1160': ['1160'], '1051': ['1051', '1055', '1056', '1049', '1050'], '1057': ['1057', '1060', '1061', '1058', '1059'], '1071': ['1071'], '1147': ['1147', '1148', '1158', '1157', '1159'], '1161': ['1161'], '1053': ['1053', '1038', '1048', '1054', '1034'], '1066': ['1066'], '1072': ['1072', '1075', '1076', '1073', '1074'], '1162': ['1162'], '1033': ['1033'], '1101': ['1101'], '1109': ['1109'], '1153': ['1153'], '1102': ['1102'], '1103': ['1103'], '1105': ['1105'], '1106': ['1106'], '1113': ['1113'], '1154': ['1154', '1036', '1150', '1151', '1152'], '1155': ['1155'], '1108': ['1108', '1107', '1115', '1116', '1119'], '1110': ['1110'], '1104': ['1104'], '1114': ['1114'], '1156': ['1156'], '1068': ['1068'], '1039': ['1039'], '1097': ['1097'], '1098': ['1098'], '1099': ['1099'], '1112': ['1112'], '1100': ['1100'], '1067': ['1067'], '1035': ['1035'], '1111': ['1111'], '1030': ['1030'], '1046': ['1046'], '1069': ['1069', '1064', '1065', '1070', '1031'], '1047': ['1047'], '1086': ['1086'], '1089': ['1089'], '1043': ['1043', '1121', '1122', '1123', '1045'], '1124': ['1124'], '1092': ['1092'], '1093': ['1093', '1094', '1144', '1149', '1037'], '1145': ['1145'], '1044': ['1044'], '1087': ['1087'], '1088': ['1088', '1142', '1141', '1143', '1139'], '1090': ['1090'], '1091': ['1091'], '1062': ['1062'], '1077': ['1077'], '1117': ['1117'], '1146': ['1146'], '1118': ['1118'], '1078': ['1078']})"
74,"defaultdict(<class 'list'>, {'1040': ['1040'], '1080': ['1080', '1079', '1077', '1076', '1078'], '1081': ['1081'], '1095': ['1095'], '1082': ['1082', '1084', '1042', '1083', '1085'], '1096': ['1096', '1138', '1135', '1137', '1139'], '1136': ['1136'], '1041': ['1041'], '1126': ['1126'], '1125': ['1125'], '1127': ['1127'], '1128': ['1128', '1129', '1132', '1130', '1134', '1131', '1120', '1133'], '1032': ['1032', '1052', '1063', '1053', '1049', '1051', '1055', '1050', '1054'], '1160': ['1160'], '1057': ['1057'], '1060': ['1060'], '1071': ['1071'], '1147': ['1147'], '1148': ['1148', '1158', '1157', '1159', '1156'], '1161': ['1161'], '1066': ['1066'], '1056': ['1056'], '1061': ['1061', '1062', '1075', '1073', '1074'], '1072': ['1072'], '1162': ['1162'], '1033': ['1033'], '1101': ['1101'], '1109': ['1109'], '1153': ['1153'], '1102': ['1102'], '1103': ['1103'], '1105': ['1105', '1106', '1107', '1058', '1059'], '1113': ['1113'], '1154': ['1154'], '1155': ['1155'], '1108': ['1108'], '1110': ['1110', '1111', '1064', '1065', '1031'], '1104': ['1104'], '1114': ['1114'], '1038': ['1038', '1048', '1068', '1034', '1067'], '1039': ['1039'], '1097': ['1097'], '1098': ['1098'], '1099': ['1099'], '1112': ['1112'], '1100': ['1100'], '1035': ['1035'], '1030': ['1030', '1046', '1069', '1047', '1070'], '1086': ['1086', '1089', '1044', '1087', '1090'], '1043': ['1043'], '1121': ['1121'], '1122': ['1122'], '1123': ['1123'], '1124': ['1124'], '1036': ['1036'], '1092': ['1092'], '1150': ['1150'], '1093': ['1093', '1094', '1151', '1149', '1037'], '1145': ['1145'], '1144': ['1144'], '1088': ['1088'], '1142': ['1142'], '1141': ['1141'], '1091': ['1091'], '1143': ['1143'], '1045': ['1045'], '1115': ['1115'], '1117': ['1117'], '1146': ['1146'], '1152': ['1152'], '1118': ['1118'], '1116': ['1116'], '1140': ['1140'], '1119': ['1119']})"
74,"defaultdict(<class 'list'>, {'1040': ['1040', '1080', '1081', '1082', '1078'], '1079': ['1079', '1077', '1075', '1076', '1074'], '1095': ['1095'], '1084': ['1084'], '1096': ['1096', '1138', '1135', '1137', '1139', '1136', '1140'], '1041': ['1041'], '1126': ['1126'], '1125': ['1125'], '1127': ['1127'], '1128': ['1128', '1131', '1132', '1130', '1133'], '1129': ['1129'], '1032': ['1032', '1052', '1063', '1053', '1049'], '1160': ['1160'], '1051': ['1051'], '1055': ['1055'], '1057': ['1057', '1060', '1061', '1105', '1106', '1107', '1058', '1059', '1062'], '1071': ['1071'], '1147': ['1147'], '1148': ['1148', '1158', '1157', '1159'], '1161': ['1161'], '1066': ['1066'], '1056': ['1056'], '1072': ['1072'], '1162': ['1162'], '1033': ['1033', '1153', '1155', '1156'], '1101': ['1101'], '1109': ['1109'], '1102': ['1102'], '1103': ['1103'], '1113': ['1113'], '1154': ['1154', '1036', '1150', '1151', '1152'], '1108': ['1108'], '1110': ['1110'], '1104': ['1104'], '1114': ['1114'], '1038': ['1038', '1048', '1068', '1034', '1067'], '1050': ['1050'], '1054': ['1054'], '1039': ['1039', '1097', '1098', '1099', '1035'], '1112': ['1112'], '1100': ['1100'], '1111': ['1111'], '1030': ['1030'], '1046': ['1046'], '1069': ['1069'], '1064': ['1064'], '1065': ['1065'], '1047': ['1047'], '1070': ['1070'], '1031': ['1031'], '1042': ['1042'], '1083': ['1083'], '1085': ['1085'], '1086': ['1086', '1089', '1044', '1087', '1090'], '1043': ['1043', '1121', '1122', '1123', '1045'], '1124': ['1124'], '1092': ['1092'], '1093': ['1093'], '1094': ['1094'], '1145': ['1145'], '1144': ['1144'], '1149': ['1149'], '1037': ['1037'], '1088': ['1088', '1142', '1141', '1143'], '1091': ['1091'], '1115': ['1115'], '1117': ['1117'], '1146': ['1146'], '1118': ['1118'], '1073': ['1073'], '1116': ['1116'], '1119': ['1119'], '1120': ['1120'], '1134': ['1134']})"
74,"defaultdict(<class 'list'>, {'1040': ['1040', '1080', '1079', '1077', '1076', '1078', '1081', '1082', '1083'], '1095': ['1095'], '1084': ['1084'], '1096': ['1096', '1138', '1135', '1137', '1139'], '1136': ['1136'], '1041': ['1041', '1126', '1125', '1127', '1124'], '1128': ['1128', '1131', '1132', '1130', '1133'], '1129': ['1129'], '1032': ['1032', '1160', '1161', '1162', '1146'], '1052': ['1052'], '1063': ['1063'], '1051': ['1051', '1055', '1056', '1049', '1050'], '1057': ['1057'], '1060': ['1060'], '1071': ['1071'], '1147': ['1147'], '1148': ['1148', '1158', '1157', '1159', '1156'], '1053': ['1053'], '1066': ['1066'], '1061': ['1061'], '1072': ['1072'], '1033': ['1033', '1101', '1109', '1153', '1100', '1154', '1155', '1152'], '1102': ['1102'], '1103': ['1103'], '1105': ['1105'], '1106': ['1106'], '1113': ['1113'], '1108': ['1108'], '1110': ['1110', '1111', '1064', '1065', '1031'], '1104': ['1104'], '1107': ['1107'], '1114': ['1114'], '1038': ['1038'], '1048': ['1048'], '1054': ['1054'], '1068': ['1068'], '1039': ['1039'], '1097': ['1097'], '1098': ['1098'], '1099': ['1099'], '1112': ['1112'], '1034': ['1034'], '1067': ['1067'], '1035': ['1035'], '1030': ['1030', '1046', '1069', '1047', '1070'], '1058': ['1058'], '1059': ['1059'], '1042': ['1042'], '1085': ['1085'], '1086': ['1086', '1089', '1044', '1087', '1090'], '1043': ['1043'], '1121': ['1121'], '1122': ['1122'], '1123': ['1123'], '1036': ['1036'], '1092': ['1092'], '1150': ['1150'], '1093': ['1093', '1094', '1151', '1149', '1037'], '1145': ['1145'], '1144': ['1144'], '1088': ['1088', '1142', '1141', '1143', '1140'], '1091': ['1091'], '1045': ['1045'], '1115': ['1115'], '1062': ['1062'], '1117': ['1117'], '1075': ['1075'], '1118': ['1118'], '1073': ['1073'], '1074': ['1074'], '1116': ['1116'], '1119': ['1119'], '1120': ['1120'], '1134': ['1134']})"
75,"defaultdict(<class 'list'>, {'1040': ['1040', '1080', '1081', '1082', '1084', '1042', '1083', '1085', '1078'], '1079': ['1079', '1038', '1048', '1068', '1034', '1067', '1077', '1076'], '1095': ['1095'], '1096': ['1096', '1136', '1135', '1137', '1140'], '1138': ['1138'], '1041': ['1041'], '1126': ['1126'], '1125': ['1125'], '1127': ['1127'], '1128': ['1128', '1131', '1132', '1130', '1133'], '1129': ['1129'], '1032': ['1032'], '1052': ['1052', '1053', '1049', '1050', '1054'], '1063': ['1063'], '1160': ['1160'], '1051': ['1051'], '1055': ['1055'], '1057': ['1057'], '1060': ['1060'], '1071': ['1071'], '1147': ['1147'], '1148': ['1148', '1158', '1157', '1159', '1156'], '1161': ['1161'], '1066': ['1066'], '1056': ['1056'], '1061': ['1061', '1062', '1075', '1073', '1074'], '1072': ['1072'], '1162': ['1162'], '1033': ['1033'], '1101': ['1101'], '1109': ['1109', '1105', '1106', '1113', '1107'], '1153': ['1153'], '1102': ['1102', '1103', '1104', '1117', '1118'], '1154': ['1154'], '1155': ['1155'], '1108': ['1108'], '1110': ['1110'], '1114': ['1114', '1030', '1046', '1069', '1064', '1065', '1070', '1031', '1047'], '1039': ['1039'], '1097': ['1097'], '1098': ['1098'], '1099': ['1099'], '1112': ['1112'], '1100': ['1100'], '1035': ['1035'], '1111': ['1111'], '1058': ['1058'], '1059': ['1059'], '1086': ['1086'], '1089': ['1089'], '1043': ['1043'], '1121': ['1121'], '1122': ['1122'], '1123': ['1123'], '1124': ['1124'], '1036': ['1036'], '1092': ['1092'], '1150': ['1150'], '1093': ['1093', '1094', '1151', '1149', '1037'], '1145': ['1145'], '1144': ['1144'], '1044': ['1044'], '1087': ['1087'], '1088': ['1088'], '1090': ['1090'], '1142': ['1142'], '1141': ['1141'], '1091': ['1091'], '1143': ['1143'], '1045': ['1045'], '1115': ['1115', '1116', '1119', '1120'], '1146': ['1146'], '1152': ['1152'], '1139': ['1139'], '1134': ['1134']})"
75,"defaultdict(<class 'list'>, {'1040': ['1040', '1080', '1081', '1082', '1078'], '1079': ['1079'], '1095': ['1095'], '1084': ['1084'], '1096': ['1096'], '1136': ['1136'], '1138': ['1138'], '1041': ['1041', '1126', '1125', '1127', '1124', '1129', '1122', '1123', '1045', '1043', '1121', '1134'], '1128': ['1128', '1131', '1132', '1133'], '1032': ['1032'], '1052': ['1052', '1051', '1053', '1049', '1050'], '1063': ['1063'], '1160': ['1160', '1147', '1161', '1145', '1146'], '1055': ['1055'], '1057': ['1057'], '1060': ['1060'], '1071': ['1071'], '1148': ['1148', '1158', '1157', '1159', '1156'], '1066': ['1066'], '1056': ['1056'], '1061': ['1061'], '1072': ['1072', '1075', '1076', '1073', '1074'], '1162': ['1162'], '1033': ['1033', '1153', '1154', '1155', '1152'], '1101': ['1101'], '1109': ['1109'], '1102': ['1102'], '1103': ['1103'], '1105': ['1105'], '1106': ['1106'], '1113': ['1113'], '1108': ['1108'], '1110': ['1110'], '1104': ['1104'], '1107': ['1107'], '1114': ['1114'], '1038': ['1038'], '1048': ['1048'], '1054': ['1054'], '1068': ['1068'], '1039': ['1039', '1097', '1098', '1099', '1035'], '1112': ['1112'], '1100': ['1100'], '1034': ['1034'], '1067': ['1067'], '1111': ['1111'], '1030': ['1030', '1046', '1069', '1047', '1070'], '1058': ['1058'], '1059': ['1059'], '1064': ['1064'], '1065': ['1065'], '1031': ['1031'], '1042': ['1042'], '1083': ['1083'], '1085': ['1085'], '1086': ['1086', '1089', '1044', '1087', '1090'], '1036': ['1036'], '1092': ['1092'], '1150': ['1150'], '1093': ['1093'], '1094': ['1094'], '1151': ['1151'], '1144': ['1144'], '1149': ['1149'], '1037': ['1037'], '1088': ['1088', '1142', '1141', '1143', '1139'], '1091': ['1091'], '1115': ['1115'], '1062': ['1062'], '1077': ['1077'], '1117': ['1117', '1118', '1116', '1119', '1120'], '1135': ['1135'], '1137': ['1137'], '1140': ['1140'], '1130': ['1130']})"
75,"defaultdict(<class 'list'>, {'1040': ['1040', '1080', '1079', '1081', '1078'], '1095': ['1095'], '1082': ['1082', '1084', '1042', '1083', '1085'], '1096': ['1096'], '1136': ['1136'], '1138': ['1138'], '1041': ['1041', '1126', '1125', '1127', '1124'], '1128': ['1128', '1131', '1132', '1130', '1133'], '1129': ['1129'], '1032': ['1032', '1160', '1161', '1162', '1146'], '1052': ['1052'], '1063': ['1063'], '1051': ['1051'], '1055': ['1055'], '1057': ['1057'], '1060': ['1060'], '1071': ['1071'], '1147': ['1147'], '1148': ['1148', '1158', '1157', '1159', '1156'], '1053': ['1053'], '1066': ['1066'], '1056': ['1056'], '1061': ['1061'], '1072': ['1072'], '1033': ['1033', '1153', '1154', '1155', '1152'], '1101': ['1101'], '1109': ['1109'], '1102': ['1102', '1103', '1104', '1117', '1118', '1039', '1097', '1098', '1099', '1035', '1112', '1111'], '1105': ['1105', '1106', '1107', '1058', '1059'], '1113': ['1113'], '1108': ['1108', '1115', '1116', '1119'], '1110': ['1110'], '1114': ['1114'], '1038': ['1038'], '1048': ['1048'], '1049': ['1049'], '1050': ['1050'], '1054': ['1054'], '1068': ['1068', '1077', '1075', '1076', '1074'], '1100': ['1100'], '1034': ['1034'], '1067': ['1067'], '1030': ['1030'], '1046': ['1046'], '1069': ['1069'], '1064': ['1064'], '1065': ['1065'], '1047': ['1047'], '1070': ['1070'], '1031': ['1031'], '1086': ['1086'], '1089': ['1089'], '1043': ['1043'], '1121': ['1121'], '1122': ['1122'], '1123': ['1123'], '1036': ['1036', '1092', '1150', '1093', '1094', '1151', '1149', '1037', '1144'], '1145': ['1145'], '1044': ['1044'], '1087': ['1087'], '1088': ['1088'], '1090': ['1090'], '1142': ['1142'], '1141': ['1141'], '1091': ['1091'], '1143': ['1143'], '1045': ['1045'], '1062': ['1062'], '1073': ['1073'], '1135': ['1135'], '1137': ['1137'], '1140': ['1140'], '1139': ['1139'], '1120': ['1120'], '1134': ['1134']})"
75,"defaultdict(<class 'list'>, {'1040': ['1040'], '1080': ['1080'], '1079': ['1079'], '1081': ['1081'], '1095': ['1095'], '1082': ['1082'], '1084': ['1084', '1042', '1085', '1086', '1087'], '1096': ['1096'], '1136': ['1136'], '1138': ['1138'], '1041': ['1041'], '1126': ['1126'], '1125': ['1125'], '1127': ['1127'], '1128': ['1128'], '1129': ['1129'], '1131': ['1131'], '1032': ['1032', '1063', '1160', '1161', '1162', '1147', '1148', '1158', '1157', '1159', '1156', '1146'], '1052': ['1052'], '1051': ['1051', '1055', '1056', '1049', '1050'], '1057': ['1057', '1060', '1061', '1058', '1059'], '1071': ['1071'], '1053': ['1053'], '1066': ['1066', '1068', '1067', '1077', '1076'], '1072': ['1072'], '1033': ['1033', '1153', '1154', '1155', '1152'], '1101': ['1101', '1102', '1098', '1099', '1100', '1103', '1039', '1097', '1035'], '1109': ['1109'], '1105': ['1105'], '1106': ['1106'], '1113': ['1113'], '1108': ['1108'], '1110': ['1110'], '1104': ['1104', '1030', '1046', '1047'], '1107': ['1107'], '1114': ['1114'], '1038': ['1038'], '1048': ['1048'], '1054': ['1054'], '1112': ['1112'], '1034': ['1034'], '1111': ['1111'], '1069': ['1069', '1064', '1065', '1070', '1031'], '1083': ['1083'], '1089': ['1089'], '1043': ['1043'], '1121': ['1121'], '1122': ['1122'], '1123': ['1123'], '1124': ['1124'], '1036': ['1036'], '1092': ['1092', '1150', '1093', '1094', '1144', '1149', '1037', '1145', '1151'], '1044': ['1044'], '1088': ['1088'], '1090': ['1090'], '1142': ['1142'], '1141': ['1141'], '1091': ['1091'], '1143': ['1143'], '1045': ['1045'], '1115': ['1115'], '1062': ['1062'], '1117': ['1117', '1118', '1116', '1119', '1120'], '1075': ['1075'], '1073': ['1073'], '1078': ['1078'], '1074': ['1074'], '1135': ['1135'], '1137': ['1137'], '1140': ['1140'], '1139': ['1139'], '1132': ['1132'], '1130': ['1130'], '1134': ['1134'], '1133': ['1133']})"
75,"defaultdict(<class 'list'>, {'1040': ['1040', '1080', '1081', '1082', '1078'], '1079': ['1079', '1077', '1075', '1076', '1074'], '1095': ['1095'], '1084': ['1084', '1042', '1085', '1086', '1089', '1044', '1087', '1090', '1091'], '1096': ['1096'], '1136': ['1136'], '1138': ['1138'], '1041': ['1041'], '1126': ['1126'], '1125': ['1125'], '1127': ['1127'], '1128': ['1128'], '1129': ['1129'], '1131': ['1131'], '1032': ['1032', '1052', '1063', '1053', '1049'], '1160': ['1160', '1147', '1161', '1145', '1146'], '1051': ['1051', '1038', '1048', '1050', '1034'], '1055': ['1055'], '1057': ['1057'], '1060': ['1060'], '1071': ['1071'], '1148': ['1148', '1158', '1157', '1159', '1156'], '1066': ['1066', '1068', '1067'], '1056': ['1056'], '1061': ['1061'], '1072': ['1072'], '1162': ['1162'], '1033': ['1033', '1101', '1109', '1153', '1100'], '1102': ['1102'], '1103': ['1103'], '1105': ['1105', '1106', '1107', '1058', '1059'], '1113': ['1113'], '1154': ['1154'], '1155': ['1155'], '1108': ['1108'], '1110': ['1110'], '1104': ['1104'], '1114': ['1114'], '1054': ['1054'], '1039': ['1039', '1097', '1098', '1099', '1035', '1112', '1111', '1117', '1118'], '1030': ['1030'], '1046': ['1046'], '1069': ['1069', '1064', '1065', '1070', '1031'], '1047': ['1047'], '1083': ['1083'], '1043': ['1043'], '1121': ['1121'], '1122': ['1122'], '1123': ['1123'], '1124': ['1124'], '1036': ['1036'], '1092': ['1092'], '1150': ['1150'], '1093': ['1093', '1094', '1151', '1149', '1037'], '1144': ['1144'], '1088': ['1088'], '1142': ['1142'], '1141': ['1141'], '1143': ['1143'], '1045': ['1045'], '1115': ['1115'], '1062': ['1062'], '1152': ['1152'], '1073': ['1073'], '1116': ['1116'], '1135': ['1135'], '1137': ['1137'], '1140': ['1140'], '1139': ['1139'], '1119': ['1119'], '1120': ['1120'], '1132': ['1132'], '1130': ['1130'], '1134': ['1134'], '1133': ['1133']})"
75,"defaultdict(<class 'list'>, {'1040': ['1040'], '1080': ['1080'], '1079': ['1079'], '1081': ['1081'], '1095': ['1095'], '1082': ['1082', '1084', '1042', '1083', '1085'], '1096': ['1096'], '1136': ['1136'], '1138': ['1138'], '1041': ['1041'], '1126': ['1126'], '1125': ['1125'], '1127': ['1127'], '1128': ['1128', '1131', '1132', '1130', '1133'], '1129': ['1129'], '1032': ['1032', '1052', '1063', '1053', '1049'], '1160': ['1160'], '1051': ['1051', '1055', '1056', '1050'], '1057': ['1057'], '1060': ['1060'], '1071': ['1071'], '1147': ['1147', '1148', '1158', '1157', '1159', '1156', '1161', '1033', '1153', '1154', '1155', '1152'], '1066': ['1066'], '1061': ['1061'], '1072': ['1072'], '1162': ['1162'], '1101': ['1101'], '1109': ['1109'], '1102': ['1102'], '1103': ['1103'], '1105': ['1105', '1106', '1107', '1058', '1059'], '1113': ['1113'], '1108': ['1108'], '1110': ['1110'], '1104': ['1104'], '1114': ['1114', '1030', '1046', '1069', '1064', '1065', '1070', '1031', '1047'], '1038': ['1038', '1048', '1068', '1034', '1067'], '1054': ['1054'], '1039': ['1039', '1097', '1098', '1099', '1035'], '1112': ['1112'], '1100': ['1100'], '1111': ['1111'], '1086': ['1086', '1089', '1044', '1087', '1090'], '1043': ['1043', '1121', '1122', '1123', '1045'], '1124': ['1124'], '1036': ['1036', '1092', '1150', '1151', '1149'], '1093': ['1093'], '1094': ['1094'], '1145': ['1145'], '1144': ['1144'], '1037': ['1037'], '1088': ['1088'], '1142': ['1142'], '1141': ['1141'], '1091': ['1091'], '1143': ['1143'], '1115': ['1115'], '1062': ['1062'], '1077': ['1077'], '1117': ['1117'], '1146': ['1146'], '1075': ['1075'], '1076': ['1076'], '1118': ['1118'], '1073': ['1073'], '1078': ['1078'], '1074': ['1074'], '1116': ['1116'], '1135': ['1135'], '1137': ['1137'], '1140': ['1140'], '1139': ['1139'], '1119': ['1119'], '1120': ['1120'], '1134': ['1134']})"
75,"defaultdict(<class 'list'>, {'1040': ['1040'], '1080': ['1080'], '1079': ['1079'], '1081': ['1081'], '1095': ['1095'], '1082': ['1082'], '1084': ['1084', '1042', '1085', '1086', '1087'], '1096': ['1096'], '1136': ['1136'], '1138': ['1138'], '1041': ['1041'], '1126': ['1126'], '1125': ['1125'], '1127': ['1127'], '1128': ['1128', '1131', '1132', '1130', '1133'], '1129': ['1129'], '1032': ['1032', '1052', '1063', '1053', '1049'], '1160': ['1160', '1147', '1161', '1162', '1146'], '1051': ['1051'], '1055': ['1055'], '1057': ['1057'], '1060': ['1060'], '1071': ['1071'], '1148': ['1148', '1158', '1157', '1159'], '1066': ['1066'], '1056': ['1056'], '1061': ['1061'], '1072': ['1072'], '1033': ['1033', '1101', '1102', '1098', '1099', '1100', '1103', '1108', '1107'], '1109': ['1109'], '1153': ['1153', '1154', '1155', '1156', '1152'], '1105': ['1105'], '1106': ['1106'], '1113': ['1113'], '1110': ['1110'], '1104': ['1104'], '1114': ['1114'], '1038': ['1038'], '1048': ['1048'], '1050': ['1050'], '1054': ['1054'], '1068': ['1068'], '1039': ['1039', '1097', '1112', '1035', '1111'], '1034': ['1034'], '1067': ['1067'], '1030': ['1030'], '1046': ['1046'], '1069': ['1069'], '1058': ['1058'], '1059': ['1059'], '1064': ['1064'], '1065': ['1065'], '1047': ['1047'], '1070': ['1070'], '1031': ['1031'], '1083': ['1083'], '1089': ['1089', '1149', '1044', '1090', '1091', '1093', '1094', '1037'], '1043': ['1043', '1121', '1122', '1123', '1045'], '1124': ['1124'], '1036': ['1036'], '1092': ['1092'], '1150': ['1150'], '1145': ['1145'], '1151': ['1151'], '1144': ['1144'], '1088': ['1088', '1142', '1141', '1143', '1139'], '1115': ['1115'], '1062': ['1062'], '1077': ['1077', '1075', '1076', '1073', '1074'], '1117': ['1117', '1118', '1116', '1119', '1120'], '1078': ['1078'], '1135': ['1135'], '1137': ['1137'], '1140': ['1140'], '1134': ['1134']})"
75,"defaultdict(<class 'list'>, {'1040': ['1040', '1080', '1079', '1081', '1078'], '1095': ['1095'], '1082': ['1082', '1084', '1042', '1083', '1085'], '1096': ['1096', '1138', '1135', '1137', '1139', '1136', '1088', '1142', '1141', '1143', '1140'], '1041': ['1041', '1126', '1125', '1127', '1124'], '1128': ['1128'], '1129': ['1129'], '1131': ['1131'], '1032': ['1032'], '1052': ['1052'], '1063': ['1063'], '1160': ['1160'], '1051': ['1051'], '1055': ['1055'], '1057': ['1057'], '1060': ['1060'], '1071': ['1071'], '1147': ['1147', '1036', '1092', '1145', '1146'], '1148': ['1148'], '1158': ['1158'], '1161': ['1161'], '1053': ['1053'], '1066': ['1066'], '1056': ['1056', '1077', '1075', '1076', '1074'], '1061': ['1061'], '1072': ['1072'], '1157': ['1157'], '1159': ['1159'], '1162': ['1162'], '1033': ['1033'], '1101': ['1101', '1102', '1098', '1099', '1100'], '1109': ['1109'], '1153': ['1153', '1154', '1155', '1151', '1152'], '1103': ['1103'], '1105': ['1105', '1106', '1107', '1058', '1059', '1113', '1108', '1114', '1115'], '1110': ['1110', '1111', '1064', '1065', '1031'], '1104': ['1104'], '1156': ['1156'], '1038': ['1038'], '1048': ['1048'], '1049': ['1049'], '1050': ['1050'], '1054': ['1054'], '1068': ['1068'], '1039': ['1039'], '1097': ['1097'], '1112': ['1112'], '1034': ['1034'], '1067': ['1067'], '1035': ['1035'], '1030': ['1030'], '1046': ['1046'], '1069': ['1069'], '1047': ['1047'], '1070': ['1070'], '1086': ['1086'], '1089': ['1089'], '1043': ['1043'], '1121': ['1121'], '1122': ['1122'], '1123': ['1123'], '1150': ['1150'], '1093': ['1093', '1094', '1144', '1149', '1037'], '1044': ['1044'], '1087': ['1087'], '1090': ['1090'], '1091': ['1091'], '1045': ['1045'], '1062': ['1062'], '1117': ['1117', '1118', '1116', '1119', '1120'], '1073': ['1073'], '1132': ['1132'], '1130': ['1130'], '1134': ['1134'], '1133': ['1133']})"
76,"defaultdict(<class 'list'>, {'1040': ['1040'], '1080': ['1080'], '1079': ['1079'], '1081': ['1081'], '1095': ['1095'], '1082': ['1082', '1084', '1042', '1083', '1085'], '1096': ['1096'], '1136': ['1136'], '1138': ['1138'], '1041': ['1041', '1126', '1125', '1127', '1043', '1121', '1122', '1123', '1045', '1124', '1128', '1132'], '1129': ['1129'], '1131': ['1131'], '1032': ['1032', '1160', '1147', '1148', '1158', '1157', '1159', '1161', '1162', '1155', '1156', '1146'], '1052': ['1052'], '1063': ['1063'], '1051': ['1051'], '1055': ['1055'], '1057': ['1057'], '1060': ['1060'], '1071': ['1071'], '1053': ['1053'], '1066': ['1066'], '1056': ['1056'], '1061': ['1061'], '1072': ['1072'], '1033': ['1033'], '1101': ['1101'], '1109': ['1109'], '1153': ['1153'], '1102': ['1102'], '1103': ['1103'], '1105': ['1105'], '1106': ['1106'], '1113': ['1113'], '1154': ['1154', '1036', '1092', '1150', '1093', '1094', '1151', '1149', '1037', '1144', '1145', '1152'], '1108': ['1108'], '1110': ['1110'], '1104': ['1104'], '1107': ['1107'], '1114': ['1114', '1030', '1046', '1069', '1047', '1070', '1064', '1065', '1031'], '1038': ['1038', '1048', '1068', '1034', '1067'], '1049': ['1049'], '1050': ['1050'], '1054': ['1054'], '1039': ['1039', '1097', '1098', '1099', '1035'], '1112': ['1112'], '1100': ['1100'], '1111': ['1111'], '1058': ['1058'], '1059': ['1059'], '1086': ['1086', '1089', '1087', '1090', '1091'], '1044': ['1044'], '1088': ['1088'], '1142': ['1142'], '1141': ['1141'], '1143': ['1143'], '1115': ['1115'], '1062': ['1062'], '1077': ['1077'], '1117': ['1117'], '1075': ['1075'], '1076': ['1076'], '1118': ['1118'], '1073': ['1073'], '1078': ['1078'], '1074': ['1074'], '1116': ['1116'], '1135': ['1135'], '1137': ['1137'], '1140': ['1140'], '1139': ['1139'], '1119': ['1119'], '1120': ['1120'], '1130': ['1130'], '1134': ['1134'], '1133': ['1133']})"
76,"defaultdict(<class 'list'>, {'1040': ['1040', '1080', '1081', '1082', '1078', '1084', '1042', '1083', '1085'], '1079': ['1079'], '1095': ['1095'], '1096': ['1096', '1138', '1135', '1137', '1139'], '1136': ['1136'], '1041': ['1041'], '1126': ['1126'], '1125': ['1125'], '1127': ['1127'], '1128': ['1128', '1131', '1132', '1130', '1133', '1129', '1120', '1134'], '1032': ['1032', '1063', '1071', '1066', '1067'], '1052': ['1052'], '1160': ['1160', '1147', '1161', '1162', '1146'], '1051': ['1051'], '1055': ['1055'], '1057': ['1057', '1060', '1061', '1058', '1059'], '1148': ['1148'], '1158': ['1158'], '1053': ['1053', '1038', '1048', '1054', '1034'], '1056': ['1056'], '1072': ['1072'], '1157': ['1157'], '1159': ['1159'], '1033': ['1033'], '1101': ['1101'], '1109': ['1109'], '1153': ['1153'], '1102': ['1102'], '1103': ['1103'], '1105': ['1105', '1106', '1113', '1107', '1114'], '1154': ['1154'], '1155': ['1155'], '1108': ['1108'], '1110': ['1110'], '1104': ['1104'], '1156': ['1156'], '1049': ['1049'], '1050': ['1050'], '1068': ['1068'], '1039': ['1039', '1097', '1098', '1099', '1035', '1112', '1111', '1117', '1118'], '1100': ['1100'], '1030': ['1030'], '1046': ['1046'], '1069': ['1069'], '1064': ['1064'], '1065': ['1065'], '1047': ['1047'], '1070': ['1070'], '1031': ['1031'], '1086': ['1086'], '1089': ['1089'], '1043': ['1043'], '1121': ['1121'], '1122': ['1122'], '1123': ['1123'], '1124': ['1124'], '1036': ['1036', '1092', '1150', '1151', '1149'], '1093': ['1093', '1094', '1144', '1037'], '1145': ['1145'], '1044': ['1044'], '1087': ['1087'], '1088': ['1088', '1142', '1141', '1143'], '1090': ['1090'], '1091': ['1091'], '1045': ['1045'], '1115': ['1115'], '1062': ['1062'], '1077': ['1077'], '1152': ['1152'], '1075': ['1075'], '1076': ['1076'], '1073': ['1073'], '1074': ['1074'], '1116': ['1116'], '1140': ['1140'], '1119': ['1119']})"
76,"defaultdict(<class 'list'>, {'1040': ['1040'], '1080': ['1080'], '1079': ['1079'], '1081': ['1081'], '1095': ['1095', '1082', '1084', '1083', '1085'], '1096': ['1096', '1138', '1135', '1137', '1139'], '1136': ['1136'], '1041': ['1041'], '1126': ['1126'], '1125': ['1125'], '1127': ['1127'], '1128': ['1128', '1129', '1132', '1130', '1134'], '1131': ['1131'], '1032': ['1032', '1052', '1063', '1053', '1049'], '1160': ['1160', '1147', '1161', '1145', '1146', '1162'], '1051': ['1051'], '1055': ['1055'], '1057': ['1057', '1060', '1061', '1058', '1059'], '1071': ['1071'], '1148': ['1148', '1158', '1157', '1159', '1156'], '1066': ['1066'], '1056': ['1056'], '1072': ['1072'], '1033': ['1033'], '1101': ['1101'], '1109': ['1109'], '1153': ['1153'], '1102': ['1102'], '1103': ['1103'], '1105': ['1105', '1106', '1113', '1107', '1114'], '1154': ['1154'], '1155': ['1155'], '1108': ['1108'], '1110': ['1110'], '1104': ['1104'], '1038': ['1038', '1048', '1068', '1034', '1067'], '1050': ['1050'], '1054': ['1054'], '1039': ['1039', '1097', '1112', '1035', '1111'], '1098': ['1098'], '1099': ['1099'], '1100': ['1100'], '1030': ['1030'], '1046': ['1046'], '1069': ['1069', '1064', '1065', '1070', '1031'], '1047': ['1047'], '1042': ['1042'], '1086': ['1086'], '1089': ['1089'], '1043': ['1043'], '1121': ['1121'], '1122': ['1122'], '1123': ['1123'], '1124': ['1124'], '1036': ['1036', '1092', '1150', '1093', '1094', '1144', '1149', '1037', '1151'], '1044': ['1044'], '1087': ['1087'], '1088': ['1088'], '1090': ['1090'], '1142': ['1142'], '1141': ['1141'], '1091': ['1091'], '1143': ['1143'], '1045': ['1045'], '1115': ['1115', '1118', '1116', '1119', '1120'], '1062': ['1062'], '1077': ['1077'], '1117': ['1117'], '1152': ['1152'], '1075': ['1075'], '1076': ['1076'], '1073': ['1073'], '1078': ['1078'], '1074': ['1074'], '1140': ['1140'], '1133': ['1133']})"
76,"defaultdict(<class 'list'>, {'1040': ['1040'], '1080': ['1080', '1079', '1077', '1076', '1078'], '1081': ['1081'], '1095': ['1095'], '1082': ['1082'], '1084': ['1084'], '1096': ['1096', '1138', '1135', '1137', '1139'], '1136': ['1136'], '1041': ['1041', '1126', '1125', '1127', '1124'], '1128': ['1128', '1131', '1132', '1130', '1133'], '1129': ['1129'], '1032': ['1032', '1160', '1161', '1162', '1146'], '1052': ['1052'], '1063': ['1063'], '1051': ['1051', '1055', '1056', '1049', '1050'], '1057': ['1057'], '1060': ['1060'], '1071': ['1071'], '1147': ['1147'], '1148': ['1148'], '1158': ['1158'], '1053': ['1053', '1038', '1048', '1054', '1034'], '1066': ['1066'], '1061': ['1061'], '1072': ['1072'], '1157': ['1157'], '1159': ['1159'], '1033': ['1033', '1101', '1109', '1153', '1100'], '1102': ['1102', '1103', '1104', '1117', '1118'], '1105': ['1105', '1106', '1107', '1058', '1059'], '1113': ['1113'], '1154': ['1154', '1151', '1152'], '1155': ['1155'], '1108': ['1108'], '1110': ['1110'], '1114': ['1114'], '1156': ['1156'], '1068': ['1068'], '1039': ['1039', '1097', '1112', '1035', '1111'], '1098': ['1098'], '1099': ['1099'], '1067': ['1067'], '1030': ['1030'], '1046': ['1046'], '1069': ['1069'], '1064': ['1064'], '1065': ['1065'], '1047': ['1047'], '1070': ['1070'], '1031': ['1031'], '1042': ['1042'], '1083': ['1083'], '1085': ['1085'], '1086': ['1086', '1089', '1044', '1087', '1090'], '1043': ['1043'], '1121': ['1121'], '1122': ['1122'], '1123': ['1123'], '1036': ['1036'], '1092': ['1092'], '1150': ['1150'], '1093': ['1093', '1094', '1144', '1149', '1037'], '1145': ['1145'], '1088': ['1088', '1142', '1141', '1143'], '1091': ['1091'], '1045': ['1045'], '1115': ['1115'], '1062': ['1062'], '1075': ['1075'], '1073': ['1073'], '1074': ['1074'], '1116': ['1116'], '1140': ['1140'], '1119': ['1119'], '1120': ['1120'], '1134': ['1134']})"
76,"defaultdict(<class 'list'>, {'1040': ['1040', '1080', '1079', '1081', '1078', '1095', '1082', '1084', '1042', '1083', '1085', '1086'], '1096': ['1096', '1138', '1135', '1137', '1139'], '1136': ['1136'], '1041': ['1041'], '1126': ['1126', '1125', '1127', '1043', '1121', '1122', '1123', '1045', '1124'], '1128': ['1128'], '1129': ['1129'], '1131': ['1131'], '1032': ['1032'], '1052': ['1052', '1051', '1053', '1049', '1050'], '1063': ['1063'], '1160': ['1160'], '1055': ['1055'], '1057': ['1057', '1060', '1071', '1061', '1105', '1106', '1107', '1058', '1059'], '1147': ['1147'], '1148': ['1148'], '1158': ['1158'], '1161': ['1161'], '1066': ['1066'], '1056': ['1056', '1077', '1075', '1076', '1074'], '1072': ['1072'], '1157': ['1157'], '1159': ['1159'], '1162': ['1162'], '1033': ['1033'], '1101': ['1101'], '1109': ['1109'], '1153': ['1153'], '1102': ['1102'], '1103': ['1103'], '1113': ['1113', '1114', '1115'], '1154': ['1154'], '1155': ['1155'], '1108': ['1108'], '1110': ['1110'], '1104': ['1104'], '1156': ['1156'], '1038': ['1038', '1048', '1068', '1034', '1067'], '1054': ['1054'], '1039': ['1039', '1097', '1098', '1099', '1035'], '1112': ['1112'], '1100': ['1100'], '1111': ['1111'], '1030': ['1030', '1046', '1069', '1047', '1070'], '1064': ['1064'], '1065': ['1065'], '1031': ['1031'], '1089': ['1089'], '1036': ['1036'], '1092': ['1092'], '1150': ['1150'], '1093': ['1093'], '1094': ['1094'], '1145': ['1145'], '1151': ['1151'], '1144': ['1144'], '1149': ['1149'], '1037': ['1037'], '1044': ['1044'], '1087': ['1087'], '1088': ['1088'], '1090': ['1090'], '1142': ['1142'], '1141': ['1141'], '1091': ['1091'], '1143': ['1143'], '1062': ['1062'], '1117': ['1117', '1118', '1116', '1119', '1120'], '1146': ['1146'], '1152': ['1152'], '1073': ['1073'], '1140': ['1140'], '1132': ['1132'], '1130': ['1130'], '1134': ['1134'], '1133': ['1133']})"
76,"defaultdict(<class 'list'>, {'1040': ['1040'], '1080': ['1080', '1079', '1077', '1076', '1078'], '1081': ['1081', '1095', '1082', '1084', '1042', '1083', '1085', '1096'], '1136': ['1136'], '1138': ['1138'], '1041': ['1041', '1126', '1125', '1127', '1124', '1129', '1122', '1123', '1045'], '1128': ['1128', '1131', '1132', '1130', '1133'], '1032': ['1032', '1160', '1161', '1162', '1146', '1147', '1148', '1158', '1157', '1159', '1155', '1156'], '1052': ['1052'], '1063': ['1063'], '1051': ['1051', '1038', '1048', '1068', '1034', '1067', '1049', '1050'], '1055': ['1055'], '1057': ['1057'], '1060': ['1060'], '1071': ['1071'], '1053': ['1053'], '1066': ['1066', '1110', '1064', '1065', '1031'], '1056': ['1056'], '1061': ['1061', '1062', '1075', '1073', '1074'], '1072': ['1072'], '1033': ['1033'], '1101': ['1101'], '1109': ['1109'], '1153': ['1153'], '1102': ['1102', '1103', '1104', '1098', '1099'], '1105': ['1105'], '1106': ['1106'], '1113': ['1113'], '1154': ['1154'], '1108': ['1108'], '1107': ['1107'], '1114': ['1114', '1115', '1118', '1116', '1119'], '1054': ['1054'], '1039': ['1039'], '1097': ['1097'], '1112': ['1112'], '1100': ['1100'], '1035': ['1035'], '1111': ['1111'], '1030': ['1030'], '1046': ['1046'], '1069': ['1069'], '1058': ['1058'], '1059': ['1059'], '1047': ['1047'], '1070': ['1070'], '1086': ['1086'], '1089': ['1089'], '1043': ['1043'], '1121': ['1121'], '1036': ['1036'], '1092': ['1092'], '1150': ['1150'], '1093': ['1093'], '1094': ['1094'], '1145': ['1145'], '1151': ['1151'], '1144': ['1144'], '1149': ['1149'], '1037': ['1037'], '1044': ['1044'], '1087': ['1087'], '1088': ['1088'], '1090': ['1090'], '1142': ['1142'], '1141': ['1141'], '1091': ['1091'], '1143': ['1143'], '1117': ['1117'], '1152': ['1152'], '1135': ['1135'], '1137': ['1137'], '1140': ['1140'], '1139': ['1139'], '1120': ['1120'], '1134': ['1134']})"
77,"defaultdict(<class 'list'>, {'1040': ['1040'], '1080': ['1080'], '1079': ['1079'], '1081': ['1081'], '1095': ['1095'], '1082': ['1082'], '1084': ['1084'], '1096': ['1096', '1136', '1135', '1137', '1140'], '1138': ['1138'], '1041': ['1041', '1126', '1125', '1127', '1124'], '1128': ['1128'], '1129': ['1129'], '1131': ['1131'], '1032': ['1032', '1160', '1161', '1162', '1146'], '1052': ['1052', '1051', '1053', '1049', '1050'], '1063': ['1063'], '1055': ['1055'], '1057': ['1057'], '1060': ['1060'], '1071': ['1071'], '1147': ['1147'], '1148': ['1148', '1158', '1157', '1159', '1153', '1154', '1155', '1156', '1152'], '1066': ['1066'], '1056': ['1056'], '1061': ['1061'], '1072': ['1072', '1075', '1076', '1073', '1074'], '1033': ['1033'], '1101': ['1101'], '1109': ['1109'], '1102': ['1102'], '1103': ['1103'], '1105': ['1105'], '1106': ['1106'], '1113': ['1113'], '1108': ['1108'], '1110': ['1110'], '1104': ['1104'], '1107': ['1107'], '1114': ['1114'], '1038': ['1038', '1048', '1068', '1034', '1067'], '1054': ['1054'], '1039': ['1039', '1097', '1112', '1035', '1111', '1098', '1099', '1117', '1118'], '1100': ['1100'], '1030': ['1030'], '1046': ['1046'], '1069': ['1069', '1064', '1065', '1070', '1031'], '1058': ['1058'], '1059': ['1059'], '1047': ['1047'], '1042': ['1042'], '1083': ['1083'], '1085': ['1085'], '1086': ['1086', '1089', '1044', '1087', '1090'], '1043': ['1043'], '1121': ['1121'], '1122': ['1122'], '1123': ['1123'], '1036': ['1036'], '1092': ['1092'], '1150': ['1150'], '1093': ['1093', '1094', '1151', '1149', '1037'], '1145': ['1145'], '1144': ['1144'], '1088': ['1088', '1142', '1141', '1143', '1139'], '1091': ['1091'], '1045': ['1045'], '1115': ['1115'], '1062': ['1062'], '1077': ['1077'], '1078': ['1078'], '1116': ['1116'], '1119': ['1119'], '1120': ['1120'], '1132': ['1132'], '1130': ['1130'], '1134': ['1134'], '1133': ['1133']})"
77,"defaultdict(<class 'list'>, {'1040': ['1040'], '1080': ['1080', '1079', '1077', '1076', '1078'], '1081': ['1081', '1082', '1084', '1042', '1083'], '1095': ['1095'], '1096': ['1096', '1138', '1135', '1137', '1139'], '1136': ['1136'], '1041': ['1041', '1126', '1125', '1127', '1124', '1129', '1122', '1123', '1045'], '1128': ['1128'], '1131': ['1131'], '1032': ['1032', '1052', '1063', '1053', '1049'], '1160': ['1160'], '1051': ['1051', '1038', '1048', '1050', '1034'], '1055': ['1055'], '1057': ['1057'], '1060': ['1060'], '1071': ['1071'], '1147': ['1147'], '1148': ['1148', '1158', '1157', '1159', '1156'], '1161': ['1161'], '1066': ['1066'], '1056': ['1056'], '1061': ['1061'], '1072': ['1072'], '1162': ['1162'], '1033': ['1033', '1109', '1153', '1155', '1152'], '1101': ['1101'], '1102': ['1102'], '1103': ['1103'], '1105': ['1105', '1106', '1107', '1058', '1059'], '1113': ['1113'], '1154': ['1154'], '1108': ['1108'], '1110': ['1110'], '1104': ['1104'], '1114': ['1114'], '1054': ['1054'], '1068': ['1068'], '1039': ['1039', '1097', '1098', '1099', '1035', '1112', '1111', '1117', '1118'], '1100': ['1100'], '1067': ['1067'], '1030': ['1030'], '1046': ['1046'], '1069': ['1069', '1064', '1065', '1070', '1031'], '1047': ['1047'], '1085': ['1085'], '1086': ['1086', '1089', '1044', '1087', '1090'], '1043': ['1043'], '1121': ['1121'], '1036': ['1036'], '1092': ['1092'], '1150': ['1150'], '1093': ['1093'], '1094': ['1094'], '1145': ['1145'], '1151': ['1151'], '1144': ['1144'], '1149': ['1149'], '1037': ['1037'], '1088': ['1088'], '1142': ['1142'], '1141': ['1141'], '1091': ['1091'], '1143': ['1143'], '1115': ['1115'], '1062': ['1062'], '1146': ['1146'], '1075': ['1075'], '1073': ['1073'], '1074': ['1074'], '1116': ['1116'], '1140': ['1140'], '1119': ['1119'], '1120': ['1120'], '1132': ['1132'], '1130': ['1130'], '1134': ['1134'], '1133': ['1133']})"
77,"defaultdict(<class 'list'>, {'1040': ['1040'], '1080': ['1080'], '1079': ['1079'], '1081': ['1081'], '1095': ['1095'], '1082': ['1082', '1084', '1042', '1083', '1085'], '1096': ['1096', '1138', '1135', '1137', '1139'], '1136': ['1136'], '1041': ['1041'], '1126': ['1126', '1125', '1127', '1043', '1121', '1122', '1123', '1045', '1124'], '1128': ['1128', '1131', '1132', '1130', '1133'], '1129': ['1129'], '1032': ['1032', '1160', '1161', '1162', '1146'], '1052': ['1052', '1053', '1049', '1050', '1054'], '1063': ['1063'], '1051': ['1051'], '1055': ['1055'], '1057': ['1057'], '1060': ['1060'], '1071': ['1071'], '1147': ['1147'], '1148': ['1148'], '1158': ['1158'], '1066': ['1066'], '1056': ['1056'], '1061': ['1061'], '1072': ['1072'], '1157': ['1157'], '1159': ['1159'], '1033': ['1033'], '1101': ['1101'], '1109': ['1109', '1110', '1039', '1097', '1098', '1099', '1035', '1112', '1111'], '1153': ['1153'], '1102': ['1102'], '1103': ['1103'], '1105': ['1105', '1106', '1107', '1058', '1059'], '1113': ['1113'], '1154': ['1154'], '1155': ['1155'], '1108': ['1108'], '1104': ['1104'], '1114': ['1114'], '1156': ['1156'], '1038': ['1038', '1048', '1068', '1034', '1067'], '1100': ['1100'], '1030': ['1030'], '1046': ['1046'], '1069': ['1069'], '1064': ['1064'], '1065': ['1065'], '1047': ['1047'], '1070': ['1070'], '1031': ['1031'], '1086': ['1086', '1087', '1088', '1141', '1143'], '1089': ['1089'], '1036': ['1036'], '1092': ['1092'], '1150': ['1150'], '1093': ['1093', '1094', '1151', '1149', '1037'], '1145': ['1145'], '1144': ['1144'], '1044': ['1044'], '1090': ['1090'], '1142': ['1142'], '1091': ['1091'], '1115': ['1115'], '1062': ['1062'], '1077': ['1077'], '1117': ['1117', '1118', '1116', '1119', '1120'], '1152': ['1152'], '1075': ['1075'], '1076': ['1076'], '1073': ['1073'], '1078': ['1078'], '1074': ['1074'], '1140': ['1140'], '1134': ['1134']})"
77,"defaultdict(<class 'list'>, {'1040': ['1040', '1080', '1079', '1081', '1078', '1077', '1075', '1076', '1074'], '1095': ['1095'], '1082': ['1082'], '1084': ['1084'], '1096': ['1096', '1138', '1135', '1137', '1139'], '1136': ['1136'], '1041': ['1041'], '1126': ['1126'], '1125': ['1125'], '1127': ['1127'], '1128': ['1128', '1129', '1132', '1130', '1134'], '1131': ['1131'], '1032': ['1032'], '1052': ['1052'], '1063': ['1063'], '1160': ['1160'], '1051': ['1051'], '1055': ['1055'], '1057': ['1057', '1060', '1071', '1061', '1105', '1106', '1107', '1058', '1059'], '1147': ['1147', '1148', '1158', '1157', '1159'], '1161': ['1161'], '1053': ['1053'], '1066': ['1066'], '1056': ['1056'], '1072': ['1072'], '1162': ['1162'], '1033': ['1033', '1109', '1153', '1155', '1152'], '1101': ['1101', '1102', '1098', '1099', '1100'], '1103': ['1103'], '1113': ['1113'], '1154': ['1154'], '1108': ['1108'], '1110': ['1110'], '1104': ['1104'], '1114': ['1114'], '1156': ['1156'], '1038': ['1038', '1048', '1068', '1034', '1067'], '1049': ['1049'], '1050': ['1050'], '1054': ['1054'], '1039': ['1039', '1097', '1112', '1035', '1111'], '1030': ['1030'], '1046': ['1046'], '1069': ['1069'], '1064': ['1064'], '1065': ['1065'], '1047': ['1047'], '1070': ['1070'], '1031': ['1031'], '1042': ['1042'], '1083': ['1083'], '1085': ['1085'], '1086': ['1086'], '1089': ['1089'], '1043': ['1043'], '1121': ['1121'], '1122': ['1122'], '1123': ['1123'], '1124': ['1124'], '1036': ['1036', '1092', '1150', '1151', '1149'], '1093': ['1093'], '1094': ['1094'], '1145': ['1145'], '1144': ['1144'], '1037': ['1037'], '1044': ['1044'], '1087': ['1087'], '1088': ['1088', '1142', '1141', '1143', '1140'], '1090': ['1090'], '1091': ['1091'], '1045': ['1045'], '1115': ['1115'], '1062': ['1062'], '1117': ['1117', '1118', '1116', '1119', '1120'], '1146': ['1146'], '1073': ['1073'], '1133': ['1133']})"
77,"defaultdict(<class 'list'>, {'1040': ['1040', '1080', '1081', '1082', '1078', '1079', '1095', '1096', '1083'], '1084': ['1084'], '1136': ['1136'], '1138': ['1138'], '1041': ['1041', '1126', '1125', '1127', '1124'], '1128': ['1128'], '1129': ['1129'], '1131': ['1131'], '1032': ['1032'], '1052': ['1052', '1053', '1049', '1050', '1054'], '1063': ['1063'], '1160': ['1160'], '1051': ['1051'], '1055': ['1055'], '1057': ['1057', '1060', '1071', '1061', '1072'], '1147': ['1147'], '1148': ['1148'], '1158': ['1158'], '1161': ['1161'], '1066': ['1066', '1038', '1048', '1068', '1034', '1067', '1064', '1065', '1031'], '1056': ['1056', '1077', '1075', '1076', '1074'], '1157': ['1157'], '1159': ['1159'], '1162': ['1162'], '1033': ['1033'], '1101': ['1101', '1102', '1098', '1099', '1100'], '1109': ['1109'], '1153': ['1153', '1154', '1155', '1156', '1152'], '1103': ['1103'], '1105': ['1105', '1106', '1107', '1058', '1059'], '1113': ['1113'], '1108': ['1108'], '1110': ['1110'], '1104': ['1104'], '1114': ['1114', '1115', '1118', '1116', '1119'], '1039': ['1039'], '1097': ['1097'], '1112': ['1112'], '1035': ['1035'], '1111': ['1111'], '1030': ['1030'], '1046': ['1046'], '1069': ['1069'], '1047': ['1047'], '1070': ['1070'], '1042': ['1042'], '1085': ['1085'], '1086': ['1086', '1089', '1044', '1087', '1090'], '1043': ['1043'], '1121': ['1121'], '1122': ['1122'], '1123': ['1123'], '1036': ['1036'], '1092': ['1092'], '1150': ['1150'], '1093': ['1093', '1094', '1151', '1149', '1037'], '1145': ['1145'], '1144': ['1144'], '1088': ['1088'], '1142': ['1142'], '1141': ['1141'], '1091': ['1091'], '1143': ['1143'], '1045': ['1045'], '1062': ['1062'], '1117': ['1117'], '1146': ['1146'], '1073': ['1073'], '1135': ['1135'], '1137': ['1137'], '1140': ['1140'], '1139': ['1139'], '1120': ['1120'], '1132': ['1132'], '1130': ['1130'], '1134': ['1134'], '1133': ['1133']})"
77,"defaultdict(<class 'list'>, {'1040': ['1040'], '1080': ['1080'], '1079': ['1079'], '1081': ['1081'], '1095': ['1095'], '1082': ['1082', '1084', '1042', '1083', '1085'], '1096': ['1096', '1138', '1135', '1137', '1139'], '1136': ['1136'], '1041': ['1041', '1126', '1125', '1127', '1124'], '1128': ['1128', '1131', '1132', '1130', '1133'], '1129': ['1129'], '1032': ['1032', '1160', '1161', '1162', '1146'], '1052': ['1052'], '1063': ['1063', '1057', '1060', '1071', '1061'], '1051': ['1051'], '1055': ['1055'], '1147': ['1147'], '1148': ['1148'], '1158': ['1158'], '1053': ['1053'], '1066': ['1066', '1038', '1048', '1068', '1034', '1067', '1064', '1065', '1031'], '1056': ['1056'], '1072': ['1072'], '1157': ['1157'], '1159': ['1159'], '1033': ['1033'], '1101': ['1101', '1102', '1098', '1099', '1100', '1103', '1039', '1097', '1035'], '1109': ['1109'], '1153': ['1153', '1154', '1155', '1151', '1152'], '1105': ['1105'], '1106': ['1106'], '1113': ['1113'], '1108': ['1108'], '1110': ['1110'], '1104': ['1104', '1030', '1046', '1047', '1117'], '1107': ['1107'], '1114': ['1114'], '1156': ['1156'], '1049': ['1049'], '1050': ['1050'], '1054': ['1054'], '1112': ['1112'], '1111': ['1111'], '1069': ['1069'], '1058': ['1058'], '1059': ['1059'], '1070': ['1070'], '1086': ['1086', '1087', '1088', '1141', '1143'], '1089': ['1089'], '1043': ['1043'], '1121': ['1121'], '1122': ['1122'], '1123': ['1123'], '1036': ['1036'], '1092': ['1092'], '1150': ['1150'], '1093': ['1093'], '1094': ['1094'], '1145': ['1145'], '1144': ['1144'], '1149': ['1149'], '1037': ['1037'], '1044': ['1044'], '1090': ['1090'], '1142': ['1142'], '1091': ['1091'], '1045': ['1045'], '1115': ['1115'], '1062': ['1062'], '1077': ['1077', '1075', '1076', '1073', '1074'], '1118': ['1118'], '1078': ['1078'], '1116': ['1116'], '1140': ['1140'], '1119': ['1119'], '1120': ['1120'], '1134': ['1134']})"
77,"defaultdict(<class 'list'>, {'1040': ['1040', '1080', '1081', '1082', '1078'], '1079': ['1079'], '1095': ['1095'], '1084': ['1084'], '1096': ['1096'], '1136': ['1136'], '1138': ['1138', '1134'], '1041': ['1041', '1126', '1125', '1127', '1124'], '1128': ['1128', '1131', '1132', '1130', '1133'], '1129': ['1129'], '1032': ['1032'], '1052': ['1052'], '1063': ['1063'], '1160': ['1160'], '1051': ['1051'], '1055': ['1055'], '1057': ['1057', '1060', '1061', '1058', '1059'], '1071': ['1071'], '1147': ['1147', '1145', '1144', '1146'], '1148': ['1148'], '1158': ['1158'], '1161': ['1161'], '1053': ['1053'], '1066': ['1066', '1038', '1048', '1068', '1067'], '1056': ['1056', '1077', '1075', '1076', '1074'], '1072': ['1072'], '1157': ['1157'], '1159': ['1159'], '1162': ['1162'], '1033': ['1033'], '1101': ['1101'], '1109': ['1109'], '1153': ['1153', '1154', '1155', '1156', '1152'], '1102': ['1102', '1103', '1104', '1117', '1118'], '1105': ['1105'], '1106': ['1106'], '1113': ['1113'], '1108': ['1108'], '1110': ['1110'], '1107': ['1107'], '1114': ['1114', '1030', '1046', '1069', '1064', '1065', '1070', '1031', '1047'], '1049': ['1049'], '1050': ['1050'], '1054': ['1054'], '1039': ['1039'], '1097': ['1097'], '1098': ['1098'], '1099': ['1099'], '1112': ['1112'], '1100': ['1100'], '1034': ['1034'], '1035': ['1035'], '1111': ['1111'], '1042': ['1042'], '1083': ['1083'], '1085': ['1085'], '1086': ['1086', '1089', '1087', '1090', '1091'], '1043': ['1043'], '1121': ['1121'], '1122': ['1122'], '1123': ['1123'], '1036': ['1036'], '1092': ['1092'], '1150': ['1150'], '1093': ['1093', '1094', '1151', '1149', '1037'], '1044': ['1044'], '1088': ['1088', '1142', '1141', '1143', '1139'], '1045': ['1045'], '1115': ['1115'], '1062': ['1062'], '1073': ['1073'], '1116': ['1116'], '1135': ['1135'], '1137': ['1137'], '1140': ['1140'], '1119': ['1119'], '1120': ['1120']})"
77,"defaultdict(<class 'list'>, {'1040': ['1040', '1080', '1081', '1082', '1078'], '1079': ['1079', '1077', '1075', '1076', '1074'], '1095': ['1095'], '1084': ['1084', '1042', '1085', '1086', '1089', '1044', '1087', '1090', '1091'], '1096': ['1096', '1138', '1135', '1137', '1139'], '1136': ['1136'], '1041': ['1041'], '1126': ['1126'], '1125': ['1125'], '1127': ['1127'], '1128': ['1128', '1131', '1132', '1130', '1133'], '1129': ['1129'], '1032': ['1032', '1160', '1161', '1162', '1146'], '1052': ['1052', '1053', '1049', '1050', '1054'], '1063': ['1063'], '1051': ['1051'], '1055': ['1055'], '1057': ['1057'], '1060': ['1060'], '1071': ['1071'], '1147': ['1147'], '1148': ['1148'], '1158': ['1158'], '1066': ['1066', '1067', '1064', '1065', '1031'], '1056': ['1056'], '1061': ['1061'], '1072': ['1072'], '1157': ['1157'], '1159': ['1159'], '1033': ['1033', '1153', '1154', '1155', '1152'], '1101': ['1101'], '1109': ['1109'], '1102': ['1102'], '1103': ['1103'], '1105': ['1105'], '1106': ['1106'], '1113': ['1113'], '1108': ['1108'], '1110': ['1110'], '1104': ['1104'], '1107': ['1107'], '1114': ['1114', '1115', '1118', '1116', '1119'], '1156': ['1156'], '1038': ['1038'], '1048': ['1048'], '1068': ['1068'], '1039': ['1039', '1097', '1098', '1099', '1035'], '1112': ['1112'], '1100': ['1100'], '1034': ['1034'], '1111': ['1111'], '1030': ['1030'], '1046': ['1046'], '1069': ['1069'], '1058': ['1058'], '1059': ['1059'], '1047': ['1047'], '1070': ['1070'], '1083': ['1083'], '1043': ['1043', '1121', '1122', '1123', '1045'], '1124': ['1124'], '1036': ['1036'], '1092': ['1092'], '1150': ['1150'], '1093': ['1093', '1094', '1151', '1149', '1037'], '1145': ['1145'], '1144': ['1144'], '1088': ['1088'], '1142': ['1142'], '1141': ['1141'], '1143': ['1143'], '1062': ['1062'], '1117': ['1117'], '1073': ['1073'], '1140': ['1140'], '1120': ['1120'], '1134': ['1134']})"
77,"defaultdict(<class 'list'>, {'1040': ['1040'], '1080': ['1080'], '1079': ['1079'], '1081': ['1081'], '1095': ['1095'], '1082': ['1082'], '1084': ['1084'], '1096': ['1096', '1138', '1135', '1137', '1139'], '1136': ['1136'], '1041': ['1041'], '1126': ['1126'], '1125': ['1125'], '1127': ['1127'], '1128': ['1128', '1131', '1132', '1130', '1133', '1129', '1120', '1134'], '1032': ['1032', '1052', '1053', '1038', '1048', '1054', '1034', '1049', '1050', '1068'], '1063': ['1063'], '1160': ['1160', '1147', '1161', '1162', '1146'], '1051': ['1051', '1055', '1056', '1046', '1047'], '1057': ['1057'], '1060': ['1060'], '1071': ['1071'], '1148': ['1148', '1158', '1157', '1159', '1156'], '1066': ['1066', '1067', '1064', '1065', '1031'], '1061': ['1061', '1062', '1075', '1073', '1074'], '1072': ['1072'], '1033': ['1033', '1153', '1154', '1155', '1152'], '1101': ['1101'], '1109': ['1109'], '1102': ['1102'], '1103': ['1103'], '1105': ['1105'], '1106': ['1106'], '1113': ['1113'], '1108': ['1108'], '1110': ['1110'], '1104': ['1104'], '1107': ['1107'], '1114': ['1114'], '1039': ['1039', '1097', '1098', '1099', '1035'], '1112': ['1112'], '1100': ['1100'], '1111': ['1111'], '1030': ['1030'], '1069': ['1069'], '1058': ['1058'], '1059': ['1059'], '1070': ['1070'], '1042': ['1042'], '1083': ['1083'], '1085': ['1085'], '1086': ['1086', '1089', '1044', '1087', '1090'], '1043': ['1043', '1121', '1122', '1123', '1045'], '1124': ['1124'], '1036': ['1036'], '1092': ['1092'], '1150': ['1150'], '1093': ['1093'], '1094': ['1094'], '1145': ['1145'], '1151': ['1151'], '1144': ['1144'], '1149': ['1149'], '1037': ['1037'], '1088': ['1088'], '1142': ['1142'], '1141': ['1141'], '1091': ['1091'], '1143': ['1143'], '1115': ['1115'], '1077': ['1077'], '1117': ['1117'], '1076': ['1076'], '1118': ['1118'], '1078': ['1078'], '1116': ['1116'], '1140': ['1140'], '1119': ['1119']})"
77,"defaultdict(<class 'list'>, {'1040': ['1040', '1080', '1081', '1082', '1078'], '1079': ['1079'], '1095': ['1095'], '1084': ['1084'], '1096': ['1096', '1138', '1135', '1137', '1139'], '1136': ['1136'], '1041': ['1041'], '1126': ['1126'], '1125': ['1125'], '1127': ['1127'], '1128': ['1128'], '1129': ['1129'], '1131': ['1131'], '1032': ['1032'], '1052': ['1052'], '1063': ['1063'], '1160': ['1160', '1147', '1161', '1145', '1146'], '1051': ['1051'], '1055': ['1055'], '1057': ['1057', '1060', '1061', '1105', '1106', '1107', '1058', '1059', '1113'], '1071': ['1071'], '1148': ['1148', '1158', '1157', '1159', '1156'], '1053': ['1053'], '1066': ['1066'], '1056': ['1056', '1077', '1075', '1076', '1074'], '1072': ['1072'], '1162': ['1162'], '1033': ['1033', '1153', '1154', '1155', '1152'], '1101': ['1101', '1102', '1098', '1099', '1100'], '1109': ['1109'], '1103': ['1103'], '1108': ['1108'], '1110': ['1110', '1111', '1064', '1065', '1031'], '1104': ['1104'], '1114': ['1114'], '1038': ['1038'], '1048': ['1048'], '1049': ['1049'], '1050': ['1050'], '1054': ['1054'], '1068': ['1068'], '1039': ['1039'], '1097': ['1097'], '1112': ['1112'], '1034': ['1034'], '1067': ['1067'], '1035': ['1035'], '1030': ['1030'], '1046': ['1046'], '1069': ['1069'], '1047': ['1047'], '1070': ['1070'], '1042': ['1042'], '1083': ['1083'], '1085': ['1085'], '1086': ['1086', '1089', '1044', '1087', '1090'], '1043': ['1043', '1121', '1122', '1123', '1045'], '1124': ['1124'], '1036': ['1036'], '1092': ['1092'], '1150': ['1150'], '1093': ['1093', '1094', '1151', '1149', '1037'], '1144': ['1144'], '1088': ['1088', '1142', '1141', '1143', '1140'], '1091': ['1091'], '1115': ['1115'], '1062': ['1062'], '1117': ['1117'], '1118': ['1118'], '1073': ['1073'], '1116': ['1116'], '1119': ['1119'], '1120': ['1120'], '1132': ['1132'], '1130': ['1130'], '1134': ['1134'], '1133': ['1133']})"
77,"defaultdict(<class 'list'>, {'1040': ['1040'], '1080': ['1080'], '1079': ['1079'], '1081': ['1081'], '1095': ['1095'], '1082': ['1082'], '1084': ['1084'], '1096': ['1096'], '1136': ['1136'], '1138': ['1138'], '1041': ['1041'], '1126': ['1126'], '1125': ['1125'], '1127': ['1127'], '1128': ['1128'], '1129': ['1129'], '1131': ['1131'], '1032': ['1032', '1160', '1161', '1162', '1146', '1147', '1148', '1158', '1156'], '1052': ['1052'], '1063': ['1063'], '1051': ['1051'], '1055': ['1055'], '1057': ['1057'], '1060': ['1060'], '1071': ['1071'], '1053': ['1053'], '1066': ['1066'], '1056': ['1056'], '1061': ['1061'], '1072': ['1072'], '1157': ['1157'], '1159': ['1159'], '1033': ['1033', '1153', '1154', '1155', '1152'], '1101': ['1101', '1102', '1098', '1099', '1100'], '1109': ['1109'], '1103': ['1103'], '1105': ['1105', '1106', '1107', '1058', '1059'], '1113': ['1113'], '1108': ['1108'], '1110': ['1110'], '1104': ['1104'], '1114': ['1114'], '1038': ['1038', '1048', '1068', '1034', '1067'], '1049': ['1049'], '1050': ['1050'], '1054': ['1054'], '1039': ['1039', '1097', '1112', '1035', '1111'], '1030': ['1030'], '1046': ['1046'], '1069': ['1069', '1064', '1065', '1070', '1031'], '1047': ['1047'], '1042': ['1042'], '1083': ['1083'], '1085': ['1085'], '1086': ['1086', '1089', '1044', '1087', '1090'], '1043': ['1043', '1121', '1122', '1123', '1045'], '1124': ['1124'], '1036': ['1036', '1092', '1150', '1093', '1094', '1151', '1149', '1037', '1144'], '1145': ['1145'], '1088': ['1088', '1142', '1141', '1143', '1140'], '1091': ['1091'], '1115': ['1115'], '1062': ['1062'], '1077': ['1077'], '1117': ['1117', '1118', '1116', '1119', '1120'], '1075': ['1075'], '1076': ['1076'], '1073': ['1073'], '1078': ['1078'], '1074': ['1074'], '1135': ['1135'], '1137': ['1137'], '1139': ['1139'], '1132': ['1132'], '1130': ['1130'], '1134': ['1134'], '1133': ['1133']})"
77,"defaultdict(<class 'list'>, {'1040': ['1040', '1080', '1079', '1081', '1078', '1095', '1082', '1084', '1042', '1083', '1085', '1096'], '1136': ['1136'], '1138': ['1138'], '1041': ['1041'], '1126': ['1126'], '1125': ['1125'], '1127': ['1127'], '1128': ['1128'], '1129': ['1129'], '1131': ['1131'], '1032': ['1032', '1160', '1161', '1162', '1146'], '1052': ['1052', '1053'], '1063': ['1063'], '1051': ['1051', '1055', '1056', '1049', '1050'], '1057': ['1057'], '1060': ['1060'], '1071': ['1071'], '1147': ['1147'], '1148': ['1148', '1158', '1157', '1159', '1156'], '1066': ['1066'], '1061': ['1061'], '1072': ['1072'], '1033': ['1033', '1153', '1154', '1155', '1152'], '1101': ['1101', '1102', '1098', '1099', '1100'], '1109': ['1109'], '1103': ['1103'], '1105': ['1105'], '1106': ['1106'], '1113': ['1113'], '1108': ['1108'], '1110': ['1110'], '1104': ['1104'], '1107': ['1107'], '1114': ['1114', '1030', '1046', '1069', '1064', '1065', '1070', '1031', '1047'], '1038': ['1038', '1048', '1068', '1034', '1067'], '1054': ['1054'], '1039': ['1039'], '1097': ['1097'], '1112': ['1112'], '1035': ['1035'], '1111': ['1111'], '1058': ['1058'], '1059': ['1059'], '1086': ['1086'], '1089': ['1089'], '1043': ['1043'], '1121': ['1121'], '1122': ['1122'], '1123': ['1123'], '1124': ['1124'], '1036': ['1036'], '1092': ['1092'], '1150': ['1150'], '1093': ['1093', '1094', '1151', '1149', '1037'], '1145': ['1145'], '1144': ['1144'], '1044': ['1044'], '1087': ['1087'], '1088': ['1088', '1142', '1141', '1143', '1140'], '1090': ['1090'], '1091': ['1091'], '1045': ['1045'], '1115': ['1115'], '1062': ['1062'], '1077': ['1077', '1075', '1076', '1073', '1074'], '1117': ['1117'], '1118': ['1118'], '1116': ['1116'], '1135': ['1135'], '1137': ['1137'], '1139': ['1139'], '1119': ['1119'], '1120': ['1120'], '1132': ['1132'], '1130': ['1130'], '1134': ['1134'], '1133': ['1133']})"
77,"defaultdict(<class 'list'>, {'1040': ['1040'], '1080': ['1080', '1079', '1077', '1076', '1078'], '1081': ['1081'], '1095': ['1095'], '1082': ['1082', '1084', '1042', '1083', '1085'], '1096': ['1096', '1138', '1135', '1137', '1139'], '1136': ['1136'], '1041': ['1041'], '1126': ['1126'], '1125': ['1125'], '1127': ['1127'], '1128': ['1128', '1131', '1132', '1130', '1133'], '1129': ['1129'], '1032': ['1032'], '1052': ['1052', '1053', '1049', '1050', '1054'], '1063': ['1063'], '1160': ['1160'], '1051': ['1051'], '1055': ['1055'], '1057': ['1057', '1060', '1061', '1105', '1106', '1107', '1058', '1059', '1113'], '1071': ['1071'], '1147': ['1147'], '1148': ['1148'], '1158': ['1158', '1157', '1159', '1033', '1153', '1154', '1155', '1152', '1156'], '1161': ['1161'], '1066': ['1066'], '1056': ['1056', '1104', '1030', '1046', '1047'], '1072': ['1072'], '1162': ['1162'], '1101': ['1101', '1102', '1098', '1099', '1100'], '1109': ['1109'], '1103': ['1103'], '1108': ['1108'], '1110': ['1110'], '1114': ['1114'], '1038': ['1038'], '1048': ['1048'], '1068': ['1068'], '1039': ['1039', '1097', '1112', '1035', '1111'], '1034': ['1034'], '1067': ['1067'], '1069': ['1069'], '1064': ['1064'], '1065': ['1065'], '1070': ['1070'], '1031': ['1031'], '1086': ['1086'], '1089': ['1089'], '1043': ['1043'], '1121': ['1121'], '1122': ['1122'], '1123': ['1123'], '1124': ['1124'], '1036': ['1036'], '1092': ['1092', '1150', '1093', '1094', '1151', '1149', '1037', '1145', '1144'], '1044': ['1044'], '1087': ['1087'], '1088': ['1088'], '1090': ['1090'], '1142': ['1142'], '1141': ['1141'], '1091': ['1091'], '1143': ['1143'], '1045': ['1045'], '1115': ['1115'], '1062': ['1062'], '1117': ['1117'], '1146': ['1146'], '1075': ['1075'], '1118': ['1118'], '1073': ['1073'], '1074': ['1074'], '1116': ['1116'], '1140': ['1140'], '1119': ['1119'], '1120': ['1120'], '1134': ['1134']})"
77,"defaultdict(<class 'list'>, {'1040': ['1040', '1080', '1079', '1081', '1078'], '1095': ['1095'], '1082': ['1082'], '1084': ['1084', '1042', '1085', '1086', '1089', '1044', '1087', '1090', '1091'], '1096': ['1096', '1138', '1135', '1137', '1139'], '1136': ['1136'], '1041': ['1041'], '1126': ['1126'], '1125': ['1125'], '1127': ['1127'], '1128': ['1128'], '1129': ['1129'], '1131': ['1131'], '1032': ['1032', '1052', '1063', '1053', '1049'], '1160': ['1160'], '1051': ['1051'], '1055': ['1055'], '1057': ['1057'], '1060': ['1060'], '1071': ['1071'], '1147': ['1147', '1148', '1158', '1157', '1159'], '1161': ['1161'], '1066': ['1066'], '1056': ['1056'], '1061': ['1061'], '1072': ['1072'], '1162': ['1162'], '1033': ['1033'], '1101': ['1101'], '1109': ['1109'], '1153': ['1153', '1154', '1155', '1156', '1152'], '1102': ['1102'], '1103': ['1103'], '1105': ['1105', '1106', '1113', '1107', '1114'], '1108': ['1108'], '1110': ['1110'], '1104': ['1104'], '1038': ['1038', '1048', '1068', '1034', '1067'], '1050': ['1050'], '1054': ['1054'], '1039': ['1039'], '1097': ['1097'], '1098': ['1098'], '1099': ['1099'], '1112': ['1112'], '1100': ['1100'], '1035': ['1035'], '1111': ['1111'], '1030': ['1030'], '1046': ['1046'], '1069': ['1069', '1064', '1065', '1070', '1031'], '1058': ['1058'], '1059': ['1059'], '1047': ['1047'], '1083': ['1083'], '1043': ['1043', '1121', '1122', '1123', '1045'], '1124': ['1124'], '1036': ['1036'], '1092': ['1092'], '1150': ['1150'], '1093': ['1093', '1094', '1144', '1149', '1037'], '1145': ['1145'], '1151': ['1151'], '1088': ['1088', '1142', '1141', '1143', '1140'], '1115': ['1115'], '1062': ['1062'], '1077': ['1077'], '1117': ['1117', '1118', '1116', '1119', '1120'], '1146': ['1146'], '1075': ['1075'], '1076': ['1076'], '1073': ['1073'], '1074': ['1074'], '1132': ['1132'], '1130': ['1130'], '1134': ['1134'], '1133': ['1133']})"
77,"defaultdict(<class 'list'>, {'1040': ['1040', '1080', '1079', '1081', '1078', '1095', '1082', '1096', '1083'], '1084': ['1084', '1042', '1085', '1086', '1087'], '1136': ['1136'], '1138': ['1138'], '1041': ['1041'], '1126': ['1126'], '1125': ['1125'], '1127': ['1127'], '1128': ['1128'], '1129': ['1129'], '1131': ['1131'], '1032': ['1032', '1052', '1063', '1053', '1049', '1160', '1161', '1162', '1146'], '1051': ['1051', '1038', '1048', '1050', '1034'], '1055': ['1055'], '1057': ['1057', '1060', '1071', '1061', '1072'], '1147': ['1147'], '1148': ['1148', '1158', '1157', '1159', '1156', '1153', '1154', '1155', '1152'], '1066': ['1066'], '1056': ['1056'], '1033': ['1033', '1109', '1113', '1110', '1111'], '1101': ['1101'], '1102': ['1102'], '1103': ['1103'], '1105': ['1105', '1106', '1107', '1058', '1059'], '1108': ['1108'], '1104': ['1104'], '1114': ['1114'], '1054': ['1054'], '1068': ['1068'], '1039': ['1039', '1097', '1098', '1099', '1035'], '1112': ['1112'], '1100': ['1100'], '1067': ['1067'], '1030': ['1030'], '1046': ['1046'], '1069': ['1069'], '1064': ['1064'], '1065': ['1065'], '1047': ['1047'], '1070': ['1070'], '1031': ['1031'], '1089': ['1089'], '1043': ['1043'], '1121': ['1121'], '1122': ['1122'], '1123': ['1123'], '1124': ['1124'], '1036': ['1036'], '1092': ['1092'], '1150': ['1150'], '1093': ['1093'], '1094': ['1094'], '1145': ['1145'], '1151': ['1151'], '1144': ['1144'], '1149': ['1149'], '1037': ['1037'], '1044': ['1044'], '1088': ['1088', '1142', '1141', '1143', '1140'], '1090': ['1090'], '1091': ['1091'], '1045': ['1045'], '1115': ['1115'], '1062': ['1062'], '1077': ['1077', '1075', '1076', '1073', '1074'], '1117': ['1117'], '1118': ['1118'], '1116': ['1116'], '1135': ['1135'], '1137': ['1137'], '1139': ['1139'], '1119': ['1119'], '1120': ['1120'], '1132': ['1132'], '1130': ['1130'], '1134': ['1134'], '1133': ['1133']})"
77,"defaultdict(<class 'list'>, {'1040': ['1040'], '1080': ['1080', '1079', '1077', '1076', '1078'], '1081': ['1081'], '1095': ['1095'], '1082': ['1082', '1084', '1042', '1083', '1085'], '1096': ['1096', '1138', '1135', '1137', '1139'], '1136': ['1136'], '1041': ['1041'], '1126': ['1126'], '1125': ['1125'], '1127': ['1127'], '1128': ['1128', '1129', '1132', '1130', '1134'], '1131': ['1131'], '1032': ['1032', '1052', '1063', '1053', '1049', '1051', '1055', '1050', '1054'], '1160': ['1160'], '1057': ['1057'], '1060': ['1060'], '1071': ['1071'], '1147': ['1147'], '1148': ['1148', '1158', '1157', '1159', '1156'], '1161': ['1161'], '1066': ['1066'], '1056': ['1056'], '1061': ['1061', '1062', '1075', '1073', '1074'], '1072': ['1072'], '1162': ['1162'], '1033': ['1033'], '1101': ['1101'], '1109': ['1109'], '1153': ['1153'], '1102': ['1102'], '1103': ['1103'], '1105': ['1105', '1106', '1107', '1058', '1059'], '1113': ['1113'], '1154': ['1154'], '1155': ['1155'], '1108': ['1108'], '1110': ['1110', '1111', '1064', '1065', '1031'], '1104': ['1104'], '1114': ['1114'], '1038': ['1038', '1048', '1068', '1034', '1067'], '1039': ['1039'], '1097': ['1097'], '1098': ['1098'], '1099': ['1099'], '1112': ['1112'], '1100': ['1100'], '1035': ['1035'], '1030': ['1030', '1046', '1069', '1047', '1070'], '1086': ['1086', '1089', '1044', '1087', '1090'], '1043': ['1043'], '1121': ['1121'], '1122': ['1122'], '1123': ['1123'], '1124': ['1124'], '1036': ['1036'], '1092': ['1092'], '1150': ['1150'], '1093': ['1093', '1094', '1151', '1149', '1037'], '1145': ['1145'], '1144': ['1144'], '1088': ['1088'], '1142': ['1142'], '1141': ['1141'], '1091': ['1091'], '1143': ['1143'], '1045': ['1045'], '1115': ['1115'], '1117': ['1117'], '1146': ['1146'], '1152': ['1152'], '1118': ['1118'], '1116': ['1116'], '1140': ['1140'], '1119': ['1119'], '1120': ['1120'], '1133': ['1133']})"
77,"defaultdict(<class 'list'>, {'1040': ['1040', '1080', '1081', '1095', '1082', '1084', '1042', '1083', '1085'], '1079': ['1079'], '1096': ['1096', '1138', '1135', '1137', '1139'], '1136': ['1136'], '1041': ['1041'], '1126': ['1126'], '1125': ['1125'], '1127': ['1127'], '1128': ['1128', '1129', '1132', '1130', '1134'], '1131': ['1131'], '1032': ['1032', '1052', '1051', '1053', '1049', '1050', '1063', '1055', '1054'], '1160': ['1160'], '1057': ['1057', '1060', '1061', '1058', '1059'], '1071': ['1071'], '1147': ['1147'], '1148': ['1148', '1158', '1157', '1159', '1156', '1153', '1154', '1155', '1152'], '1161': ['1161'], '1066': ['1066'], '1056': ['1056'], '1072': ['1072', '1075', '1076', '1073', '1074'], '1162': ['1162'], '1033': ['1033'], '1101': ['1101'], '1109': ['1109'], '1102': ['1102'], '1103': ['1103'], '1105': ['1105'], '1106': ['1106'], '1113': ['1113'], '1108': ['1108'], '1110': ['1110'], '1104': ['1104'], '1107': ['1107'], '1114': ['1114'], '1038': ['1038', '1048', '1068', '1034', '1067'], '1039': ['1039'], '1097': ['1097'], '1098': ['1098'], '1099': ['1099'], '1112': ['1112'], '1100': ['1100'], '1035': ['1035'], '1111': ['1111'], '1030': ['1030'], '1046': ['1046'], '1069': ['1069'], '1064': ['1064'], '1065': ['1065'], '1047': ['1047'], '1070': ['1070'], '1031': ['1031'], '1086': ['1086', '1089', '1044', '1087', '1090'], '1043': ['1043', '1121', '1122', '1123', '1045'], '1124': ['1124'], '1036': ['1036'], '1092': ['1092'], '1150': ['1150'], '1093': ['1093'], '1094': ['1094'], '1145': ['1145'], '1151': ['1151'], '1144': ['1144'], '1149': ['1149'], '1037': ['1037'], '1088': ['1088'], '1142': ['1142'], '1141': ['1141'], '1091': ['1091'], '1143': ['1143'], '1115': ['1115'], '1062': ['1062'], '1077': ['1077'], '1117': ['1117', '1118', '1116', '1119', '1120'], '1146': ['1146'], '1078': ['1078'], '1140': ['1140'], '1133': ['1133']})"
77,"defaultdict(<class 'list'>, {'1040': ['1040', '1080', '1081', '1095', '1082', '1084', '1042', '1083', '1085'], '1079': ['1079', '1077', '1075', '1076', '1074'], '1096': ['1096', '1138', '1135', '1137', '1139'], '1136': ['1136'], '1041': ['1041'], '1126': ['1126', '1125', '1127', '1043', '1121', '1122', '1123', '1045', '1124'], '1128': ['1128'], '1129': ['1129'], '1131': ['1131'], '1032': ['1032', '1160', '1161', '1162', '1146'], '1052': ['1052'], '1063': ['1063'], '1051': ['1051', '1055', '1056', '1049', '1050'], '1057': ['1057', '1060', '1061', '1105', '1106', '1107', '1058', '1059', '1062'], '1071': ['1071'], '1147': ['1147'], '1148': ['1148', '1158', '1157', '1159', '1156'], '1053': ['1053'], '1066': ['1066'], '1072': ['1072'], '1033': ['1033', '1153', '1154', '1155', '1152'], '1101': ['1101'], '1109': ['1109'], '1102': ['1102'], '1103': ['1103'], '1113': ['1113'], '1108': ['1108'], '1110': ['1110'], '1104': ['1104'], '1114': ['1114'], '1038': ['1038', '1048', '1068', '1034', '1067'], '1054': ['1054'], '1039': ['1039'], '1097': ['1097'], '1098': ['1098'], '1099': ['1099'], '1112': ['1112'], '1100': ['1100'], '1035': ['1035'], '1111': ['1111'], '1030': ['1030'], '1046': ['1046'], '1069': ['1069'], '1064': ['1064'], '1065': ['1065'], '1047': ['1047'], '1070': ['1070'], '1031': ['1031'], '1086': ['1086', '1087', '1088', '1141', '1143'], '1089': ['1089'], '1036': ['1036'], '1092': ['1092'], '1150': ['1150'], '1093': ['1093'], '1094': ['1094'], '1145': ['1145'], '1151': ['1151'], '1144': ['1144'], '1149': ['1149'], '1037': ['1037'], '1044': ['1044'], '1090': ['1090'], '1142': ['1142'], '1091': ['1091'], '1115': ['1115'], '1117': ['1117'], '1118': ['1118'], '1073': ['1073'], '1078': ['1078'], '1116': ['1116'], '1140': ['1140'], '1119': ['1119'], '1120': ['1120'], '1132': ['1132'], '1130': ['1130'], '1134': ['1134'], '1133': ['1133']})"
77,"defaultdict(<class 'list'>, {'1040': ['1040', '1080', '1079', '1081', '1078'], '1095': ['1095', '1082', '1084', '1083', '1085'], '1096': ['1096', '1138', '1135', '1137', '1139'], '1136': ['1136'], '1041': ['1041'], '1126': ['1126'], '1125': ['1125'], '1127': ['1127'], '1128': ['1128', '1129', '1132', '1130', '1134'], '1131': ['1131'], '1032': ['1032'], '1052': ['1052', '1053', '1049', '1050', '1054'], '1063': ['1063'], '1160': ['1160'], '1051': ['1051'], '1055': ['1055'], '1057': ['1057', '1060', '1061', '1058', '1059'], '1071': ['1071'], '1147': ['1147'], '1148': ['1148', '1158', '1157', '1159', '1156'], '1161': ['1161'], '1066': ['1066'], '1056': ['1056'], '1072': ['1072', '1075', '1076', '1073', '1074'], '1162': ['1162'], '1033': ['1033', '1101', '1109', '1153', '1100'], '1102': ['1102'], '1103': ['1103'], '1105': ['1105'], '1106': ['1106'], '1113': ['1113'], '1154': ['1154'], '1155': ['1155'], '1108': ['1108'], '1110': ['1110'], '1104': ['1104'], '1107': ['1107'], '1114': ['1114'], '1038': ['1038', '1048', '1068', '1034', '1067'], '1039': ['1039'], '1097': ['1097'], '1098': ['1098'], '1099': ['1099'], '1112': ['1112'], '1035': ['1035'], '1111': ['1111'], '1030': ['1030', '1046', '1069', '1047', '1070'], '1064': ['1064'], '1065': ['1065'], '1031': ['1031'], '1042': ['1042'], '1086': ['1086'], '1089': ['1089', '1092', '1044', '1090', '1091'], '1043': ['1043', '1121', '1122', '1123', '1045'], '1124': ['1124'], '1036': ['1036'], '1150': ['1150'], '1093': ['1093', '1094', '1144', '1149', '1037'], '1145': ['1145'], '1151': ['1151'], '1087': ['1087'], '1088': ['1088'], '1142': ['1142'], '1141': ['1141'], '1143': ['1143'], '1115': ['1115'], '1062': ['1062'], '1077': ['1077'], '1117': ['1117'], '1146': ['1146'], '1152': ['1152'], '1118': ['1118'], '1116': ['1116'], '1140': ['1140'], '1119': ['1119'], '1120': ['1120'], '1133': ['1133']})"
77,"defaultdict(<class 'list'>, {'1040': ['1040', '1080', '1079', '1081', '1078'], '1095': ['1095'], '1082': ['1082'], '1084': ['1084'], '1096': ['1096'], '1136': ['1136'], '1138': ['1138'], '1041': ['1041'], '1126': ['1126', '1125', '1127', '1128', '1124'], '1129': ['1129', '1131', '1120', '1130', '1134'], '1032': ['1032', '1160', '1161', '1162', '1146'], '1052': ['1052', '1053', '1049', '1050', '1054', '1051', '1055', '1061', '1062'], '1063': ['1063'], '1057': ['1057'], '1060': ['1060'], '1071': ['1071'], '1147': ['1147'], '1148': ['1148'], '1158': ['1158'], '1066': ['1066'], '1056': ['1056'], '1072': ['1072'], '1157': ['1157'], '1159': ['1159'], '1033': ['1033'], '1101': ['1101'], '1109': ['1109'], '1153': ['1153', '1154', '1155', '1156', '1152'], '1102': ['1102'], '1103': ['1103'], '1105': ['1105'], '1106': ['1106'], '1113': ['1113'], '1108': ['1108'], '1110': ['1110'], '1104': ['1104'], '1107': ['1107'], '1114': ['1114'], '1038': ['1038'], '1048': ['1048'], '1068': ['1068'], '1039': ['1039', '1097', '1098', '1099', '1035', '1112', '1111', '1117', '1118'], '1100': ['1100'], '1034': ['1034'], '1067': ['1067'], '1030': ['1030'], '1046': ['1046'], '1069': ['1069'], '1058': ['1058'], '1059': ['1059'], '1064': ['1064'], '1065': ['1065'], '1047': ['1047'], '1070': ['1070'], '1031': ['1031'], '1042': ['1042'], '1083': ['1083'], '1085': ['1085'], '1086': ['1086', '1089', '1044', '1087', '1090'], '1043': ['1043', '1121', '1122', '1123', '1045'], '1036': ['1036'], '1092': ['1092'], '1150': ['1150'], '1093': ['1093', '1094', '1151', '1149', '1037'], '1145': ['1145'], '1144': ['1144'], '1088': ['1088', '1142', '1141', '1143', '1139'], '1091': ['1091'], '1115': ['1115'], '1077': ['1077', '1075', '1076', '1073', '1074'], '1116': ['1116'], '1135': ['1135'], '1137': ['1137'], '1140': ['1140'], '1119': ['1119'], '1132': ['1132'], '1133': ['1133']})"
78,"defaultdict(<class 'list'>, {'1040': ['1040', '1080', '1079', '1077', '1076', '1078', '1081', '1082', '1083'], '1095': ['1095'], '1084': ['1084'], '1096': ['1096', '1138', '1135', '1137', '1139'], '1136': ['1136'], '1041': ['1041', '1126', '1125', '1127', '1124'], '1128': ['1128', '1131', '1132', '1130', '1133'], '1129': ['1129'], '1032': ['1032', '1160', '1161', '1162', '1146'], '1052': ['1052'], '1063': ['1063'], '1051': ['1051', '1055', '1056', '1049', '1050'], '1057': ['1057'], '1060': ['1060'], '1071': ['1071'], '1147': ['1147'], '1148': ['1148', '1158', '1157', '1159', '1156'], '1053': ['1053'], '1066': ['1066'], '1061': ['1061'], '1072': ['1072'], '1033': ['1033', '1101', '1109', '1153', '1100', '1154', '1155', '1152'], '1102': ['1102'], '1103': ['1103'], '1105': ['1105'], '1106': ['1106'], '1113': ['1113'], '1108': ['1108'], '1110': ['1110'], '1104': ['1104'], '1107': ['1107'], '1114': ['1114'], '1038': ['1038'], '1048': ['1048'], '1054': ['1054'], '1068': ['1068'], '1039': ['1039'], '1097': ['1097'], '1098': ['1098'], '1099': ['1099'], '1112': ['1112'], '1034': ['1034'], '1067': ['1067'], '1035': ['1035'], '1111': ['1111'], '1030': ['1030', '1046', '1069', '1047', '1070'], '1058': ['1058'], '1059': ['1059'], '1064': ['1064'], '1065': ['1065'], '1031': ['1031'], '1042': ['1042'], '1085': ['1085'], '1086': ['1086', '1089', '1044', '1087', '1090'], '1043': ['1043'], '1121': ['1121'], '1122': ['1122'], '1123': ['1123'], '1036': ['1036'], '1092': ['1092'], '1150': ['1150'], '1093': ['1093', '1094', '1151', '1149', '1037'], '1145': ['1145'], '1144': ['1144'], '1088': ['1088', '1142', '1141', '1143', '1140'], '1091': ['1091'], '1045': ['1045'], '1115': ['1115'], '1062': ['1062'], '1117': ['1117'], '1075': ['1075'], '1118': ['1118'], '1073': ['1073'], '1074': ['1074'], '1116': ['1116'], '1119': ['1119'], '1120': ['1120'], '1134': ['1134']})"
78,"defaultdict(<class 'list'>, {'1040': ['1040', '1080', '1079', '1077', '1076', '1078', '1075', '1074'], '1081': ['1081', '1082', '1084', '1042', '1083'], '1095': ['1095'], '1096': ['1096'], '1136': ['1136'], '1138': ['1138'], '1041': ['1041'], '1126': ['1126'], '1125': ['1125'], '1127': ['1127'], '1128': ['1128', '1131', '1132', '1130', '1133'], '1129': ['1129'], '1032': ['1032', '1160', '1161', '1162', '1146'], '1052': ['1052', '1053', '1049', '1050', '1054', '1051', '1055', '1061', '1062'], '1063': ['1063'], '1057': ['1057'], '1060': ['1060'], '1071': ['1071'], '1147': ['1147'], '1148': ['1148', '1158', '1157', '1159', '1156', '1153', '1154', '1155', '1152'], '1066': ['1066', '1038', '1048', '1068', '1067'], '1056': ['1056'], '1072': ['1072'], '1033': ['1033'], '1101': ['1101'], '1109': ['1109'], '1102': ['1102'], '1103': ['1103'], '1105': ['1105'], '1106': ['1106'], '1113': ['1113'], '1108': ['1108'], '1110': ['1110'], '1104': ['1104'], '1107': ['1107'], '1114': ['1114'], '1039': ['1039'], '1097': ['1097'], '1098': ['1098'], '1099': ['1099'], '1112': ['1112'], '1100': ['1100'], '1034': ['1034'], '1035': ['1035'], '1111': ['1111'], '1030': ['1030'], '1046': ['1046'], '1069': ['1069', '1064', '1065', '1070', '1031'], '1058': ['1058'], '1059': ['1059'], '1047': ['1047'], '1085': ['1085'], '1086': ['1086', '1089', '1044', '1087', '1090'], '1043': ['1043'], '1121': ['1121'], '1122': ['1122'], '1123': ['1123'], '1124': ['1124'], '1036': ['1036', '1092', '1150', '1151', '1149'], '1093': ['1093', '1094', '1144', '1037', '1143'], '1145': ['1145'], '1088': ['1088'], '1142': ['1142'], '1141': ['1141'], '1091': ['1091'], '1045': ['1045'], '1115': ['1115'], '1117': ['1117'], '1118': ['1118'], '1073': ['1073'], '1116': ['1116'], '1135': ['1135'], '1137': ['1137'], '1140': ['1140'], '1139': ['1139'], '1119': ['1119'], '1120': ['1120'], '1134': ['1134']})"
78,"defaultdict(<class 'list'>, {'1040': ['1040', '1080', '1079', '1081', '1078'], '1095': ['1095'], '1082': ['1082', '1084', '1042', '1083', '1085'], '1096': ['1096'], '1136': ['1136'], '1138': ['1138'], '1041': ['1041', '1126', '1125', '1127', '1124', '1131', '1122', '1123', '1045'], '1128': ['1128'], '1129': ['1129'], '1032': ['1032', '1052', '1063', '1053', '1049'], '1160': ['1160'], '1051': ['1051', '1055', '1056', '1050'], '1057': ['1057'], '1060': ['1060'], '1071': ['1071'], '1147': ['1147'], '1148': ['1148', '1158', '1157', '1159', '1156'], '1161': ['1161'], '1066': ['1066'], '1061': ['1061'], '1072': ['1072'], '1162': ['1162'], '1033': ['1033', '1109', '1153', '1155', '1152'], '1101': ['1101'], '1102': ['1102'], '1103': ['1103'], '1105': ['1105', '1106', '1107', '1058', '1059'], '1113': ['1113'], '1154': ['1154'], '1108': ['1108'], '1110': ['1110'], '1104': ['1104'], '1114': ['1114'], '1038': ['1038', '1048', '1068', '1034', '1067'], '1054': ['1054'], '1039': ['1039'], '1097': ['1097'], '1098': ['1098'], '1099': ['1099'], '1112': ['1112'], '1100': ['1100'], '1035': ['1035'], '1111': ['1111'], '1030': ['1030'], '1046': ['1046'], '1069': ['1069'], '1064': ['1064'], '1065': ['1065'], '1047': ['1047'], '1070': ['1070'], '1031': ['1031'], '1086': ['1086'], '1089': ['1089', '1092', '1044', '1090', '1091'], '1043': ['1043'], '1121': ['1121'], '1036': ['1036'], '1150': ['1150'], '1093': ['1093', '1094', '1151', '1149', '1037'], '1145': ['1145'], '1144': ['1144'], '1087': ['1087'], '1088': ['1088', '1142', '1141', '1143', '1139'], '1115': ['1115'], '1062': ['1062'], '1077': ['1077'], '1117': ['1117', '1118', '1116', '1119', '1120'], '1146': ['1146'], '1075': ['1075'], '1076': ['1076'], '1073': ['1073'], '1074': ['1074'], '1135': ['1135'], '1137': ['1137'], '1140': ['1140'], '1132': ['1132'], '1130': ['1130'], '1134': ['1134'], '1133': ['1133']})"
78,"defaultdict(<class 'list'>, {'1040': ['1040', '1080', '1079', '1081', '1078'], '1095': ['1095'], '1082': ['1082'], '1084': ['1084'], '1096': ['1096'], '1136': ['1136'], '1138': ['1138'], '1041': ['1041', '1126', '1125', '1043', '1121', '1122', '1123', '1045', '1124'], '1127': ['1127'], '1128': ['1128', '1131', '1132', '1130', '1133'], '1129': ['1129'], '1032': ['1032', '1160', '1147', '1161', '1145', '1146', '1162'], '1052': ['1052', '1051', '1053', '1049', '1050'], '1063': ['1063'], '1055': ['1055'], '1057': ['1057', '1060', '1061', '1058', '1059', '1105', '1106', '1113', '1107'], '1071': ['1071'], '1148': ['1148'], '1158': ['1158'], '1066': ['1066'], '1056': ['1056'], '1072': ['1072'], '1157': ['1157'], '1159': ['1159'], '1033': ['1033'], '1101': ['1101'], '1109': ['1109'], '1153': ['1153'], '1102': ['1102'], '1103': ['1103', '1104'], '1154': ['1154', '1036', '1150', '1151', '1152'], '1155': ['1155'], '1108': ['1108'], '1110': ['1110', '1039', '1097', '1098', '1099', '1035', '1112', '1111', '1117'], '1114': ['1114'], '1156': ['1156'], '1038': ['1038'], '1048': ['1048'], '1054': ['1054'], '1068': ['1068'], '1100': ['1100'], '1034': ['1034'], '1067': ['1067'], '1030': ['1030', '1046', '1069', '1047', '1070'], '1064': ['1064'], '1065': ['1065'], '1031': ['1031'], '1042': ['1042'], '1083': ['1083'], '1085': ['1085'], '1086': ['1086'], '1089': ['1089', '1092', '1044', '1090', '1091'], '1093': ['1093'], '1094': ['1094'], '1144': ['1144'], '1149': ['1149'], '1037': ['1037'], '1087': ['1087'], '1088': ['1088'], '1142': ['1142'], '1141': ['1141'], '1143': ['1143'], '1115': ['1115'], '1062': ['1062'], '1077': ['1077'], '1075': ['1075'], '1076': ['1076'], '1118': ['1118'], '1073': ['1073'], '1074': ['1074'], '1116': ['1116'], '1135': ['1135'], '1137': ['1137'], '1140': ['1140'], '1139': ['1139'], '1119': ['1119'], '1120': ['1120'], '1134': ['1134']})"
78,"defaultdict(<class 'list'>, {'1040': ['1040', '1080', '1081', '1078'], '1079': ['1079', '1077', '1075', '1076', '1074'], '1095': ['1095'], '1082': ['1082', '1084', '1042', '1085', '1086', '1087', '1083', '1089', '1044'], '1096': ['1096', '1138', '1135', '1137', '1139'], '1136': ['1136'], '1041': ['1041', '1126', '1125', '1127', '1124'], '1128': ['1128', '1131', '1132', '1130', '1133'], '1129': ['1129'], '1032': ['1032', '1160', '1161', '1162', '1146'], '1052': ['1052'], '1063': ['1063'], '1051': ['1051'], '1055': ['1055'], '1057': ['1057'], '1060': ['1060'], '1071': ['1071'], '1147': ['1147'], '1148': ['1148'], '1158': ['1158'], '1053': ['1053'], '1066': ['1066'], '1056': ['1056'], '1061': ['1061'], '1072': ['1072'], '1157': ['1157'], '1159': ['1159'], '1033': ['1033'], '1101': ['1101', '1102', '1098', '1099', '1100'], '1109': ['1109'], '1153': ['1153'], '1103': ['1103'], '1105': ['1105'], '1106': ['1106'], '1113': ['1113'], '1154': ['1154'], '1155': ['1155'], '1108': ['1108'], '1110': ['1110', '1111', '1064', '1065', '1031'], '1104': ['1104'], '1107': ['1107'], '1114': ['1114'], '1156': ['1156'], '1038': ['1038', '1048', '1068', '1034', '1067'], '1049': ['1049'], '1050': ['1050'], '1054': ['1054'], '1039': ['1039', '1097', '1112', '1035', '1117'], '1030': ['1030'], '1046': ['1046'], '1069': ['1069'], '1058': ['1058'], '1059': ['1059'], '1047': ['1047'], '1070': ['1070'], '1043': ['1043'], '1121': ['1121'], '1122': ['1122'], '1123': ['1123'], '1036': ['1036'], '1092': ['1092'], '1150': ['1150'], '1093': ['1093', '1094', '1151', '1149', '1037'], '1145': ['1145'], '1144': ['1144'], '1088': ['1088'], '1090': ['1090'], '1142': ['1142'], '1141': ['1141'], '1091': ['1091'], '1143': ['1143'], '1045': ['1045'], '1115': ['1115', '1118', '1116', '1119', '1120'], '1062': ['1062'], '1152': ['1152'], '1073': ['1073'], '1140': ['1140'], '1134': ['1134']})"
78,"defaultdict(<class 'list'>, {'1040': ['1040', '1080', '1081', '1082', '1084', '1042', '1083', '1085', '1078'], '1079': ['1079'], '1095': ['1095'], '1096': ['1096', '1138', '1135', '1137', '1139'], '1136': ['1136'], '1041': ['1041'], '1126': ['1126'], '1125': ['1125'], '1127': ['1127'], '1128': ['1128'], '1129': ['1129'], '1131': ['1131'], '1032': ['1032', '1052', '1063', '1053', '1049'], '1160': ['1160'], '1051': ['1051', '1055', '1056', '1075', '1076'], '1057': ['1057'], '1060': ['1060'], '1071': ['1071'], '1147': ['1147'], '1148': ['1148', '1158', '1157', '1159', '1156'], '1161': ['1161'], '1066': ['1066'], '1061': ['1061', '1062', '1073', '1074'], '1072': ['1072'], '1162': ['1162'], '1033': ['1033', '1153', '1154', '1155', '1152'], '1101': ['1101'], '1109': ['1109'], '1102': ['1102', '1103', '1104', '1098', '1099'], '1105': ['1105', '1106', '1107', '1058', '1059'], '1113': ['1113'], '1108': ['1108'], '1110': ['1110'], '1114': ['1114'], '1038': ['1038'], '1048': ['1048'], '1050': ['1050'], '1054': ['1054'], '1068': ['1068'], '1039': ['1039', '1097', '1112', '1035', '1111'], '1100': ['1100'], '1034': ['1034'], '1067': ['1067'], '1030': ['1030'], '1046': ['1046'], '1069': ['1069'], '1064': ['1064'], '1065': ['1065'], '1047': ['1047'], '1070': ['1070'], '1031': ['1031'], '1086': ['1086'], '1089': ['1089'], '1043': ['1043', '1121', '1122', '1123', '1045'], '1124': ['1124'], '1036': ['1036'], '1092': ['1092'], '1150': ['1150'], '1093': ['1093'], '1094': ['1094'], '1145': ['1145'], '1151': ['1151'], '1144': ['1144'], '1149': ['1149'], '1037': ['1037'], '1044': ['1044'], '1087': ['1087'], '1088': ['1088', '1142', '1141', '1143', '1140'], '1090': ['1090'], '1091': ['1091'], '1115': ['1115'], '1077': ['1077'], '1117': ['1117', '1118', '1116', '1119', '1120'], '1146': ['1146'], '1132': ['1132'], '1130': ['1130'], '1134': ['1134'], '1133': ['1133']})"
78,"defaultdict(<class 'list'>, {'1040': ['1040', '1080', '1079', '1081', '1078'], '1095': ['1095'], '1082': ['1082', '1084', '1042', '1083', '1085'], '1096': ['1096', '1138', '1135', '1137', '1139'], '1136': ['1136'], '1041': ['1041'], '1126': ['1126'], '1125': ['1125'], '1127': ['1127'], '1128': ['1128', '1131', '1132', '1130', '1133'], '1129': ['1129'], '1032': ['1032', '1160', '1161', '1162'], '1052': ['1052'], '1063': ['1063'], '1051': ['1051'], '1055': ['1055'], '1057': ['1057'], '1060': ['1060'], '1071': ['1071'], '1147': ['1147', '1036', '1092', '1145', '1146'], '1148': ['1148'], '1158': ['1158'], '1053': ['1053'], '1066': ['1066'], '1056': ['1056'], '1061': ['1061'], '1072': ['1072'], '1157': ['1157'], '1159': ['1159'], '1033': ['1033'], '1101': ['1101', '1102', '1103', '1039', '1097', '1098', '1099', '1035', '1100'], '1109': ['1109'], '1153': ['1153', '1154', '1155', '1156', '1152'], '1105': ['1105'], '1106': ['1106'], '1113': ['1113'], '1108': ['1108'], '1110': ['1110', '1111', '1064', '1065', '1031'], '1104': ['1104'], '1107': ['1107'], '1114': ['1114'], '1038': ['1038'], '1048': ['1048'], '1049': ['1049'], '1050': ['1050'], '1054': ['1054'], '1068': ['1068'], '1112': ['1112'], '1034': ['1034'], '1067': ['1067'], '1030': ['1030', '1046', '1069', '1047', '1070'], '1058': ['1058'], '1059': ['1059'], '1086': ['1086', '1087', '1088', '1141', '1143'], '1089': ['1089'], '1043': ['1043'], '1121': ['1121'], '1122': ['1122'], '1123': ['1123'], '1124': ['1124'], '1150': ['1150'], '1093': ['1093', '1094', '1151', '1149', '1037'], '1144': ['1144'], '1044': ['1044'], '1090': ['1090'], '1142': ['1142'], '1091': ['1091'], '1045': ['1045'], '1115': ['1115'], '1062': ['1062'], '1077': ['1077'], '1117': ['1117', '1118', '1116', '1119', '1120'], '1075': ['1075'], '1076': ['1076'], '1073': ['1073'], '1074': ['1074'], '1140': ['1140'], '1134': ['1134']})"
78,"defaultdict(<class 'list'>, {'1040': ['1040'], '1080': ['1080'], '1079': ['1079'], '1081': ['1081'], '1095': ['1095'], '1082': ['1082', '1084', '1042', '1083', '1085'], '1096': ['1096'], '1136': ['1136'], '1138': ['1138'], '1041': ['1041'], '1126': ['1126'], '1125': ['1125'], '1127': ['1127'], '1128': ['1128', '1131', '1132', '1130', '1133'], '1129': ['1129'], '1032': ['1032', '1052', '1063', '1053', '1049'], '1160': ['1160'], '1051': ['1051', '1055', '1056', '1050'], '1057': ['1057'], '1060': ['1060'], '1071': ['1071'], '1147': ['1147'], '1148': ['1148', '1158', '1157', '1159', '1156'], '1161': ['1161'], '1066': ['1066'], '1061': ['1061'], '1072': ['1072'], '1162': ['1162'], '1033': ['1033', '1153', '1154', '1155', '1152'], '1101': ['1101'], '1109': ['1109'], '1102': ['1102'], '1103': ['1103'], '1105': ['1105', '1106', '1107', '1058', '1059'], '1113': ['1113'], '1108': ['1108'], '1110': ['1110'], '1104': ['1104'], '1114': ['1114', '1030', '1046', '1069', '1064', '1065', '1070', '1031', '1047'], '1038': ['1038', '1048', '1068', '1034', '1067'], '1054': ['1054'], '1039': ['1039', '1097', '1098', '1099', '1035'], '1112': ['1112'], '1100': ['1100'], '1111': ['1111'], '1086': ['1086', '1089', '1044', '1087', '1090'], '1043': ['1043', '1121', '1122', '1123', '1045'], '1124': ['1124'], '1036': ['1036', '1092', '1150', '1151', '1149'], '1093': ['1093'], '1094': ['1094'], '1145': ['1145'], '1144': ['1144'], '1037': ['1037'], '1088': ['1088'], '1142': ['1142'], '1141': ['1141'], '1091': ['1091'], '1143': ['1143'], '1115': ['1115'], '1062': ['1062'], '1077': ['1077'], '1117': ['1117'], '1146': ['1146'], '1075': ['1075'], '1076': ['1076'], '1118': ['1118'], '1073': ['1073'], '1078': ['1078'], '1074': ['1074'], '1116': ['1116'], '1135': ['1135'], '1137': ['1137'], '1140': ['1140'], '1139': ['1139'], '1119': ['1119'], '1120': ['1120'], '1134': ['1134']})"
78,"defaultdict(<class 'list'>, {'1040': ['1040'], '1080': ['1080'], '1079': ['1079'], '1081': ['1081'], '1095': ['1095'], '1082': ['1082'], '1084': ['1084', '1042', '1085', '1086', '1087'], '1096': ['1096'], '1136': ['1136'], '1138': ['1138'], '1041': ['1041'], '1126': ['1126'], '1125': ['1125'], '1127': ['1127'], '1128': ['1128'], '1129': ['1129'], '1131': ['1131'], '1032': ['1032', '1063', '1160', '1161', '1162'], '1052': ['1052'], '1051': ['1051', '1055', '1056', '1049', '1050'], '1057': ['1057', '1060', '1061', '1058', '1059'], '1071': ['1071'], '1147': ['1147'], '1148': ['1148', '1158', '1157', '1159', '1156'], '1053': ['1053'], '1066': ['1066', '1068', '1067', '1077', '1076'], '1072': ['1072'], '1033': ['1033', '1153', '1154', '1155', '1152'], '1101': ['1101', '1102', '1098', '1099', '1100', '1103', '1039', '1097', '1035'], '1109': ['1109'], '1105': ['1105'], '1106': ['1106'], '1113': ['1113'], '1108': ['1108'], '1110': ['1110'], '1104': ['1104', '1030', '1046', '1047'], '1107': ['1107'], '1114': ['1114'], '1038': ['1038'], '1048': ['1048'], '1054': ['1054'], '1112': ['1112'], '1034': ['1034'], '1111': ['1111'], '1069': ['1069', '1064', '1065', '1070', '1031'], '1083': ['1083'], '1089': ['1089'], '1043': ['1043'], '1121': ['1121'], '1122': ['1122'], '1123': ['1123'], '1124': ['1124'], '1036': ['1036'], '1092': ['1092', '1150', '1093', '1094', '1144', '1149', '1037', '1145', '1151'], '1044': ['1044'], '1088': ['1088'], '1090': ['1090'], '1142': ['1142'], '1141': ['1141'], '1091': ['1091'], '1143': ['1143'], '1045': ['1045'], '1115': ['1115'], '1062': ['1062'], '1117': ['1117', '1118', '1116', '1119', '1120'], '1146': ['1146'], '1075': ['1075'], '1073': ['1073'], '1078': ['1078'], '1074': ['1074'], '1135': ['1135'], '1137': ['1137'], '1140': ['1140'], '1139': ['1139'], '1132': ['1132'], '1130': ['1130'], '1134': ['1134'], '1133': ['1133']})"
78,"defaultdict(<class 'list'>, {'1040': ['1040', '1080', '1081', '1082', '1078'], '1079': ['1079', '1077', '1075', '1076', '1074'], '1095': ['1095'], '1084': ['1084'], '1096': ['1096', '1138', '1135', '1137', '1139', '1136', '1140'], '1041': ['1041'], '1126': ['1126'], '1125': ['1125'], '1127': ['1127'], '1128': ['1128', '1131', '1132', '1130', '1133'], '1129': ['1129'], '1032': ['1032', '1052', '1063', '1053', '1049'], '1160': ['1160'], '1051': ['1051'], '1055': ['1055'], '1057': ['1057', '1060', '1061', '1105', '1106', '1107', '1058', '1059', '1062'], '1071': ['1071'], '1147': ['1147'], '1148': ['1148', '1158', '1157', '1159'], '1161': ['1161'], '1066': ['1066'], '1056': ['1056'], '1072': ['1072'], '1162': ['1162'], '1033': ['1033', '1153', '1155', '1156'], '1101': ['1101'], '1109': ['1109'], '1102': ['1102'], '1103': ['1103'], '1113': ['1113'], '1154': ['1154', '1036', '1150', '1151', '1152'], '1108': ['1108'], '1110': ['1110'], '1104': ['1104'], '1114': ['1114'], '1038': ['1038', '1048', '1068', '1034', '1067'], '1050': ['1050'], '1054': ['1054'], '1039': ['1039', '1097', '1098', '1099', '1035'], '1112': ['1112'], '1100': ['1100'], '1111': ['1111'], '1030': ['1030'], '1046': ['1046'], '1069': ['1069'], '1064': ['1064'], '1065': ['1065'], '1047': ['1047'], '1070': ['1070'], '1031': ['1031'], '1042': ['1042'], '1083': ['1083'], '1085': ['1085'], '1086': ['1086', '1089', '1044', '1087', '1090'], '1043': ['1043'], '1121': ['1121'], '1122': ['1122'], '1123': ['1123'], '1124': ['1124'], '1092': ['1092'], '1093': ['1093'], '1094': ['1094'], '1145': ['1145'], '1144': ['1144'], '1149': ['1149'], '1037': ['1037'], '1088': ['1088', '1142', '1141', '1143'], '1091': ['1091'], '1045': ['1045'], '1115': ['1115'], '1117': ['1117'], '1146': ['1146'], '1118': ['1118'], '1073': ['1073'], '1116': ['1116'], '1119': ['1119'], '1120': ['1120'], '1134': ['1134']})"
78,"defaultdict(<class 'list'>, {'1040': ['1040'], '1080': ['1080'], '1079': ['1079'], '1081': ['1081'], '1095': ['1095'], '1082': ['1082', '1084', '1042', '1083', '1085'], '1096': ['1096', '1136', '1135', '1137', '1140'], '1138': ['1138'], '1041': ['1041'], '1126': ['1126'], '1125': ['1125'], '1127': ['1127'], '1128': ['1128', '1129', '1132', '1130', '1134', '1131', '1120', '1133'], '1032': ['1032'], '1052': ['1052'], '1063': ['1063'], '1160': ['1160'], '1051': ['1051', '1055', '1056', '1049', '1050'], '1057': ['1057', '1060', '1061', '1058', '1059'], '1071': ['1071'], '1147': ['1147', '1148', '1158', '1157', '1159'], '1161': ['1161'], '1053': ['1053'], '1066': ['1066'], '1072': ['1072', '1075', '1076', '1073', '1074'], '1162': ['1162'], '1033': ['1033'], '1101': ['1101'], '1109': ['1109'], '1153': ['1153'], '1102': ['1102'], '1103': ['1103'], '1105': ['1105'], '1106': ['1106'], '1113': ['1113'], '1154': ['1154', '1036', '1150', '1151', '1152'], '1155': ['1155'], '1108': ['1108', '1107', '1115', '1116', '1119'], '1110': ['1110'], '1104': ['1104'], '1114': ['1114'], '1156': ['1156'], '1038': ['1038'], '1048': ['1048'], '1054': ['1054'], '1068': ['1068'], '1039': ['1039'], '1097': ['1097'], '1098': ['1098'], '1099': ['1099'], '1112': ['1112'], '1100': ['1100'], '1034': ['1034'], '1067': ['1067'], '1035': ['1035'], '1111': ['1111'], '1030': ['1030'], '1046': ['1046'], '1069': ['1069', '1064', '1065', '1070', '1031'], '1047': ['1047'], '1086': ['1086'], '1089': ['1089'], '1043': ['1043', '1121', '1122', '1123', '1045'], '1124': ['1124'], '1092': ['1092'], '1093': ['1093', '1094', '1144', '1149', '1037'], '1145': ['1145'], '1044': ['1044'], '1087': ['1087'], '1088': ['1088', '1142', '1141', '1143', '1139'], '1090': ['1090'], '1091': ['1091'], '1062': ['1062'], '1077': ['1077'], '1117': ['1117'], '1146': ['1146'], '1118': ['1118'], '1078': ['1078']})"
78,"defaultdict(<class 'list'>, {'1040': ['1040'], '1080': ['1080'], '1079': ['1079'], '1081': ['1081'], '1095': ['1095'], '1082': ['1082'], '1084': ['1084'], '1096': ['1096', '1138', '1135', '1137', '1139', '1136', '1140'], '1041': ['1041', '1126', '1125', '1127', '1124'], '1128': ['1128'], '1129': ['1129'], '1131': ['1131'], '1032': ['1032', '1052', '1063', '1053', '1049'], '1160': ['1160'], '1051': ['1051'], '1055': ['1055'], '1057': ['1057', '1060', '1061', '1058', '1059', '1071', '1072', '1062', '1073'], '1147': ['1147'], '1148': ['1148', '1158', '1157', '1159', '1156'], '1161': ['1161'], '1066': ['1066'], '1056': ['1056', '1077', '1075', '1076', '1074'], '1162': ['1162'], '1033': ['1033'], '1101': ['1101'], '1109': ['1109'], '1153': ['1153'], '1102': ['1102'], '1103': ['1103'], '1105': ['1105'], '1106': ['1106'], '1113': ['1113'], '1154': ['1154'], '1155': ['1155'], '1108': ['1108'], '1110': ['1110'], '1104': ['1104'], '1107': ['1107'], '1114': ['1114'], '1038': ['1038'], '1048': ['1048'], '1050': ['1050'], '1054': ['1054'], '1068': ['1068'], '1039': ['1039'], '1097': ['1097'], '1098': ['1098'], '1099': ['1099'], '1112': ['1112'], '1100': ['1100'], '1034': ['1034'], '1067': ['1067'], '1035': ['1035'], '1111': ['1111'], '1030': ['1030', '1046', '1069', '1047', '1070'], '1064': ['1064'], '1065': ['1065'], '1031': ['1031'], '1042': ['1042'], '1083': ['1083'], '1085': ['1085'], '1086': ['1086', '1087', '1088', '1141', '1143', '1142'], '1089': ['1089', '1149', '1044', '1090', '1091'], '1043': ['1043', '1121', '1122', '1123', '1045'], '1036': ['1036'], '1092': ['1092'], '1150': ['1150'], '1093': ['1093', '1094', '1145', '1144', '1037'], '1151': ['1151'], '1115': ['1115', '1118', '1116', '1119', '1120'], '1117': ['1117'], '1146': ['1146'], '1152': ['1152'], '1078': ['1078'], '1132': ['1132'], '1130': ['1130'], '1134': ['1134'], '1133': ['1133']})"
78,"defaultdict(<class 'list'>, {'1040': ['1040'], '1080': ['1080'], '1079': ['1079'], '1081': ['1081'], '1095': ['1095'], '1082': ['1082', '1084', '1042', '1083', '1085'], '1096': ['1096'], '1136': ['1136'], '1138': ['1138'], '1041': ['1041', '1126', '1125', '1127', '1124'], '1128': ['1128', '1131', '1132', '1130', '1133'], '1129': ['1129'], '1032': ['1032'], '1052': ['1052', '1051', '1053', '1049', '1050'], '1063': ['1063'], '1160': ['1160'], '1055': ['1055'], '1057': ['1057'], '1060': ['1060'], '1071': ['1071'], '1147': ['1147'], '1148': ['1148', '1158', '1157', '1159', '1156'], '1161': ['1161'], '1066': ['1066'], '1056': ['1056'], '1061': ['1061'], '1072': ['1072'], '1162': ['1162'], '1033': ['1033'], '1101': ['1101', '1102', '1098', '1099', '1100', '1103', '1039', '1097', '1035'], '1109': ['1109'], '1153': ['1153', '1154', '1155', '1151', '1152'], '1105': ['1105', '1106', '1107', '1058', '1059'], '1113': ['1113'], '1108': ['1108'], '1110': ['1110'], '1104': ['1104', '1112', '1111', '1117'], '1114': ['1114', '1115', '1118', '1116', '1119'], '1038': ['1038', '1048', '1068', '1034', '1067'], '1054': ['1054'], '1030': ['1030', '1046', '1069', '1047', '1070'], '1064': ['1064'], '1065': ['1065'], '1031': ['1031'], '1086': ['1086', '1089', '1044', '1087', '1090'], '1043': ['1043'], '1121': ['1121'], '1122': ['1122'], '1123': ['1123'], '1036': ['1036'], '1092': ['1092'], '1150': ['1150'], '1093': ['1093'], '1094': ['1094'], '1145': ['1145'], '1144': ['1144'], '1149': ['1149'], '1037': ['1037'], '1088': ['1088'], '1142': ['1142'], '1141': ['1141'], '1091': ['1091'], '1143': ['1143'], '1045': ['1045'], '1062': ['1062'], '1077': ['1077'], '1146': ['1146'], '1075': ['1075'], '1076': ['1076'], '1073': ['1073'], '1078': ['1078'], '1074': ['1074'], '1135': ['1135'], '1137': ['1137'], '1140': ['1140'], '1139': ['1139'], '1120': ['1120'], '1134': ['1134']})"
78,"defaultdict(<class 'list'>, {'1040': ['1040', '1080', '1079', '1081', '1078'], '1095': ['1095'], '1082': ['1082', '1084', '1042', '1083', '1085'], '1096': ['1096', '1136', '1135', '1137', '1140'], '1138': ['1138'], '1041': ['1041'], '1126': ['1126'], '1125': ['1125'], '1127': ['1127'], '1128': ['1128', '1129', '1132', '1130', '1134'], '1131': ['1131'], '1032': ['1032', '1052', '1063', '1053', '1049'], '1160': ['1160', '1147', '1161', '1162', '1146'], '1051': ['1051'], '1055': ['1055'], '1057': ['1057'], '1060': ['1060'], '1071': ['1071'], '1148': ['1148'], '1158': ['1158'], '1066': ['1066'], '1056': ['1056'], '1061': ['1061'], '1072': ['1072'], '1157': ['1157'], '1159': ['1159'], '1033': ['1033', '1153', '1154', '1036', '1150', '1151', '1152', '1155'], '1101': ['1101'], '1109': ['1109'], '1102': ['1102'], '1103': ['1103'], '1105': ['1105'], '1106': ['1106'], '1113': ['1113'], '1108': ['1108'], '1110': ['1110', '1039', '1097', '1098', '1099', '1035', '1112', '1111', '1117'], '1104': ['1104'], '1107': ['1107'], '1114': ['1114', '1115', '1118', '1116', '1119'], '1156': ['1156'], '1038': ['1038'], '1048': ['1048'], '1050': ['1050'], '1054': ['1054'], '1068': ['1068', '1077', '1075', '1076', '1074'], '1100': ['1100'], '1034': ['1034'], '1067': ['1067'], '1030': ['1030'], '1046': ['1046'], '1069': ['1069'], '1058': ['1058'], '1059': ['1059'], '1064': ['1064'], '1065': ['1065'], '1047': ['1047'], '1070': ['1070'], '1031': ['1031'], '1086': ['1086', '1089', '1044', '1087', '1090'], '1043': ['1043', '1121', '1122', '1123', '1045'], '1124': ['1124'], '1092': ['1092'], '1093': ['1093'], '1094': ['1094'], '1145': ['1145'], '1144': ['1144'], '1149': ['1149'], '1037': ['1037'], '1088': ['1088'], '1142': ['1142'], '1141': ['1141'], '1091': ['1091'], '1143': ['1143'], '1062': ['1062'], '1073': ['1073'], '1139': ['1139'], '1120': ['1120'], '1133': ['1133']})"
78,"defaultdict(<class 'list'>, {'1040': ['1040', '1080', '1081', '1082', '1078', '1079', '1095', '1096', '1083'], '1084': ['1084'], '1136': ['1136'], '1138': ['1138', '1137', '1139'], '1041': ['1041'], '1126': ['1126'], '1125': ['1125'], '1127': ['1127'], '1128': ['1128'], '1129': ['1129'], '1131': ['1131'], '1032': ['1032', '1160', '1161', '1162', '1146'], '1052': ['1052', '1051', '1053', '1049', '1050'], '1063': ['1063'], '1055': ['1055', '1056', '1075', '1076', '1074'], '1057': ['1057'], '1060': ['1060'], '1071': ['1071'], '1147': ['1147'], '1148': ['1148'], '1158': ['1158'], '1066': ['1066'], '1061': ['1061'], '1072': ['1072'], '1157': ['1157'], '1159': ['1159'], '1033': ['1033'], '1101': ['1101', '1102', '1098', '1099', '1100'], '1109': ['1109'], '1153': ['1153', '1154', '1155', '1156', '1152'], '1103': ['1103'], '1105': ['1105'], '1106': ['1106'], '1113': ['1113'], '1108': ['1108'], '1110': ['1110', '1111', '1064', '1065', '1031'], '1104': ['1104'], '1107': ['1107'], '1114': ['1114'], '1038': ['1038', '1048', '1068', '1034', '1067'], '1054': ['1054'], '1039': ['1039'], '1097': ['1097'], '1112': ['1112'], '1035': ['1035'], '1030': ['1030', '1046', '1069', '1047', '1070'], '1058': ['1058'], '1059': ['1059'], '1042': ['1042'], '1085': ['1085'], '1086': ['1086'], '1089': ['1089'], '1043': ['1043', '1121', '1122', '1123', '1045'], '1124': ['1124'], '1036': ['1036'], '1092': ['1092'], '1150': ['1150'], '1093': ['1093'], '1094': ['1094'], '1145': ['1145'], '1151': ['1151'], '1144': ['1144'], '1149': ['1149'], '1037': ['1037'], '1044': ['1044'], '1087': ['1087'], '1088': ['1088', '1142', '1141', '1143', '1140'], '1090': ['1090'], '1091': ['1091'], '1115': ['1115'], '1062': ['1062'], '1077': ['1077'], '1117': ['1117', '1118', '1116', '1119', '1120'], '1073': ['1073'], '1135': ['1135', '1134'], '1132': ['1132'], '1130': ['1130'], '1133': ['1133']})"
78,"defaultdict(<class 'list'>, {'1040': ['1040', '1080', '1081', '1082', '1078'], '1079': ['1079'], '1095': ['1095'], '1084': ['1084'], '1096': ['1096'], '1136': ['1136'], '1138': ['1138'], '1041': ['1041', '1126', '1125', '1127', '1124', '1129', '1122', '1123', '1045', '1043', '1121', '1134'], '1128': ['1128'], '1131': ['1131'], '1032': ['1032'], '1052': ['1052', '1051', '1053', '1049', '1050'], '1063': ['1063'], '1160': ['1160', '1147', '1161', '1145', '1146'], '1055': ['1055'], '1057': ['1057'], '1060': ['1060'], '1071': ['1071'], '1148': ['1148', '1158', '1157', '1159', '1156'], '1066': ['1066'], '1056': ['1056'], '1061': ['1061'], '1072': ['1072', '1075', '1076', '1073', '1074'], '1162': ['1162'], '1033': ['1033', '1153', '1154', '1155', '1152'], '1101': ['1101'], '1109': ['1109'], '1102': ['1102'], '1103': ['1103'], '1105': ['1105'], '1106': ['1106'], '1113': ['1113'], '1108': ['1108'], '1110': ['1110'], '1104': ['1104'], '1107': ['1107'], '1114': ['1114'], '1038': ['1038'], '1048': ['1048'], '1054': ['1054'], '1068': ['1068'], '1039': ['1039', '1097', '1098', '1099', '1035'], '1112': ['1112'], '1100': ['1100'], '1034': ['1034'], '1067': ['1067'], '1111': ['1111'], '1030': ['1030', '1046', '1069', '1047', '1070'], '1058': ['1058'], '1059': ['1059'], '1064': ['1064'], '1065': ['1065'], '1031': ['1031'], '1042': ['1042'], '1083': ['1083'], '1085': ['1085'], '1086': ['1086', '1089', '1044', '1087', '1090'], '1036': ['1036'], '1092': ['1092'], '1150': ['1150'], '1093': ['1093'], '1094': ['1094'], '1151': ['1151'], '1144': ['1144'], '1149': ['1149'], '1037': ['1037'], '1088': ['1088', '1142', '1141', '1143', '1139'], '1091': ['1091'], '1115': ['1115'], '1062': ['1062'], '1077': ['1077'], '1117': ['1117', '1118', '1116', '1119', '1120'], '1135': ['1135'], '1137': ['1137'], '1140': ['1140'], '1132': ['1132'], '1130': ['1130'], '1133': ['1133']})"
78,"defaultdict(<class 'list'>, {'1040': ['1040', '1080', '1079', '1081', '1078'], '1095': ['1095'], '1082': ['1082', '1084', '1042', '1083', '1085'], '1096': ['1096'], '1136': ['1136'], '1138': ['1138'], '1041': ['1041', '1126', '1125', '1127', '1043', '1121', '1122', '1123', '1045', '1124', '1128', '1132'], '1129': ['1129'], '1131': ['1131'], '1032': ['1032', '1160', '1161', '1162', '1146'], '1052': ['1052', '1051', '1053', '1049', '1050'], '1063': ['1063'], '1055': ['1055'], '1057': ['1057', '1060', '1061', '1105', '1106', '1107', '1058', '1059', '1113'], '1071': ['1071'], '1147': ['1147'], '1148': ['1148'], '1158': ['1158'], '1066': ['1066'], '1056': ['1056'], '1072': ['1072'], '1157': ['1157'], '1159': ['1159'], '1033': ['1033'], '1101': ['1101'], '1109': ['1109'], '1153': ['1153'], '1102': ['1102'], '1103': ['1103'], '1154': ['1154'], '1155': ['1155'], '1108': ['1108'], '1110': ['1110'], '1104': ['1104'], '1114': ['1114'], '1156': ['1156'], '1038': ['1038', '1048', '1068', '1034', '1067'], '1054': ['1054'], '1039': ['1039', '1097', '1098', '1099', '1035', '1112', '1111', '1117', '1118'], '1100': ['1100'], '1030': ['1030'], '1046': ['1046'], '1069': ['1069'], '1064': ['1064'], '1065': ['1065'], '1047': ['1047'], '1070': ['1070'], '1031': ['1031'], '1086': ['1086', '1089', '1044', '1087', '1090'], '1036': ['1036'], '1092': ['1092'], '1150': ['1150'], '1093': ['1093', '1094', '1151', '1149', '1037'], '1145': ['1145'], '1144': ['1144'], '1088': ['1088'], '1142': ['1142'], '1141': ['1141'], '1091': ['1091'], '1143': ['1143'], '1115': ['1115'], '1062': ['1062'], '1077': ['1077'], '1152': ['1152'], '1075': ['1075'], '1076': ['1076'], '1073': ['1073'], '1074': ['1074'], '1116': ['1116'], '1135': ['1135'], '1137': ['1137'], '1140': ['1140'], '1139': ['1139'], '1119': ['1119'], '1120': ['1120'], '1130': ['1130'], '1134': ['1134'], '1133': ['1133']})"
78,"defaultdict(<class 'list'>, {'1040': ['1040', '1080', '1079', '1081', '1078'], '1095': ['1095'], '1082': ['1082'], '1084': ['1084'], '1096': ['1096', '1138', '1135', '1137', '1139'], '1136': ['1136'], '1041': ['1041', '1126', '1125', '1127', '1124'], '1128': ['1128', '1131', '1132', '1130', '1133', '1129', '1120', '1134'], '1032': ['1032', '1160', '1161', '1162', '1146'], '1052': ['1052'], '1063': ['1063', '1057', '1071', '1066', '1067'], '1051': ['1051'], '1055': ['1055'], '1060': ['1060'], '1147': ['1147'], '1148': ['1148', '1158', '1157', '1159', '1156'], '1053': ['1053', '1038', '1048', '1054', '1034'], '1056': ['1056'], '1061': ['1061', '1062', '1075', '1073', '1074'], '1072': ['1072'], '1033': ['1033'], '1101': ['1101'], '1109': ['1109'], '1153': ['1153'], '1102': ['1102'], '1103': ['1103'], '1105': ['1105', '1106', '1107', '1058', '1059'], '1113': ['1113'], '1154': ['1154'], '1155': ['1155'], '1108': ['1108'], '1110': ['1110'], '1104': ['1104'], '1114': ['1114'], '1049': ['1049'], '1050': ['1050'], '1068': ['1068'], '1039': ['1039'], '1097': ['1097'], '1098': ['1098'], '1099': ['1099'], '1112': ['1112'], '1100': ['1100'], '1035': ['1035'], '1111': ['1111'], '1030': ['1030'], '1046': ['1046'], '1069': ['1069', '1064', '1065', '1070', '1031'], '1047': ['1047'], '1042': ['1042'], '1083': ['1083'], '1085': ['1085'], '1086': ['1086', '1089', '1044', '1087', '1090'], '1043': ['1043'], '1121': ['1121'], '1122': ['1122'], '1123': ['1123'], '1036': ['1036'], '1092': ['1092'], '1150': ['1150'], '1093': ['1093'], '1094': ['1094'], '1145': ['1145'], '1151': ['1151'], '1144': ['1144'], '1149': ['1149'], '1037': ['1037'], '1088': ['1088', '1142', '1141', '1143', '1140'], '1091': ['1091'], '1045': ['1045'], '1115': ['1115'], '1077': ['1077'], '1117': ['1117'], '1152': ['1152'], '1076': ['1076'], '1118': ['1118'], '1116': ['1116'], '1119': ['1119']})"
78,"defaultdict(<class 'list'>, {'1040': ['1040', '1080', '1079', '1081', '1078', '1095', '1082', '1084', '1042', '1083', '1085', '1096'], '1136': ['1136'], '1138': ['1138'], '1041': ['1041'], '1126': ['1126'], '1125': ['1125'], '1127': ['1127'], '1128': ['1128'], '1129': ['1129'], '1131': ['1131'], '1032': ['1032', '1160', '1161', '1162', '1146'], '1052': ['1052'], '1063': ['1063'], '1051': ['1051', '1055', '1056', '1049', '1050'], '1057': ['1057'], '1060': ['1060'], '1071': ['1071'], '1147': ['1147'], '1148': ['1148', '1158', '1157', '1159', '1156'], '1053': ['1053'], '1066': ['1066'], '1061': ['1061'], '1072': ['1072'], '1033': ['1033', '1153', '1154', '1155', '1152'], '1101': ['1101', '1102', '1098', '1099', '1100'], '1109': ['1109'], '1103': ['1103'], '1105': ['1105'], '1106': ['1106'], '1113': ['1113'], '1108': ['1108'], '1110': ['1110'], '1104': ['1104'], '1107': ['1107'], '1114': ['1114', '1030', '1046', '1069', '1064', '1065', '1070', '1031', '1047'], '1038': ['1038', '1048', '1068', '1034', '1067'], '1054': ['1054'], '1039': ['1039'], '1097': ['1097'], '1112': ['1112'], '1035': ['1035'], '1111': ['1111'], '1058': ['1058'], '1059': ['1059'], '1086': ['1086'], '1089': ['1089'], '1043': ['1043'], '1121': ['1121'], '1122': ['1122'], '1123': ['1123'], '1124': ['1124'], '1036': ['1036'], '1092': ['1092'], '1150': ['1150'], '1093': ['1093', '1094', '1151', '1149', '1037'], '1145': ['1145'], '1144': ['1144'], '1044': ['1044'], '1087': ['1087'], '1088': ['1088', '1142', '1141', '1143', '1140'], '1090': ['1090'], '1091': ['1091'], '1045': ['1045'], '1115': ['1115'], '1062': ['1062'], '1077': ['1077', '1075', '1076', '1073', '1074'], '1117': ['1117'], '1118': ['1118'], '1116': ['1116'], '1135': ['1135'], '1137': ['1137'], '1139': ['1139'], '1119': ['1119'], '1120': ['1120'], '1132': ['1132'], '1130': ['1130'], '1134': ['1134'], '1133': ['1133']})"
78,"defaultdict(<class 'list'>, {'1040': ['1040', '1080', '1081', '1082', '1083'], '1079': ['1079'], '1095': ['1095'], '1084': ['1084', '1042', '1085', '1086', '1089', '1044', '1087', '1090', '1091'], '1096': ['1096'], '1136': ['1136'], '1138': ['1138'], '1041': ['1041'], '1126': ['1126'], '1125': ['1125'], '1127': ['1127'], '1128': ['1128', '1129', '1132', '1130', '1134'], '1131': ['1131'], '1032': ['1032', '1063', '1160', '1147', '1148', '1158', '1157', '1159', '1156', '1161', '1162', '1146'], '1052': ['1052', '1053', '1049', '1050', '1054'], '1051': ['1051'], '1055': ['1055'], '1057': ['1057', '1060', '1061', '1058', '1059'], '1071': ['1071'], '1066': ['1066'], '1056': ['1056'], '1072': ['1072'], '1033': ['1033'], '1101': ['1101'], '1109': ['1109'], '1153': ['1153'], '1102': ['1102'], '1103': ['1103'], '1105': ['1105', '1106', '1113', '1107', '1114'], '1154': ['1154'], '1155': ['1155'], '1108': ['1108'], '1110': ['1110', '1111', '1064', '1065', '1031'], '1104': ['1104'], '1038': ['1038', '1048', '1068', '1034', '1067'], '1039': ['1039'], '1097': ['1097'], '1098': ['1098'], '1099': ['1099'], '1112': ['1112'], '1100': ['1100'], '1035': ['1035'], '1030': ['1030', '1046', '1069', '1047', '1070'], '1043': ['1043'], '1121': ['1121'], '1122': ['1122'], '1123': ['1123'], '1124': ['1124'], '1036': ['1036'], '1092': ['1092'], '1150': ['1150'], '1093': ['1093'], '1094': ['1094'], '1145': ['1145'], '1151': ['1151'], '1144': ['1144'], '1149': ['1149'], '1037': ['1037'], '1088': ['1088'], '1142': ['1142'], '1141': ['1141'], '1143': ['1143'], '1045': ['1045'], '1115': ['1115', '1118', '1116', '1119', '1120'], '1062': ['1062'], '1077': ['1077'], '1117': ['1117'], '1152': ['1152'], '1075': ['1075'], '1076': ['1076'], '1073': ['1073'], '1078': ['1078'], '1074': ['1074'], '1135': ['1135'], '1137': ['1137'], '1140': ['1140'], '1139': ['1139'], '1133': ['1133']})"
79,"defaultdict(<class 'list'>, {'1040': ['1040'], '1080': ['1080'], '1079': ['1079'], '1081': ['1081'], '1095': ['1095'], '1082': ['1082', '1084', '1042', '1083', '1085'], '1096': ['1096'], '1136': ['1136'], '1138': ['1138'], '1041': ['1041', '1126', '1125', '1127', '1043', '1121', '1122', '1123', '1045', '1124', '1128', '1132'], '1129': ['1129'], '1131': ['1131'], '1032': ['1032'], '1052': ['1052'], '1063': ['1063'], '1160': ['1160'], '1051': ['1051'], '1055': ['1055'], '1057': ['1057'], '1060': ['1060'], '1071': ['1071'], '1147': ['1147', '1148', '1158', '1157', '1159', '1161', '1162', '1155', '1156'], '1053': ['1053'], '1066': ['1066'], '1056': ['1056'], '1061': ['1061'], '1072': ['1072'], '1033': ['1033'], '1101': ['1101'], '1109': ['1109'], '1153': ['1153'], '1102': ['1102'], '1103': ['1103'], '1105': ['1105'], '1106': ['1106'], '1113': ['1113'], '1154': ['1154', '1036', '1092', '1150', '1093', '1094', '1151', '1149', '1037', '1144', '1145', '1152'], '1108': ['1108'], '1110': ['1110'], '1104': ['1104'], '1107': ['1107'], '1114': ['1114', '1030', '1046', '1069', '1047', '1070', '1064', '1065', '1031'], '1038': ['1038', '1048', '1068', '1034', '1067'], '1049': ['1049'], '1050': ['1050'], '1054': ['1054'], '1039': ['1039', '1097', '1098', '1099', '1035'], '1112': ['1112'], '1100': ['1100'], '1111': ['1111'], '1058': ['1058'], '1059': ['1059'], '1086': ['1086', '1089', '1087', '1090', '1091'], '1044': ['1044'], '1088': ['1088'], '1142': ['1142'], '1141': ['1141'], '1143': ['1143'], '1115': ['1115'], '1062': ['1062'], '1077': ['1077'], '1117': ['1117'], '1146': ['1146'], '1075': ['1075'], '1076': ['1076'], '1118': ['1118'], '1073': ['1073'], '1078': ['1078'], '1074': ['1074'], '1116': ['1116'], '1135': ['1135'], '1137': ['1137'], '1140': ['1140'], '1139': ['1139'], '1119': ['1119'], '1120': ['1120'], '1130': ['1130'], '1134': ['1134'], '1133': ['1133']})"
79,"defaultdict(<class 'list'>, {'1040': ['1040'], '1080': ['1080'], '1079': ['1079'], '1081': ['1081'], '1095': ['1095'], '1082': ['1082', '1084', '1042', '1083', '1085'], '1096': ['1096', '1138', '1135', '1137', '1139', '1136', '1088', '1142', '1141', '1143', '1140'], '1041': ['1041', '1126', '1125', '1127', '1124'], '1128': ['1128'], '1129': ['1129'], '1131': ['1131'], '1032': ['1032'], '1052': ['1052'], '1063': ['1063'], '1160': ['1160'], '1051': ['1051'], '1055': ['1055'], '1057': ['1057'], '1060': ['1060'], '1071': ['1071'], '1147': ['1147', '1036', '1092', '1145', '1146'], '1148': ['1148'], '1158': ['1158'], '1161': ['1161'], '1053': ['1053'], '1066': ['1066'], '1056': ['1056', '1077', '1075', '1076', '1074'], '1061': ['1061'], '1072': ['1072'], '1157': ['1157'], '1159': ['1159'], '1162': ['1162'], '1033': ['1033'], '1101': ['1101', '1102', '1098', '1099', '1100'], '1109': ['1109'], '1153': ['1153', '1154', '1155', '1151', '1152'], '1103': ['1103'], '1105': ['1105', '1106', '1107', '1058', '1059', '1113', '1108', '1114', '1115'], '1110': ['1110', '1111', '1064', '1065', '1031'], '1104': ['1104'], '1156': ['1156'], '1038': ['1038'], '1048': ['1048'], '1049': ['1049'], '1050': ['1050'], '1054': ['1054'], '1068': ['1068'], '1039': ['1039'], '1097': ['1097'], '1112': ['1112'], '1034': ['1034'], '1067': ['1067'], '1035': ['1035'], '1030': ['1030'], '1046': ['1046'], '1069': ['1069'], '1047': ['1047'], '1070': ['1070'], '1086': ['1086'], '1089': ['1089'], '1043': ['1043'], '1121': ['1121'], '1122': ['1122'], '1123': ['1123'], '1150': ['1150'], '1093': ['1093', '1094', '1144', '1149', '1037'], '1044': ['1044'], '1087': ['1087'], '1090': ['1090'], '1091': ['1091'], '1045': ['1045'], '1062': ['1062'], '1117': ['1117', '1118', '1116', '1119', '1120'], '1073': ['1073'], '1078': ['1078'], '1132': ['1132'], '1130': ['1130'], '1134': ['1134'], '1133': ['1133']})"
79,"defaultdict(<class 'list'>, {'1040': ['1040', '1080', '1081', '1082', '1084', '1042', '1083', '1085', '1078'], '1079': ['1079', '1038', '1048', '1068', '1034', '1067', '1077', '1076'], '1095': ['1095'], '1096': ['1096', '1136', '1135', '1137', '1140'], '1138': ['1138'], '1041': ['1041'], '1126': ['1126'], '1125': ['1125'], '1127': ['1127'], '1128': ['1128'], '1129': ['1129'], '1131': ['1131'], '1032': ['1032'], '1052': ['1052', '1053', '1049', '1050', '1054'], '1063': ['1063'], '1160': ['1160'], '1051': ['1051'], '1055': ['1055'], '1057': ['1057'], '1060': ['1060'], '1071': ['1071'], '1147': ['1147'], '1148': ['1148', '1158', '1157', '1159', '1156'], '1161': ['1161'], '1066': ['1066'], '1056': ['1056'], '1061': ['1061', '1062', '1075', '1073', '1074'], '1072': ['1072'], '1162': ['1162'], '1033': ['1033'], '1101': ['1101'], '1109': ['1109', '1105', '1106', '1113', '1107'], '1153': ['1153'], '1102': ['1102', '1103', '1104', '1117', '1118'], '1154': ['1154'], '1155': ['1155'], '1108': ['1108'], '1110': ['1110'], '1114': ['1114', '1030', '1046', '1069', '1064', '1065', '1070', '1031', '1047'], '1039': ['1039'], '1097': ['1097'], '1098': ['1098'], '1099': ['1099'], '1112': ['1112'], '1100': ['1100'], '1035': ['1035'], '1111': ['1111'], '1058': ['1058'], '1059': ['1059'], '1086': ['1086'], '1089': ['1089'], '1043': ['1043'], '1121': ['1121'], '1122': ['1122'], '1123': ['1123'], '1124': ['1124'], '1036': ['1036'], '1092': ['1092'], '1150': ['1150'], '1093': ['1093', '1094', '1151', '1149', '1037'], '1145': ['1145'], '1144': ['1144'], '1044': ['1044'], '1087': ['1087'], '1088': ['1088'], '1090': ['1090'], '1142': ['1142'], '1141': ['1141'], '1091': ['1091'], '1143': ['1143'], '1045': ['1045'], '1115': ['1115', '1116', '1119', '1120'], '1146': ['1146'], '1152': ['1152'], '1139': ['1139'], '1132': ['1132'], '1130': ['1130'], '1134': ['1134'], '1133': ['1133']})"
79,"defaultdict(<class 'list'>, {'1040': ['1040'], '1080': ['1080'], '1079': ['1079'], '1081': ['1081'], '1095': ['1095'], '1082': ['1082'], '1084': ['1084', '1042', '1085', '1086', '1087'], '1096': ['1096'], '1136': ['1136'], '1138': ['1138'], '1041': ['1041'], '1126': ['1126'], '1125': ['1125'], '1127': ['1127'], '1128': ['1128', '1131', '1132', '1130', '1133'], '1129': ['1129'], '1032': ['1032', '1052', '1063', '1053', '1049'], '1160': ['1160'], '1051': ['1051'], '1055': ['1055'], '1057': ['1057'], '1060': ['1060'], '1071': ['1071'], '1147': ['1147'], '1148': ['1148', '1158', '1157', '1159'], '1161': ['1161'], '1066': ['1066'], '1056': ['1056'], '1061': ['1061'], '1072': ['1072'], '1162': ['1162'], '1033': ['1033', '1101', '1102', '1098', '1099', '1100', '1103', '1108', '1107'], '1109': ['1109'], '1153': ['1153', '1154', '1155', '1156', '1152'], '1105': ['1105'], '1106': ['1106'], '1113': ['1113'], '1110': ['1110'], '1104': ['1104'], '1114': ['1114'], '1038': ['1038'], '1048': ['1048'], '1050': ['1050'], '1054': ['1054'], '1068': ['1068'], '1039': ['1039', '1097', '1112', '1035', '1111'], '1034': ['1034'], '1067': ['1067'], '1030': ['1030'], '1046': ['1046'], '1069': ['1069'], '1058': ['1058'], '1059': ['1059'], '1064': ['1064'], '1065': ['1065'], '1047': ['1047'], '1070': ['1070'], '1031': ['1031'], '1083': ['1083'], '1089': ['1089', '1149', '1044', '1090', '1091', '1093', '1094', '1037'], '1043': ['1043', '1121', '1122', '1123', '1045'], '1124': ['1124'], '1036': ['1036'], '1092': ['1092'], '1150': ['1150'], '1145': ['1145'], '1151': ['1151'], '1144': ['1144'], '1088': ['1088', '1142', '1141', '1143', '1139'], '1115': ['1115'], '1062': ['1062'], '1077': ['1077', '1075', '1076', '1073', '1074'], '1117': ['1117', '1118', '1116', '1119', '1120'], '1146': ['1146'], '1078': ['1078'], '1135': ['1135'], '1137': ['1137'], '1140': ['1140'], '1134': ['1134']})"
79,"defaultdict(<class 'list'>, {'1040': ['1040', '1080', '1079', '1081', '1078'], '1095': ['1095'], '1082': ['1082', '1084', '1042', '1083', '1085'], '1096': ['1096'], '1136': ['1136'], '1138': ['1138'], '1041': ['1041', '1126', '1125', '1127', '1124'], '1128': ['1128', '1131', '1132', '1130', '1133'], '1129': ['1129'], '1032': ['1032', '1160', '1161', '1162', '1146'], '1052': ['1052'], '1063': ['1063'], '1051': ['1051'], '1055': ['1055'], '1057': ['1057'], '1060': ['1060'], '1071': ['1071'], '1147': ['1147'], '1148': ['1148', '1158', '1157', '1159', '1156'], '1053': ['1053'], '1066': ['1066'], '1056': ['1056'], '1061': ['1061'], '1072': ['1072'], '1033': ['1033', '1153', '1154', '1155', '1152'], '1101': ['1101'], '1109': ['1109'], '1102': ['1102', '1103', '1104', '1117', '1118', '1039', '1097', '1098', '1099', '1035', '1112', '1111'], '1105': ['1105', '1106', '1107', '1058', '1059'], '1113': ['1113'], '1108': ['1108', '1115', '1116', '1119'], '1110': ['1110'], '1114': ['1114'], '1038': ['1038'], '1048': ['1048'], '1049': ['1049'], '1050': ['1050'], '1054': ['1054'], '1068': ['1068', '1077', '1075', '1076', '1074'], '1100': ['1100'], '1034': ['1034'], '1067': ['1067'], '1030': ['1030'], '1046': ['1046'], '1069': ['1069'], '1064': ['1064'], '1065': ['1065'], '1047': ['1047'], '1070': ['1070'], '1031': ['1031'], '1086': ['1086'], '1089': ['1089'], '1043': ['1043'], '1121': ['1121'], '1122': ['1122'], '1123': ['1123'], '1036': ['1036'], '1092': ['1092'], '1150': ['1150'], '1093': ['1093', '1094', '1151', '1149', '1037'], '1145': ['1145'], '1144': ['1144'], '1044': ['1044'], '1087': ['1087'], '1088': ['1088'], '1090': ['1090'], '1142': ['1142'], '1141': ['1141'], '1091': ['1091'], '1143': ['1143'], '1045': ['1045'], '1062': ['1062'], '1073': ['1073'], '1135': ['1135'], '1137': ['1137'], '1140': ['1140'], '1139': ['1139'], '1120': ['1120'], '1134': ['1134']})"
79,"defaultdict(<class 'list'>, {'1040': ['1040'], '1080': ['1080'], '1079': ['1079', '1077', '1075', '1076', '1074'], '1081': ['1081'], '1095': ['1095'], '1082': ['1082'], '1084': ['1084', '1042', '1085', '1086', '1089', '1044', '1087', '1090', '1091'], '1096': ['1096'], '1136': ['1136'], '1138': ['1138'], '1041': ['1041'], '1126': ['1126'], '1125': ['1125'], '1127': ['1127'], '1128': ['1128'], '1129': ['1129'], '1131': ['1131'], '1032': ['1032', '1052', '1063', '1053', '1049'], '1160': ['1160', '1147', '1161', '1145', '1146'], '1051': ['1051', '1038', '1048', '1050', '1034'], '1055': ['1055'], '1057': ['1057'], '1060': ['1060'], '1071': ['1071'], '1148': ['1148', '1158', '1157', '1159', '1156'], '1066': ['1066', '1068', '1067'], '1056': ['1056'], '1061': ['1061'], '1072': ['1072'], '1162': ['1162'], '1033': ['1033', '1101', '1109', '1153', '1100'], '1102': ['1102'], '1103': ['1103'], '1105': ['1105', '1106', '1107', '1058', '1059'], '1113': ['1113'], '1154': ['1154'], '1155': ['1155'], '1108': ['1108'], '1110': ['1110'], '1104': ['1104'], '1114': ['1114'], '1054': ['1054'], '1039': ['1039', '1097', '1098', '1099', '1035', '1112', '1111', '1117', '1118'], '1030': ['1030'], '1046': ['1046'], '1069': ['1069', '1064', '1065', '1070', '1031'], '1047': ['1047'], '1083': ['1083'], '1043': ['1043'], '1121': ['1121'], '1122': ['1122'], '1123': ['1123'], '1124': ['1124'], '1036': ['1036'], '1092': ['1092'], '1150': ['1150'], '1093': ['1093', '1094', '1151', '1149', '1037'], '1144': ['1144'], '1088': ['1088'], '1142': ['1142'], '1141': ['1141'], '1143': ['1143'], '1045': ['1045'], '1115': ['1115'], '1062': ['1062'], '1152': ['1152'], '1073': ['1073'], '1078': ['1078'], '1116': ['1116'], '1135': ['1135'], '1137': ['1137'], '1140': ['1140'], '1139': ['1139'], '1119': ['1119'], '1120': ['1120'], '1132': ['1132'], '1130': ['1130'], '1134': ['1134'], '1133': ['1133']})"
79,"defaultdict(<class 'list'>, {'1040': ['1040'], '1080': ['1080', '1079', '1077', '1076', '1078'], '1081': ['1081'], '1095': ['1095'], '1082': ['1082', '1084', '1042', '1083', '1085'], '1096': ['1096'], '1136': ['1136'], '1138': ['1138'], '1041': ['1041', '1126', '1125', '1127', '1124', '1129', '1122', '1123', '1045'], '1128': ['1128', '1131', '1132', '1130', '1133'], '1032': ['1032', '1160', '1161', '1162', '1146', '1147', '1148', '1158', '1157', '1159', '1155', '1156'], '1052': ['1052'], '1063': ['1063'], '1051': ['1051', '1038', '1048', '1068', '1034', '1067', '1049', '1050'], '1055': ['1055'], '1057': ['1057'], '1060': ['1060'], '1071': ['1071'], '1053': ['1053'], '1066': ['1066', '1110', '1064', '1065', '1031'], '1056': ['1056'], '1061': ['1061', '1062', '1075', '1073', '1074'], '1072': ['1072'], '1033': ['1033'], '1101': ['1101'], '1109': ['1109'], '1153': ['1153'], '1102': ['1102', '1103', '1104', '1098', '1099'], '1105': ['1105'], '1106': ['1106'], '1113': ['1113'], '1154': ['1154'], '1108': ['1108'], '1107': ['1107'], '1114': ['1114', '1115', '1118', '1116', '1119'], '1054': ['1054'], '1039': ['1039'], '1097': ['1097'], '1112': ['1112'], '1100': ['1100'], '1035': ['1035'], '1111': ['1111'], '1030': ['1030'], '1046': ['1046'], '1069': ['1069'], '1058': ['1058'], '1059': ['1059'], '1047': ['1047'], '1070': ['1070'], '1086': ['1086'], '1089': ['1089'], '1043': ['1043'], '1121': ['1121'], '1036': ['1036'], '1092': ['1092'], '1150': ['1150'], '1093': ['1093'], '1094': ['1094'], '1145': ['1145'], '1151': ['1151'], '1144': ['1144'], '1149': ['1149'], '1037': ['1037'], '1044': ['1044'], '1087': ['1087'], '1088': ['1088'], '1090': ['1090'], '1142': ['1142'], '1141': ['1141'], '1091': ['1091'], '1143': ['1143'], '1117': ['1117'], '1152': ['1152'], '1135': ['1135'], '1137': ['1137'], '1140': ['1140'], '1139': ['1139'], '1120': ['1120'], '1134': ['1134']})"
80,"defaultdict(<class 'list'>, {'1040': ['1040'], '1080': ['1080'], '1079': ['1079'], '1081': ['1081'], '1095': ['1095', '1082', '1084', '1083', '1085'], '1096': ['1096', '1138', '1135', '1137', '1139'], '1136': ['1136'], '1041': ['1041'], '1126': ['1126'], '1125': ['1125'], '1127': ['1127'], '1128': ['1128', '1129', '1132', '1130', '1134'], '1131': ['1131'], '1032': ['1032', '1052', '1063', '1053', '1049'], '1160': ['1160', '1147', '1161', '1145', '1146', '1162'], '1051': ['1051'], '1055': ['1055'], '1057': ['1057', '1060', '1061', '1058', '1059'], '1071': ['1071'], '1148': ['1148', '1158', '1157', '1159', '1156'], '1066': ['1066'], '1056': ['1056'], '1072': ['1072'], '1033': ['1033'], '1101': ['1101'], '1109': ['1109'], '1153': ['1153'], '1102': ['1102'], '1103': ['1103'], '1105': ['1105', '1106', '1113', '1107', '1114'], '1154': ['1154'], '1155': ['1155'], '1108': ['1108'], '1110': ['1110'], '1104': ['1104'], '1038': ['1038', '1048', '1068', '1034', '1067'], '1050': ['1050'], '1054': ['1054'], '1039': ['1039', '1097', '1112', '1035', '1111'], '1098': ['1098'], '1099': ['1099'], '1100': ['1100'], '1030': ['1030'], '1046': ['1046'], '1069': ['1069', '1064', '1065', '1070', '1031'], '1047': ['1047'], '1042': ['1042'], '1086': ['1086'], '1089': ['1089'], '1043': ['1043'], '1121': ['1121'], '1122': ['1122'], '1123': ['1123'], '1124': ['1124'], '1036': ['1036'], '1092': ['1092'], '1150': ['1150'], '1093': ['1093', '1094', '1144', '1149', '1037'], '1151': ['1151'], '1044': ['1044'], '1087': ['1087'], '1088': ['1088'], '1090': ['1090'], '1142': ['1142'], '1141': ['1141'], '1091': ['1091'], '1143': ['1143'], '1045': ['1045'], '1115': ['1115', '1118', '1116', '1119', '1120'], '1062': ['1062'], '1077': ['1077'], '1117': ['1117'], '1152': ['1152'], '1075': ['1075'], '1076': ['1076'], '1073': ['1073'], '1078': ['1078'], '1074': ['1074'], '1140': ['1140'], '1133': ['1133']})"
80,"defaultdict(<class 'list'>, {'1040': ['1040', '1080', '1081', '1082', '1078'], '1079': ['1079'], '1095': ['1095'], '1084': ['1084'], '1096': ['1096'], '1136': ['1136'], '1138': ['1138', '1134'], '1041': ['1041', '1126', '1125', '1127', '1124'], '1128': ['1128', '1131', '1132', '1130', '1133'], '1129': ['1129'], '1032': ['1032'], '1052': ['1052'], '1063': ['1063'], '1160': ['1160'], '1051': ['1051'], '1055': ['1055'], '1057': ['1057', '1060', '1061', '1058', '1059'], '1071': ['1071'], '1147': ['1147'], '1148': ['1148'], '1158': ['1158'], '1161': ['1161'], '1053': ['1053'], '1066': ['1066', '1038', '1048', '1068', '1067'], '1056': ['1056', '1077', '1075', '1076', '1074'], '1072': ['1072'], '1157': ['1157'], '1159': ['1159'], '1162': ['1162'], '1033': ['1033'], '1101': ['1101'], '1109': ['1109'], '1153': ['1153', '1154', '1155', '1156', '1152'], '1102': ['1102', '1103', '1104', '1117', '1118'], '1105': ['1105'], '1106': ['1106'], '1113': ['1113'], '1108': ['1108'], '1110': ['1110'], '1107': ['1107'], '1114': ['1114', '1030', '1046', '1069', '1064', '1065', '1070', '1031', '1047'], '1049': ['1049'], '1050': ['1050'], '1054': ['1054'], '1039': ['1039'], '1097': ['1097'], '1098': ['1098'], '1099': ['1099'], '1112': ['1112'], '1100': ['1100'], '1034': ['1034'], '1035': ['1035'], '1111': ['1111'], '1042': ['1042'], '1083': ['1083'], '1085': ['1085'], '1086': ['1086', '1089', '1087', '1090', '1091'], '1043': ['1043'], '1121': ['1121'], '1122': ['1122'], '1123': ['1123'], '1036': ['1036'], '1092': ['1092'], '1150': ['1150'], '1093': ['1093', '1094', '1151', '1149', '1037'], '1145': ['1145'], '1144': ['1144'], '1044': ['1044'], '1088': ['1088', '1142', '1141', '1143', '1139'], '1045': ['1045'], '1115': ['1115'], '1062': ['1062'], '1146': ['1146'], '1073': ['1073'], '1116': ['1116'], '1135': ['1135'], '1137': ['1137'], '1140': ['1140'], '1119': ['1119'], '1120': ['1120']})"
80,"defaultdict(<class 'list'>, {'1040': ['1040', '1080', '1081', '1082', '1078', '1084', '1042', '1083', '1085'], '1079': ['1079'], '1095': ['1095'], '1096': ['1096', '1138', '1135', '1137', '1139'], '1136': ['1136'], '1041': ['1041'], '1126': ['1126'], '1125': ['1125'], '1127': ['1127'], '1128': ['1128', '1131', '1132', '1130', '1133', '1129', '1120', '1134'], '1032': ['1032', '1063', '1071', '1066', '1067'], '1052': ['1052'], '1160': ['1160'], '1051': ['1051'], '1055': ['1055'], '1057': ['1057', '1060', '1061', '1058', '1059'], '1147': ['1147'], '1148': ['1148'], '1158': ['1158'], '1161': ['1161'], '1053': ['1053', '1038', '1048', '1054', '1034'], '1056': ['1056'], '1072': ['1072'], '1157': ['1157'], '1159': ['1159'], '1162': ['1162'], '1033': ['1033'], '1101': ['1101'], '1109': ['1109'], '1153': ['1153'], '1102': ['1102'], '1103': ['1103'], '1105': ['1105', '1106', '1113', '1107', '1114'], '1154': ['1154'], '1155': ['1155'], '1108': ['1108'], '1110': ['1110'], '1104': ['1104'], '1156': ['1156'], '1049': ['1049'], '1050': ['1050'], '1068': ['1068'], '1039': ['1039', '1097', '1098', '1099', '1035', '1112', '1111', '1117', '1118'], '1100': ['1100'], '1030': ['1030'], '1046': ['1046'], '1069': ['1069'], '1064': ['1064'], '1065': ['1065'], '1047': ['1047'], '1070': ['1070'], '1031': ['1031'], '1086': ['1086'], '1089': ['1089'], '1043': ['1043'], '1121': ['1121'], '1122': ['1122'], '1123': ['1123'], '1124': ['1124'], '1036': ['1036', '1092', '1150', '1151', '1149'], '1093': ['1093', '1094', '1144', '1037'], '1145': ['1145'], '1044': ['1044'], '1087': ['1087'], '1088': ['1088', '1142', '1141', '1143'], '1090': ['1090'], '1091': ['1091'], '1045': ['1045'], '1115': ['1115'], '1062': ['1062'], '1077': ['1077'], '1146': ['1146'], '1152': ['1152'], '1075': ['1075'], '1076': ['1076'], '1073': ['1073'], '1074': ['1074'], '1116': ['1116'], '1140': ['1140'], '1119': ['1119']})"
80,"defaultdict(<class 'list'>, {'1040': ['1040', '1080', '1079', '1081', '1078', '1095', '1082', '1084', '1042', '1083', '1085', '1086'], '1096': ['1096', '1138', '1135', '1137', '1139'], '1136': ['1136'], '1041': ['1041'], '1126': ['1126', '1125', '1127', '1043', '1121', '1122', '1123', '1045', '1124'], '1128': ['1128'], '1129': ['1129'], '1131': ['1131'], '1032': ['1032'], '1052': ['1052'], '1063': ['1063'], '1160': ['1160'], '1051': ['1051'], '1055': ['1055'], '1057': ['1057', '1060', '1071', '1061', '1105', '1106', '1107', '1058', '1059'], '1147': ['1147'], '1148': ['1148'], '1158': ['1158'], '1161': ['1161'], '1053': ['1053'], '1066': ['1066'], '1056': ['1056', '1077', '1075', '1076', '1074'], '1072': ['1072'], '1157': ['1157'], '1159': ['1159'], '1162': ['1162'], '1033': ['1033'], '1101': ['1101'], '1109': ['1109'], '1153': ['1153'], '1102': ['1102'], '1103': ['1103'], '1113': ['1113', '1114', '1115'], '1154': ['1154'], '1155': ['1155'], '1108': ['1108'], '1110': ['1110'], '1104': ['1104'], '1156': ['1156'], '1038': ['1038', '1048', '1068', '1034', '1067'], '1049': ['1049'], '1050': ['1050'], '1054': ['1054'], '1039': ['1039', '1097', '1098', '1099', '1035'], '1112': ['1112'], '1100': ['1100'], '1111': ['1111'], '1030': ['1030', '1046', '1069', '1047', '1070'], '1064': ['1064'], '1065': ['1065'], '1031': ['1031'], '1089': ['1089'], '1036': ['1036'], '1092': ['1092'], '1150': ['1150'], '1093': ['1093'], '1094': ['1094'], '1145': ['1145'], '1151': ['1151'], '1144': ['1144'], '1149': ['1149'], '1037': ['1037'], '1044': ['1044'], '1087': ['1087'], '1088': ['1088'], '1090': ['1090'], '1142': ['1142'], '1141': ['1141'], '1091': ['1091'], '1143': ['1143'], '1062': ['1062'], '1117': ['1117', '1118', '1116', '1119', '1120'], '1146': ['1146'], '1152': ['1152'], '1073': ['1073'], '1140': ['1140'], '1132': ['1132'], '1130': ['1130'], '1134': ['1134'], '1133': ['1133']})"
80,"defaultdict(<class 'list'>, {'1040': ['1040', '1080', '1081', '1082', '1078', '1079', '1095', '1096', '1083'], '1084': ['1084'], '1136': ['1136'], '1138': ['1138'], '1041': ['1041'], '1126': ['1126'], '1125': ['1125'], '1127': ['1127'], '1128': ['1128'], '1129': ['1129'], '1131': ['1131'], '1032': ['1032', '1160', '1161', '1162', '1146'], '1052': ['1052', '1051', '1053', '1049', '1050'], '1063': ['1063'], '1055': ['1055', '1056', '1075', '1076', '1074'], '1057': ['1057'], '1060': ['1060'], '1071': ['1071'], '1147': ['1147'], '1148': ['1148'], '1158': ['1158'], '1066': ['1066'], '1061': ['1061'], '1072': ['1072'], '1157': ['1157'], '1159': ['1159'], '1033': ['1033'], '1101': ['1101', '1102', '1098', '1099', '1100'], '1109': ['1109'], '1153': ['1153', '1154', '1155', '1156', '1152'], '1103': ['1103'], '1105': ['1105'], '1106': ['1106'], '1113': ['1113'], '1108': ['1108'], '1110': ['1110', '1111', '1064', '1065', '1031'], '1104': ['1104'], '1107': ['1107'], '1114': ['1114'], '1038': ['1038', '1048', '1068', '1034', '1067'], '1054': ['1054'], '1039': ['1039'], '1097': ['1097'], '1112': ['1112'], '1035': ['1035'], '1030': ['1030', '1046', '1069', '1047', '1070'], '1058': ['1058'], '1059': ['1059'], '1042': ['1042'], '1085': ['1085'], '1086': ['1086'], '1089': ['1089'], '1043': ['1043', '1121', '1122', '1123', '1045'], '1124': ['1124'], '1036': ['1036'], '1092': ['1092'], '1150': ['1150'], '1093': ['1093'], '1094': ['1094'], '1145': ['1145'], '1151': ['1151'], '1144': ['1144'], '1149': ['1149'], '1037': ['1037'], '1044': ['1044'], '1087': ['1087'], '1088': ['1088', '1142', '1141', '1143', '1140'], '1090': ['1090'], '1091': ['1091'], '1115': ['1115'], '1062': ['1062'], '1077': ['1077'], '1117': ['1117', '1118', '1116', '1119', '1120'], '1073': ['1073'], '1135': ['1135', '1134'], '1137': ['1137'], '1139': ['1139'], '1132': ['1132'], '1130': ['1130'], '1133': ['1133']})"
80,"defaultdict(<class 'list'>, {'1040': ['1040'], '1080': ['1080', '1079', '1077', '1076', '1078'], '1081': ['1081'], '1095': ['1095'], '1082': ['1082'], '1084': ['1084'], '1096': ['1096', '1138', '1135', '1137', '1139'], '1136': ['1136'], '1041': ['1041', '1126', '1125', '1127', '1124'], '1128': ['1128', '1131', '1132', '1130', '1133'], '1129': ['1129'], '1032': ['1032', '1160', '1161', '1162', '1146'], '1052': ['1052'], '1063': ['1063'], '1051': ['1051', '1055', '1056', '1049', '1050'], '1057': ['1057'], '1060': ['1060'], '1071': ['1071'], '1147': ['1147'], '1148': ['1148'], '1158': ['1158'], '1053': ['1053', '1038', '1048', '1054', '1034'], '1066': ['1066'], '1061': ['1061'], '1072': ['1072'], '1157': ['1157'], '1159': ['1159'], '1033': ['1033', '1101', '1109', '1153', '1100'], '1102': ['1102', '1103', '1104', '1117', '1118'], '1105': ['1105'], '1106': ['1106'], '1113': ['1113'], '1154': ['1154', '1151', '1152'], '1155': ['1155'], '1108': ['1108'], '1110': ['1110'], '1107': ['1107'], '1114': ['1114'], '1156': ['1156'], '1068': ['1068'], '1039': ['1039', '1097', '1112', '1035', '1111'], '1098': ['1098'], '1099': ['1099'], '1067': ['1067'], '1030': ['1030'], '1046': ['1046'], '1069': ['1069'], '1058': ['1058'], '1059': ['1059'], '1064': ['1064'], '1065': ['1065'], '1047': ['1047'], '1070': ['1070'], '1031': ['1031'], '1042': ['1042'], '1083': ['1083'], '1085': ['1085'], '1086': ['1086', '1089', '1044', '1087', '1090'], '1043': ['1043'], '1121': ['1121'], '1122': ['1122'], '1123': ['1123'], '1036': ['1036'], '1092': ['1092'], '1150': ['1150'], '1093': ['1093', '1094', '1144', '1149', '1037'], '1145': ['1145'], '1088': ['1088', '1142', '1141', '1143'], '1091': ['1091'], '1045': ['1045'], '1115': ['1115'], '1062': ['1062'], '1075': ['1075'], '1073': ['1073'], '1074': ['1074'], '1116': ['1116'], '1140': ['1140'], '1119': ['1119'], '1120': ['1120'], '1134': ['1134']})"
81,"defaultdict(<class 'list'>, {'1040': ['1040', '1080', '1081', '1082', '1078', '1079', '1095', '1096', '1083'], '1084': ['1084'], '1136': ['1136'], '1138': ['1138'], '1041': ['1041'], '1126': ['1126'], '1125': ['1125'], '1127': ['1127'], '1128': ['1128'], '1129': ['1129'], '1131': ['1131'], '1032': ['1032', '1160', '1161', '1162', '1146'], '1052': ['1052', '1051', '1053', '1049', '1050'], '1063': ['1063'], '1055': ['1055', '1056', '1075', '1076', '1074'], '1057': ['1057'], '1060': ['1060'], '1071': ['1071'], '1147': ['1147'], '1148': ['1148'], '1158': ['1158'], '1066': ['1066'], '1061': ['1061'], '1072': ['1072'], '1157': ['1157'], '1159': ['1159'], '1033': ['1033'], '1101': ['1101', '1102', '1098', '1099', '1100'], '1109': ['1109'], '1153': ['1153', '1154', '1155', '1156', '1152'], '1103': ['1103'], '1105': ['1105'], '1106': ['1106'], '1113': ['1113'], '1108': ['1108'], '1110': ['1110', '1111', '1064', '1065', '1031'], '1104': ['1104'], '1107': ['1107'], '1114': ['1114'], '1038': ['1038', '1048', '1068', '1034', '1067'], '1054': ['1054'], '1039': ['1039'], '1097': ['1097'], '1112': ['1112'], '1035': ['1035'], '1030': ['1030', '1046', '1069', '1047', '1070'], '1058': ['1058'], '1059': ['1059'], '1042': ['1042'], '1085': ['1085'], '1086': ['1086'], '1089': ['1089'], '1043': ['1043', '1121', '1122', '1123', '1045'], '1124': ['1124'], '1036': ['1036'], '1092': ['1092'], '1150': ['1150'], '1093': ['1093'], '1094': ['1094'], '1145': ['1145'], '1151': ['1151'], '1144': ['1144'], '1149': ['1149'], '1037': ['1037'], '1044': ['1044'], '1087': ['1087'], '1088': ['1088', '1142', '1141', '1143', '1140'], '1090': ['1090'], '1091': ['1091'], '1115': ['1115'], '1062': ['1062'], '1077': ['1077'], '1117': ['1117', '1118', '1116', '1119', '1120'], '1073': ['1073'], '1135': ['1135'], '1137': ['1137'], '1139': ['1139'], '1132': ['1132'], '1130': ['1130'], '1134': ['1134'], '1133': ['1133']})"
81,"defaultdict(<class 'list'>, {'1040': ['1040', '1080', '1079', '1081', '1078'], '1095': ['1095'], '1082': ['1082'], '1084': ['1084'], '1096': ['1096', '1138', '1135', '1137', '1139'], '1136': ['1136'], '1041': ['1041', '1126', '1125', '1127', '1124'], '1128': ['1128', '1131', '1132', '1130', '1133'], '1129': ['1129'], '1032': ['1032', '1160', '1161', '1162', '1146'], '1052': ['1052'], '1063': ['1063', '1057', '1071', '1066', '1067'], '1051': ['1051'], '1055': ['1055'], '1060': ['1060'], '1147': ['1147'], '1148': ['1148', '1158', '1157', '1159', '1156'], '1053': ['1053', '1038', '1048', '1054', '1034'], '1056': ['1056'], '1061': ['1061', '1062', '1075', '1073', '1074'], '1072': ['1072'], '1033': ['1033'], '1101': ['1101'], '1109': ['1109'], '1153': ['1153'], '1102': ['1102'], '1103': ['1103'], '1105': ['1105', '1106', '1107', '1058', '1059'], '1113': ['1113'], '1154': ['1154'], '1155': ['1155'], '1108': ['1108'], '1110': ['1110'], '1104': ['1104'], '1114': ['1114'], '1049': ['1049'], '1050': ['1050'], '1068': ['1068'], '1039': ['1039'], '1097': ['1097'], '1098': ['1098'], '1099': ['1099'], '1112': ['1112'], '1100': ['1100'], '1035': ['1035'], '1111': ['1111'], '1030': ['1030'], '1046': ['1046'], '1069': ['1069', '1064', '1065', '1070', '1031'], '1047': ['1047'], '1042': ['1042'], '1083': ['1083'], '1085': ['1085'], '1086': ['1086', '1089', '1044', '1087', '1090'], '1043': ['1043'], '1121': ['1121'], '1122': ['1122'], '1123': ['1123'], '1036': ['1036'], '1092': ['1092'], '1150': ['1150'], '1093': ['1093'], '1094': ['1094'], '1145': ['1145'], '1151': ['1151'], '1144': ['1144'], '1149': ['1149'], '1037': ['1037'], '1088': ['1088', '1142', '1141', '1143', '1140'], '1091': ['1091'], '1045': ['1045'], '1115': ['1115'], '1077': ['1077'], '1117': ['1117'], '1152': ['1152'], '1076': ['1076'], '1118': ['1118'], '1116': ['1116'], '1119': ['1119'], '1120': ['1120'], '1134': ['1134']})"
81,"defaultdict(<class 'list'>, {'1040': ['1040', '1080', '1081', '1095', '1082', '1084', '1042', '1083', '1085'], '1079': ['1079', '1077', '1075', '1076', '1074'], '1096': ['1096', '1138', '1135', '1137', '1139'], '1136': ['1136'], '1041': ['1041'], '1126': ['1126'], '1125': ['1125'], '1127': ['1127'], '1128': ['1128'], '1129': ['1129'], '1131': ['1131'], '1032': ['1032', '1160', '1161', '1162', '1146'], '1052': ['1052'], '1063': ['1063'], '1051': ['1051', '1055', '1056', '1049', '1050'], '1057': ['1057', '1060', '1061', '1105', '1106', '1107', '1058', '1059', '1062'], '1071': ['1071'], '1147': ['1147'], '1148': ['1148', '1158', '1157', '1159', '1156'], '1053': ['1053'], '1066': ['1066'], '1072': ['1072'], '1033': ['1033', '1153', '1154', '1155', '1152'], '1101': ['1101'], '1109': ['1109'], '1102': ['1102'], '1103': ['1103'], '1113': ['1113'], '1108': ['1108'], '1110': ['1110'], '1104': ['1104'], '1114': ['1114'], '1038': ['1038', '1048', '1068', '1034', '1067'], '1054': ['1054'], '1039': ['1039'], '1097': ['1097'], '1098': ['1098'], '1099': ['1099'], '1112': ['1112'], '1100': ['1100'], '1035': ['1035'], '1111': ['1111'], '1030': ['1030'], '1046': ['1046'], '1069': ['1069'], '1064': ['1064'], '1065': ['1065'], '1047': ['1047'], '1070': ['1070'], '1031': ['1031'], '1086': ['1086', '1087', '1088', '1141', '1143'], '1089': ['1089'], '1043': ['1043', '1121', '1122', '1123', '1045'], '1124': ['1124'], '1036': ['1036'], '1092': ['1092'], '1150': ['1150'], '1093': ['1093'], '1094': ['1094'], '1145': ['1145'], '1151': ['1151'], '1144': ['1144'], '1149': ['1149'], '1037': ['1037'], '1044': ['1044'], '1090': ['1090'], '1142': ['1142'], '1091': ['1091'], '1115': ['1115'], '1117': ['1117'], '1118': ['1118'], '1073': ['1073'], '1078': ['1078'], '1116': ['1116'], '1140': ['1140'], '1119': ['1119'], '1120': ['1120'], '1132': ['1132'], '1130': ['1130'], '1134': ['1134'], '1133': ['1133']})"
81,"defaultdict(<class 'list'>, {'1040': ['1040', '1080', '1079', '1081', '1078'], '1095': ['1095'], '1082': ['1082'], '1084': ['1084'], '1096': ['1096'], '1136': ['1136'], '1138': ['1138'], '1041': ['1041'], '1126': ['1126', '1125', '1127', '1128', '1124'], '1129': ['1129', '1131', '1120', '1130', '1134'], '1032': ['1032', '1160', '1161', '1162', '1146'], '1052': ['1052', '1053', '1049', '1050', '1054'], '1063': ['1063'], '1051': ['1051'], '1055': ['1055'], '1057': ['1057'], '1060': ['1060'], '1071': ['1071'], '1147': ['1147'], '1148': ['1148'], '1158': ['1158'], '1066': ['1066'], '1056': ['1056'], '1061': ['1061'], '1072': ['1072'], '1157': ['1157'], '1159': ['1159'], '1033': ['1033'], '1101': ['1101'], '1109': ['1109'], '1153': ['1153', '1154', '1155', '1156', '1152'], '1102': ['1102'], '1103': ['1103'], '1105': ['1105'], '1106': ['1106'], '1113': ['1113'], '1108': ['1108'], '1110': ['1110'], '1104': ['1104'], '1107': ['1107'], '1114': ['1114'], '1038': ['1038'], '1048': ['1048'], '1068': ['1068'], '1039': ['1039', '1097', '1098', '1099', '1035', '1112', '1111', '1117', '1118'], '1100': ['1100'], '1034': ['1034'], '1067': ['1067'], '1030': ['1030'], '1046': ['1046'], '1069': ['1069'], '1058': ['1058'], '1059': ['1059'], '1064': ['1064'], '1065': ['1065'], '1047': ['1047'], '1070': ['1070'], '1031': ['1031'], '1042': ['1042'], '1083': ['1083'], '1085': ['1085'], '1086': ['1086', '1089', '1044', '1087', '1090'], '1043': ['1043', '1121', '1122', '1123', '1045'], '1036': ['1036'], '1092': ['1092'], '1150': ['1150'], '1093': ['1093', '1094', '1151', '1149', '1037'], '1145': ['1145'], '1144': ['1144'], '1088': ['1088', '1142', '1141', '1143', '1139'], '1091': ['1091'], '1115': ['1115'], '1062': ['1062'], '1077': ['1077', '1075', '1076', '1073', '1074'], '1116': ['1116'], '1135': ['1135'], '1137': ['1137'], '1140': ['1140'], '1119': ['1119'], '1132': ['1132'], '1133': ['1133']})"
81,"defaultdict(<class 'list'>, {'1040': ['1040'], '1080': ['1080'], '1079': ['1079'], '1081': ['1081'], '1095': ['1095'], '1082': ['1082'], '1084': ['1084'], '1096': ['1096', '1136', '1135', '1137', '1140'], '1138': ['1138'], '1041': ['1041'], '1126': ['1126'], '1125': ['1125'], '1127': ['1127'], '1128': ['1128'], '1129': ['1129'], '1131': ['1131'], '1032': ['1032', '1160', '1161', '1162', '1146'], '1052': ['1052', '1051', '1053', '1049', '1050'], '1063': ['1063'], '1055': ['1055'], '1057': ['1057'], '1060': ['1060'], '1071': ['1071'], '1147': ['1147'], '1148': ['1148', '1158', '1157', '1159', '1153', '1154', '1155', '1156', '1152'], '1066': ['1066'], '1056': ['1056'], '1061': ['1061'], '1072': ['1072', '1075', '1076', '1073', '1074'], '1033': ['1033'], '1101': ['1101'], '1109': ['1109'], '1102': ['1102'], '1103': ['1103'], '1105': ['1105'], '1106': ['1106'], '1113': ['1113'], '1108': ['1108'], '1110': ['1110'], '1104': ['1104'], '1107': ['1107'], '1114': ['1114'], '1038': ['1038', '1048', '1068', '1034', '1067'], '1054': ['1054'], '1039': ['1039', '1097', '1112', '1035', '1111', '1098', '1099', '1117', '1118'], '1100': ['1100'], '1030': ['1030'], '1046': ['1046'], '1069': ['1069', '1064', '1065', '1070', '1031'], '1058': ['1058'], '1059': ['1059'], '1047': ['1047'], '1042': ['1042'], '1083': ['1083'], '1085': ['1085'], '1086': ['1086', '1089', '1044', '1087', '1090'], '1043': ['1043'], '1121': ['1121'], '1122': ['1122'], '1123': ['1123'], '1124': ['1124'], '1036': ['1036'], '1092': ['1092'], '1150': ['1150'], '1093': ['1093', '1094', '1151', '1149', '1037'], '1145': ['1145'], '1144': ['1144'], '1088': ['1088', '1142', '1141', '1143', '1139'], '1091': ['1091'], '1045': ['1045'], '1115': ['1115'], '1062': ['1062'], '1077': ['1077'], '1078': ['1078'], '1116': ['1116'], '1119': ['1119'], '1120': ['1120'], '1132': ['1132'], '1130': ['1130'], '1134': ['1134'], '1133': ['1133']})"
81,"defaultdict(<class 'list'>, {'1040': ['1040'], '1080': ['1080'], '1079': ['1079'], '1081': ['1081'], '1095': ['1095'], '1082': ['1082'], '1084': ['1084'], '1096': ['1096'], '1136': ['1136'], '1138': ['1138'], '1041': ['1041'], '1126': ['1126'], '1125': ['1125'], '1127': ['1127'], '1128': ['1128', '1131', '1132', '1130', '1133', '1129', '1120', '1134'], '1032': ['1032', '1052', '1053', '1038', '1048', '1054', '1034', '1049', '1050', '1068'], '1063': ['1063'], '1160': ['1160', '1147', '1161', '1162', '1146'], '1051': ['1051', '1055', '1056', '1046', '1047'], '1057': ['1057'], '1060': ['1060'], '1071': ['1071'], '1148': ['1148', '1158', '1157', '1159', '1156'], '1066': ['1066', '1067', '1064', '1065', '1031'], '1061': ['1061', '1062', '1075', '1073', '1074'], '1072': ['1072'], '1033': ['1033', '1153', '1154', '1155', '1152'], '1101': ['1101'], '1109': ['1109'], '1102': ['1102'], '1103': ['1103'], '1105': ['1105'], '1106': ['1106'], '1113': ['1113'], '1108': ['1108'], '1110': ['1110'], '1104': ['1104'], '1107': ['1107'], '1114': ['1114'], '1039': ['1039', '1097', '1098', '1099', '1035'], '1112': ['1112'], '1100': ['1100'], '1111': ['1111'], '1030': ['1030'], '1069': ['1069'], '1058': ['1058'], '1059': ['1059'], '1070': ['1070'], '1042': ['1042'], '1083': ['1083'], '1085': ['1085'], '1086': ['1086', '1089', '1044', '1087', '1090'], '1043': ['1043', '1121', '1122', '1123', '1045'], '1124': ['1124'], '1036': ['1036'], '1092': ['1092'], '1150': ['1150'], '1093': ['1093'], '1094': ['1094'], '1145': ['1145'], '1151': ['1151'], '1144': ['1144'], '1149': ['1149'], '1037': ['1037'], '1088': ['1088'], '1142': ['1142'], '1141': ['1141'], '1091': ['1091'], '1143': ['1143'], '1115': ['1115'], '1077': ['1077'], '1117': ['1117'], '1076': ['1076'], '1118': ['1118'], '1078': ['1078'], '1116': ['1116'], '1135': ['1135'], '1137': ['1137'], '1140': ['1140'], '1139': ['1139'], '1119': ['1119']})"
81,"defaultdict(<class 'list'>, {'1040': ['1040', '1080', '1079', '1081', '1078'], '1095': ['1095'], '1082': ['1082'], '1084': ['1084', '1042', '1085', '1086', '1089', '1044', '1087', '1090', '1091'], '1096': ['1096', '1138', '1135', '1137', '1139'], '1136': ['1136'], '1041': ['1041'], '1126': ['1126'], '1125': ['1125'], '1127': ['1127'], '1128': ['1128'], '1129': ['1129'], '1131': ['1131'], '1032': ['1032', '1052', '1063', '1053', '1049'], '1160': ['1160'], '1051': ['1051'], '1055': ['1055'], '1057': ['1057'], '1060': ['1060'], '1071': ['1071'], '1147': ['1147', '1148', '1158', '1157', '1159'], '1161': ['1161'], '1066': ['1066'], '1056': ['1056'], '1061': ['1061'], '1072': ['1072'], '1162': ['1162'], '1033': ['1033'], '1101': ['1101'], '1109': ['1109'], '1153': ['1153', '1154', '1155', '1156', '1152'], '1102': ['1102'], '1103': ['1103'], '1105': ['1105', '1106', '1113', '1107', '1114'], '1108': ['1108'], '1110': ['1110'], '1104': ['1104'], '1038': ['1038', '1048', '1068', '1034', '1067'], '1050': ['1050'], '1054': ['1054'], '1039': ['1039'], '1097': ['1097'], '1098': ['1098'], '1099': ['1099'], '1112': ['1112'], '1100': ['1100'], '1035': ['1035'], '1111': ['1111'], '1030': ['1030'], '1046': ['1046'], '1069': ['1069', '1064', '1065', '1070', '1031'], '1058': ['1058'], '1059': ['1059'], '1047': ['1047'], '1083': ['1083'], '1043': ['1043', '1121', '1122', '1123', '1045'], '1124': ['1124'], '1036': ['1036'], '1092': ['1092'], '1150': ['1150'], '1093': ['1093', '1094', '1144', '1149', '1037'], '1145': ['1145'], '1151': ['1151'], '1088': ['1088'], '1142': ['1142'], '1141': ['1141'], '1143': ['1143'], '1115': ['1115'], '1062': ['1062'], '1077': ['1077'], '1117': ['1117', '1118', '1116', '1119', '1120'], '1146': ['1146'], '1075': ['1075'], '1076': ['1076'], '1073': ['1073'], '1074': ['1074'], '1140': ['1140'], '1132': ['1132'], '1130': ['1130'], '1134': ['1134'], '1133': ['1133']})"
81,"defaultdict(<class 'list'>, {'1040': ['1040'], '1080': ['1080'], '1079': ['1079'], '1081': ['1081'], '1095': ['1095'], '1082': ['1082', '1084', '1042', '1083', '1085'], '1096': ['1096', '1138', '1135', '1137', '1139'], '1136': ['1136'], '1041': ['1041', '1126', '1125', '1127', '1124'], '1128': ['1128', '1131', '1132', '1130', '1133'], '1129': ['1129'], '1032': ['1032', '1160', '1161', '1162', '1146'], '1052': ['1052'], '1063': ['1063', '1057', '1060', '1071', '1061'], '1051': ['1051'], '1055': ['1055'], '1147': ['1147'], '1148': ['1148'], '1158': ['1158'], '1053': ['1053'], '1066': ['1066', '1038', '1048', '1068', '1034', '1067', '1064', '1065', '1031'], '1056': ['1056'], '1072': ['1072'], '1157': ['1157'], '1159': ['1159'], '1033': ['1033'], '1101': ['1101', '1102', '1098', '1099', '1100'], '1109': ['1109'], '1153': ['1153', '1154', '1155', '1151', '1152'], '1103': ['1103'], '1105': ['1105'], '1106': ['1106'], '1113': ['1113'], '1108': ['1108'], '1110': ['1110'], '1104': ['1104', '1030', '1046', '1047', '1117'], '1107': ['1107'], '1114': ['1114'], '1156': ['1156'], '1049': ['1049'], '1050': ['1050'], '1054': ['1054'], '1039': ['1039'], '1097': ['1097'], '1112': ['1112'], '1035': ['1035'], '1111': ['1111'], '1069': ['1069'], '1058': ['1058'], '1059': ['1059'], '1070': ['1070'], '1086': ['1086', '1087', '1088', '1141', '1143'], '1089': ['1089'], '1043': ['1043'], '1121': ['1121'], '1122': ['1122'], '1123': ['1123'], '1036': ['1036'], '1092': ['1092'], '1150': ['1150'], '1093': ['1093'], '1094': ['1094'], '1145': ['1145'], '1144': ['1144'], '1149': ['1149'], '1037': ['1037'], '1044': ['1044'], '1090': ['1090'], '1142': ['1142'], '1091': ['1091'], '1045': ['1045'], '1115': ['1115'], '1062': ['1062'], '1077': ['1077', '1075', '1076', '1073', '1074'], '1118': ['1118'], '1078': ['1078'], '1116': ['1116'], '1140': ['1140'], '1119': ['1119'], '1120': ['1120'], '1134': ['1134']})"
81,"defaultdict(<class 'list'>, {'1040': ['1040'], '1080': ['1080'], '1079': ['1079'], '1081': ['1081'], '1095': ['1095'], '1082': ['1082', '1084', '1042', '1083', '1085'], '1096': ['1096'], '1136': ['1136'], '1138': ['1138'], '1041': ['1041'], '1126': ['1126'], '1125': ['1125'], '1127': ['1127'], '1128': ['1128', '1131', '1132', '1130', '1133'], '1129': ['1129'], '1032': ['1032', '1052', '1063', '1053', '1049'], '1160': ['1160'], '1051': ['1051'], '1055': ['1055'], '1057': ['1057'], '1060': ['1060'], '1071': ['1071'], '1147': ['1147'], '1148': ['1148', '1158', '1157', '1159', '1156'], '1161': ['1161'], '1066': ['1066'], '1056': ['1056'], '1061': ['1061'], '1072': ['1072'], '1162': ['1162'], '1033': ['1033', '1153', '1154', '1155', '1152'], '1101': ['1101'], '1109': ['1109'], '1102': ['1102'], '1103': ['1103'], '1105': ['1105', '1106', '1107', '1058', '1059'], '1113': ['1113'], '1108': ['1108'], '1110': ['1110'], '1104': ['1104'], '1114': ['1114', '1030', '1046', '1069', '1064', '1065', '1070', '1031', '1047'], '1038': ['1038', '1048', '1068', '1034', '1067'], '1050': ['1050'], '1054': ['1054'], '1039': ['1039', '1097', '1098', '1099', '1035'], '1112': ['1112'], '1100': ['1100'], '1111': ['1111'], '1086': ['1086', '1089', '1044', '1087', '1090'], '1043': ['1043', '1121', '1122', '1123', '1045'], '1124': ['1124'], '1036': ['1036', '1092', '1150', '1151', '1149'], '1093': ['1093'], '1094': ['1094'], '1145': ['1145'], '1144': ['1144'], '1037': ['1037'], '1088': ['1088'], '1142': ['1142'], '1141': ['1141'], '1091': ['1091'], '1143': ['1143'], '1115': ['1115'], '1062': ['1062'], '1077': ['1077'], '1117': ['1117'], '1146': ['1146'], '1075': ['1075'], '1076': ['1076'], '1118': ['1118'], '1073': ['1073'], '1078': ['1078'], '1074': ['1074'], '1116': ['1116'], '1135': ['1135'], '1137': ['1137'], '1140': ['1140'], '1139': ['1139'], '1119': ['1119'], '1120': ['1120'], '1134': ['1134']})"
81,"defaultdict(<class 'list'>, {'1040': ['1040', '1080', '1081', '1082', '1078'], '1079': ['1079', '1077', '1075', '1076', '1074'], '1095': ['1095'], '1084': ['1084', '1042', '1085', '1086', '1089', '1044', '1087', '1090', '1091'], '1096': ['1096', '1138', '1135', '1137', '1139'], '1136': ['1136'], '1041': ['1041'], '1126': ['1126'], '1125': ['1125'], '1127': ['1127'], '1128': ['1128', '1131', '1132', '1130', '1133'], '1129': ['1129'], '1032': ['1032', '1160', '1161', '1162', '1146'], '1052': ['1052', '1053', '1049', '1050', '1054'], '1063': ['1063'], '1051': ['1051'], '1055': ['1055'], '1057': ['1057'], '1060': ['1060'], '1071': ['1071'], '1147': ['1147'], '1148': ['1148'], '1158': ['1158'], '1066': ['1066', '1067', '1064', '1065', '1031'], '1056': ['1056'], '1061': ['1061'], '1072': ['1072'], '1157': ['1157'], '1159': ['1159'], '1033': ['1033', '1153', '1154', '1155', '1152'], '1101': ['1101'], '1109': ['1109'], '1102': ['1102'], '1103': ['1103'], '1105': ['1105'], '1106': ['1106'], '1113': ['1113'], '1108': ['1108'], '1110': ['1110'], '1104': ['1104'], '1107': ['1107'], '1114': ['1114', '1115', '1118', '1116', '1119'], '1156': ['1156'], '1038': ['1038'], '1048': ['1048'], '1068': ['1068'], '1039': ['1039', '1097', '1098', '1099', '1035'], '1112': ['1112'], '1100': ['1100'], '1034': ['1034'], '1111': ['1111'], '1030': ['1030'], '1046': ['1046'], '1069': ['1069'], '1058': ['1058'], '1059': ['1059'], '1047': ['1047'], '1070': ['1070'], '1083': ['1083'], '1043': ['1043'], '1121': ['1121'], '1122': ['1122'], '1123': ['1123'], '1124': ['1124'], '1036': ['1036'], '1092': ['1092'], '1150': ['1150'], '1093': ['1093', '1094', '1151', '1149', '1037'], '1145': ['1145'], '1144': ['1144'], '1088': ['1088'], '1142': ['1142'], '1141': ['1141'], '1143': ['1143'], '1045': ['1045'], '1062': ['1062'], '1117': ['1117'], '1073': ['1073'], '1140': ['1140'], '1120': ['1120'], '1134': ['1134']})"
81,"defaultdict(<class 'list'>, {'1040': ['1040', '1080', '1081', '1095', '1082', '1084', '1042', '1083', '1085'], '1079': ['1079'], '1096': ['1096', '1138', '1135', '1137', '1139'], '1136': ['1136'], '1041': ['1041'], '1126': ['1126'], '1125': ['1125'], '1127': ['1127'], '1128': ['1128', '1129', '1132', '1130', '1134'], '1131': ['1131'], '1032': ['1032', '1052', '1051', '1053', '1049', '1050', '1063', '1055', '1054'], '1160': ['1160'], '1057': ['1057', '1060', '1061', '1058', '1059'], '1071': ['1071'], '1147': ['1147'], '1148': ['1148', '1158', '1157', '1159', '1156', '1153', '1154', '1155', '1152'], '1161': ['1161'], '1066': ['1066'], '1056': ['1056'], '1072': ['1072', '1075', '1076', '1073', '1074'], '1162': ['1162'], '1033': ['1033'], '1101': ['1101'], '1109': ['1109'], '1102': ['1102'], '1103': ['1103'], '1105': ['1105'], '1106': ['1106'], '1113': ['1113'], '1108': ['1108'], '1110': ['1110'], '1104': ['1104'], '1107': ['1107'], '1114': ['1114'], '1038': ['1038', '1048', '1068', '1034', '1067'], '1039': ['1039'], '1097': ['1097'], '1098': ['1098'], '1099': ['1099'], '1112': ['1112'], '1100': ['1100'], '1035': ['1035'], '1111': ['1111'], '1030': ['1030'], '1046': ['1046'], '1069': ['1069'], '1064': ['1064'], '1065': ['1065'], '1047': ['1047'], '1070': ['1070'], '1031': ['1031'], '1086': ['1086', '1089', '1044', '1087', '1090'], '1043': ['1043', '1121', '1122', '1123', '1045'], '1124': ['1124'], '1036': ['1036'], '1092': ['1092'], '1150': ['1150'], '1093': ['1093'], '1094': ['1094'], '1145': ['1145'], '1151': ['1151'], '1144': ['1144'], '1149': ['1149'], '1037': ['1037'], '1088': ['1088'], '1142': ['1142'], '1141': ['1141'], '1091': ['1091'], '1143': ['1143'], '1115': ['1115'], '1062': ['1062'], '1077': ['1077'], '1117': ['1117'], '1146': ['1146'], '1118': ['1118'], '1078': ['1078'], '1116': ['1116'], '1140': ['1140'], '1119': ['1119'], '1120': ['1120'], '1133': ['1133']})"
81,"defaultdict(<class 'list'>, {'1040': ['1040'], '1080': ['1080'], '1079': ['1079'], '1081': ['1081'], '1095': ['1095'], '1082': ['1082', '1084', '1042', '1083', '1085'], '1096': ['1096', '1138', '1135', '1137', '1139'], '1136': ['1136'], '1041': ['1041'], '1126': ['1126', '1125', '1127', '1043', '1121', '1122', '1123', '1045', '1124'], '1128': ['1128', '1131', '1132', '1130', '1133'], '1129': ['1129'], '1032': ['1032', '1160', '1161', '1162', '1146'], '1052': ['1052', '1053', '1049', '1050', '1054'], '1063': ['1063'], '1051': ['1051'], '1055': ['1055'], '1057': ['1057'], '1060': ['1060'], '1071': ['1071'], '1147': ['1147'], '1148': ['1148'], '1158': ['1158'], '1066': ['1066'], '1056': ['1056'], '1061': ['1061'], '1072': ['1072'], '1157': ['1157'], '1159': ['1159'], '1033': ['1033'], '1101': ['1101'], '1109': ['1109'], '1153': ['1153'], '1102': ['1102'], '1103': ['1103'], '1105': ['1105', '1106', '1107', '1058', '1059'], '1113': ['1113'], '1154': ['1154'], '1155': ['1155'], '1108': ['1108'], '1110': ['1110'], '1104': ['1104'], '1114': ['1114'], '1156': ['1156'], '1038': ['1038', '1048', '1068', '1034', '1067'], '1039': ['1039', '1097', '1098', '1099', '1035'], '1112': ['1112'], '1100': ['1100'], '1111': ['1111'], '1030': ['1030'], '1046': ['1046'], '1069': ['1069'], '1064': ['1064'], '1065': ['1065'], '1047': ['1047'], '1070': ['1070'], '1031': ['1031'], '1086': ['1086', '1087', '1088', '1141', '1143'], '1089': ['1089'], '1036': ['1036'], '1092': ['1092'], '1150': ['1150'], '1093': ['1093', '1094', '1151', '1149', '1037'], '1145': ['1145'], '1144': ['1144'], '1044': ['1044'], '1090': ['1090'], '1142': ['1142'], '1091': ['1091'], '1115': ['1115'], '1062': ['1062'], '1077': ['1077'], '1117': ['1117', '1118', '1116', '1119', '1120'], '1152': ['1152'], '1075': ['1075'], '1076': ['1076'], '1073': ['1073'], '1078': ['1078'], '1074': ['1074'], '1140': ['1140'], '1134': ['1134']})"
81,"defaultdict(<class 'list'>, {'1040': ['1040', '1080', '1081', '1082', '1078'], '1079': ['1079'], '1095': ['1095'], '1084': ['1084'], '1096': ['1096', '1138', '1135', '1137', '1139'], '1136': ['1136'], '1041': ['1041'], '1126': ['1126'], '1125': ['1125'], '1127': ['1127'], '1128': ['1128'], '1129': ['1129'], '1131': ['1131'], '1032': ['1032'], '1052': ['1052'], '1063': ['1063'], '1160': ['1160', '1147', '1161', '1145', '1146'], '1051': ['1051'], '1055': ['1055'], '1057': ['1057', '1060', '1061', '1105', '1106', '1107', '1058', '1059', '1113'], '1071': ['1071'], '1148': ['1148', '1158', '1157', '1159', '1156'], '1053': ['1053'], '1066': ['1066'], '1056': ['1056', '1077', '1075', '1076', '1074'], '1072': ['1072'], '1162': ['1162'], '1033': ['1033', '1153', '1154', '1155', '1152'], '1101': ['1101'], '1109': ['1109'], '1102': ['1102'], '1103': ['1103'], '1108': ['1108'], '1110': ['1110', '1111', '1064', '1065', '1031'], '1104': ['1104'], '1114': ['1114'], '1038': ['1038'], '1048': ['1048'], '1049': ['1049'], '1050': ['1050'], '1054': ['1054'], '1068': ['1068'], '1039': ['1039'], '1097': ['1097'], '1098': ['1098'], '1099': ['1099'], '1112': ['1112'], '1100': ['1100'], '1034': ['1034'], '1067': ['1067'], '1035': ['1035'], '1030': ['1030'], '1046': ['1046'], '1069': ['1069'], '1047': ['1047'], '1070': ['1070'], '1042': ['1042'], '1083': ['1083'], '1085': ['1085'], '1086': ['1086', '1089', '1044', '1087', '1090'], '1043': ['1043', '1121', '1122', '1123', '1045'], '1124': ['1124'], '1036': ['1036'], '1092': ['1092'], '1150': ['1150'], '1093': ['1093', '1094', '1151', '1149', '1037'], '1144': ['1144'], '1088': ['1088', '1142', '1141', '1143', '1140'], '1091': ['1091'], '1115': ['1115'], '1062': ['1062'], '1117': ['1117'], '1118': ['1118'], '1073': ['1073'], '1116': ['1116'], '1119': ['1119'], '1120': ['1120'], '1132': ['1132'], '1130': ['1130'], '1134': ['1134'], '1133': ['1133']})"
81,"defaultdict(<class 'list'>, {'1040': ['1040'], '1080': ['1080'], '1079': ['1079'], '1081': ['1081'], '1095': ['1095'], '1082': ['1082', '1084', '1042', '1083', '1085'], '1096': ['1096', '1136', '1135', '1137', '1140'], '1138': ['1138'], '1041': ['1041'], '1126': ['1126'], '1125': ['1125'], '1127': ['1127'], '1128': ['1128', '1129', '1132', '1130', '1134'], '1131': ['1131'], '1032': ['1032'], '1052': ['1052'], '1063': ['1063'], '1160': ['1160'], '1051': ['1051', '1055', '1056', '1049', '1050'], '1057': ['1057', '1060', '1061', '1058', '1059'], '1071': ['1071'], '1147': ['1147', '1148', '1158', '1157', '1159'], '1161': ['1161'], '1053': ['1053'], '1066': ['1066'], '1072': ['1072', '1075', '1076', '1073', '1074'], '1162': ['1162'], '1033': ['1033'], '1101': ['1101'], '1109': ['1109'], '1153': ['1153'], '1102': ['1102'], '1103': ['1103'], '1105': ['1105'], '1106': ['1106'], '1113': ['1113'], '1154': ['1154', '1036', '1150', '1151', '1152'], '1155': ['1155'], '1108': ['1108', '1107', '1115', '1116', '1119'], '1110': ['1110'], '1104': ['1104'], '1114': ['1114'], '1156': ['1156'], '1038': ['1038'], '1048': ['1048'], '1054': ['1054'], '1068': ['1068'], '1039': ['1039'], '1097': ['1097'], '1098': ['1098'], '1099': ['1099'], '1112': ['1112'], '1100': ['1100'], '1034': ['1034'], '1067': ['1067'], '1035': ['1035'], '1111': ['1111'], '1030': ['1030'], '1046': ['1046'], '1069': ['1069', '1064', '1065', '1070', '1031'], '1047': ['1047'], '1086': ['1086'], '1089': ['1089'], '1043': ['1043', '1121', '1122', '1123', '1045'], '1124': ['1124'], '1092': ['1092'], '1093': ['1093', '1094', '1144', '1149', '1037'], '1145': ['1145'], '1044': ['1044'], '1087': ['1087'], '1088': ['1088', '1142', '1141', '1143', '1139'], '1090': ['1090'], '1091': ['1091'], '1062': ['1062'], '1077': ['1077'], '1117': ['1117'], '1146': ['1146'], '1118': ['1118'], '1078': ['1078'], '1120': ['1120'], '1133': ['1133']})"
81,"defaultdict(<class 'list'>, {'1040': ['1040', '1080', '1079', '1081', '1078', '1077', '1075', '1076', '1074'], '1095': ['1095'], '1082': ['1082'], '1084': ['1084'], '1096': ['1096', '1138', '1135', '1137', '1139'], '1136': ['1136'], '1041': ['1041'], '1126': ['1126'], '1125': ['1125'], '1127': ['1127'], '1128': ['1128', '1129', '1132', '1130', '1134'], '1131': ['1131'], '1032': ['1032'], '1052': ['1052'], '1063': ['1063'], '1160': ['1160'], '1051': ['1051'], '1055': ['1055'], '1057': ['1057', '1060', '1071', '1061', '1105', '1106', '1107', '1058', '1059'], '1147': ['1147', '1148', '1158', '1157', '1159'], '1161': ['1161'], '1053': ['1053'], '1066': ['1066'], '1056': ['1056'], '1072': ['1072'], '1162': ['1162'], '1033': ['1033', '1109', '1153', '1155', '1152'], '1101': ['1101'], '1102': ['1102'], '1103': ['1103'], '1113': ['1113'], '1154': ['1154'], '1108': ['1108'], '1110': ['1110'], '1104': ['1104'], '1114': ['1114'], '1156': ['1156'], '1038': ['1038', '1048', '1068', '1034', '1067'], '1049': ['1049'], '1050': ['1050'], '1054': ['1054'], '1039': ['1039', '1097', '1112', '1035', '1111'], '1098': ['1098'], '1099': ['1099'], '1100': ['1100'], '1030': ['1030'], '1046': ['1046'], '1069': ['1069'], '1064': ['1064'], '1065': ['1065'], '1047': ['1047'], '1070': ['1070'], '1031': ['1031'], '1042': ['1042'], '1083': ['1083'], '1085': ['1085'], '1086': ['1086'], '1089': ['1089'], '1043': ['1043'], '1121': ['1121'], '1122': ['1122'], '1123': ['1123'], '1124': ['1124'], '1036': ['1036', '1092', '1150', '1151', '1149'], '1093': ['1093'], '1094': ['1094'], '1145': ['1145'], '1144': ['1144'], '1037': ['1037'], '1044': ['1044'], '1087': ['1087'], '1088': ['1088', '1142', '1141', '1143', '1140'], '1090': ['1090'], '1091': ['1091'], '1045': ['1045'], '1115': ['1115'], '1062': ['1062'], '1117': ['1117', '1118', '1116', '1119', '1120'], '1146': ['1146'], '1073': ['1073'], '1133': ['1133']})"
81,"defaultdict(<class 'list'>, {'1040': ['1040', '1080', '1079', '1081', '1078', '1095', '1082', '1096', '1083'], '1084': ['1084', '1042', '1085', '1086', '1087'], '1136': ['1136'], '1138': ['1138'], '1041': ['1041'], '1126': ['1126'], '1125': ['1125'], '1127': ['1127'], '1128': ['1128'], '1129': ['1129'], '1131': ['1131'], '1032': ['1032', '1052', '1063', '1053', '1049'], '1160': ['1160'], '1051': ['1051', '1038', '1048', '1050', '1034'], '1055': ['1055'], '1057': ['1057', '1060', '1071', '1061', '1072'], '1147': ['1147'], '1148': ['1148', '1158', '1157', '1159', '1156', '1153', '1154', '1155', '1152'], '1161': ['1161'], '1066': ['1066'], '1056': ['1056'], '1162': ['1162'], '1033': ['1033', '1109', '1113', '1110', '1111'], '1101': ['1101'], '1102': ['1102'], '1103': ['1103'], '1105': ['1105', '1106', '1107', '1058', '1059'], '1108': ['1108'], '1104': ['1104'], '1114': ['1114'], '1054': ['1054'], '1068': ['1068'], '1039': ['1039', '1097', '1098', '1099', '1035'], '1112': ['1112'], '1100': ['1100'], '1067': ['1067'], '1030': ['1030'], '1046': ['1046'], '1069': ['1069'], '1064': ['1064'], '1065': ['1065'], '1047': ['1047'], '1070': ['1070'], '1031': ['1031'], '1089': ['1089'], '1043': ['1043'], '1121': ['1121'], '1122': ['1122'], '1123': ['1123'], '1124': ['1124'], '1036': ['1036'], '1092': ['1092'], '1150': ['1150'], '1093': ['1093'], '1094': ['1094'], '1145': ['1145'], '1151': ['1151'], '1144': ['1144'], '1149': ['1149'], '1037': ['1037'], '1044': ['1044'], '1088': ['1088', '1142', '1141', '1143', '1140'], '1090': ['1090'], '1091': ['1091'], '1045': ['1045'], '1115': ['1115'], '1062': ['1062'], '1077': ['1077', '1075', '1076', '1073', '1074'], '1117': ['1117'], '1146': ['1146'], '1118': ['1118'], '1116': ['1116'], '1135': ['1135'], '1137': ['1137'], '1139': ['1139'], '1119': ['1119'], '1120': ['1120'], '1132': ['1132'], '1130': ['1130'], '1134': ['1134'], '1133': ['1133']})"
81,"defaultdict(<class 'list'>, {'1040': ['1040'], '1080': ['1080'], '1079': ['1079', '1077', '1075', '1076', '1074'], '1081': ['1081'], '1095': ['1095'], '1082': ['1082', '1084', '1042', '1085', '1086', '1087', '1083', '1089', '1044'], '1096': ['1096', '1138', '1135', '1137', '1139'], '1136': ['1136'], '1041': ['1041', '1126', '1125', '1127', '1124'], '1128': ['1128', '1131', '1132', '1130', '1133'], '1129': ['1129'], '1032': ['1032', '1160', '1161', '1162', '1146'], '1052': ['1052'], '1063': ['1063'], '1051': ['1051'], '1055': ['1055'], '1057': ['1057'], '1060': ['1060'], '1071': ['1071'], '1147': ['1147'], '1148': ['1148'], '1158': ['1158'], '1053': ['1053'], '1066': ['1066'], '1056': ['1056'], '1061': ['1061'], '1072': ['1072'], '1157': ['1157'], '1159': ['1159'], '1033': ['1033'], '1101': ['1101', '1102', '1098', '1099', '1100'], '1109': ['1109'], '1153': ['1153'], '1103': ['1103'], '1105': ['1105'], '1106': ['1106'], '1113': ['1113'], '1154': ['1154'], '1155': ['1155'], '1108': ['1108'], '1110': ['1110', '1111', '1064', '1065', '1031'], '1104': ['1104'], '1107': ['1107'], '1114': ['1114'], '1156': ['1156'], '1038': ['1038', '1048', '1068', '1034', '1067'], '1049': ['1049'], '1050': ['1050'], '1054': ['1054'], '1039': ['1039', '1097', '1112', '1035', '1117'], '1030': ['1030'], '1046': ['1046'], '1069': ['1069'], '1058': ['1058'], '1059': ['1059'], '1047': ['1047'], '1070': ['1070'], '1043': ['1043'], '1121': ['1121'], '1122': ['1122'], '1123': ['1123'], '1036': ['1036'], '1092': ['1092'], '1150': ['1150'], '1093': ['1093', '1094', '1151', '1149', '1037'], '1145': ['1145'], '1144': ['1144'], '1088': ['1088'], '1090': ['1090'], '1142': ['1142'], '1141': ['1141'], '1091': ['1091'], '1143': ['1143'], '1045': ['1045'], '1115': ['1115', '1118', '1116', '1119', '1120'], '1062': ['1062'], '1152': ['1152'], '1073': ['1073'], '1078': ['1078'], '1140': ['1140'], '1134': ['1134']})"
81,"defaultdict(<class 'list'>, {'1040': ['1040'], '1080': ['1080', '1079', '1077', '1076', '1078'], '1081': ['1081'], '1095': ['1095'], '1082': ['1082', '1084', '1042', '1083', '1085'], '1096': ['1096', '1138', '1135', '1137', '1139'], '1136': ['1136'], '1041': ['1041'], '1126': ['1126'], '1125': ['1125'], '1127': ['1127'], '1128': ['1128', '1131', '1132', '1130', '1133'], '1129': ['1129'], '1032': ['1032'], '1052': ['1052', '1053', '1049', '1050', '1054'], '1063': ['1063'], '1160': ['1160'], '1051': ['1051'], '1055': ['1055'], '1057': ['1057'], '1060': ['1060'], '1071': ['1071'], '1147': ['1147'], '1148': ['1148'], '1158': ['1158', '1157', '1159', '1033', '1153', '1154', '1155', '1152', '1156'], '1161': ['1161'], '1066': ['1066'], '1056': ['1056', '1104', '1030', '1046', '1047'], '1061': ['1061'], '1072': ['1072'], '1162': ['1162'], '1101': ['1101', '1102', '1098', '1099', '1100'], '1109': ['1109'], '1103': ['1103'], '1105': ['1105', '1106', '1107', '1058', '1059'], '1113': ['1113'], '1108': ['1108'], '1110': ['1110'], '1114': ['1114'], '1038': ['1038'], '1048': ['1048'], '1068': ['1068'], '1039': ['1039', '1097', '1112', '1035', '1111'], '1034': ['1034'], '1067': ['1067'], '1069': ['1069'], '1064': ['1064'], '1065': ['1065'], '1070': ['1070'], '1031': ['1031'], '1086': ['1086'], '1089': ['1089'], '1043': ['1043'], '1121': ['1121'], '1122': ['1122'], '1123': ['1123'], '1124': ['1124'], '1036': ['1036'], '1092': ['1092', '1150', '1093', '1094', '1151', '1149', '1037', '1145', '1144'], '1044': ['1044'], '1087': ['1087'], '1088': ['1088'], '1090': ['1090'], '1142': ['1142'], '1141': ['1141'], '1091': ['1091'], '1143': ['1143'], '1045': ['1045'], '1115': ['1115'], '1062': ['1062'], '1117': ['1117'], '1146': ['1146'], '1075': ['1075'], '1118': ['1118'], '1073': ['1073'], '1074': ['1074'], '1116': ['1116'], '1140': ['1140'], '1119': ['1119'], '1120': ['1120'], '1134': ['1134']})"
81,"defaultdict(<class 'list'>, {'1040': ['1040', '1080', '1079', '1081', '1078'], '1095': ['1095', '1082', '1084', '1083', '1085'], '1096': ['1096', '1138', '1135', '1137', '1139'], '1136': ['1136'], '1041': ['1041'], '1126': ['1126'], '1125': ['1125'], '1127': ['1127'], '1128': ['1128', '1129', '1132', '1130', '1134'], '1131': ['1131'], '1032': ['1032'], '1052': ['1052', '1053', '1049', '1050', '1054'], '1063': ['1063'], '1160': ['1160'], '1051': ['1051'], '1055': ['1055'], '1057': ['1057', '1060', '1061', '1058', '1059'], '1071': ['1071'], '1147': ['1147'], '1148': ['1148'], '1158': ['1158'], '1161': ['1161'], '1066': ['1066'], '1056': ['1056'], '1072': ['1072', '1075', '1076', '1073', '1074'], '1157': ['1157'], '1159': ['1159'], '1162': ['1162'], '1033': ['1033', '1101', '1109', '1153', '1100'], '1102': ['1102'], '1103': ['1103'], '1105': ['1105'], '1106': ['1106'], '1113': ['1113'], '1154': ['1154'], '1155': ['1155'], '1108': ['1108'], '1110': ['1110'], '1104': ['1104'], '1107': ['1107'], '1114': ['1114'], '1156': ['1156'], '1038': ['1038', '1048', '1068', '1034', '1067'], '1039': ['1039'], '1097': ['1097'], '1098': ['1098'], '1099': ['1099'], '1112': ['1112'], '1035': ['1035'], '1111': ['1111'], '1030': ['1030', '1046', '1069', '1047', '1070'], '1064': ['1064'], '1065': ['1065'], '1031': ['1031'], '1042': ['1042'], '1086': ['1086'], '1089': ['1089', '1092', '1044', '1090', '1091'], '1043': ['1043', '1121', '1122', '1123', '1045'], '1124': ['1124'], '1036': ['1036'], '1150': ['1150'], '1093': ['1093', '1094', '1144', '1149', '1037'], '1145': ['1145'], '1151': ['1151'], '1087': ['1087'], '1088': ['1088'], '1142': ['1142'], '1141': ['1141'], '1143': ['1143'], '1115': ['1115'], '1062': ['1062'], '1077': ['1077'], '1117': ['1117'], '1146': ['1146'], '1152': ['1152'], '1118': ['1118'], '1116': ['1116'], '1140': ['1140'], '1119': ['1119'], '1120': ['1120'], '1133': ['1133']})"
81,"defaultdict(<class 'list'>, {'1040': ['1040'], '1080': ['1080'], '1079': ['1079'], '1081': ['1081'], '1095': ['1095'], '1082': ['1082'], '1084': ['1084'], '1096': ['1096'], '1136': ['1136'], '1138': ['1138'], '1041': ['1041'], '1126': ['1126'], '1125': ['1125'], '1127': ['1127'], '1128': ['1128'], '1129': ['1129'], '1131': ['1131'], '1032': ['1032', '1160', '1161', '1162', '1146', '1147', '1148', '1158', '1156'], '1052': ['1052'], '1063': ['1063'], '1051': ['1051'], '1055': ['1055'], '1057': ['1057'], '1060': ['1060'], '1071': ['1071'], '1053': ['1053'], '1066': ['1066'], '1056': ['1056'], '1061': ['1061'], '1072': ['1072'], '1157': ['1157'], '1159': ['1159'], '1033': ['1033', '1153', '1154', '1155', '1152'], '1101': ['1101', '1102', '1098', '1099', '1100'], '1109': ['1109'], '1103': ['1103'], '1105': ['1105', '1106', '1107', '1058', '1059'], '1113': ['1113'], '1108': ['1108'], '1110': ['1110'], '1104': ['1104'], '1114': ['1114'], '1038': ['1038', '1048', '1068', '1034', '1067'], '1049': ['1049'], '1050': ['1050'], '1054': ['1054'], '1039': ['1039', '1097', '1112', '1035', '1111'], '1030': ['1030'], '1046': ['1046'], '1069': ['1069', '1064', '1065', '1070', '1031'], '1047': ['1047'], '1042': ['1042'], '1083': ['1083'], '1085': ['1085'], '1086': ['1086'], '1089': ['1089'], '1043': ['1043', '1121', '1122', '1123', '1045'], '1124': ['1124'], '1036': ['1036', '1092', '1150', '1093', '1094', '1151', '1149', '1037', '1144'], '1145': ['1145'], '1044': ['1044'], '1087': ['1087'], '1088': ['1088', '1142', '1141', '1143', '1140'], '1090': ['1090'], '1091': ['1091'], '1115': ['1115'], '1062': ['1062'], '1077': ['1077'], '1117': ['1117', '1118', '1116', '1119', '1120'], '1075': ['1075'], '1076': ['1076'], '1073': ['1073'], '1078': ['1078'], '1074': ['1074'], '1135': ['1135'], '1137': ['1137'], '1139': ['1139'], '1132': ['1132'], '1130': ['1130'], '1134': ['1134'], '1133': ['1133']})"
81,"defaultdict(<class 'list'>, {'1040': ['1040'], '1080': ['1080'], '1079': ['1079', '1077', '1075', '1076', '1074'], '1081': ['1081'], '1095': ['1095'], '1082': ['1082'], '1084': ['1084', '1042', '1085', '1086', '1089', '1044', '1087', '1090', '1091'], '1096': ['1096'], '1136': ['1136'], '1138': ['1138'], '1041': ['1041'], '1126': ['1126'], '1125': ['1125'], '1127': ['1127'], '1128': ['1128'], '1129': ['1129'], '1131': ['1131'], '1032': ['1032', '1052', '1063', '1053', '1049'], '1160': ['1160', '1147', '1161', '1145', '1146'], '1051': ['1051', '1038', '1048', '1050', '1034'], '1055': ['1055'], '1057': ['1057'], '1060': ['1060'], '1071': ['1071'], '1148': ['1148', '1158', '1157', '1159', '1156'], '1066': ['1066'], '1056': ['1056'], '1061': ['1061'], '1072': ['1072'], '1162': ['1162'], '1033': ['1033', '1101', '1109', '1153', '1100'], '1102': ['1102'], '1103': ['1103'], '1105': ['1105', '1106', '1107', '1058', '1059'], '1113': ['1113'], '1154': ['1154'], '1155': ['1155'], '1108': ['1108'], '1110': ['1110'], '1104': ['1104'], '1114': ['1114'], '1054': ['1054'], '1068': ['1068'], '1039': ['1039', '1097', '1098', '1099', '1035', '1112', '1111', '1117', '1118'], '1067': ['1067'], '1030': ['1030'], '1046': ['1046'], '1069': ['1069', '1064', '1065', '1070', '1031'], '1047': ['1047'], '1083': ['1083'], '1043': ['1043'], '1121': ['1121'], '1122': ['1122'], '1123': ['1123'], '1124': ['1124'], '1036': ['1036'], '1092': ['1092'], '1150': ['1150'], '1093': ['1093', '1094', '1151', '1149', '1037'], '1144': ['1144'], '1088': ['1088'], '1142': ['1142'], '1141': ['1141'], '1143': ['1143'], '1045': ['1045'], '1115': ['1115'], '1062': ['1062'], '1152': ['1152'], '1073': ['1073'], '1078': ['1078'], '1116': ['1116'], '1135': ['1135'], '1137': ['1137'], '1140': ['1140'], '1139': ['1139'], '1119': ['1119'], '1120': ['1120'], '1132': ['1132'], '1130': ['1130'], '1134': ['1134'], '1133': ['1133']})"
81,"defaultdict(<class 'list'>, {'1040': ['1040', '1080', '1081', '1082', '1078', '1079', '1095', '1096', '1083'], '1084': ['1084'], '1136': ['1136'], '1138': ['1138'], '1041': ['1041', '1126', '1125', '1127', '1124'], '1128': ['1128'], '1129': ['1129'], '1131': ['1131'], '1032': ['1032'], '1052': ['1052', '1053', '1049', '1050', '1054'], '1063': ['1063'], '1160': ['1160'], '1051': ['1051'], '1055': ['1055'], '1057': ['1057', '1060', '1071', '1061', '1072'], '1147': ['1147'], '1148': ['1148'], '1158': ['1158'], '1161': ['1161'], '1066': ['1066', '1038', '1048', '1068', '1034', '1067', '1064', '1065', '1031'], '1056': ['1056', '1077', '1075', '1076', '1074'], '1157': ['1157'], '1159': ['1159'], '1162': ['1162'], '1033': ['1033'], '1101': ['1101'], '1109': ['1109'], '1153': ['1153', '1154', '1155', '1156', '1152'], '1102': ['1102'], '1103': ['1103'], '1105': ['1105', '1106', '1107', '1058', '1059'], '1113': ['1113'], '1108': ['1108'], '1110': ['1110'], '1104': ['1104'], '1114': ['1114', '1115', '1118', '1116', '1119'], '1039': ['1039'], '1097': ['1097'], '1098': ['1098'], '1099': ['1099'], '1112': ['1112'], '1100': ['1100'], '1035': ['1035'], '1111': ['1111'], '1030': ['1030'], '1046': ['1046'], '1069': ['1069'], '1047': ['1047'], '1070': ['1070'], '1042': ['1042'], '1085': ['1085'], '1086': ['1086', '1089', '1044', '1087', '1090'], '1043': ['1043'], '1121': ['1121'], '1122': ['1122'], '1123': ['1123'], '1036': ['1036'], '1092': ['1092'], '1150': ['1150'], '1093': ['1093', '1094', '1151', '1149', '1037'], '1145': ['1145'], '1144': ['1144'], '1088': ['1088'], '1142': ['1142'], '1141': ['1141'], '1091': ['1091'], '1143': ['1143'], '1045': ['1045'], '1062': ['1062'], '1117': ['1117'], '1146': ['1146'], '1073': ['1073'], '1135': ['1135'], '1137': ['1137'], '1140': ['1140'], '1139': ['1139'], '1120': ['1120'], '1132': ['1132'], '1130': ['1130'], '1134': ['1134'], '1133': ['1133']})"
81,"defaultdict(<class 'list'>, {'1040': ['1040', '1080', '1081', '1082', '1078'], '1079': ['1079'], '1095': ['1095'], '1084': ['1084'], '1096': ['1096'], '1136': ['1136'], '1138': ['1138'], '1041': ['1041', '1126', '1125', '1127', '1124'], '1128': ['1128', '1131', '1132', '1130', '1133'], '1129': ['1129'], '1032': ['1032'], '1052': ['1052'], '1063': ['1063'], '1160': ['1160'], '1051': ['1051'], '1055': ['1055'], '1057': ['1057', '1060', '1061', '1058', '1059'], '1071': ['1071'], '1147': ['1147'], '1148': ['1148'], '1158': ['1158'], '1161': ['1161'], '1053': ['1053'], '1066': ['1066', '1038', '1048', '1068', '1067'], '1056': ['1056', '1077', '1075', '1076', '1074'], '1072': ['1072'], '1157': ['1157'], '1159': ['1159'], '1162': ['1162'], '1033': ['1033'], '1101': ['1101'], '1109': ['1109'], '1153': ['1153', '1154', '1155', '1156', '1152'], '1102': ['1102', '1103', '1104', '1117', '1118'], '1105': ['1105'], '1106': ['1106'], '1113': ['1113'], '1108': ['1108'], '1110': ['1110'], '1107': ['1107'], '1114': ['1114', '1030', '1046', '1069', '1064', '1065', '1070', '1031', '1047'], '1049': ['1049'], '1050': ['1050'], '1054': ['1054'], '1039': ['1039'], '1097': ['1097'], '1098': ['1098'], '1099': ['1099'], '1112': ['1112'], '1100': ['1100'], '1034': ['1034'], '1035': ['1035'], '1111': ['1111'], '1042': ['1042'], '1083': ['1083'], '1085': ['1085'], '1086': ['1086', '1089', '1087', '1090', '1091'], '1043': ['1043'], '1121': ['1121'], '1122': ['1122'], '1123': ['1123'], '1036': ['1036'], '1092': ['1092'], '1150': ['1150'], '1093': ['1093', '1094', '1151', '1149', '1037'], '1145': ['1145'], '1144': ['1144'], '1044': ['1044'], '1088': ['1088', '1142', '1141', '1143', '1139'], '1045': ['1045'], '1115': ['1115'], '1062': ['1062'], '1146': ['1146'], '1073': ['1073'], '1116': ['1116'], '1135': ['1135'], '1137': ['1137'], '1140': ['1140'], '1119': ['1119'], '1120': ['1120'], '1134': ['1134']})"
81,"defaultdict(<class 'list'>, {'1040': ['1040', '1080', '1081', '1082', '1078'], '1079': ['1079', '1077', '1075', '1076', '1074'], '1095': ['1095'], '1084': ['1084'], '1096': ['1096', '1138', '1135', '1137', '1139', '1136', '1140'], '1041': ['1041'], '1126': ['1126'], '1125': ['1125'], '1127': ['1127'], '1128': ['1128', '1131', '1132', '1130', '1133'], '1129': ['1129'], '1032': ['1032', '1052', '1063', '1053', '1049'], '1160': ['1160'], '1051': ['1051'], '1055': ['1055'], '1057': ['1057', '1060', '1061', '1105', '1106', '1107', '1058', '1059', '1062'], '1071': ['1071'], '1147': ['1147'], '1148': ['1148', '1158', '1157', '1159'], '1161': ['1161'], '1066': ['1066'], '1056': ['1056'], '1072': ['1072'], '1162': ['1162'], '1033': ['1033', '1153', '1155', '1156'], '1101': ['1101'], '1109': ['1109'], '1102': ['1102'], '1103': ['1103'], '1113': ['1113'], '1154': ['1154', '1036', '1150', '1151', '1152'], '1108': ['1108'], '1110': ['1110'], '1104': ['1104'], '1114': ['1114'], '1038': ['1038', '1048', '1068', '1034', '1067'], '1050': ['1050'], '1054': ['1054'], '1039': ['1039', '1097', '1098', '1099', '1035'], '1112': ['1112'], '1100': ['1100'], '1111': ['1111'], '1030': ['1030'], '1046': ['1046'], '1069': ['1069'], '1064': ['1064'], '1065': ['1065'], '1047': ['1047'], '1070': ['1070'], '1031': ['1031'], '1042': ['1042'], '1083': ['1083'], '1085': ['1085'], '1086': ['1086', '1089', '1044', '1087', '1090'], '1043': ['1043'], '1121': ['1121'], '1122': ['1122'], '1123': ['1123'], '1124': ['1124'], '1092': ['1092'], '1093': ['1093'], '1094': ['1094'], '1145': ['1145'], '1144': ['1144'], '1149': ['1149'], '1037': ['1037'], '1088': ['1088'], '1142': ['1142'], '1141': ['1141'], '1091': ['1091'], '1143': ['1143'], '1045': ['1045'], '1115': ['1115'], '1117': ['1117'], '1146': ['1146'], '1118': ['1118'], '1073': ['1073'], '1116': ['1116'], '1119': ['1119'], '1120': ['1120'], '1134': ['1134']})"
81,"defaultdict(<class 'list'>, {'1040': ['1040'], '1080': ['1080', '1079', '1077', '1076', '1078'], '1081': ['1081'], '1095': ['1095'], '1082': ['1082', '1084', '1042', '1083', '1085'], '1096': ['1096', '1138', '1135', '1137', '1139'], '1136': ['1136'], '1041': ['1041'], '1126': ['1126'], '1125': ['1125'], '1127': ['1127'], '1128': ['1128', '1129', '1132', '1130', '1134'], '1131': ['1131'], '1032': ['1032', '1052', '1063', '1053', '1049', '1051', '1055', '1050', '1054'], '1160': ['1160'], '1057': ['1057'], '1060': ['1060'], '1071': ['1071'], '1147': ['1147'], '1148': ['1148', '1158', '1157', '1159', '1156'], '1161': ['1161'], '1066': ['1066'], '1056': ['1056'], '1061': ['1061'], '1072': ['1072'], '1162': ['1162'], '1033': ['1033'], '1101': ['1101'], '1109': ['1109'], '1153': ['1153'], '1102': ['1102'], '1103': ['1103'], '1105': ['1105', '1106', '1107', '1058', '1059'], '1113': ['1113'], '1154': ['1154'], '1155': ['1155'], '1108': ['1108'], '1110': ['1110', '1111', '1064', '1065', '1031'], '1104': ['1104'], '1114': ['1114'], '1038': ['1038', '1048', '1068', '1034', '1067'], '1039': ['1039'], '1097': ['1097'], '1098': ['1098'], '1099': ['1099'], '1112': ['1112'], '1100': ['1100'], '1035': ['1035'], '1030': ['1030', '1046', '1069', '1047', '1070'], '1086': ['1086', '1089', '1044', '1087', '1090'], '1043': ['1043'], '1121': ['1121'], '1122': ['1122'], '1123': ['1123'], '1124': ['1124'], '1036': ['1036'], '1092': ['1092'], '1150': ['1150'], '1093': ['1093', '1094', '1151', '1149', '1037'], '1145': ['1145'], '1144': ['1144'], '1088': ['1088'], '1142': ['1142'], '1141': ['1141'], '1091': ['1091'], '1143': ['1143'], '1045': ['1045'], '1115': ['1115'], '1062': ['1062'], '1117': ['1117'], '1146': ['1146'], '1152': ['1152'], '1075': ['1075'], '1118': ['1118'], '1073': ['1073'], '1074': ['1074'], '1116': ['1116'], '1140': ['1140'], '1119': ['1119'], '1120': ['1120'], '1133': ['1133']})"
81,"defaultdict(<class 'list'>, {'1040': ['1040'], '1080': ['1080', '1079', '1077', '1076', '1078'], '1081': ['1081', '1082', '1084', '1042', '1083'], '1095': ['1095'], '1096': ['1096', '1138', '1135', '1137', '1139'], '1136': ['1136'], '1041': ['1041', '1126', '1125', '1127', '1124', '1129', '1122', '1123', '1045'], '1128': ['1128'], '1131': ['1131'], '1032': ['1032', '1052', '1063', '1053', '1049'], '1160': ['1160'], '1051': ['1051', '1038', '1048', '1050', '1034'], '1055': ['1055'], '1057': ['1057'], '1060': ['1060'], '1071': ['1071'], '1147': ['1147'], '1148': ['1148', '1158', '1157', '1159', '1156'], '1161': ['1161'], '1066': ['1066'], '1056': ['1056'], '1061': ['1061'], '1072': ['1072'], '1162': ['1162'], '1033': ['1033', '1109', '1153', '1155', '1152'], '1101': ['1101'], '1102': ['1102'], '1103': ['1103'], '1105': ['1105', '1106', '1107', '1058', '1059'], '1113': ['1113'], '1154': ['1154'], '1108': ['1108'], '1110': ['1110'], '1104': ['1104'], '1114': ['1114'], '1054': ['1054'], '1068': ['1068'], '1039': ['1039', '1097', '1098', '1099', '1035'], '1112': ['1112'], '1100': ['1100'], '1067': ['1067'], '1111': ['1111'], '1030': ['1030'], '1046': ['1046'], '1069': ['1069', '1064', '1065', '1070', '1031'], '1047': ['1047'], '1085': ['1085'], '1086': ['1086', '1089', '1044', '1087', '1090'], '1043': ['1043'], '1121': ['1121'], '1036': ['1036'], '1092': ['1092'], '1150': ['1150'], '1093': ['1093'], '1094': ['1094'], '1145': ['1145'], '1151': ['1151'], '1144': ['1144'], '1149': ['1149'], '1037': ['1037'], '1088': ['1088'], '1142': ['1142'], '1141': ['1141'], '1091': ['1091'], '1143': ['1143'], '1115': ['1115'], '1062': ['1062'], '1117': ['1117'], '1146': ['1146'], '1075': ['1075'], '1118': ['1118'], '1073': ['1073'], '1074': ['1074'], '1116': ['1116'], '1140': ['1140'], '1119': ['1119'], '1120': ['1120'], '1132': ['1132'], '1130': ['1130'], '1134': ['1134'], '1133': ['1133']})"
82,"defaultdict(<class 'list'>, {'1040': ['1040', '1080', '1079', '1081', '1078', '1095', '1082', '1084', '1042', '1083', '1085', '1096'], '1136': ['1136'], '1138': ['1138'], '1041': ['1041'], '1126': ['1126'], '1125': ['1125'], '1127': ['1127'], '1128': ['1128'], '1129': ['1129'], '1131': ['1131'], '1032': ['1032'], '1052': ['1052'], '1063': ['1063'], '1160': ['1160'], '1051': ['1051', '1055', '1056', '1049', '1050'], '1057': ['1057'], '1060': ['1060'], '1071': ['1071'], '1147': ['1147'], '1148': ['1148', '1158', '1157', '1159', '1156'], '1161': ['1161'], '1053': ['1053'], '1066': ['1066'], '1061': ['1061'], '1072': ['1072'], '1162': ['1162'], '1033': ['1033', '1153', '1154', '1155', '1152'], '1101': ['1101', '1102', '1098', '1099', '1100'], '1109': ['1109'], '1103': ['1103'], '1105': ['1105'], '1106': ['1106'], '1113': ['1113'], '1108': ['1108'], '1110': ['1110'], '1104': ['1104'], '1107': ['1107'], '1114': ['1114', '1030', '1046', '1069', '1064', '1065', '1070', '1031', '1047'], '1038': ['1038', '1048', '1068', '1034', '1067'], '1054': ['1054'], '1039': ['1039'], '1097': ['1097'], '1112': ['1112'], '1035': ['1035'], '1111': ['1111'], '1058': ['1058'], '1059': ['1059'], '1086': ['1086'], '1089': ['1089'], '1043': ['1043'], '1121': ['1121'], '1122': ['1122'], '1123': ['1123'], '1124': ['1124'], '1036': ['1036'], '1092': ['1092'], '1150': ['1150'], '1093': ['1093', '1094', '1151', '1149', '1037'], '1145': ['1145'], '1144': ['1144'], '1044': ['1044'], '1087': ['1087'], '1088': ['1088', '1142', '1141', '1143', '1140'], '1090': ['1090'], '1091': ['1091'], '1045': ['1045'], '1115': ['1115'], '1062': ['1062'], '1077': ['1077', '1075', '1076', '1073', '1074'], '1117': ['1117'], '1146': ['1146'], '1118': ['1118'], '1116': ['1116'], '1135': ['1135'], '1137': ['1137'], '1139': ['1139'], '1119': ['1119'], '1120': ['1120'], '1132': ['1132'], '1130': ['1130'], '1134': ['1134'], '1133': ['1133']})"
82,"defaultdict(<class 'list'>, {'1040': ['1040', '1080', '1079', '1077', '1076', '1078', '1081', '1082', '1083'], '1095': ['1095'], '1084': ['1084'], '1096': ['1096', '1138', '1135', '1137', '1139'], '1136': ['1136'], '1041': ['1041'], '1126': ['1126'], '1125': ['1125'], '1127': ['1127'], '1128': ['1128', '1131', '1132', '1130', '1133'], '1129': ['1129'], '1032': ['1032', '1160', '1161', '1162', '1146'], '1052': ['1052'], '1063': ['1063'], '1051': ['1051', '1055', '1056', '1049', '1050'], '1057': ['1057'], '1060': ['1060'], '1071': ['1071'], '1147': ['1147'], '1148': ['1148', '1158', '1157', '1159', '1156'], '1053': ['1053'], '1066': ['1066'], '1061': ['1061'], '1072': ['1072'], '1033': ['1033', '1101', '1109', '1153', '1100', '1154', '1155', '1152'], '1102': ['1102'], '1103': ['1103'], '1105': ['1105'], '1106': ['1106'], '1113': ['1113'], '1108': ['1108'], '1110': ['1110'], '1104': ['1104'], '1107': ['1107'], '1114': ['1114'], '1038': ['1038'], '1048': ['1048'], '1054': ['1054'], '1068': ['1068'], '1039': ['1039'], '1097': ['1097'], '1098': ['1098'], '1099': ['1099'], '1112': ['1112'], '1034': ['1034'], '1067': ['1067'], '1035': ['1035'], '1111': ['1111'], '1030': ['1030', '1046', '1069', '1047', '1070'], '1058': ['1058'], '1059': ['1059'], '1064': ['1064'], '1065': ['1065'], '1031': ['1031'], '1042': ['1042'], '1085': ['1085'], '1086': ['1086', '1089', '1044', '1087', '1090'], '1043': ['1043'], '1121': ['1121'], '1122': ['1122'], '1123': ['1123'], '1124': ['1124'], '1036': ['1036'], '1092': ['1092'], '1150': ['1150'], '1093': ['1093', '1094', '1151', '1149', '1037'], '1145': ['1145'], '1144': ['1144'], '1088': ['1088', '1142', '1141', '1143', '1140'], '1091': ['1091'], '1045': ['1045'], '1115': ['1115'], '1062': ['1062'], '1117': ['1117'], '1075': ['1075'], '1118': ['1118'], '1073': ['1073'], '1074': ['1074'], '1116': ['1116'], '1119': ['1119'], '1120': ['1120'], '1134': ['1134']})"
82,"defaultdict(<class 'list'>, {'1040': ['1040'], '1080': ['1080'], '1079': ['1079'], '1081': ['1081'], '1095': ['1095'], '1082': ['1082'], '1084': ['1084'], '1096': ['1096'], '1136': ['1136'], '1138': ['1138'], '1041': ['1041', '1126', '1125', '1127', '1124', '1129', '1122', '1123', '1045', '1043', '1121', '1134'], '1128': ['1128'], '1131': ['1131'], '1032': ['1032'], '1052': ['1052', '1051', '1053', '1049', '1050'], '1063': ['1063'], '1160': ['1160', '1147', '1161', '1145', '1146'], '1055': ['1055'], '1057': ['1057'], '1060': ['1060'], '1071': ['1071'], '1148': ['1148', '1158', '1157', '1159', '1156'], '1066': ['1066'], '1056': ['1056'], '1061': ['1061'], '1072': ['1072', '1075', '1076', '1073', '1074'], '1162': ['1162'], '1033': ['1033', '1153', '1154', '1155', '1152'], '1101': ['1101'], '1109': ['1109'], '1102': ['1102'], '1103': ['1103'], '1105': ['1105'], '1106': ['1106'], '1113': ['1113'], '1108': ['1108'], '1110': ['1110'], '1104': ['1104'], '1107': ['1107'], '1114': ['1114'], '1038': ['1038'], '1048': ['1048'], '1054': ['1054'], '1068': ['1068'], '1039': ['1039', '1097', '1098', '1099', '1035'], '1112': ['1112'], '1100': ['1100'], '1034': ['1034'], '1067': ['1067'], '1111': ['1111'], '1030': ['1030', '1046', '1069', '1047', '1070'], '1058': ['1058'], '1059': ['1059'], '1064': ['1064'], '1065': ['1065'], '1031': ['1031'], '1042': ['1042'], '1083': ['1083'], '1085': ['1085'], '1086': ['1086', '1089', '1044', '1087', '1090'], '1036': ['1036'], '1092': ['1092'], '1150': ['1150'], '1093': ['1093'], '1094': ['1094'], '1151': ['1151'], '1144': ['1144'], '1149': ['1149'], '1037': ['1037'], '1088': ['1088', '1142', '1141', '1143', '1139'], '1091': ['1091'], '1115': ['1115'], '1062': ['1062'], '1077': ['1077'], '1117': ['1117', '1118', '1116', '1119', '1120'], '1078': ['1078'], '1135': ['1135'], '1137': ['1137'], '1140': ['1140'], '1132': ['1132'], '1130': ['1130'], '1133': ['1133']})"
82,"defaultdict(<class 'list'>, {'1040': ['1040', '1080', '1079', '1081', '1078'], '1095': ['1095'], '1082': ['1082', '1084', '1042', '1083', '1085'], '1096': ['1096', '1138', '1135', '1137', '1139'], '1136': ['1136'], '1041': ['1041'], '1126': ['1126'], '1125': ['1125'], '1127': ['1127'], '1128': ['1128', '1131', '1132', '1130', '1133'], '1129': ['1129'], '1032': ['1032', '1160', '1161', '1162'], '1052': ['1052'], '1063': ['1063'], '1051': ['1051'], '1055': ['1055'], '1057': ['1057'], '1060': ['1060'], '1071': ['1071'], '1147': ['1147', '1036', '1092', '1145', '1146'], '1148': ['1148'], '1158': ['1158'], '1053': ['1053'], '1066': ['1066'], '1056': ['1056'], '1061': ['1061'], '1072': ['1072'], '1157': ['1157'], '1159': ['1159'], '1033': ['1033'], '1101': ['1101', '1102', '1103', '1039', '1097', '1098', '1099', '1035', '1100'], '1109': ['1109'], '1153': ['1153'], '1105': ['1105'], '1106': ['1106'], '1113': ['1113'], '1154': ['1154'], '1155': ['1155'], '1108': ['1108'], '1110': ['1110', '1111', '1064', '1065', '1031'], '1104': ['1104'], '1107': ['1107'], '1114': ['1114'], '1156': ['1156'], '1038': ['1038'], '1048': ['1048'], '1049': ['1049'], '1050': ['1050'], '1054': ['1054'], '1068': ['1068'], '1112': ['1112'], '1034': ['1034'], '1067': ['1067'], '1030': ['1030', '1046', '1069', '1047', '1070'], '1058': ['1058'], '1059': ['1059'], '1086': ['1086', '1087', '1088', '1141', '1143'], '1089': ['1089'], '1043': ['1043'], '1121': ['1121'], '1122': ['1122'], '1123': ['1123'], '1124': ['1124'], '1150': ['1150'], '1093': ['1093', '1094', '1151', '1149', '1037'], '1144': ['1144'], '1044': ['1044'], '1090': ['1090'], '1142': ['1142'], '1091': ['1091'], '1045': ['1045'], '1115': ['1115'], '1062': ['1062'], '1077': ['1077'], '1117': ['1117', '1118', '1116', '1119', '1120'], '1152': ['1152'], '1075': ['1075'], '1076': ['1076'], '1073': ['1073'], '1074': ['1074'], '1140': ['1140'], '1134': ['1134']})"
82,"defaultdict(<class 'list'>, {'1040': ['1040'], '1080': ['1080'], '1079': ['1079'], '1081': ['1081'], '1095': ['1095'], '1082': ['1082', '1084', '1042', '1083', '1085'], '1096': ['1096'], '1136': ['1136'], '1138': ['1138'], '1041': ['1041', '1126', '1125', '1127', '1124'], '1128': ['1128', '1131', '1132', '1130', '1133'], '1129': ['1129'], '1032': ['1032'], '1052': ['1052'], '1063': ['1063'], '1160': ['1160'], '1051': ['1051'], '1055': ['1055'], '1057': ['1057'], '1060': ['1060'], '1071': ['1071'], '1147': ['1147'], '1148': ['1148', '1158', '1157', '1159', '1156'], '1161': ['1161'], '1053': ['1053'], '1066': ['1066'], '1056': ['1056'], '1061': ['1061'], '1072': ['1072'], '1162': ['1162'], '1033': ['1033'], '1101': ['1101', '1102', '1098', '1099', '1100', '1103', '1039', '1097', '1035'], '1109': ['1109'], '1153': ['1153', '1154', '1155', '1151', '1152'], '1105': ['1105', '1106', '1107', '1058', '1059'], '1113': ['1113'], '1108': ['1108'], '1110': ['1110'], '1104': ['1104', '1112', '1111', '1117'], '1114': ['1114', '1115', '1118', '1116', '1119'], '1038': ['1038', '1048', '1068', '1034', '1067'], '1049': ['1049'], '1050': ['1050'], '1054': ['1054'], '1030': ['1030', '1046', '1069', '1047', '1070'], '1064': ['1064'], '1065': ['1065'], '1031': ['1031'], '1086': ['1086', '1089', '1044', '1087', '1090'], '1043': ['1043'], '1121': ['1121'], '1122': ['1122'], '1123': ['1123'], '1036': ['1036'], '1092': ['1092'], '1150': ['1150'], '1093': ['1093'], '1094': ['1094'], '1145': ['1145'], '1144': ['1144'], '1149': ['1149'], '1037': ['1037'], '1088': ['1088'], '1142': ['1142'], '1141': ['1141'], '1091': ['1091'], '1143': ['1143'], '1045': ['1045'], '1062': ['1062'], '1077': ['1077'], '1146': ['1146'], '1075': ['1075'], '1076': ['1076'], '1073': ['1073'], '1078': ['1078'], '1074': ['1074'], '1135': ['1135'], '1137': ['1137'], '1140': ['1140'], '1139': ['1139'], '1120': ['1120'], '1134': ['1134']})"
82,"defaultdict(<class 'list'>, {'1040': ['1040'], '1080': ['1080'], '1079': ['1079'], '1081': ['1081'], '1095': ['1095'], '1082': ['1082'], '1084': ['1084', '1042', '1085', '1086', '1087'], '1096': ['1096'], '1136': ['1136'], '1138': ['1138'], '1041': ['1041'], '1126': ['1126'], '1125': ['1125'], '1127': ['1127'], '1128': ['1128'], '1129': ['1129'], '1131': ['1131'], '1032': ['1032', '1063', '1160', '1161', '1162'], '1052': ['1052'], '1051': ['1051', '1055', '1056', '1049', '1050'], '1057': ['1057'], '1060': ['1060'], '1071': ['1071'], '1147': ['1147'], '1148': ['1148', '1158', '1157', '1159', '1156'], '1053': ['1053'], '1066': ['1066', '1068', '1067', '1077', '1076'], '1061': ['1061'], '1072': ['1072'], '1033': ['1033', '1153', '1154', '1155', '1152'], '1101': ['1101', '1102', '1098', '1099', '1100', '1103', '1039', '1097', '1035'], '1109': ['1109'], '1105': ['1105'], '1106': ['1106'], '1113': ['1113'], '1108': ['1108'], '1110': ['1110'], '1104': ['1104', '1030', '1046', '1047'], '1107': ['1107'], '1114': ['1114'], '1038': ['1038'], '1048': ['1048'], '1054': ['1054'], '1112': ['1112'], '1034': ['1034'], '1111': ['1111'], '1069': ['1069', '1064', '1065', '1070', '1031'], '1058': ['1058'], '1059': ['1059'], '1083': ['1083'], '1089': ['1089'], '1043': ['1043'], '1121': ['1121'], '1122': ['1122'], '1123': ['1123'], '1124': ['1124'], '1036': ['1036'], '1092': ['1092', '1150', '1093', '1094', '1144', '1149', '1037', '1145', '1151'], '1044': ['1044'], '1088': ['1088'], '1090': ['1090'], '1142': ['1142'], '1141': ['1141'], '1091': ['1091'], '1143': ['1143'], '1045': ['1045'], '1115': ['1115'], '1062': ['1062'], '1117': ['1117', '1118', '1116', '1119', '1120'], '1146': ['1146'], '1075': ['1075'], '1073': ['1073'], '1078': ['1078'], '1074': ['1074'], '1135': ['1135'], '1137': ['1137'], '1140': ['1140'], '1139': ['1139'], '1132': ['1132'], '1130': ['1130'], '1134': ['1134'], '1133': ['1133']})"
82,"defaultdict(<class 'list'>, {'1040': ['1040', '1080', '1079', '1081', '1078'], '1095': ['1095'], '1082': ['1082', '1084', '1042', '1083', '1085'], '1096': ['1096'], '1136': ['1136'], '1138': ['1138'], '1041': ['1041', '1126', '1125', '1127', '1124'], '1128': ['1128', '1131', '1132', '1130', '1133'], '1129': ['1129'], '1032': ['1032', '1160', '1161', '1162', '1146'], '1052': ['1052'], '1063': ['1063'], '1051': ['1051'], '1055': ['1055'], '1057': ['1057'], '1060': ['1060'], '1071': ['1071'], '1147': ['1147'], '1148': ['1148', '1158', '1157', '1159', '1156'], '1053': ['1053'], '1066': ['1066'], '1056': ['1056'], '1061': ['1061'], '1072': ['1072'], '1033': ['1033', '1153', '1154', '1155', '1152'], '1101': ['1101'], '1109': ['1109'], '1102': ['1102', '1103', '1104', '1117', '1118', '1039', '1097', '1098', '1099', '1035', '1112', '1111'], '1105': ['1105', '1106', '1107', '1058', '1059'], '1113': ['1113'], '1108': ['1108'], '1110': ['1110'], '1114': ['1114'], '1038': ['1038'], '1048': ['1048'], '1049': ['1049'], '1050': ['1050'], '1054': ['1054'], '1068': ['1068', '1077', '1075', '1076', '1074'], '1100': ['1100'], '1034': ['1034'], '1067': ['1067'], '1030': ['1030'], '1046': ['1046'], '1069': ['1069'], '1064': ['1064'], '1065': ['1065'], '1047': ['1047'], '1070': ['1070'], '1031': ['1031'], '1086': ['1086'], '1089': ['1089'], '1043': ['1043'], '1121': ['1121'], '1122': ['1122'], '1123': ['1123'], '1036': ['1036'], '1092': ['1092'], '1150': ['1150'], '1093': ['1093', '1094', '1151', '1149', '1037'], '1145': ['1145'], '1144': ['1144'], '1044': ['1044'], '1087': ['1087'], '1088': ['1088'], '1090': ['1090'], '1142': ['1142'], '1141': ['1141'], '1091': ['1091'], '1143': ['1143'], '1045': ['1045'], '1115': ['1115'], '1062': ['1062'], '1073': ['1073'], '1116': ['1116'], '1135': ['1135'], '1137': ['1137'], '1140': ['1140'], '1139': ['1139'], '1119': ['1119'], '1120': ['1120'], '1134': ['1134']})"
82,"defaultdict(<class 'list'>, {'1040': ['1040'], '1080': ['1080'], '1079': ['1079'], '1081': ['1081'], '1095': ['1095'], '1082': ['1082'], '1084': ['1084'], '1096': ['1096', '1138', '1135', '1137', '1139', '1136', '1140'], '1041': ['1041', '1126', '1125', '1127', '1124'], '1128': ['1128'], '1129': ['1129'], '1131': ['1131'], '1032': ['1032', '1052', '1063', '1053', '1049'], '1160': ['1160'], '1051': ['1051'], '1055': ['1055'], '1057': ['1057', '1060', '1061', '1058', '1059', '1071', '1072', '1062', '1073'], '1147': ['1147'], '1148': ['1148', '1158', '1157', '1159', '1156'], '1161': ['1161'], '1066': ['1066'], '1056': ['1056', '1077', '1075', '1076', '1074'], '1162': ['1162'], '1033': ['1033'], '1101': ['1101'], '1109': ['1109'], '1153': ['1153'], '1102': ['1102'], '1103': ['1103'], '1105': ['1105'], '1106': ['1106'], '1113': ['1113'], '1154': ['1154'], '1155': ['1155'], '1108': ['1108'], '1110': ['1110'], '1104': ['1104'], '1107': ['1107'], '1114': ['1114'], '1038': ['1038'], '1048': ['1048'], '1050': ['1050'], '1054': ['1054'], '1068': ['1068'], '1039': ['1039'], '1097': ['1097'], '1098': ['1098'], '1099': ['1099'], '1112': ['1112'], '1100': ['1100'], '1034': ['1034'], '1067': ['1067'], '1035': ['1035'], '1111': ['1111'], '1030': ['1030'], '1046': ['1046'], '1069': ['1069'], '1064': ['1064'], '1065': ['1065'], '1047': ['1047'], '1070': ['1070'], '1031': ['1031'], '1042': ['1042'], '1083': ['1083'], '1085': ['1085'], '1086': ['1086', '1087', '1088', '1141', '1143', '1142'], '1089': ['1089', '1149', '1044', '1090', '1091'], '1043': ['1043', '1121', '1122', '1123', '1045'], '1036': ['1036'], '1092': ['1092'], '1150': ['1150'], '1093': ['1093', '1094', '1145', '1144', '1037'], '1151': ['1151'], '1115': ['1115', '1118', '1116', '1119', '1120'], '1117': ['1117'], '1146': ['1146'], '1152': ['1152'], '1078': ['1078'], '1132': ['1132'], '1130': ['1130'], '1134': ['1134'], '1133': ['1133']})"
82,"defaultdict(<class 'list'>, {'1040': ['1040', '1080', '1079', '1077', '1076', '1078', '1075', '1074'], '1081': ['1081', '1082', '1084', '1042', '1083'], '1095': ['1095'], '1096': ['1096'], '1136': ['1136'], '1138': ['1138'], '1041': ['1041'], '1126': ['1126'], '1125': ['1125'], '1127': ['1127'], '1128': ['1128', '1131', '1132', '1130', '1133'], '1129': ['1129'], '1032': ['1032', '1160', '1161', '1162', '1146'], '1052': ['1052', '1053', '1049', '1050', '1054'], '1063': ['1063'], '1051': ['1051'], '1055': ['1055'], '1057': ['1057'], '1060': ['1060'], '1071': ['1071'], '1147': ['1147'], '1148': ['1148', '1158', '1157', '1159', '1156', '1153', '1154', '1155', '1152'], '1066': ['1066', '1038', '1048', '1068', '1067'], '1056': ['1056'], '1061': ['1061'], '1072': ['1072'], '1033': ['1033'], '1101': ['1101'], '1109': ['1109'], '1102': ['1102'], '1103': ['1103'], '1105': ['1105'], '1106': ['1106'], '1113': ['1113'], '1108': ['1108'], '1110': ['1110'], '1104': ['1104'], '1107': ['1107'], '1114': ['1114'], '1039': ['1039'], '1097': ['1097'], '1098': ['1098'], '1099': ['1099'], '1112': ['1112'], '1100': ['1100'], '1034': ['1034'], '1035': ['1035'], '1111': ['1111'], '1030': ['1030'], '1046': ['1046'], '1069': ['1069', '1064', '1065', '1070', '1031'], '1058': ['1058'], '1059': ['1059'], '1047': ['1047'], '1085': ['1085'], '1086': ['1086', '1089', '1044', '1087', '1090'], '1043': ['1043'], '1121': ['1121'], '1122': ['1122'], '1123': ['1123'], '1124': ['1124'], '1036': ['1036', '1092', '1150', '1151', '1149'], '1093': ['1093', '1094', '1144', '1037', '1143'], '1145': ['1145'], '1088': ['1088'], '1142': ['1142'], '1141': ['1141'], '1091': ['1091'], '1045': ['1045'], '1115': ['1115'], '1062': ['1062'], '1117': ['1117'], '1118': ['1118'], '1073': ['1073'], '1116': ['1116'], '1135': ['1135'], '1137': ['1137'], '1140': ['1140'], '1139': ['1139'], '1119': ['1119'], '1120': ['1120'], '1134': ['1134']})"
82,"defaultdict(<class 'list'>, {'1040': ['1040'], '1080': ['1080'], '1079': ['1079'], '1081': ['1081'], '1095': ['1095'], '1082': ['1082'], '1084': ['1084', '1042', '1085', '1086', '1089', '1044', '1087', '1090', '1091'], '1096': ['1096'], '1136': ['1136'], '1138': ['1138'], '1041': ['1041'], '1126': ['1126'], '1125': ['1125'], '1127': ['1127'], '1128': ['1128', '1129', '1132', '1130', '1134'], '1131': ['1131'], '1032': ['1032', '1063', '1160', '1147', '1148', '1158', '1157', '1159', '1156', '1161', '1162', '1146'], '1052': ['1052', '1053', '1049', '1050', '1054'], '1051': ['1051'], '1055': ['1055'], '1057': ['1057', '1060', '1061', '1058', '1059'], '1071': ['1071'], '1066': ['1066'], '1056': ['1056'], '1072': ['1072'], '1033': ['1033'], '1101': ['1101'], '1109': ['1109'], '1153': ['1153'], '1102': ['1102'], '1103': ['1103'], '1105': ['1105', '1106', '1113', '1107', '1114'], '1154': ['1154'], '1155': ['1155'], '1108': ['1108'], '1110': ['1110', '1111', '1064', '1065', '1031'], '1104': ['1104'], '1038': ['1038', '1048', '1068', '1034', '1067'], '1039': ['1039'], '1097': ['1097'], '1098': ['1098'], '1099': ['1099'], '1112': ['1112'], '1100': ['1100'], '1035': ['1035'], '1030': ['1030', '1046', '1069', '1047', '1070'], '1083': ['1083'], '1043': ['1043'], '1121': ['1121'], '1122': ['1122'], '1123': ['1123'], '1124': ['1124'], '1036': ['1036'], '1092': ['1092'], '1150': ['1150'], '1093': ['1093'], '1094': ['1094'], '1145': ['1145'], '1151': ['1151'], '1144': ['1144'], '1149': ['1149'], '1037': ['1037'], '1088': ['1088'], '1142': ['1142'], '1141': ['1141'], '1143': ['1143'], '1045': ['1045'], '1115': ['1115', '1118', '1116', '1119', '1120'], '1062': ['1062'], '1077': ['1077'], '1117': ['1117'], '1152': ['1152'], '1075': ['1075'], '1076': ['1076'], '1073': ['1073'], '1078': ['1078'], '1074': ['1074'], '1135': ['1135'], '1137': ['1137'], '1140': ['1140'], '1139': ['1139'], '1133': ['1133']})"
82,"defaultdict(<class 'list'>, {'1040': ['1040', '1080', '1081', '1082', '1084', '1042', '1083', '1085', '1078'], '1079': ['1079'], '1095': ['1095'], '1096': ['1096'], '1136': ['1136'], '1138': ['1138'], '1041': ['1041'], '1126': ['1126'], '1125': ['1125'], '1127': ['1127'], '1128': ['1128'], '1129': ['1129'], '1131': ['1131'], '1032': ['1032', '1052', '1063', '1053', '1049'], '1160': ['1160'], '1051': ['1051', '1055', '1056', '1075', '1076'], '1057': ['1057'], '1060': ['1060'], '1071': ['1071'], '1147': ['1147'], '1148': ['1148', '1158', '1157', '1159', '1156'], '1161': ['1161'], '1066': ['1066'], '1061': ['1061', '1062', '1073', '1074'], '1072': ['1072'], '1162': ['1162'], '1033': ['1033', '1153', '1154', '1155', '1152'], '1101': ['1101'], '1109': ['1109'], '1102': ['1102', '1103', '1104', '1098', '1099'], '1105': ['1105', '1106', '1107', '1058', '1059'], '1113': ['1113'], '1108': ['1108'], '1110': ['1110'], '1114': ['1114'], '1038': ['1038'], '1048': ['1048'], '1050': ['1050'], '1054': ['1054'], '1068': ['1068'], '1039': ['1039', '1097', '1112', '1035', '1111'], '1100': ['1100'], '1034': ['1034'], '1067': ['1067'], '1030': ['1030'], '1046': ['1046'], '1069': ['1069'], '1064': ['1064'], '1065': ['1065'], '1047': ['1047'], '1070': ['1070'], '1031': ['1031'], '1086': ['1086'], '1089': ['1089'], '1043': ['1043', '1121', '1122', '1123', '1045'], '1124': ['1124'], '1036': ['1036'], '1092': ['1092'], '1150': ['1150'], '1093': ['1093'], '1094': ['1094'], '1145': ['1145'], '1151': ['1151'], '1144': ['1144'], '1149': ['1149'], '1037': ['1037'], '1044': ['1044'], '1087': ['1087'], '1088': ['1088', '1142', '1141', '1143', '1140'], '1090': ['1090'], '1091': ['1091'], '1115': ['1115'], '1077': ['1077'], '1117': ['1117', '1118', '1116', '1119', '1120'], '1146': ['1146'], '1135': ['1135'], '1137': ['1137'], '1139': ['1139'], '1132': ['1132'], '1130': ['1130'], '1134': ['1134'], '1133': ['1133']})"
82,"defaultdict(<class 'list'>, {'1040': ['1040', '1080', '1079', '1081', '1078'], '1095': ['1095'], '1082': ['1082', '1084', '1042', '1083', '1085'], '1096': ['1096', '1136', '1135', '1137', '1140'], '1138': ['1138'], '1041': ['1041'], '1126': ['1126'], '1125': ['1125'], '1127': ['1127'], '1128': ['1128', '1129', '1132', '1130', '1134'], '1131': ['1131'], '1032': ['1032', '1052', '1063', '1053', '1049'], '1160': ['1160', '1147', '1161', '1162', '1146'], '1051': ['1051'], '1055': ['1055'], '1057': ['1057'], '1060': ['1060'], '1071': ['1071'], '1148': ['1148'], '1158': ['1158'], '1066': ['1066'], '1056': ['1056'], '1061': ['1061'], '1072': ['1072'], '1157': ['1157'], '1159': ['1159'], '1033': ['1033', '1153', '1154', '1036', '1150', '1151', '1152', '1155'], '1101': ['1101'], '1109': ['1109'], '1102': ['1102'], '1103': ['1103'], '1105': ['1105'], '1106': ['1106'], '1113': ['1113'], '1108': ['1108'], '1110': ['1110', '1039', '1097', '1098', '1099', '1035', '1112', '1111', '1117'], '1104': ['1104'], '1107': ['1107'], '1114': ['1114', '1115', '1118', '1116', '1119'], '1156': ['1156'], '1038': ['1038'], '1048': ['1048'], '1050': ['1050'], '1054': ['1054'], '1068': ['1068', '1077', '1075', '1076', '1074'], '1100': ['1100'], '1034': ['1034'], '1067': ['1067'], '1030': ['1030'], '1046': ['1046'], '1069': ['1069'], '1058': ['1058'], '1059': ['1059'], '1064': ['1064'], '1065': ['1065'], '1047': ['1047'], '1070': ['1070'], '1031': ['1031'], '1086': ['1086', '1089', '1044', '1087', '1090'], '1043': ['1043'], '1121': ['1121'], '1122': ['1122'], '1123': ['1123'], '1124': ['1124'], '1092': ['1092'], '1093': ['1093'], '1094': ['1094'], '1145': ['1145'], '1144': ['1144'], '1149': ['1149'], '1037': ['1037'], '1088': ['1088'], '1142': ['1142'], '1141': ['1141'], '1091': ['1091'], '1143': ['1143'], '1045': ['1045'], '1062': ['1062'], '1073': ['1073'], '1139': ['1139'], '1120': ['1120'], '1133': ['1133']})"
82,"defaultdict(<class 'list'>, {'1040': ['1040', '1080', '1079', '1081', '1078'], '1095': ['1095'], '1082': ['1082', '1084', '1042', '1083', '1085'], '1096': ['1096'], '1136': ['1136'], '1138': ['1138'], '1041': ['1041', '1126', '1125', '1127', '1043', '1121', '1122', '1123', '1045', '1124', '1128', '1132'], '1129': ['1129'], '1131': ['1131'], '1032': ['1032', '1160', '1161', '1162', '1146'], '1052': ['1052', '1051', '1053', '1049', '1050'], '1063': ['1063'], '1055': ['1055'], '1057': ['1057', '1060', '1061', '1105', '1106', '1107', '1058', '1059', '1113'], '1071': ['1071'], '1147': ['1147'], '1148': ['1148'], '1158': ['1158'], '1066': ['1066'], '1056': ['1056'], '1072': ['1072'], '1157': ['1157'], '1159': ['1159'], '1033': ['1033'], '1101': ['1101'], '1109': ['1109'], '1153': ['1153'], '1102': ['1102'], '1103': ['1103'], '1154': ['1154'], '1155': ['1155'], '1108': ['1108'], '1110': ['1110'], '1104': ['1104'], '1114': ['1114'], '1156': ['1156'], '1038': ['1038', '1048', '1068', '1034', '1067'], '1054': ['1054'], '1039': ['1039', '1097', '1098', '1099', '1035', '1112', '1111', '1117', '1118'], '1100': ['1100'], '1030': ['1030'], '1046': ['1046'], '1069': ['1069'], '1064': ['1064'], '1065': ['1065'], '1047': ['1047'], '1070': ['1070'], '1031': ['1031'], '1086': ['1086', '1089', '1044', '1087', '1090'], '1036': ['1036'], '1092': ['1092'], '1150': ['1150'], '1093': ['1093'], '1094': ['1094'], '1145': ['1145'], '1151': ['1151'], '1144': ['1144'], '1149': ['1149'], '1037': ['1037'], '1088': ['1088'], '1142': ['1142'], '1141': ['1141'], '1091': ['1091'], '1143': ['1143'], '1115': ['1115'], '1062': ['1062'], '1077': ['1077'], '1152': ['1152'], '1075': ['1075'], '1076': ['1076'], '1073': ['1073'], '1074': ['1074'], '1116': ['1116'], '1135': ['1135'], '1137': ['1137'], '1140': ['1140'], '1139': ['1139'], '1119': ['1119'], '1120': ['1120'], '1130': ['1130'], '1134': ['1134'], '1133': ['1133']})"
82,"defaultdict(<class 'list'>, {'1040': ['1040', '1080', '1079', '1081', '1078'], '1095': ['1095'], '1082': ['1082', '1084', '1042', '1083', '1085'], '1096': ['1096'], '1136': ['1136'], '1138': ['1138'], '1041': ['1041', '1126', '1125', '1127', '1124', '1131', '1122', '1123', '1045'], '1128': ['1128'], '1129': ['1129'], '1032': ['1032', '1052', '1063', '1053', '1049'], '1160': ['1160'], '1051': ['1051', '1055', '1056', '1050'], '1057': ['1057'], '1060': ['1060'], '1071': ['1071'], '1147': ['1147'], '1148': ['1148', '1158', '1157', '1159', '1156'], '1161': ['1161'], '1066': ['1066'], '1061': ['1061'], '1072': ['1072'], '1162': ['1162'], '1033': ['1033', '1109', '1153', '1155', '1152'], '1101': ['1101'], '1102': ['1102'], '1103': ['1103'], '1105': ['1105', '1106', '1107', '1058', '1059'], '1113': ['1113'], '1154': ['1154'], '1108': ['1108'], '1110': ['1110'], '1104': ['1104'], '1114': ['1114'], '1038': ['1038', '1048', '1068', '1034', '1067'], '1054': ['1054'], '1039': ['1039'], '1097': ['1097'], '1098': ['1098'], '1099': ['1099'], '1112': ['1112'], '1100': ['1100'], '1035': ['1035'], '1111': ['1111'], '1030': ['1030'], '1046': ['1046'], '1069': ['1069'], '1064': ['1064'], '1065': ['1065'], '1047': ['1047'], '1070': ['1070'], '1031': ['1031'], '1086': ['1086'], '1089': ['1089'], '1043': ['1043'], '1121': ['1121'], '1036': ['1036'], '1092': ['1092'], '1150': ['1150'], '1093': ['1093', '1094', '1151', '1149', '1037'], '1145': ['1145'], '1144': ['1144'], '1044': ['1044'], '1087': ['1087'], '1088': ['1088', '1142', '1141', '1143', '1139'], '1090': ['1090'], '1091': ['1091'], '1115': ['1115'], '1062': ['1062'], '1077': ['1077'], '1117': ['1117', '1118', '1116', '1119', '1120'], '1146': ['1146'], '1075': ['1075'], '1076': ['1076'], '1073': ['1073'], '1074': ['1074'], '1135': ['1135'], '1137': ['1137'], '1140': ['1140'], '1132': ['1132'], '1130': ['1130'], '1134': ['1134'], '1133': ['1133']})"
82,"defaultdict(<class 'list'>, {'1040': ['1040', '1080', '1079', '1081', '1078'], '1095': ['1095'], '1082': ['1082'], '1084': ['1084'], '1096': ['1096'], '1136': ['1136'], '1138': ['1138'], '1041': ['1041'], '1126': ['1126'], '1125': ['1125'], '1127': ['1127'], '1128': ['1128', '1131', '1132', '1130', '1133'], '1129': ['1129'], '1032': ['1032', '1160', '1147', '1161', '1145', '1146', '1162'], '1052': ['1052', '1051', '1053', '1049', '1050'], '1063': ['1063'], '1055': ['1055'], '1057': ['1057', '1060', '1061', '1058', '1059', '1105', '1106', '1113', '1107'], '1071': ['1071'], '1148': ['1148'], '1158': ['1158'], '1066': ['1066'], '1056': ['1056'], '1072': ['1072'], '1157': ['1157'], '1159': ['1159'], '1033': ['1033'], '1101': ['1101'], '1109': ['1109'], '1153': ['1153'], '1102': ['1102'], '1103': ['1103', '1104'], '1154': ['1154', '1036', '1150', '1151', '1152'], '1155': ['1155'], '1108': ['1108'], '1110': ['1110', '1039', '1097', '1098', '1099', '1035', '1112', '1111', '1117'], '1114': ['1114'], '1156': ['1156'], '1038': ['1038'], '1048': ['1048'], '1054': ['1054'], '1068': ['1068'], '1100': ['1100'], '1034': ['1034'], '1067': ['1067'], '1030': ['1030', '1046', '1069', '1047', '1070'], '1064': ['1064'], '1065': ['1065'], '1031': ['1031'], '1042': ['1042'], '1083': ['1083'], '1085': ['1085'], '1086': ['1086'], '1089': ['1089', '1092', '1044', '1090', '1091'], '1043': ['1043', '1121', '1122', '1123', '1045'], '1124': ['1124'], '1093': ['1093'], '1094': ['1094'], '1144': ['1144'], '1149': ['1149'], '1037': ['1037'], '1087': ['1087'], '1088': ['1088'], '1142': ['1142'], '1141': ['1141'], '1143': ['1143'], '1115': ['1115'], '1062': ['1062'], '1077': ['1077'], '1075': ['1075'], '1076': ['1076'], '1118': ['1118'], '1073': ['1073'], '1074': ['1074'], '1116': ['1116'], '1135': ['1135'], '1137': ['1137'], '1140': ['1140'], '1139': ['1139'], '1119': ['1119'], '1120': ['1120'], '1134': ['1134']})"
83,"defaultdict(<class 'list'>, {'1040': ['1040'], '1080': ['1080', '1079', '1077', '1076', '1078'], '1081': ['1081'], '1095': ['1095'], '1082': ['1082', '1084', '1042', '1083', '1085'], '1096': ['1096'], '1136': ['1136'], '1138': ['1138'], '1041': ['1041', '1126', '1125', '1127', '1124', '1129', '1122', '1123', '1045'], '1128': ['1128'], '1131': ['1131'], '1032': ['1032', '1160', '1161', '1162', '1146', '1147', '1148', '1158', '1157', '1159', '1155', '1156'], '1052': ['1052'], '1063': ['1063'], '1051': ['1051', '1038', '1048', '1068', '1034', '1067', '1049', '1050'], '1055': ['1055'], '1057': ['1057'], '1060': ['1060'], '1071': ['1071'], '1053': ['1053'], '1066': ['1066', '1110', '1064', '1065', '1031'], '1056': ['1056'], '1061': ['1061', '1062', '1075', '1073', '1074'], '1072': ['1072'], '1033': ['1033'], '1101': ['1101'], '1109': ['1109'], '1153': ['1153'], '1102': ['1102', '1103', '1104', '1098', '1099'], '1105': ['1105'], '1106': ['1106'], '1113': ['1113'], '1154': ['1154'], '1108': ['1108'], '1107': ['1107'], '1114': ['1114', '1115', '1118', '1116', '1119'], '1054': ['1054'], '1039': ['1039'], '1097': ['1097'], '1112': ['1112'], '1100': ['1100'], '1035': ['1035'], '1111': ['1111'], '1030': ['1030'], '1046': ['1046'], '1069': ['1069'], '1058': ['1058'], '1059': ['1059'], '1047': ['1047'], '1070': ['1070'], '1086': ['1086'], '1089': ['1089'], '1043': ['1043'], '1121': ['1121'], '1036': ['1036'], '1092': ['1092'], '1150': ['1150'], '1093': ['1093'], '1094': ['1094'], '1145': ['1145'], '1151': ['1151'], '1144': ['1144'], '1149': ['1149'], '1037': ['1037'], '1044': ['1044'], '1087': ['1087'], '1088': ['1088'], '1090': ['1090'], '1142': ['1142'], '1141': ['1141'], '1091': ['1091'], '1143': ['1143'], '1117': ['1117'], '1152': ['1152'], '1135': ['1135'], '1137': ['1137'], '1140': ['1140'], '1139': ['1139'], '1120': ['1120'], '1132': ['1132'], '1130': ['1130'], '1134': ['1134'], '1133': ['1133']})"
83,"defaultdict(<class 'list'>, {'1040': ['1040', '1080', '1081', '1082', '1084', '1042', '1083', '1085', '1078'], '1079': ['1079', '1038', '1048', '1068', '1034', '1067', '1077', '1076'], '1095': ['1095'], '1096': ['1096', '1136', '1135', '1137', '1140'], '1138': ['1138'], '1041': ['1041'], '1126': ['1126'], '1125': ['1125'], '1127': ['1127'], '1128': ['1128'], '1129': ['1129'], '1131': ['1131'], '1032': ['1032'], '1052': ['1052', '1053', '1049', '1050', '1054'], '1063': ['1063'], '1160': ['1160'], '1051': ['1051'], '1055': ['1055'], '1057': ['1057'], '1060': ['1060'], '1071': ['1071'], '1147': ['1147'], '1148': ['1148', '1158', '1157', '1159', '1156'], '1161': ['1161'], '1066': ['1066'], '1056': ['1056'], '1061': ['1061', '1062', '1075', '1073', '1074'], '1072': ['1072'], '1162': ['1162'], '1033': ['1033'], '1101': ['1101'], '1109': ['1109', '1105', '1106', '1113', '1107'], '1153': ['1153'], '1102': ['1102', '1103', '1104', '1117', '1118'], '1154': ['1154'], '1155': ['1155'], '1108': ['1108'], '1110': ['1110'], '1114': ['1114', '1030', '1046', '1069', '1064', '1065', '1070', '1031', '1047'], '1039': ['1039'], '1097': ['1097'], '1098': ['1098'], '1099': ['1099'], '1112': ['1112'], '1100': ['1100'], '1035': ['1035'], '1111': ['1111'], '1058': ['1058'], '1059': ['1059'], '1086': ['1086'], '1089': ['1089'], '1043': ['1043'], '1121': ['1121'], '1122': ['1122'], '1123': ['1123'], '1124': ['1124'], '1036': ['1036'], '1092': ['1092'], '1150': ['1150'], '1093': ['1093'], '1094': ['1094'], '1145': ['1145'], '1151': ['1151'], '1144': ['1144'], '1149': ['1149'], '1037': ['1037'], '1044': ['1044'], '1087': ['1087'], '1088': ['1088'], '1090': ['1090'], '1142': ['1142'], '1141': ['1141'], '1091': ['1091'], '1143': ['1143'], '1045': ['1045'], '1115': ['1115', '1116', '1119', '1120'], '1146': ['1146'], '1152': ['1152'], '1139': ['1139'], '1132': ['1132'], '1130': ['1130'], '1134': ['1134'], '1133': ['1133']})"
83,"defaultdict(<class 'list'>, {'1040': ['1040'], '1080': ['1080'], '1079': ['1079'], '1081': ['1081'], '1095': ['1095'], '1082': ['1082'], '1084': ['1084', '1042', '1085', '1086', '1087'], '1096': ['1096'], '1136': ['1136'], '1138': ['1138'], '1041': ['1041'], '1126': ['1126'], '1125': ['1125'], '1127': ['1127'], '1128': ['1128', '1131', '1132', '1130', '1133'], '1129': ['1129'], '1032': ['1032'], '1052': ['1052'], '1063': ['1063'], '1160': ['1160'], '1051': ['1051'], '1055': ['1055'], '1057': ['1057'], '1060': ['1060'], '1071': ['1071'], '1147': ['1147'], '1148': ['1148', '1158', '1157', '1159'], '1161': ['1161'], '1053': ['1053'], '1066': ['1066'], '1056': ['1056'], '1061': ['1061'], '1072': ['1072'], '1162': ['1162'], '1033': ['1033', '1101', '1102', '1098', '1099', '1100', '1103', '1108', '1107'], '1109': ['1109'], '1153': ['1153', '1154', '1155', '1156', '1152'], '1105': ['1105'], '1106': ['1106'], '1113': ['1113'], '1110': ['1110'], '1104': ['1104'], '1114': ['1114'], '1038': ['1038'], '1048': ['1048'], '1049': ['1049'], '1050': ['1050'], '1054': ['1054'], '1068': ['1068'], '1039': ['1039', '1097', '1112', '1035', '1111'], '1034': ['1034'], '1067': ['1067'], '1030': ['1030'], '1046': ['1046'], '1069': ['1069'], '1058': ['1058'], '1059': ['1059'], '1064': ['1064'], '1065': ['1065'], '1047': ['1047'], '1070': ['1070'], '1031': ['1031'], '1083': ['1083'], '1089': ['1089', '1149', '1044', '1090', '1091', '1093', '1094', '1037'], '1043': ['1043', '1121', '1122', '1123', '1045'], '1124': ['1124'], '1036': ['1036'], '1092': ['1092'], '1150': ['1150'], '1145': ['1145'], '1151': ['1151'], '1144': ['1144'], '1088': ['1088', '1142', '1141', '1143', '1139'], '1115': ['1115'], '1062': ['1062'], '1077': ['1077', '1075', '1076', '1073', '1074'], '1117': ['1117', '1118', '1116', '1119', '1120'], '1146': ['1146'], '1078': ['1078'], '1135': ['1135'], '1137': ['1137'], '1140': ['1140'], '1134': ['1134']})"
83,"defaultdict(<class 'list'>, {'1040': ['1040', '1080', '1079', '1081', '1078'], '1095': ['1095'], '1082': ['1082'], '1084': ['1084'], '1096': ['1096'], '1136': ['1136'], '1138': ['1138'], '1041': ['1041'], '1126': ['1126'], '1125': ['1125'], '1127': ['1127'], '1128': ['1128', '1131', '1132', '1130', '1133'], '1129': ['1129'], '1032': ['1032', '1160', '1147', '1161', '1145', '1146', '1162'], '1052': ['1052', '1051', '1053', '1049', '1050'], '1063': ['1063'], '1055': ['1055'], '1057': ['1057', '1060', '1061', '1058', '1059', '1105', '1106', '1113', '1107'], '1071': ['1071'], '1148': ['1148'], '1158': ['1158'], '1066': ['1066'], '1056': ['1056'], '1072': ['1072'], '1157': ['1157'], '1159': ['1159'], '1033': ['1033'], '1101': ['1101'], '1109': ['1109'], '1153': ['1153'], '1102': ['1102'], '1103': ['1103'], '1154': ['1154', '1036', '1150', '1151', '1152'], '1155': ['1155'], '1108': ['1108'], '1110': ['1110', '1039', '1097', '1098', '1099', '1035', '1112', '1111', '1117'], '1104': ['1104'], '1114': ['1114'], '1156': ['1156'], '1038': ['1038'], '1048': ['1048'], '1054': ['1054'], '1068': ['1068'], '1100': ['1100'], '1034': ['1034'], '1067': ['1067'], '1030': ['1030', '1046', '1069', '1047', '1070'], '1064': ['1064'], '1065': ['1065'], '1031': ['1031'], '1042': ['1042'], '1083': ['1083'], '1085': ['1085'], '1086': ['1086'], '1089': ['1089', '1092', '1044', '1090', '1091'], '1043': ['1043', '1121', '1122', '1123', '1045'], '1124': ['1124'], '1093': ['1093'], '1094': ['1094'], '1144': ['1144'], '1149': ['1149'], '1037': ['1037'], '1087': ['1087'], '1088': ['1088'], '1142': ['1142'], '1141': ['1141'], '1143': ['1143'], '1115': ['1115'], '1062': ['1062'], '1077': ['1077'], '1075': ['1075'], '1076': ['1076'], '1118': ['1118'], '1073': ['1073'], '1074': ['1074'], '1116': ['1116'], '1135': ['1135'], '1137': ['1137'], '1140': ['1140'], '1139': ['1139'], '1119': ['1119'], '1120': ['1120'], '1134': ['1134']})"
83,"defaultdict(<class 'list'>, {'1040': ['1040', '1080', '1081', '1082', '1078'], '1079': ['1079', '1077', '1075', '1076', '1074'], '1095': ['1095'], '1084': ['1084'], '1096': ['1096', '1138', '1135', '1137', '1139'], '1136': ['1136'], '1041': ['1041'], '1126': ['1126'], '1125': ['1125'], '1127': ['1127'], '1128': ['1128', '1131', '1132', '1130', '1133'], '1129': ['1129'], '1032': ['1032', '1052', '1063', '1053', '1049'], '1160': ['1160'], '1051': ['1051'], '1055': ['1055'], '1057': ['1057', '1060', '1061', '1105', '1106', '1107', '1058', '1059', '1062'], '1071': ['1071'], '1147': ['1147'], '1148': ['1148', '1158', '1157', '1159'], '1161': ['1161'], '1066': ['1066'], '1056': ['1056'], '1072': ['1072'], '1162': ['1162'], '1033': ['1033', '1153', '1155', '1156'], '1101': ['1101'], '1109': ['1109'], '1102': ['1102'], '1103': ['1103'], '1113': ['1113'], '1154': ['1154', '1036', '1150', '1151', '1152'], '1108': ['1108'], '1110': ['1110'], '1104': ['1104'], '1114': ['1114'], '1038': ['1038', '1048', '1068', '1034', '1067'], '1050': ['1050'], '1054': ['1054'], '1039': ['1039', '1097', '1098', '1099', '1035'], '1112': ['1112'], '1100': ['1100'], '1111': ['1111'], '1030': ['1030'], '1046': ['1046'], '1069': ['1069'], '1064': ['1064'], '1065': ['1065'], '1047': ['1047'], '1070': ['1070'], '1031': ['1031'], '1042': ['1042'], '1083': ['1083'], '1085': ['1085'], '1086': ['1086', '1089', '1044', '1087', '1090'], '1043': ['1043'], '1121': ['1121'], '1122': ['1122'], '1123': ['1123'], '1124': ['1124'], '1092': ['1092'], '1093': ['1093'], '1094': ['1094'], '1145': ['1145'], '1144': ['1144'], '1149': ['1149'], '1037': ['1037'], '1088': ['1088'], '1142': ['1142'], '1141': ['1141'], '1091': ['1091'], '1143': ['1143'], '1045': ['1045'], '1115': ['1115'], '1117': ['1117'], '1146': ['1146'], '1118': ['1118'], '1073': ['1073'], '1116': ['1116'], '1140': ['1140'], '1119': ['1119'], '1120': ['1120'], '1134': ['1134']})"
83,"defaultdict(<class 'list'>, {'1040': ['1040'], '1080': ['1080'], '1079': ['1079'], '1081': ['1081'], '1095': ['1095'], '1082': ['1082', '1084', '1042', '1083', '1085'], '1096': ['1096', '1138', '1135', '1137', '1139', '1136', '1088', '1142', '1141', '1143', '1140'], '1041': ['1041', '1126', '1125', '1127', '1124'], '1128': ['1128'], '1129': ['1129'], '1131': ['1131'], '1032': ['1032'], '1052': ['1052'], '1063': ['1063'], '1160': ['1160'], '1051': ['1051'], '1055': ['1055'], '1057': ['1057'], '1060': ['1060'], '1071': ['1071'], '1147': ['1147'], '1148': ['1148'], '1158': ['1158'], '1161': ['1161'], '1053': ['1053'], '1066': ['1066'], '1056': ['1056', '1077', '1075', '1076', '1074'], '1061': ['1061'], '1072': ['1072'], '1157': ['1157'], '1159': ['1159'], '1162': ['1162'], '1033': ['1033'], '1101': ['1101', '1102', '1098', '1099', '1100'], '1109': ['1109'], '1153': ['1153', '1154', '1155', '1151', '1152'], '1103': ['1103'], '1105': ['1105', '1106', '1107', '1058', '1059', '1113', '1108', '1114', '1115'], '1110': ['1110', '1111', '1064', '1065', '1031'], '1104': ['1104'], '1156': ['1156'], '1038': ['1038'], '1048': ['1048'], '1049': ['1049'], '1050': ['1050'], '1054': ['1054'], '1068': ['1068'], '1039': ['1039'], '1097': ['1097'], '1112': ['1112'], '1034': ['1034'], '1067': ['1067'], '1035': ['1035'], '1030': ['1030'], '1046': ['1046'], '1069': ['1069'], '1047': ['1047'], '1070': ['1070'], '1086': ['1086'], '1089': ['1089'], '1043': ['1043'], '1121': ['1121'], '1122': ['1122'], '1123': ['1123'], '1036': ['1036'], '1092': ['1092'], '1150': ['1150'], '1093': ['1093', '1094', '1144', '1149', '1037'], '1145': ['1145'], '1044': ['1044'], '1087': ['1087'], '1090': ['1090'], '1091': ['1091'], '1045': ['1045'], '1062': ['1062'], '1117': ['1117', '1118', '1116', '1119', '1120'], '1146': ['1146'], '1073': ['1073'], '1078': ['1078'], '1132': ['1132'], '1130': ['1130'], '1134': ['1134'], '1133': ['1133']})"
83,"defaultdict(<class 'list'>, {'1040': ['1040'], '1080': ['1080'], '1079': ['1079'], '1081': ['1081'], '1095': ['1095'], '1082': ['1082', '1084', '1042', '1083', '1085'], '1096': ['1096'], '1136': ['1136'], '1138': ['1138'], '1041': ['1041', '1126', '1125', '1127', '1043', '1121', '1122', '1123', '1045', '1124', '1128', '1132'], '1129': ['1129'], '1131': ['1131'], '1032': ['1032'], '1052': ['1052'], '1063': ['1063'], '1160': ['1160'], '1051': ['1051'], '1055': ['1055'], '1057': ['1057'], '1060': ['1060'], '1071': ['1071'], '1147': ['1147', '1148', '1158', '1157', '1159', '1161', '1162', '1155', '1156'], '1053': ['1053'], '1066': ['1066'], '1056': ['1056'], '1061': ['1061'], '1072': ['1072'], '1033': ['1033'], '1101': ['1101'], '1109': ['1109'], '1153': ['1153'], '1102': ['1102'], '1103': ['1103'], '1105': ['1105'], '1106': ['1106'], '1113': ['1113'], '1154': ['1154', '1036', '1092', '1150', '1093', '1094', '1151', '1149', '1037', '1144', '1145', '1152'], '1108': ['1108'], '1110': ['1110'], '1104': ['1104'], '1107': ['1107'], '1114': ['1114'], '1038': ['1038', '1048', '1068', '1034', '1067'], '1049': ['1049'], '1050': ['1050'], '1054': ['1054'], '1039': ['1039', '1097', '1098', '1099', '1035'], '1112': ['1112'], '1100': ['1100'], '1111': ['1111'], '1030': ['1030', '1046', '1069', '1047', '1070'], '1058': ['1058'], '1059': ['1059'], '1064': ['1064'], '1065': ['1065'], '1031': ['1031'], '1086': ['1086', '1089', '1087', '1090', '1091'], '1044': ['1044'], '1088': ['1088'], '1142': ['1142'], '1141': ['1141'], '1143': ['1143'], '1115': ['1115'], '1062': ['1062'], '1077': ['1077'], '1117': ['1117'], '1146': ['1146'], '1075': ['1075'], '1076': ['1076'], '1118': ['1118'], '1073': ['1073'], '1078': ['1078'], '1074': ['1074'], '1116': ['1116'], '1135': ['1135'], '1137': ['1137'], '1140': ['1140'], '1139': ['1139'], '1119': ['1119'], '1120': ['1120'], '1130': ['1130'], '1134': ['1134'], '1133': ['1133']})"
84,"defaultdict(<class 'list'>, {'1040': ['1040', '1080', '1081', '1082', '1078', '1084', '1042', '1083', '1085'], '1079': ['1079'], '1095': ['1095'], '1096': ['1096', '1138', '1135', '1137', '1139'], '1136': ['1136'], '1041': ['1041'], '1126': ['1126'], '1125': ['1125'], '1127': ['1127'], '1128': ['1128', '1131', '1132', '1130', '1133', '1129', '1120', '1134'], '1032': ['1032', '1063', '1071', '1066', '1067'], '1052': ['1052'], '1160': ['1160'], '1051': ['1051'], '1055': ['1055'], '1057': ['1057', '1060', '1061', '1058', '1059'], '1147': ['1147'], '1148': ['1148'], '1158': ['1158'], '1161': ['1161'], '1053': ['1053'], '1056': ['1056'], '1072': ['1072'], '1157': ['1157'], '1159': ['1159'], '1162': ['1162'], '1033': ['1033'], '1101': ['1101'], '1109': ['1109'], '1153': ['1153'], '1102': ['1102'], '1103': ['1103'], '1105': ['1105', '1106', '1113', '1107', '1114'], '1154': ['1154'], '1155': ['1155'], '1108': ['1108'], '1110': ['1110'], '1104': ['1104'], '1156': ['1156'], '1038': ['1038'], '1048': ['1048'], '1049': ['1049'], '1050': ['1050'], '1054': ['1054'], '1068': ['1068'], '1039': ['1039', '1097', '1098', '1099', '1035', '1112', '1111', '1117', '1118'], '1100': ['1100'], '1034': ['1034'], '1030': ['1030'], '1046': ['1046'], '1069': ['1069'], '1064': ['1064'], '1065': ['1065'], '1047': ['1047'], '1070': ['1070'], '1031': ['1031'], '1086': ['1086'], '1089': ['1089'], '1043': ['1043'], '1121': ['1121'], '1122': ['1122'], '1123': ['1123'], '1124': ['1124'], '1036': ['1036', '1092', '1150', '1151', '1149'], '1093': ['1093', '1094', '1144', '1037'], '1145': ['1145'], '1044': ['1044'], '1087': ['1087'], '1088': ['1088', '1142', '1141', '1143'], '1090': ['1090'], '1091': ['1091'], '1045': ['1045'], '1115': ['1115'], '1062': ['1062'], '1077': ['1077'], '1146': ['1146'], '1152': ['1152'], '1075': ['1075'], '1076': ['1076'], '1073': ['1073'], '1074': ['1074'], '1116': ['1116'], '1140': ['1140'], '1119': ['1119']})"
84,"defaultdict(<class 'list'>, {'1040': ['1040'], '1080': ['1080'], '1079': ['1079'], '1081': ['1081'], '1095': ['1095', '1082', '1084', '1083', '1085'], '1096': ['1096', '1138', '1135', '1137', '1139'], '1136': ['1136'], '1041': ['1041'], '1126': ['1126'], '1125': ['1125'], '1127': ['1127'], '1128': ['1128', '1129', '1132', '1130', '1134'], '1131': ['1131'], '1032': ['1032', '1052', '1063', '1053', '1049'], '1160': ['1160', '1147', '1161', '1145', '1146', '1162'], '1051': ['1051'], '1055': ['1055'], '1057': ['1057', '1060', '1061', '1058', '1059'], '1071': ['1071'], '1148': ['1148'], '1158': ['1158'], '1066': ['1066'], '1056': ['1056'], '1072': ['1072'], '1157': ['1157'], '1159': ['1159'], '1033': ['1033'], '1101': ['1101'], '1109': ['1109'], '1153': ['1153'], '1102': ['1102'], '1103': ['1103'], '1105': ['1105', '1106', '1113', '1107', '1114'], '1154': ['1154'], '1155': ['1155'], '1108': ['1108'], '1110': ['1110'], '1104': ['1104'], '1156': ['1156'], '1038': ['1038', '1048', '1068', '1034', '1067'], '1050': ['1050'], '1054': ['1054'], '1039': ['1039', '1097', '1112', '1035', '1111'], '1098': ['1098'], '1099': ['1099'], '1100': ['1100'], '1030': ['1030'], '1046': ['1046'], '1069': ['1069', '1064', '1065', '1070', '1031'], '1047': ['1047'], '1042': ['1042'], '1086': ['1086'], '1089': ['1089'], '1043': ['1043'], '1121': ['1121'], '1122': ['1122'], '1123': ['1123'], '1124': ['1124'], '1036': ['1036'], '1092': ['1092'], '1150': ['1150'], '1093': ['1093', '1094', '1144', '1149', '1037'], '1151': ['1151'], '1044': ['1044'], '1087': ['1087'], '1088': ['1088'], '1090': ['1090'], '1142': ['1142'], '1141': ['1141'], '1091': ['1091'], '1143': ['1143'], '1045': ['1045'], '1115': ['1115', '1118', '1116', '1119', '1120'], '1062': ['1062'], '1077': ['1077'], '1117': ['1117'], '1152': ['1152'], '1075': ['1075'], '1076': ['1076'], '1073': ['1073'], '1078': ['1078'], '1074': ['1074'], '1140': ['1140'], '1133': ['1133']})"
84,"defaultdict(<class 'list'>, {'1040': ['1040', '1080', '1079', '1081', '1078', '1095', '1082', '1084', '1042', '1083', '1085', '1086'], '1096': ['1096', '1138', '1135', '1137', '1139'], '1136': ['1136'], '1041': ['1041'], '1126': ['1126', '1125', '1127', '1043', '1121', '1122', '1123', '1045', '1124'], '1128': ['1128'], '1129': ['1129'], '1131': ['1131'], '1032': ['1032'], '1052': ['1052'], '1063': ['1063'], '1160': ['1160'], '1051': ['1051'], '1055': ['1055'], '1057': ['1057', '1060', '1071', '1061', '1105', '1106', '1107', '1058', '1059'], '1147': ['1147'], '1148': ['1148'], '1158': ['1158'], '1161': ['1161'], '1053': ['1053'], '1066': ['1066'], '1056': ['1056', '1077', '1075', '1076', '1074'], '1072': ['1072'], '1157': ['1157'], '1159': ['1159'], '1162': ['1162'], '1033': ['1033'], '1101': ['1101'], '1109': ['1109'], '1153': ['1153'], '1102': ['1102'], '1103': ['1103'], '1113': ['1113', '1114', '1115'], '1154': ['1154'], '1155': ['1155'], '1108': ['1108'], '1110': ['1110'], '1104': ['1104'], '1156': ['1156'], '1038': ['1038'], '1048': ['1048'], '1049': ['1049'], '1050': ['1050'], '1054': ['1054'], '1068': ['1068'], '1039': ['1039', '1097', '1098', '1099', '1035'], '1112': ['1112'], '1100': ['1100'], '1034': ['1034'], '1067': ['1067'], '1111': ['1111'], '1030': ['1030', '1046', '1069', '1047', '1070'], '1064': ['1064'], '1065': ['1065'], '1031': ['1031'], '1089': ['1089'], '1036': ['1036'], '1092': ['1092'], '1150': ['1150'], '1093': ['1093'], '1094': ['1094'], '1145': ['1145'], '1151': ['1151'], '1144': ['1144'], '1149': ['1149'], '1037': ['1037'], '1044': ['1044'], '1087': ['1087'], '1088': ['1088'], '1090': ['1090'], '1142': ['1142'], '1141': ['1141'], '1091': ['1091'], '1143': ['1143'], '1062': ['1062'], '1117': ['1117', '1118', '1116', '1119', '1120'], '1146': ['1146'], '1152': ['1152'], '1073': ['1073'], '1140': ['1140'], '1132': ['1132'], '1130': ['1130'], '1134': ['1134'], '1133': ['1133']})"
84,"defaultdict(<class 'list'>, {'1040': ['1040'], '1080': ['1080', '1079', '1077', '1076', '1078'], '1081': ['1081'], '1095': ['1095'], '1082': ['1082'], '1084': ['1084'], '1096': ['1096', '1138', '1135', '1137', '1139'], '1136': ['1136'], '1041': ['1041', '1126', '1125', '1127', '1124'], '1128': ['1128', '1131', '1132', '1130', '1133'], '1129': ['1129'], '1032': ['1032', '1160', '1161', '1162', '1146'], '1052': ['1052'], '1063': ['1063'], '1051': ['1051', '1055', '1056', '1049', '1050'], '1057': ['1057'], '1060': ['1060'], '1071': ['1071'], '1147': ['1147'], '1148': ['1148'], '1158': ['1158'], '1053': ['1053'], '1066': ['1066'], '1061': ['1061'], '1072': ['1072'], '1157': ['1157'], '1159': ['1159'], '1033': ['1033', '1101', '1109', '1153', '1100'], '1102': ['1102', '1103', '1104', '1117', '1118'], '1105': ['1105'], '1106': ['1106'], '1113': ['1113'], '1154': ['1154', '1151', '1152'], '1155': ['1155'], '1108': ['1108'], '1110': ['1110'], '1107': ['1107'], '1114': ['1114'], '1156': ['1156'], '1038': ['1038'], '1048': ['1048'], '1054': ['1054'], '1068': ['1068'], '1039': ['1039', '1097', '1112', '1035', '1111'], '1098': ['1098'], '1099': ['1099'], '1034': ['1034'], '1067': ['1067'], '1030': ['1030'], '1046': ['1046'], '1069': ['1069'], '1058': ['1058'], '1059': ['1059'], '1064': ['1064'], '1065': ['1065'], '1047': ['1047'], '1070': ['1070'], '1031': ['1031'], '1042': ['1042'], '1083': ['1083'], '1085': ['1085'], '1086': ['1086', '1089', '1044', '1087', '1090'], '1043': ['1043'], '1121': ['1121'], '1122': ['1122'], '1123': ['1123'], '1036': ['1036'], '1092': ['1092'], '1150': ['1150'], '1093': ['1093', '1094', '1144', '1149', '1037'], '1145': ['1145'], '1088': ['1088', '1142', '1141', '1143'], '1091': ['1091'], '1045': ['1045'], '1115': ['1115'], '1062': ['1062'], '1075': ['1075'], '1073': ['1073'], '1074': ['1074'], '1116': ['1116'], '1140': ['1140'], '1119': ['1119'], '1120': ['1120'], '1134': ['1134']})"
85,"defaultdict(<class 'list'>, {'1040': ['1040', '1080', '1081', '1082', '1078', '1079', '1095', '1096', '1083'], '1084': ['1084'], '1136': ['1136'], '1138': ['1138'], '1041': ['1041'], '1126': ['1126'], '1125': ['1125'], '1127': ['1127'], '1128': ['1128'], '1129': ['1129'], '1131': ['1131'], '1032': ['1032', '1160', '1161', '1162', '1146'], '1052': ['1052', '1051', '1053', '1049', '1050'], '1063': ['1063'], '1055': ['1055', '1056', '1075', '1076', '1074'], '1057': ['1057'], '1060': ['1060'], '1071': ['1071'], '1147': ['1147'], '1148': ['1148'], '1158': ['1158'], '1066': ['1066'], '1061': ['1061'], '1072': ['1072'], '1157': ['1157'], '1159': ['1159'], '1033': ['1033'], '1101': ['1101', '1102', '1098', '1099', '1100'], '1109': ['1109'], '1153': ['1153', '1154', '1155', '1156', '1152'], '1103': ['1103'], '1105': ['1105'], '1106': ['1106'], '1113': ['1113'], '1108': ['1108'], '1110': ['1110'], '1104': ['1104'], '1107': ['1107'], '1114': ['1114'], '1038': ['1038', '1048', '1068', '1034', '1067'], '1054': ['1054'], '1039': ['1039'], '1097': ['1097'], '1112': ['1112'], '1035': ['1035'], '1111': ['1111'], '1030': ['1030', '1046', '1069', '1047', '1070'], '1058': ['1058'], '1059': ['1059'], '1064': ['1064'], '1065': ['1065'], '1031': ['1031'], '1042': ['1042'], '1085': ['1085'], '1086': ['1086'], '1089': ['1089'], '1043': ['1043', '1121', '1122', '1123', '1045'], '1124': ['1124'], '1036': ['1036'], '1092': ['1092'], '1150': ['1150'], '1093': ['1093'], '1094': ['1094'], '1145': ['1145'], '1151': ['1151'], '1144': ['1144'], '1149': ['1149'], '1037': ['1037'], '1044': ['1044'], '1087': ['1087'], '1088': ['1088', '1142', '1141', '1143', '1140'], '1090': ['1090'], '1091': ['1091'], '1115': ['1115'], '1062': ['1062'], '1077': ['1077'], '1117': ['1117', '1118', '1116', '1119', '1120'], '1073': ['1073'], '1135': ['1135'], '1137': ['1137'], '1139': ['1139'], '1132': ['1132'], '1130': ['1130'], '1134': ['1134'], '1133': ['1133']})"
85,"defaultdict(<class 'list'>, {'1040': ['1040'], '1080': ['1080'], '1079': ['1079'], '1081': ['1081'], '1095': ['1095'], '1082': ['1082'], '1084': ['1084'], '1096': ['1096'], '1136': ['1136'], '1138': ['1138'], '1041': ['1041'], '1126': ['1126'], '1125': ['1125'], '1127': ['1127'], '1128': ['1128'], '1129': ['1129'], '1131': ['1131'], '1032': ['1032', '1160', '1161', '1162', '1146', '1147', '1148', '1158', '1156'], '1052': ['1052'], '1063': ['1063'], '1051': ['1051'], '1055': ['1055'], '1057': ['1057'], '1060': ['1060'], '1071': ['1071'], '1053': ['1053'], '1066': ['1066'], '1056': ['1056'], '1061': ['1061'], '1072': ['1072'], '1157': ['1157'], '1159': ['1159'], '1033': ['1033', '1153', '1154', '1155', '1152'], '1101': ['1101', '1102', '1098', '1099', '1100'], '1109': ['1109'], '1103': ['1103'], '1105': ['1105'], '1106': ['1106'], '1113': ['1113'], '1108': ['1108'], '1110': ['1110'], '1104': ['1104'], '1107': ['1107'], '1114': ['1114'], '1038': ['1038', '1048', '1068', '1034', '1067'], '1049': ['1049'], '1050': ['1050'], '1054': ['1054'], '1039': ['1039', '1097', '1112', '1035', '1111'], '1030': ['1030'], '1046': ['1046'], '1069': ['1069', '1064', '1065', '1070', '1031'], '1058': ['1058'], '1059': ['1059'], '1047': ['1047'], '1042': ['1042'], '1083': ['1083'], '1085': ['1085'], '1086': ['1086'], '1089': ['1089'], '1043': ['1043', '1121', '1122', '1123', '1045'], '1124': ['1124'], '1036': ['1036', '1092', '1150', '1093', '1094', '1151', '1149', '1037', '1144'], '1145': ['1145'], '1044': ['1044'], '1087': ['1087'], '1088': ['1088', '1142', '1141', '1143', '1140'], '1090': ['1090'], '1091': ['1091'], '1115': ['1115'], '1062': ['1062'], '1077': ['1077'], '1117': ['1117', '1118', '1116', '1119', '1120'], '1075': ['1075'], '1076': ['1076'], '1073': ['1073'], '1078': ['1078'], '1074': ['1074'], '1135': ['1135'], '1137': ['1137'], '1139': ['1139'], '1132': ['1132'], '1130': ['1130'], '1134': ['1134'], '1133': ['1133']})"
85,"defaultdict(<class 'list'>, {'1040': ['1040'], '1080': ['1080', '1079', '1077', '1076', '1078'], '1081': ['1081', '1082', '1084', '1042', '1083'], '1095': ['1095'], '1096': ['1096'], '1136': ['1136'], '1138': ['1138'], '1041': ['1041'], '1126': ['1126'], '1125': ['1125'], '1127': ['1127'], '1128': ['1128', '1131', '1132', '1130', '1133'], '1129': ['1129'], '1032': ['1032', '1160', '1161', '1162', '1146'], '1052': ['1052', '1053', '1049', '1050', '1054'], '1063': ['1063'], '1051': ['1051'], '1055': ['1055'], '1057': ['1057'], '1060': ['1060'], '1071': ['1071'], '1147': ['1147'], '1148': ['1148', '1158', '1157', '1159', '1156', '1153', '1154', '1155', '1152'], '1066': ['1066', '1038', '1048', '1068', '1067'], '1056': ['1056'], '1061': ['1061'], '1072': ['1072'], '1033': ['1033'], '1101': ['1101'], '1109': ['1109'], '1102': ['1102'], '1103': ['1103'], '1105': ['1105'], '1106': ['1106'], '1113': ['1113'], '1108': ['1108'], '1110': ['1110'], '1104': ['1104'], '1107': ['1107'], '1114': ['1114'], '1039': ['1039'], '1097': ['1097'], '1098': ['1098'], '1099': ['1099'], '1112': ['1112'], '1100': ['1100'], '1034': ['1034'], '1035': ['1035'], '1111': ['1111'], '1030': ['1030'], '1046': ['1046'], '1069': ['1069', '1064', '1065', '1070', '1031'], '1058': ['1058'], '1059': ['1059'], '1047': ['1047'], '1085': ['1085'], '1086': ['1086', '1089', '1044', '1087', '1090'], '1043': ['1043'], '1121': ['1121'], '1122': ['1122'], '1123': ['1123'], '1124': ['1124'], '1036': ['1036', '1092', '1150', '1151', '1149'], '1093': ['1093', '1094', '1144', '1037', '1143'], '1145': ['1145'], '1088': ['1088'], '1142': ['1142'], '1141': ['1141'], '1091': ['1091'], '1045': ['1045'], '1115': ['1115'], '1062': ['1062'], '1117': ['1117'], '1075': ['1075'], '1118': ['1118'], '1073': ['1073'], '1074': ['1074'], '1116': ['1116'], '1135': ['1135'], '1137': ['1137'], '1140': ['1140'], '1139': ['1139'], '1119': ['1119'], '1120': ['1120'], '1134': ['1134']})"
85,"defaultdict(<class 'list'>, {'1040': ['1040', '1080', '1079', '1081', '1078'], '1095': ['1095'], '1082': ['1082', '1084', '1042', '1083', '1085'], '1096': ['1096'], '1136': ['1136'], '1138': ['1138'], '1041': ['1041', '1126', '1125', '1127', '1124', '1131', '1122', '1123', '1045'], '1128': ['1128'], '1129': ['1129'], '1032': ['1032', '1052', '1063', '1053', '1049'], '1160': ['1160'], '1051': ['1051'], '1055': ['1055'], '1057': ['1057'], '1060': ['1060'], '1071': ['1071'], '1147': ['1147'], '1148': ['1148', '1158', '1157', '1159', '1156'], '1161': ['1161'], '1066': ['1066'], '1056': ['1056'], '1061': ['1061'], '1072': ['1072'], '1162': ['1162'], '1033': ['1033', '1109', '1153', '1155', '1152'], '1101': ['1101'], '1102': ['1102'], '1103': ['1103'], '1105': ['1105', '1106', '1107', '1058', '1059'], '1113': ['1113'], '1154': ['1154'], '1108': ['1108'], '1110': ['1110'], '1104': ['1104'], '1114': ['1114'], '1038': ['1038', '1048', '1068', '1034', '1067'], '1050': ['1050'], '1054': ['1054'], '1039': ['1039'], '1097': ['1097'], '1098': ['1098'], '1099': ['1099'], '1112': ['1112'], '1100': ['1100'], '1035': ['1035'], '1111': ['1111'], '1030': ['1030'], '1046': ['1046'], '1069': ['1069'], '1064': ['1064'], '1065': ['1065'], '1047': ['1047'], '1070': ['1070'], '1031': ['1031'], '1086': ['1086'], '1089': ['1089'], '1043': ['1043'], '1121': ['1121'], '1036': ['1036'], '1092': ['1092'], '1150': ['1150'], '1093': ['1093', '1094', '1151', '1149', '1037'], '1145': ['1145'], '1144': ['1144'], '1044': ['1044'], '1087': ['1087'], '1088': ['1088', '1142', '1141', '1143', '1139'], '1090': ['1090'], '1091': ['1091'], '1115': ['1115'], '1062': ['1062'], '1077': ['1077'], '1117': ['1117', '1118', '1116', '1119', '1120'], '1146': ['1146'], '1075': ['1075'], '1076': ['1076'], '1073': ['1073'], '1074': ['1074'], '1135': ['1135'], '1137': ['1137'], '1140': ['1140'], '1132': ['1132'], '1130': ['1130'], '1134': ['1134'], '1133': ['1133']})"
85,"defaultdict(<class 'list'>, {'1040': ['1040', '1080', '1081', '1082', '1078'], '1079': ['1079', '1077', '1075', '1076', '1074'], '1095': ['1095'], '1084': ['1084', '1042', '1085', '1086', '1089', '1044', '1087', '1090', '1091'], '1096': ['1096', '1138', '1135', '1137', '1139'], '1136': ['1136'], '1041': ['1041'], '1126': ['1126'], '1125': ['1125'], '1127': ['1127'], '1128': ['1128', '1131', '1132', '1130', '1133'], '1129': ['1129'], '1032': ['1032', '1160', '1161', '1162', '1146'], '1052': ['1052'], '1063': ['1063'], '1051': ['1051'], '1055': ['1055'], '1057': ['1057'], '1060': ['1060'], '1071': ['1071'], '1147': ['1147'], '1148': ['1148'], '1158': ['1158'], '1053': ['1053'], '1066': ['1066', '1067', '1064', '1065', '1031'], '1056': ['1056'], '1061': ['1061'], '1072': ['1072'], '1157': ['1157'], '1159': ['1159'], '1033': ['1033', '1153', '1154', '1155', '1152'], '1101': ['1101'], '1109': ['1109'], '1102': ['1102'], '1103': ['1103'], '1105': ['1105'], '1106': ['1106'], '1113': ['1113'], '1108': ['1108'], '1110': ['1110'], '1104': ['1104'], '1107': ['1107'], '1114': ['1114', '1115', '1118', '1116', '1119'], '1156': ['1156'], '1038': ['1038'], '1048': ['1048'], '1049': ['1049'], '1050': ['1050'], '1054': ['1054'], '1068': ['1068'], '1039': ['1039', '1097', '1098', '1099', '1035'], '1112': ['1112'], '1100': ['1100'], '1034': ['1034'], '1111': ['1111'], '1030': ['1030'], '1046': ['1046'], '1069': ['1069'], '1058': ['1058'], '1059': ['1059'], '1047': ['1047'], '1070': ['1070'], '1083': ['1083'], '1043': ['1043'], '1121': ['1121'], '1122': ['1122'], '1123': ['1123'], '1124': ['1124'], '1036': ['1036'], '1092': ['1092'], '1150': ['1150'], '1093': ['1093', '1094', '1151', '1149', '1037'], '1145': ['1145'], '1144': ['1144'], '1088': ['1088'], '1142': ['1142'], '1141': ['1141'], '1143': ['1143'], '1045': ['1045'], '1062': ['1062'], '1117': ['1117'], '1073': ['1073'], '1140': ['1140'], '1120': ['1120'], '1134': ['1134']})"
85,"defaultdict(<class 'list'>, {'1040': ['1040'], '1080': ['1080'], '1079': ['1079'], '1081': ['1081'], '1095': ['1095'], '1082': ['1082'], '1084': ['1084'], '1096': ['1096'], '1136': ['1136'], '1138': ['1138'], '1041': ['1041'], '1126': ['1126'], '1125': ['1125'], '1127': ['1127'], '1128': ['1128'], '1129': ['1129'], '1131': ['1131'], '1032': ['1032', '1160', '1161', '1162', '1146'], '1052': ['1052', '1051', '1053', '1049', '1050'], '1063': ['1063'], '1055': ['1055'], '1057': ['1057'], '1060': ['1060'], '1071': ['1071'], '1147': ['1147'], '1148': ['1148', '1158', '1157', '1159', '1153', '1154', '1155', '1156', '1152'], '1066': ['1066'], '1056': ['1056'], '1061': ['1061'], '1072': ['1072', '1075', '1076', '1073', '1074'], '1033': ['1033'], '1101': ['1101'], '1109': ['1109'], '1102': ['1102'], '1103': ['1103'], '1105': ['1105'], '1106': ['1106'], '1113': ['1113'], '1108': ['1108'], '1110': ['1110'], '1104': ['1104'], '1107': ['1107'], '1114': ['1114'], '1038': ['1038', '1048', '1068', '1034', '1067'], '1054': ['1054'], '1039': ['1039', '1097', '1112', '1035', '1111', '1098', '1099', '1117', '1118'], '1100': ['1100'], '1030': ['1030'], '1046': ['1046'], '1069': ['1069', '1064', '1065', '1070', '1031'], '1058': ['1058'], '1059': ['1059'], '1047': ['1047'], '1042': ['1042'], '1083': ['1083'], '1085': ['1085'], '1086': ['1086', '1089', '1044', '1087', '1090'], '1043': ['1043'], '1121': ['1121'], '1122': ['1122'], '1123': ['1123'], '1124': ['1124'], '1036': ['1036'], '1092': ['1092'], '1150': ['1150'], '1093': ['1093', '1094', '1151', '1149', '1037'], '1145': ['1145'], '1144': ['1144'], '1088': ['1088', '1142', '1141', '1143', '1139'], '1091': ['1091'], '1045': ['1045'], '1115': ['1115'], '1062': ['1062'], '1077': ['1077'], '1078': ['1078'], '1116': ['1116'], '1135': ['1135'], '1137': ['1137'], '1140': ['1140'], '1119': ['1119'], '1120': ['1120'], '1132': ['1132'], '1130': ['1130'], '1134': ['1134'], '1133': ['1133']})"
85,"defaultdict(<class 'list'>, {'1040': ['1040'], '1080': ['1080'], '1079': ['1079'], '1081': ['1081'], '1095': ['1095'], '1082': ['1082', '1084', '1042', '1083', '1085'], '1096': ['1096', '1138', '1135', '1137', '1139'], '1136': ['1136'], '1041': ['1041', '1126', '1125', '1127', '1124'], '1128': ['1128'], '1129': ['1129'], '1131': ['1131'], '1032': ['1032'], '1052': ['1052'], '1063': ['1063'], '1160': ['1160'], '1051': ['1051'], '1055': ['1055'], '1057': ['1057'], '1060': ['1060'], '1071': ['1071'], '1147': ['1147'], '1148': ['1148'], '1158': ['1158'], '1161': ['1161'], '1053': ['1053'], '1066': ['1066'], '1056': ['1056', '1077', '1075', '1076', '1074'], '1061': ['1061'], '1072': ['1072'], '1157': ['1157'], '1159': ['1159'], '1162': ['1162'], '1033': ['1033'], '1101': ['1101', '1102', '1098', '1099', '1100'], '1109': ['1109'], '1153': ['1153', '1154', '1155', '1151', '1152'], '1103': ['1103'], '1105': ['1105', '1106', '1107', '1058', '1059', '1113', '1108', '1114', '1115'], '1110': ['1110', '1111', '1064', '1065', '1031'], '1104': ['1104'], '1156': ['1156'], '1038': ['1038'], '1048': ['1048'], '1049': ['1049'], '1050': ['1050'], '1054': ['1054'], '1068': ['1068'], '1039': ['1039'], '1097': ['1097'], '1112': ['1112'], '1034': ['1034'], '1067': ['1067'], '1035': ['1035'], '1030': ['1030'], '1046': ['1046'], '1069': ['1069'], '1047': ['1047'], '1070': ['1070'], '1086': ['1086'], '1089': ['1089'], '1043': ['1043'], '1121': ['1121'], '1122': ['1122'], '1123': ['1123'], '1036': ['1036'], '1092': ['1092'], '1150': ['1150'], '1093': ['1093', '1094', '1144', '1149', '1037'], '1145': ['1145'], '1044': ['1044'], '1087': ['1087'], '1088': ['1088', '1142', '1141', '1143', '1140'], '1090': ['1090'], '1091': ['1091'], '1045': ['1045'], '1062': ['1062'], '1117': ['1117', '1118', '1116', '1119', '1120'], '1146': ['1146'], '1073': ['1073'], '1078': ['1078'], '1132': ['1132'], '1130': ['1130'], '1134': ['1134'], '1133': ['1133']})"
85,"defaultdict(<class 'list'>, {'1040': ['1040', '1080', '1081', '1082', '1078'], '1079': ['1079'], '1095': ['1095'], '1084': ['1084'], '1096': ['1096'], '1136': ['1136'], '1138': ['1138'], '1041': ['1041'], '1126': ['1126'], '1125': ['1125'], '1127': ['1127'], '1128': ['1128', '1131', '1132', '1130', '1133'], '1129': ['1129'], '1032': ['1032'], '1052': ['1052'], '1063': ['1063'], '1160': ['1160'], '1051': ['1051'], '1055': ['1055'], '1057': ['1057', '1060', '1061', '1058', '1059'], '1071': ['1071'], '1147': ['1147'], '1148': ['1148'], '1158': ['1158'], '1161': ['1161'], '1053': ['1053'], '1066': ['1066', '1038', '1048', '1068', '1067'], '1056': ['1056', '1077', '1075', '1076', '1074'], '1072': ['1072'], '1157': ['1157'], '1159': ['1159'], '1162': ['1162'], '1033': ['1033'], '1101': ['1101'], '1109': ['1109'], '1153': ['1153', '1154', '1155', '1156', '1152'], '1102': ['1102', '1103', '1104', '1117', '1118'], '1105': ['1105'], '1106': ['1106'], '1113': ['1113'], '1108': ['1108'], '1110': ['1110'], '1107': ['1107'], '1114': ['1114', '1030', '1046', '1069', '1064', '1065', '1070', '1031', '1047'], '1049': ['1049'], '1050': ['1050'], '1054': ['1054'], '1039': ['1039'], '1097': ['1097'], '1098': ['1098'], '1099': ['1099'], '1112': ['1112'], '1100': ['1100'], '1034': ['1034'], '1035': ['1035'], '1111': ['1111'], '1042': ['1042'], '1083': ['1083'], '1085': ['1085'], '1086': ['1086', '1089', '1087', '1090', '1091'], '1043': ['1043'], '1121': ['1121'], '1122': ['1122'], '1123': ['1123'], '1124': ['1124'], '1036': ['1036'], '1092': ['1092'], '1150': ['1150'], '1093': ['1093', '1094', '1151', '1149', '1037'], '1145': ['1145'], '1144': ['1144'], '1044': ['1044'], '1088': ['1088', '1142', '1141', '1143', '1139'], '1045': ['1045'], '1115': ['1115'], '1062': ['1062'], '1146': ['1146'], '1073': ['1073'], '1116': ['1116'], '1135': ['1135'], '1137': ['1137'], '1140': ['1140'], '1119': ['1119'], '1120': ['1120'], '1134': ['1134']})"
85,"defaultdict(<class 'list'>, {'1040': ['1040'], '1080': ['1080'], '1079': ['1079', '1077', '1075', '1076', '1074'], '1081': ['1081'], '1095': ['1095'], '1082': ['1082', '1084', '1042', '1085', '1086', '1087', '1083', '1089', '1044'], '1096': ['1096'], '1136': ['1136'], '1138': ['1138'], '1041': ['1041', '1126', '1125', '1127', '1124'], '1128': ['1128', '1131', '1132', '1130', '1133'], '1129': ['1129'], '1032': ['1032', '1160', '1161', '1162', '1146'], '1052': ['1052'], '1063': ['1063'], '1051': ['1051'], '1055': ['1055'], '1057': ['1057'], '1060': ['1060'], '1071': ['1071'], '1147': ['1147'], '1148': ['1148'], '1158': ['1158'], '1053': ['1053'], '1066': ['1066'], '1056': ['1056'], '1061': ['1061'], '1072': ['1072'], '1157': ['1157'], '1159': ['1159'], '1033': ['1033'], '1101': ['1101', '1102', '1098', '1099', '1100'], '1109': ['1109'], '1153': ['1153'], '1103': ['1103'], '1105': ['1105'], '1106': ['1106'], '1113': ['1113'], '1154': ['1154'], '1155': ['1155'], '1108': ['1108'], '1110': ['1110', '1111', '1064', '1065', '1031'], '1104': ['1104'], '1107': ['1107'], '1114': ['1114'], '1156': ['1156'], '1038': ['1038', '1048', '1068', '1034', '1067'], '1049': ['1049'], '1050': ['1050'], '1054': ['1054'], '1039': ['1039', '1097', '1112', '1035', '1117'], '1030': ['1030'], '1046': ['1046'], '1069': ['1069'], '1058': ['1058'], '1059': ['1059'], '1047': ['1047'], '1070': ['1070'], '1043': ['1043'], '1121': ['1121'], '1122': ['1122'], '1123': ['1123'], '1036': ['1036'], '1092': ['1092'], '1150': ['1150'], '1093': ['1093', '1094', '1151', '1149', '1037'], '1145': ['1145'], '1144': ['1144'], '1088': ['1088'], '1090': ['1090'], '1142': ['1142'], '1141': ['1141'], '1091': ['1091'], '1143': ['1143'], '1045': ['1045'], '1115': ['1115', '1118', '1116', '1119', '1120'], '1062': ['1062'], '1152': ['1152'], '1073': ['1073'], '1078': ['1078'], '1135': ['1135'], '1137': ['1137'], '1140': ['1140'], '1139': ['1139'], '1134': ['1134']})"
85,"defaultdict(<class 'list'>, {'1040': ['1040'], '1080': ['1080'], '1079': ['1079'], '1081': ['1081'], '1095': ['1095'], '1082': ['1082', '1084', '1042', '1083', '1085'], '1096': ['1096'], '1136': ['1136'], '1138': ['1138'], '1041': ['1041', '1126', '1125', '1127', '1124'], '1128': ['1128', '1131', '1132', '1130', '1133'], '1129': ['1129'], '1032': ['1032', '1160', '1161', '1162', '1146'], '1052': ['1052'], '1063': ['1063', '1057', '1060', '1071', '1061'], '1051': ['1051'], '1055': ['1055'], '1147': ['1147'], '1148': ['1148'], '1158': ['1158'], '1053': ['1053'], '1066': ['1066', '1038', '1048', '1068', '1034', '1067', '1064', '1065', '1031'], '1056': ['1056'], '1072': ['1072'], '1157': ['1157'], '1159': ['1159'], '1033': ['1033'], '1101': ['1101', '1102', '1098', '1099', '1100'], '1109': ['1109'], '1153': ['1153', '1154', '1155', '1151', '1152'], '1103': ['1103'], '1105': ['1105'], '1106': ['1106'], '1113': ['1113'], '1108': ['1108'], '1110': ['1110'], '1104': ['1104', '1030', '1046', '1047', '1117'], '1107': ['1107'], '1114': ['1114'], '1156': ['1156'], '1049': ['1049'], '1050': ['1050'], '1054': ['1054'], '1039': ['1039'], '1097': ['1097'], '1112': ['1112'], '1035': ['1035'], '1111': ['1111'], '1069': ['1069'], '1058': ['1058'], '1059': ['1059'], '1070': ['1070'], '1086': ['1086', '1087', '1088', '1141', '1143'], '1089': ['1089'], '1043': ['1043'], '1121': ['1121'], '1122': ['1122'], '1123': ['1123'], '1036': ['1036'], '1092': ['1092'], '1150': ['1150'], '1093': ['1093'], '1094': ['1094'], '1145': ['1145'], '1144': ['1144'], '1149': ['1149'], '1037': ['1037'], '1044': ['1044'], '1090': ['1090'], '1142': ['1142'], '1091': ['1091'], '1045': ['1045'], '1115': ['1115'], '1062': ['1062'], '1077': ['1077', '1075', '1076', '1073', '1074'], '1118': ['1118'], '1078': ['1078'], '1116': ['1116'], '1135': ['1135'], '1137': ['1137'], '1140': ['1140'], '1139': ['1139'], '1119': ['1119'], '1120': ['1120'], '1134': ['1134']})"
85,"defaultdict(<class 'list'>, {'1040': ['1040'], '1080': ['1080', '1079', '1077', '1076', '1078'], '1081': ['1081'], '1095': ['1095'], '1082': ['1082', '1084', '1042', '1083', '1085'], '1096': ['1096', '1138', '1135', '1137', '1139'], '1136': ['1136'], '1041': ['1041'], '1126': ['1126'], '1125': ['1125'], '1127': ['1127'], '1128': ['1128'], '1129': ['1129'], '1131': ['1131'], '1032': ['1032'], '1052': ['1052', '1053', '1049', '1050', '1054'], '1063': ['1063'], '1160': ['1160'], '1051': ['1051'], '1055': ['1055'], '1057': ['1057'], '1060': ['1060'], '1071': ['1071'], '1147': ['1147'], '1148': ['1148'], '1158': ['1158', '1157', '1159', '1033', '1153', '1154', '1155', '1152', '1156'], '1161': ['1161'], '1066': ['1066'], '1056': ['1056', '1104', '1030', '1046', '1047'], '1061': ['1061'], '1072': ['1072'], '1162': ['1162'], '1101': ['1101', '1102', '1098', '1099', '1100'], '1109': ['1109'], '1103': ['1103'], '1105': ['1105', '1106', '1107', '1058', '1059'], '1113': ['1113'], '1108': ['1108'], '1110': ['1110'], '1114': ['1114'], '1038': ['1038'], '1048': ['1048'], '1068': ['1068'], '1039': ['1039', '1097', '1112', '1035', '1111'], '1034': ['1034'], '1067': ['1067'], '1069': ['1069'], '1064': ['1064'], '1065': ['1065'], '1070': ['1070'], '1031': ['1031'], '1086': ['1086'], '1089': ['1089'], '1043': ['1043'], '1121': ['1121'], '1122': ['1122'], '1123': ['1123'], '1124': ['1124'], '1036': ['1036'], '1092': ['1092', '1150', '1093', '1094', '1151', '1149', '1037', '1145', '1144'], '1044': ['1044'], '1087': ['1087'], '1088': ['1088'], '1090': ['1090'], '1142': ['1142'], '1141': ['1141'], '1091': ['1091'], '1143': ['1143'], '1045': ['1045'], '1115': ['1115'], '1062': ['1062'], '1117': ['1117'], '1146': ['1146'], '1075': ['1075'], '1118': ['1118'], '1073': ['1073'], '1074': ['1074'], '1116': ['1116'], '1140': ['1140'], '1119': ['1119'], '1120': ['1120'], '1132': ['1132'], '1130': ['1130'], '1134': ['1134'], '1133': ['1133']})"
85,"defaultdict(<class 'list'>, {'1040': ['1040'], '1080': ['1080'], '1079': ['1079'], '1081': ['1081'], '1095': ['1095'], '1082': ['1082'], '1084': ['1084'], '1096': ['1096', '1138', '1135', '1137', '1139'], '1136': ['1136'], '1041': ['1041', '1126', '1125', '1127', '1124'], '1128': ['1128', '1131', '1132', '1130', '1133'], '1129': ['1129'], '1032': ['1032', '1160', '1161', '1162', '1146'], '1052': ['1052'], '1063': ['1063', '1057', '1071', '1066', '1067'], '1051': ['1051'], '1055': ['1055'], '1060': ['1060'], '1147': ['1147'], '1148': ['1148', '1158', '1157', '1159', '1156'], '1053': ['1053', '1038', '1048', '1054', '1034'], '1056': ['1056'], '1061': ['1061', '1062', '1075', '1073', '1074'], '1072': ['1072'], '1033': ['1033'], '1101': ['1101'], '1109': ['1109'], '1153': ['1153'], '1102': ['1102'], '1103': ['1103'], '1105': ['1105', '1106', '1107', '1058', '1059'], '1113': ['1113'], '1154': ['1154'], '1155': ['1155'], '1108': ['1108'], '1110': ['1110'], '1104': ['1104'], '1114': ['1114'], '1049': ['1049'], '1050': ['1050'], '1068': ['1068'], '1039': ['1039'], '1097': ['1097'], '1098': ['1098'], '1099': ['1099'], '1112': ['1112'], '1100': ['1100'], '1035': ['1035'], '1111': ['1111'], '1030': ['1030'], '1046': ['1046'], '1069': ['1069', '1064', '1065', '1070', '1031'], '1047': ['1047'], '1042': ['1042'], '1083': ['1083'], '1085': ['1085'], '1086': ['1086', '1089', '1044', '1087', '1090'], '1043': ['1043'], '1121': ['1121'], '1122': ['1122'], '1123': ['1123'], '1036': ['1036'], '1092': ['1092'], '1150': ['1150'], '1093': ['1093'], '1094': ['1094'], '1145': ['1145'], '1151': ['1151'], '1144': ['1144'], '1149': ['1149'], '1037': ['1037'], '1088': ['1088', '1142', '1141', '1143', '1140'], '1091': ['1091'], '1045': ['1045'], '1115': ['1115'], '1077': ['1077'], '1117': ['1117'], '1152': ['1152'], '1076': ['1076'], '1118': ['1118'], '1078': ['1078'], '1116': ['1116'], '1119': ['1119'], '1120': ['1120'], '1134': ['1134']})"
85,"defaultdict(<class 'list'>, {'1040': ['1040', '1080', '1079', '1081', '1078', '1095', '1082', '1096', '1083'], '1084': ['1084', '1042', '1085', '1086', '1087'], '1136': ['1136'], '1138': ['1138'], '1041': ['1041'], '1126': ['1126'], '1125': ['1125'], '1127': ['1127'], '1128': ['1128'], '1129': ['1129'], '1131': ['1131'], '1032': ['1032', '1052', '1063', '1053', '1049'], '1160': ['1160'], '1051': ['1051', '1038', '1048', '1050', '1034'], '1055': ['1055'], '1057': ['1057', '1060', '1071', '1061', '1072'], '1147': ['1147'], '1148': ['1148', '1158', '1157', '1159', '1156', '1153', '1154', '1155', '1152'], '1161': ['1161'], '1066': ['1066'], '1056': ['1056'], '1162': ['1162'], '1033': ['1033', '1109', '1113', '1110', '1111'], '1101': ['1101'], '1102': ['1102'], '1103': ['1103'], '1105': ['1105'], '1106': ['1106'], '1108': ['1108'], '1104': ['1104'], '1107': ['1107'], '1114': ['1114'], '1054': ['1054'], '1068': ['1068'], '1039': ['1039', '1097', '1098', '1099', '1035'], '1112': ['1112'], '1100': ['1100'], '1067': ['1067'], '1030': ['1030'], '1046': ['1046'], '1069': ['1069'], '1058': ['1058'], '1059': ['1059'], '1064': ['1064'], '1065': ['1065'], '1047': ['1047'], '1070': ['1070'], '1031': ['1031'], '1089': ['1089'], '1043': ['1043'], '1121': ['1121'], '1122': ['1122'], '1123': ['1123'], '1124': ['1124'], '1036': ['1036'], '1092': ['1092'], '1150': ['1150'], '1093': ['1093'], '1094': ['1094'], '1145': ['1145'], '1151': ['1151'], '1144': ['1144'], '1149': ['1149'], '1037': ['1037'], '1044': ['1044'], '1088': ['1088', '1142', '1141', '1143', '1140'], '1090': ['1090'], '1091': ['1091'], '1045': ['1045'], '1115': ['1115'], '1062': ['1062'], '1077': ['1077', '1075', '1076', '1073', '1074'], '1117': ['1117'], '1146': ['1146'], '1118': ['1118'], '1116': ['1116'], '1135': ['1135'], '1137': ['1137'], '1139': ['1139'], '1119': ['1119'], '1120': ['1120'], '1132': ['1132'], '1130': ['1130'], '1134': ['1134'], '1133': ['1133']})"
85,"defaultdict(<class 'list'>, {'1040': ['1040'], '1080': ['1080'], '1079': ['1079'], '1081': ['1081'], '1095': ['1095'], '1082': ['1082', '1084', '1042', '1083', '1085'], '1096': ['1096', '1138', '1135', '1137', '1139'], '1136': ['1136'], '1041': ['1041'], '1126': ['1126'], '1125': ['1125'], '1127': ['1127'], '1128': ['1128', '1131', '1132', '1130', '1133'], '1129': ['1129'], '1032': ['1032', '1160', '1161', '1162', '1146'], '1052': ['1052', '1053', '1049', '1050', '1054'], '1063': ['1063'], '1051': ['1051'], '1055': ['1055'], '1057': ['1057'], '1060': ['1060'], '1071': ['1071'], '1147': ['1147'], '1148': ['1148'], '1158': ['1158'], '1066': ['1066'], '1056': ['1056'], '1061': ['1061'], '1072': ['1072'], '1157': ['1157'], '1159': ['1159'], '1033': ['1033'], '1101': ['1101'], '1109': ['1109'], '1153': ['1153'], '1102': ['1102'], '1103': ['1103'], '1105': ['1105', '1106', '1107', '1058', '1059'], '1113': ['1113'], '1154': ['1154'], '1155': ['1155'], '1108': ['1108'], '1110': ['1110'], '1104': ['1104'], '1114': ['1114'], '1156': ['1156'], '1038': ['1038', '1048', '1068', '1034', '1067'], '1039': ['1039', '1097', '1098', '1099', '1035'], '1112': ['1112'], '1100': ['1100'], '1111': ['1111'], '1030': ['1030'], '1046': ['1046'], '1069': ['1069'], '1064': ['1064'], '1065': ['1065'], '1047': ['1047'], '1070': ['1070'], '1031': ['1031'], '1086': ['1086', '1087', '1088', '1141', '1143'], '1089': ['1089'], '1043': ['1043', '1121', '1122', '1123', '1045'], '1124': ['1124'], '1036': ['1036'], '1092': ['1092'], '1150': ['1150'], '1093': ['1093', '1094', '1151', '1149', '1037'], '1145': ['1145'], '1144': ['1144'], '1044': ['1044'], '1090': ['1090'], '1142': ['1142'], '1091': ['1091'], '1115': ['1115'], '1062': ['1062'], '1077': ['1077'], '1117': ['1117', '1118', '1116', '1119', '1120'], '1152': ['1152'], '1075': ['1075'], '1076': ['1076'], '1073': ['1073'], '1078': ['1078'], '1074': ['1074'], '1140': ['1140'], '1134': ['1134']})"
85,"defaultdict(<class 'list'>, {'1040': ['1040'], '1080': ['1080', '1079', '1077', '1076', '1078'], '1081': ['1081', '1082', '1084', '1042', '1083'], '1095': ['1095'], '1096': ['1096', '1138', '1135', '1137', '1139'], '1136': ['1136'], '1041': ['1041', '1126', '1125', '1127', '1124', '1129', '1122', '1123', '1045'], '1128': ['1128'], '1131': ['1131'], '1032': ['1032', '1052', '1063', '1053', '1049'], '1160': ['1160'], '1051': ['1051', '1038', '1048', '1050', '1034'], '1055': ['1055'], '1057': ['1057'], '1060': ['1060'], '1071': ['1071'], '1147': ['1147'], '1148': ['1148', '1158', '1157', '1159', '1156'], '1161': ['1161'], '1066': ['1066'], '1056': ['1056'], '1061': ['1061'], '1072': ['1072'], '1162': ['1162'], '1033': ['1033', '1109', '1153', '1155', '1152'], '1101': ['1101'], '1102': ['1102'], '1103': ['1103'], '1105': ['1105', '1106', '1107', '1058', '1059'], '1113': ['1113'], '1154': ['1154'], '1108': ['1108'], '1110': ['1110'], '1104': ['1104'], '1114': ['1114'], '1054': ['1054'], '1068': ['1068'], '1039': ['1039', '1097', '1098', '1099', '1035'], '1112': ['1112'], '1100': ['1100'], '1067': ['1067'], '1111': ['1111'], '1030': ['1030'], '1046': ['1046'], '1069': ['1069'], '1064': ['1064'], '1065': ['1065'], '1047': ['1047'], '1070': ['1070'], '1031': ['1031'], '1085': ['1085'], '1086': ['1086', '1089', '1044', '1087', '1090'], '1043': ['1043'], '1121': ['1121'], '1036': ['1036'], '1092': ['1092'], '1150': ['1150'], '1093': ['1093'], '1094': ['1094'], '1145': ['1145'], '1151': ['1151'], '1144': ['1144'], '1149': ['1149'], '1037': ['1037'], '1088': ['1088'], '1142': ['1142'], '1141': ['1141'], '1091': ['1091'], '1143': ['1143'], '1115': ['1115'], '1062': ['1062'], '1117': ['1117'], '1146': ['1146'], '1075': ['1075'], '1118': ['1118'], '1073': ['1073'], '1074': ['1074'], '1116': ['1116'], '1140': ['1140'], '1119': ['1119'], '1120': ['1120'], '1132': ['1132'], '1130': ['1130'], '1134': ['1134'], '1133': ['1133']})"
85,"defaultdict(<class 'list'>, {'1040': ['1040'], '1080': ['1080'], '1079': ['1079'], '1081': ['1081'], '1095': ['1095'], '1082': ['1082'], '1084': ['1084'], '1096': ['1096'], '1136': ['1136'], '1138': ['1138'], '1041': ['1041'], '1126': ['1126'], '1125': ['1125'], '1127': ['1127'], '1128': ['1128', '1131', '1132', '1130', '1133', '1129', '1120', '1134'], '1032': ['1032', '1052', '1053', '1038', '1048', '1054', '1034', '1049', '1050', '1068'], '1063': ['1063'], '1160': ['1160', '1147', '1161', '1162', '1146'], '1051': ['1051', '1055', '1056', '1046', '1047'], '1057': ['1057'], '1060': ['1060'], '1071': ['1071'], '1148': ['1148', '1158', '1157', '1159', '1156'], '1066': ['1066', '1067', '1064', '1065', '1031'], '1061': ['1061', '1062', '1075', '1073', '1074'], '1072': ['1072'], '1033': ['1033'], '1101': ['1101'], '1109': ['1109'], '1153': ['1153'], '1102': ['1102'], '1103': ['1103'], '1105': ['1105'], '1106': ['1106'], '1113': ['1113'], '1154': ['1154'], '1155': ['1155'], '1108': ['1108'], '1110': ['1110'], '1104': ['1104'], '1107': ['1107'], '1114': ['1114'], '1039': ['1039', '1097', '1098', '1099', '1035'], '1112': ['1112'], '1100': ['1100'], '1111': ['1111'], '1030': ['1030'], '1069': ['1069'], '1058': ['1058'], '1059': ['1059'], '1070': ['1070'], '1042': ['1042'], '1083': ['1083'], '1085': ['1085'], '1086': ['1086', '1089', '1044', '1087', '1090'], '1043': ['1043', '1121', '1122', '1123', '1045'], '1124': ['1124'], '1036': ['1036'], '1092': ['1092'], '1150': ['1150'], '1093': ['1093'], '1094': ['1094'], '1145': ['1145'], '1151': ['1151'], '1144': ['1144'], '1149': ['1149'], '1037': ['1037'], '1088': ['1088'], '1142': ['1142'], '1141': ['1141'], '1091': ['1091'], '1143': ['1143'], '1115': ['1115'], '1077': ['1077'], '1117': ['1117'], '1152': ['1152'], '1076': ['1076'], '1118': ['1118'], '1078': ['1078'], '1116': ['1116'], '1135': ['1135'], '1137': ['1137'], '1140': ['1140'], '1139': ['1139'], '1119': ['1119']})"
85,"defaultdict(<class 'list'>, {'1040': ['1040'], '1080': ['1080'], '1079': ['1079'], '1081': ['1081'], '1095': ['1095'], '1082': ['1082', '1084', '1042', '1083', '1085'], '1096': ['1096', '1136', '1135', '1137', '1140'], '1138': ['1138'], '1041': ['1041'], '1126': ['1126'], '1125': ['1125'], '1127': ['1127'], '1128': ['1128'], '1129': ['1129'], '1131': ['1131'], '1032': ['1032'], '1052': ['1052'], '1063': ['1063'], '1160': ['1160'], '1051': ['1051', '1055', '1056', '1049', '1050'], '1057': ['1057', '1060', '1061', '1058', '1059'], '1071': ['1071'], '1147': ['1147', '1148', '1158', '1157', '1159'], '1161': ['1161'], '1053': ['1053'], '1066': ['1066'], '1072': ['1072', '1075', '1076', '1073', '1074'], '1162': ['1162'], '1033': ['1033'], '1101': ['1101'], '1109': ['1109'], '1153': ['1153'], '1102': ['1102'], '1103': ['1103'], '1105': ['1105'], '1106': ['1106'], '1113': ['1113'], '1154': ['1154', '1036', '1150', '1151', '1152'], '1155': ['1155'], '1108': ['1108', '1107', '1115', '1116', '1119'], '1110': ['1110'], '1104': ['1104'], '1114': ['1114'], '1156': ['1156'], '1038': ['1038'], '1048': ['1048'], '1054': ['1054'], '1068': ['1068'], '1039': ['1039'], '1097': ['1097'], '1098': ['1098'], '1099': ['1099'], '1112': ['1112'], '1100': ['1100'], '1034': ['1034'], '1067': ['1067'], '1035': ['1035'], '1111': ['1111'], '1030': ['1030'], '1046': ['1046'], '1069': ['1069', '1064', '1065', '1070', '1031'], '1047': ['1047'], '1086': ['1086'], '1089': ['1089'], '1043': ['1043', '1121', '1122', '1123', '1045'], '1124': ['1124'], '1092': ['1092'], '1093': ['1093', '1094', '1144', '1149', '1037'], '1145': ['1145'], '1044': ['1044'], '1087': ['1087'], '1088': ['1088', '1142', '1141', '1143', '1139'], '1090': ['1090'], '1091': ['1091'], '1062': ['1062'], '1077': ['1077'], '1117': ['1117'], '1146': ['1146'], '1118': ['1118'], '1078': ['1078'], '1120': ['1120'], '1132': ['1132'], '1130': ['1130'], '1134': ['1134'], '1133': ['1133']})"
85,"defaultdict(<class 'list'>, {'1040': ['1040', '1080', '1079', '1081', '1078'], '1095': ['1095'], '1082': ['1082', '1084', '1042', '1083', '1085'], '1096': ['1096'], '1136': ['1136'], '1138': ['1138'], '1041': ['1041'], '1126': ['1126'], '1125': ['1125'], '1127': ['1127'], '1128': ['1128'], '1129': ['1129'], '1131': ['1131'], '1032': ['1032'], '1052': ['1052'], '1063': ['1063'], '1160': ['1160'], '1051': ['1051', '1055', '1056', '1049', '1050'], '1057': ['1057'], '1060': ['1060'], '1071': ['1071'], '1147': ['1147'], '1148': ['1148', '1158', '1157', '1159', '1156'], '1161': ['1161'], '1053': ['1053'], '1066': ['1066'], '1061': ['1061'], '1072': ['1072'], '1162': ['1162'], '1033': ['1033', '1153', '1154', '1155', '1152'], '1101': ['1101', '1102', '1098', '1099', '1100'], '1109': ['1109'], '1103': ['1103'], '1105': ['1105'], '1106': ['1106'], '1113': ['1113'], '1108': ['1108'], '1110': ['1110'], '1104': ['1104'], '1107': ['1107'], '1114': ['1114', '1030', '1046', '1069', '1064', '1065', '1070', '1031', '1047'], '1038': ['1038', '1048', '1068', '1034', '1067'], '1054': ['1054'], '1039': ['1039'], '1097': ['1097'], '1112': ['1112'], '1035': ['1035'], '1111': ['1111'], '1058': ['1058'], '1059': ['1059'], '1086': ['1086'], '1089': ['1089'], '1043': ['1043'], '1121': ['1121'], '1122': ['1122'], '1123': ['1123'], '1124': ['1124'], '1036': ['1036'], '1092': ['1092'], '1150': ['1150'], '1093': ['1093', '1094', '1151', '1149', '1037'], '1145': ['1145'], '1144': ['1144'], '1044': ['1044'], '1087': ['1087'], '1088': ['1088', '1142', '1141', '1143', '1140'], '1090': ['1090'], '1091': ['1091'], '1045': ['1045'], '1115': ['1115'], '1062': ['1062'], '1077': ['1077', '1075', '1076', '1073', '1074'], '1117': ['1117'], '1146': ['1146'], '1118': ['1118'], '1116': ['1116'], '1135': ['1135'], '1137': ['1137'], '1139': ['1139'], '1119': ['1119'], '1120': ['1120'], '1132': ['1132'], '1130': ['1130'], '1134': ['1134'], '1133': ['1133']})"
85,"defaultdict(<class 'list'>, {'1040': ['1040'], '1080': ['1080'], '1079': ['1079'], '1081': ['1081'], '1095': ['1095'], '1082': ['1082'], '1084': ['1084', '1042', '1085', '1086', '1087'], '1096': ['1096'], '1136': ['1136'], '1138': ['1138'], '1041': ['1041'], '1126': ['1126'], '1125': ['1125'], '1127': ['1127'], '1128': ['1128'], '1129': ['1129'], '1131': ['1131'], '1032': ['1032', '1063', '1160', '1161', '1162'], '1052': ['1052'], '1051': ['1051', '1055', '1056', '1049', '1050'], '1057': ['1057'], '1060': ['1060'], '1071': ['1071'], '1147': ['1147'], '1148': ['1148', '1158', '1157', '1159', '1156'], '1053': ['1053'], '1066': ['1066', '1068', '1067', '1077', '1076'], '1061': ['1061'], '1072': ['1072'], '1033': ['1033', '1153', '1154', '1155', '1152'], '1101': ['1101', '1102', '1098', '1099', '1100', '1103', '1039', '1097', '1035'], '1109': ['1109'], '1105': ['1105'], '1106': ['1106'], '1113': ['1113'], '1108': ['1108'], '1110': ['1110'], '1104': ['1104'], '1107': ['1107'], '1114': ['1114'], '1038': ['1038'], '1048': ['1048'], '1054': ['1054'], '1112': ['1112'], '1034': ['1034'], '1111': ['1111'], '1030': ['1030'], '1046': ['1046'], '1069': ['1069', '1064', '1065', '1070', '1031'], '1058': ['1058'], '1059': ['1059'], '1047': ['1047'], '1083': ['1083'], '1089': ['1089'], '1043': ['1043'], '1121': ['1121'], '1122': ['1122'], '1123': ['1123'], '1124': ['1124'], '1036': ['1036'], '1092': ['1092', '1150', '1093', '1094', '1144', '1149', '1037', '1145', '1151'], '1044': ['1044'], '1088': ['1088'], '1090': ['1090'], '1142': ['1142'], '1141': ['1141'], '1091': ['1091'], '1143': ['1143'], '1045': ['1045'], '1115': ['1115'], '1062': ['1062'], '1117': ['1117', '1118', '1116', '1119', '1120'], '1146': ['1146'], '1075': ['1075'], '1073': ['1073'], '1078': ['1078'], '1074': ['1074'], '1135': ['1135'], '1137': ['1137'], '1140': ['1140'], '1139': ['1139'], '1132': ['1132'], '1130': ['1130'], '1134': ['1134'], '1133': ['1133']})"
85,"defaultdict(<class 'list'>, {'1040': ['1040', '1080', '1079', '1081', '1078', '1077', '1075', '1076', '1074'], '1095': ['1095'], '1082': ['1082'], '1084': ['1084'], '1096': ['1096'], '1136': ['1136'], '1138': ['1138'], '1041': ['1041'], '1126': ['1126'], '1125': ['1125'], '1127': ['1127'], '1128': ['1128', '1129', '1132', '1130', '1134'], '1131': ['1131'], '1032': ['1032'], '1052': ['1052'], '1063': ['1063'], '1160': ['1160'], '1051': ['1051'], '1055': ['1055'], '1057': ['1057', '1060', '1071', '1061', '1105', '1106', '1107', '1058', '1059'], '1147': ['1147', '1148', '1158', '1157', '1159'], '1161': ['1161'], '1053': ['1053'], '1066': ['1066'], '1056': ['1056'], '1072': ['1072'], '1162': ['1162'], '1033': ['1033', '1109', '1153', '1155', '1152'], '1101': ['1101'], '1102': ['1102'], '1103': ['1103'], '1113': ['1113'], '1154': ['1154'], '1108': ['1108'], '1110': ['1110'], '1104': ['1104'], '1114': ['1114'], '1156': ['1156'], '1038': ['1038', '1048', '1068', '1034', '1067'], '1049': ['1049'], '1050': ['1050'], '1054': ['1054'], '1039': ['1039', '1097', '1112', '1035', '1111'], '1098': ['1098'], '1099': ['1099'], '1100': ['1100'], '1030': ['1030'], '1046': ['1046'], '1069': ['1069'], '1064': ['1064'], '1065': ['1065'], '1047': ['1047'], '1070': ['1070'], '1031': ['1031'], '1042': ['1042'], '1083': ['1083'], '1085': ['1085'], '1086': ['1086'], '1089': ['1089'], '1043': ['1043'], '1121': ['1121'], '1122': ['1122'], '1123': ['1123'], '1124': ['1124'], '1036': ['1036', '1092', '1150', '1151', '1149'], '1093': ['1093'], '1094': ['1094'], '1145': ['1145'], '1144': ['1144'], '1037': ['1037'], '1044': ['1044'], '1087': ['1087'], '1088': ['1088', '1142', '1141', '1143', '1140'], '1090': ['1090'], '1091': ['1091'], '1045': ['1045'], '1115': ['1115'], '1062': ['1062'], '1117': ['1117', '1118', '1116', '1119', '1120'], '1146': ['1146'], '1073': ['1073'], '1135': ['1135'], '1137': ['1137'], '1139': ['1139'], '1133': ['1133']})"
85,"defaultdict(<class 'list'>, {'1040': ['1040'], '1080': ['1080', '1079', '1077', '1076', '1078'], '1081': ['1081'], '1095': ['1095'], '1082': ['1082', '1084', '1042', '1083', '1085'], '1096': ['1096', '1138', '1135', '1137', '1139'], '1136': ['1136'], '1041': ['1041'], '1126': ['1126'], '1125': ['1125'], '1127': ['1127'], '1128': ['1128', '1129', '1132', '1130', '1134'], '1131': ['1131'], '1032': ['1032', '1052', '1063', '1053', '1049', '1051', '1055', '1050', '1054'], '1160': ['1160'], '1057': ['1057'], '1060': ['1060'], '1071': ['1071'], '1147': ['1147'], '1148': ['1148', '1158', '1157', '1159', '1156'], '1161': ['1161'], '1066': ['1066'], '1056': ['1056'], '1061': ['1061'], '1072': ['1072'], '1162': ['1162'], '1033': ['1033'], '1101': ['1101'], '1109': ['1109'], '1153': ['1153'], '1102': ['1102'], '1103': ['1103'], '1105': ['1105'], '1106': ['1106'], '1113': ['1113'], '1154': ['1154'], '1155': ['1155'], '1108': ['1108'], '1110': ['1110', '1111', '1064', '1065', '1031'], '1104': ['1104'], '1107': ['1107'], '1114': ['1114'], '1038': ['1038', '1048', '1068', '1034', '1067'], '1039': ['1039'], '1097': ['1097'], '1098': ['1098'], '1099': ['1099'], '1112': ['1112'], '1100': ['1100'], '1035': ['1035'], '1030': ['1030', '1046', '1069', '1047', '1070'], '1058': ['1058'], '1059': ['1059'], '1086': ['1086', '1089', '1044', '1087', '1090'], '1043': ['1043'], '1121': ['1121'], '1122': ['1122'], '1123': ['1123'], '1124': ['1124'], '1036': ['1036'], '1092': ['1092'], '1150': ['1150'], '1093': ['1093', '1094', '1151', '1149', '1037'], '1145': ['1145'], '1144': ['1144'], '1088': ['1088'], '1142': ['1142'], '1141': ['1141'], '1091': ['1091'], '1143': ['1143'], '1045': ['1045'], '1115': ['1115'], '1062': ['1062'], '1117': ['1117'], '1146': ['1146'], '1152': ['1152'], '1075': ['1075'], '1118': ['1118'], '1073': ['1073'], '1074': ['1074'], '1116': ['1116'], '1140': ['1140'], '1119': ['1119'], '1120': ['1120'], '1133': ['1133']})"
85,"defaultdict(<class 'list'>, {'1040': ['1040'], '1080': ['1080'], '1079': ['1079', '1077', '1075', '1076', '1074'], '1081': ['1081'], '1095': ['1095'], '1082': ['1082', '1084', '1042', '1083', '1085'], '1096': ['1096', '1138', '1135', '1137', '1139'], '1136': ['1136'], '1041': ['1041'], '1126': ['1126'], '1125': ['1125'], '1127': ['1127'], '1128': ['1128'], '1129': ['1129'], '1131': ['1131'], '1032': ['1032', '1160', '1161', '1162', '1146'], '1052': ['1052'], '1063': ['1063'], '1051': ['1051', '1055', '1056', '1049', '1050'], '1057': ['1057', '1060', '1061', '1105', '1106', '1107', '1058', '1059', '1062'], '1071': ['1071'], '1147': ['1147'], '1148': ['1148', '1158', '1157', '1159', '1156'], '1053': ['1053'], '1066': ['1066'], '1072': ['1072'], '1033': ['1033', '1153', '1154', '1155', '1152'], '1101': ['1101'], '1109': ['1109'], '1102': ['1102'], '1103': ['1103'], '1113': ['1113'], '1108': ['1108'], '1110': ['1110'], '1104': ['1104'], '1114': ['1114'], '1038': ['1038', '1048', '1068', '1034', '1067'], '1054': ['1054'], '1039': ['1039'], '1097': ['1097'], '1098': ['1098'], '1099': ['1099'], '1112': ['1112'], '1100': ['1100'], '1035': ['1035'], '1111': ['1111'], '1030': ['1030'], '1046': ['1046'], '1069': ['1069'], '1064': ['1064'], '1065': ['1065'], '1047': ['1047'], '1070': ['1070'], '1031': ['1031'], '1086': ['1086', '1087', '1088', '1141', '1143'], '1089': ['1089'], '1043': ['1043', '1121', '1122', '1123', '1045'], '1124': ['1124'], '1036': ['1036'], '1092': ['1092'], '1150': ['1150'], '1093': ['1093'], '1094': ['1094'], '1145': ['1145'], '1151': ['1151'], '1144': ['1144'], '1149': ['1149'], '1037': ['1037'], '1044': ['1044'], '1090': ['1090'], '1142': ['1142'], '1091': ['1091'], '1115': ['1115'], '1117': ['1117'], '1118': ['1118'], '1073': ['1073'], '1078': ['1078'], '1116': ['1116'], '1140': ['1140'], '1119': ['1119'], '1120': ['1120'], '1132': ['1132'], '1130': ['1130'], '1134': ['1134'], '1133': ['1133']})"
85,"defaultdict(<class 'list'>, {'1040': ['1040', '1080', '1081', '1082', '1078', '1079', '1095', '1096', '1083'], '1084': ['1084'], '1136': ['1136'], '1138': ['1138'], '1041': ['1041', '1126', '1125', '1127', '1124'], '1128': ['1128'], '1129': ['1129'], '1131': ['1131'], '1032': ['1032'], '1052': ['1052', '1053', '1049', '1050', '1054'], '1063': ['1063'], '1160': ['1160'], '1051': ['1051'], '1055': ['1055'], '1057': ['1057', '1060', '1071', '1061', '1072'], '1147': ['1147'], '1148': ['1148'], '1158': ['1158'], '1161': ['1161'], '1066': ['1066'], '1056': ['1056', '1077', '1075', '1076', '1074'], '1157': ['1157'], '1159': ['1159'], '1162': ['1162'], '1033': ['1033'], '1101': ['1101'], '1109': ['1109'], '1153': ['1153', '1154', '1155', '1156', '1152'], '1102': ['1102'], '1103': ['1103'], '1105': ['1105', '1106', '1107', '1058', '1059'], '1113': ['1113'], '1108': ['1108'], '1110': ['1110'], '1104': ['1104'], '1114': ['1114', '1115', '1118', '1116', '1119'], '1038': ['1038', '1048', '1068', '1034', '1067'], '1039': ['1039'], '1097': ['1097'], '1098': ['1098'], '1099': ['1099'], '1112': ['1112'], '1100': ['1100'], '1035': ['1035'], '1111': ['1111'], '1030': ['1030'], '1046': ['1046'], '1069': ['1069'], '1064': ['1064'], '1065': ['1065'], '1047': ['1047'], '1070': ['1070'], '1031': ['1031'], '1042': ['1042'], '1085': ['1085'], '1086': ['1086', '1089', '1044', '1087', '1090'], '1043': ['1043'], '1121': ['1121'], '1122': ['1122'], '1123': ['1123'], '1036': ['1036'], '1092': ['1092'], '1150': ['1150'], '1093': ['1093', '1094', '1151', '1149', '1037'], '1145': ['1145'], '1144': ['1144'], '1088': ['1088'], '1142': ['1142'], '1141': ['1141'], '1091': ['1091'], '1143': ['1143'], '1045': ['1045'], '1062': ['1062'], '1117': ['1117'], '1146': ['1146'], '1073': ['1073'], '1135': ['1135'], '1137': ['1137'], '1140': ['1140'], '1139': ['1139'], '1120': ['1120'], '1132': ['1132'], '1130': ['1130'], '1134': ['1134'], '1133': ['1133']})"
85,"defaultdict(<class 'list'>, {'1040': ['1040', '1080', '1079', '1081', '1078'], '1095': ['1095'], '1082': ['1082', '1084', '1042', '1083', '1085'], '1096': ['1096'], '1136': ['1136'], '1138': ['1138'], '1041': ['1041', '1126', '1125', '1127', '1124'], '1128': ['1128', '1131', '1132', '1130', '1133'], '1129': ['1129'], '1032': ['1032', '1160', '1161', '1162', '1146'], '1052': ['1052'], '1063': ['1063'], '1051': ['1051'], '1055': ['1055'], '1057': ['1057'], '1060': ['1060'], '1071': ['1071'], '1147': ['1147'], '1148': ['1148', '1158', '1157', '1159', '1156'], '1053': ['1053'], '1066': ['1066'], '1056': ['1056'], '1061': ['1061'], '1072': ['1072'], '1033': ['1033', '1153', '1154', '1155', '1152'], '1101': ['1101'], '1109': ['1109'], '1102': ['1102', '1103', '1104', '1117', '1118'], '1105': ['1105', '1106', '1107', '1058', '1059'], '1113': ['1113'], '1108': ['1108'], '1110': ['1110'], '1114': ['1114'], '1038': ['1038'], '1048': ['1048'], '1049': ['1049'], '1050': ['1050'], '1054': ['1054'], '1068': ['1068', '1077', '1075', '1076', '1074'], '1039': ['1039', '1097', '1098', '1099', '1035'], '1112': ['1112'], '1100': ['1100'], '1034': ['1034'], '1067': ['1067'], '1111': ['1111'], '1030': ['1030'], '1046': ['1046'], '1069': ['1069'], '1064': ['1064'], '1065': ['1065'], '1047': ['1047'], '1070': ['1070'], '1031': ['1031'], '1086': ['1086'], '1089': ['1089'], '1043': ['1043'], '1121': ['1121'], '1122': ['1122'], '1123': ['1123'], '1036': ['1036'], '1092': ['1092'], '1150': ['1150'], '1093': ['1093', '1094', '1151', '1149', '1037'], '1145': ['1145'], '1144': ['1144'], '1044': ['1044'], '1087': ['1087'], '1088': ['1088'], '1090': ['1090'], '1142': ['1142'], '1141': ['1141'], '1091': ['1091'], '1143': ['1143'], '1045': ['1045'], '1115': ['1115'], '1062': ['1062'], '1073': ['1073'], '1116': ['1116'], '1135': ['1135'], '1137': ['1137'], '1140': ['1140'], '1139': ['1139'], '1119': ['1119'], '1120': ['1120'], '1134': ['1134']})"
85,"defaultdict(<class 'list'>, {'1040': ['1040'], '1080': ['1080'], '1079': ['1079'], '1081': ['1081'], '1095': ['1095'], '1082': ['1082', '1084', '1042', '1083', '1085'], '1096': ['1096'], '1136': ['1136'], '1138': ['1138'], '1041': ['1041'], '1126': ['1126'], '1125': ['1125'], '1127': ['1127'], '1128': ['1128', '1131', '1132', '1130', '1133'], '1129': ['1129'], '1032': ['1032', '1052', '1063', '1053', '1049'], '1160': ['1160'], '1051': ['1051'], '1055': ['1055'], '1057': ['1057'], '1060': ['1060'], '1071': ['1071'], '1147': ['1147'], '1148': ['1148', '1158', '1157', '1159', '1156'], '1161': ['1161'], '1066': ['1066'], '1056': ['1056'], '1061': ['1061'], '1072': ['1072'], '1162': ['1162'], '1033': ['1033', '1153', '1154', '1155', '1152'], '1101': ['1101'], '1109': ['1109'], '1102': ['1102'], '1103': ['1103'], '1105': ['1105', '1106', '1107', '1058', '1059'], '1113': ['1113'], '1108': ['1108'], '1110': ['1110'], '1104': ['1104'], '1114': ['1114'], '1038': ['1038', '1048', '1068', '1034', '1067'], '1050': ['1050'], '1054': ['1054'], '1039': ['1039', '1097', '1098', '1099', '1035'], '1112': ['1112'], '1100': ['1100'], '1111': ['1111'], '1030': ['1030'], '1046': ['1046'], '1069': ['1069', '1064', '1065', '1070', '1031'], '1047': ['1047'], '1086': ['1086', '1089', '1044', '1087', '1090'], '1043': ['1043', '1121', '1122', '1123', '1045'], '1124': ['1124'], '1036': ['1036', '1092', '1150', '1151', '1149'], '1093': ['1093'], '1094': ['1094'], '1145': ['1145'], '1144': ['1144'], '1037': ['1037'], '1088': ['1088'], '1142': ['1142'], '1141': ['1141'], '1091': ['1091'], '1143': ['1143'], '1115': ['1115'], '1062': ['1062'], '1077': ['1077'], '1117': ['1117'], '1146': ['1146'], '1075': ['1075'], '1076': ['1076'], '1118': ['1118'], '1073': ['1073'], '1078': ['1078'], '1074': ['1074'], '1116': ['1116'], '1135': ['1135'], '1137': ['1137'], '1140': ['1140'], '1139': ['1139'], '1119': ['1119'], '1120': ['1120'], '1134': ['1134']})"
85,"defaultdict(<class 'list'>, {'1040': ['1040', '1080', '1079', '1081', '1078'], '1095': ['1095', '1082', '1084', '1083', '1085'], '1096': ['1096', '1138', '1135', '1137', '1139'], '1136': ['1136'], '1041': ['1041'], '1126': ['1126'], '1125': ['1125'], '1127': ['1127'], '1128': ['1128', '1129', '1132', '1130', '1134'], '1131': ['1131'], '1032': ['1032'], '1052': ['1052', '1053', '1049', '1050', '1054'], '1063': ['1063'], '1160': ['1160'], '1051': ['1051'], '1055': ['1055'], '1057': ['1057', '1060', '1061', '1058', '1059'], '1071': ['1071'], '1147': ['1147'], '1148': ['1148'], '1158': ['1158'], '1161': ['1161'], '1066': ['1066'], '1056': ['1056'], '1072': ['1072', '1075', '1076', '1073', '1074'], '1157': ['1157'], '1159': ['1159'], '1162': ['1162'], '1033': ['1033', '1101', '1109', '1153', '1100'], '1102': ['1102'], '1103': ['1103'], '1105': ['1105'], '1106': ['1106'], '1113': ['1113'], '1154': ['1154'], '1155': ['1155'], '1108': ['1108'], '1110': ['1110'], '1104': ['1104'], '1107': ['1107'], '1114': ['1114'], '1156': ['1156'], '1038': ['1038', '1048', '1068', '1034', '1067'], '1039': ['1039'], '1097': ['1097'], '1098': ['1098'], '1099': ['1099'], '1112': ['1112'], '1035': ['1035'], '1111': ['1111'], '1030': ['1030', '1046', '1069', '1047', '1070'], '1064': ['1064'], '1065': ['1065'], '1031': ['1031'], '1042': ['1042'], '1086': ['1086'], '1089': ['1089'], '1043': ['1043', '1121', '1122', '1123', '1045'], '1124': ['1124'], '1036': ['1036'], '1092': ['1092'], '1150': ['1150'], '1093': ['1093', '1094', '1144', '1149', '1037'], '1145': ['1145'], '1151': ['1151'], '1044': ['1044'], '1087': ['1087'], '1088': ['1088'], '1090': ['1090'], '1142': ['1142'], '1141': ['1141'], '1091': ['1091'], '1143': ['1143'], '1115': ['1115'], '1062': ['1062'], '1077': ['1077'], '1117': ['1117'], '1146': ['1146'], '1152': ['1152'], '1118': ['1118'], '1116': ['1116'], '1140': ['1140'], '1119': ['1119'], '1120': ['1120'], '1133': ['1133']})"
85,"defaultdict(<class 'list'>, {'1040': ['1040', '1080', '1081', '1095', '1082', '1084', '1042', '1083', '1085'], '1079': ['1079'], '1096': ['1096', '1138', '1135', '1137', '1139'], '1136': ['1136'], '1041': ['1041'], '1126': ['1126'], '1125': ['1125'], '1127': ['1127'], '1128': ['1128', '1129', '1132', '1130', '1134'], '1131': ['1131'], '1032': ['1032', '1052', '1051', '1053', '1049', '1050', '1063', '1055', '1054'], '1160': ['1160'], '1057': ['1057'], '1060': ['1060'], '1071': ['1071'], '1147': ['1147'], '1148': ['1148', '1158', '1157', '1159', '1156', '1153', '1154', '1155', '1152'], '1161': ['1161'], '1066': ['1066'], '1056': ['1056'], '1061': ['1061'], '1072': ['1072', '1075', '1076', '1073', '1074'], '1162': ['1162'], '1033': ['1033'], '1101': ['1101'], '1109': ['1109'], '1102': ['1102'], '1103': ['1103'], '1105': ['1105'], '1106': ['1106'], '1113': ['1113'], '1108': ['1108'], '1110': ['1110'], '1104': ['1104'], '1107': ['1107'], '1114': ['1114'], '1038': ['1038', '1048', '1068', '1034', '1067'], '1039': ['1039'], '1097': ['1097'], '1098': ['1098'], '1099': ['1099'], '1112': ['1112'], '1100': ['1100'], '1035': ['1035'], '1111': ['1111'], '1030': ['1030'], '1046': ['1046'], '1069': ['1069'], '1058': ['1058'], '1059': ['1059'], '1064': ['1064'], '1065': ['1065'], '1047': ['1047'], '1070': ['1070'], '1031': ['1031'], '1086': ['1086', '1089', '1044', '1087', '1090'], '1043': ['1043', '1121', '1122', '1123', '1045'], '1124': ['1124'], '1036': ['1036'], '1092': ['1092'], '1150': ['1150'], '1093': ['1093'], '1094': ['1094'], '1145': ['1145'], '1151': ['1151'], '1144': ['1144'], '1149': ['1149'], '1037': ['1037'], '1088': ['1088'], '1142': ['1142'], '1141': ['1141'], '1091': ['1091'], '1143': ['1143'], '1115': ['1115'], '1062': ['1062'], '1077': ['1077'], '1117': ['1117'], '1146': ['1146'], '1118': ['1118'], '1078': ['1078'], '1116': ['1116'], '1140': ['1140'], '1119': ['1119'], '1120': ['1120'], '1133': ['1133']})"
85,"defaultdict(<class 'list'>, {'1040': ['1040'], '1080': ['1080'], '1079': ['1079', '1077', '1075', '1076', '1074'], '1081': ['1081'], '1095': ['1095'], '1082': ['1082'], '1084': ['1084', '1042', '1085', '1086', '1089', '1044', '1087', '1090', '1091'], '1096': ['1096'], '1136': ['1136'], '1138': ['1138'], '1041': ['1041'], '1126': ['1126'], '1125': ['1125'], '1127': ['1127'], '1128': ['1128'], '1129': ['1129'], '1131': ['1131'], '1032': ['1032', '1052', '1063', '1053', '1049'], '1160': ['1160', '1147', '1161', '1145', '1146'], '1051': ['1051'], '1055': ['1055'], '1057': ['1057'], '1060': ['1060'], '1071': ['1071'], '1148': ['1148', '1158', '1157', '1159', '1156'], '1066': ['1066'], '1056': ['1056'], '1061': ['1061'], '1072': ['1072'], '1162': ['1162'], '1033': ['1033', '1101', '1109', '1153', '1100'], '1102': ['1102'], '1103': ['1103'], '1105': ['1105', '1106', '1107', '1058', '1059'], '1113': ['1113'], '1154': ['1154'], '1155': ['1155'], '1108': ['1108'], '1110': ['1110'], '1104': ['1104'], '1114': ['1114'], '1038': ['1038'], '1048': ['1048'], '1050': ['1050'], '1054': ['1054'], '1068': ['1068'], '1039': ['1039', '1097', '1098', '1099', '1035', '1112', '1111', '1117', '1118'], '1034': ['1034'], '1067': ['1067'], '1030': ['1030'], '1046': ['1046'], '1069': ['1069', '1064', '1065', '1070', '1031'], '1047': ['1047'], '1083': ['1083'], '1043': ['1043'], '1121': ['1121'], '1122': ['1122'], '1123': ['1123'], '1124': ['1124'], '1036': ['1036'], '1092': ['1092'], '1150': ['1150'], '1093': ['1093', '1094', '1151', '1149', '1037'], '1144': ['1144'], '1088': ['1088'], '1142': ['1142'], '1141': ['1141'], '1143': ['1143'], '1045': ['1045'], '1115': ['1115'], '1062': ['1062'], '1152': ['1152'], '1073': ['1073'], '1078': ['1078'], '1116': ['1116'], '1135': ['1135'], '1137': ['1137'], '1140': ['1140'], '1139': ['1139'], '1119': ['1119'], '1120': ['1120'], '1132': ['1132'], '1130': ['1130'], '1134': ['1134'], '1133': ['1133']})"
85,"defaultdict(<class 'list'>, {'1040': ['1040', '1080', '1081', '1082', '1078'], '1079': ['1079'], '1095': ['1095'], '1084': ['1084'], '1096': ['1096', '1138', '1135', '1137', '1139'], '1136': ['1136'], '1041': ['1041'], '1126': ['1126'], '1125': ['1125'], '1127': ['1127'], '1128': ['1128'], '1129': ['1129'], '1131': ['1131'], '1032': ['1032'], '1052': ['1052'], '1063': ['1063'], '1160': ['1160', '1147', '1161', '1145', '1146'], '1051': ['1051'], '1055': ['1055'], '1057': ['1057', '1060', '1061', '1105', '1106', '1107', '1058', '1059', '1113'], '1071': ['1071'], '1148': ['1148', '1158', '1157', '1159', '1156'], '1053': ['1053'], '1066': ['1066'], '1056': ['1056', '1077', '1075', '1076', '1074'], '1072': ['1072'], '1162': ['1162'], '1033': ['1033', '1153', '1154', '1155', '1152'], '1101': ['1101'], '1109': ['1109'], '1102': ['1102'], '1103': ['1103'], '1108': ['1108'], '1110': ['1110', '1111', '1064', '1065', '1031'], '1104': ['1104'], '1114': ['1114'], '1038': ['1038'], '1048': ['1048'], '1049': ['1049'], '1050': ['1050'], '1054': ['1054'], '1068': ['1068'], '1039': ['1039'], '1097': ['1097'], '1098': ['1098'], '1099': ['1099'], '1112': ['1112'], '1100': ['1100'], '1034': ['1034'], '1067': ['1067'], '1035': ['1035'], '1030': ['1030'], '1046': ['1046'], '1069': ['1069'], '1047': ['1047'], '1070': ['1070'], '1042': ['1042'], '1083': ['1083'], '1085': ['1085'], '1086': ['1086', '1089', '1044', '1087', '1090'], '1043': ['1043', '1121', '1122', '1123', '1045'], '1124': ['1124'], '1036': ['1036'], '1092': ['1092'], '1150': ['1150'], '1093': ['1093'], '1094': ['1094'], '1151': ['1151'], '1144': ['1144'], '1149': ['1149'], '1037': ['1037'], '1088': ['1088', '1142', '1141', '1143', '1140'], '1091': ['1091'], '1115': ['1115'], '1062': ['1062'], '1117': ['1117'], '1118': ['1118'], '1073': ['1073'], '1116': ['1116'], '1119': ['1119'], '1120': ['1120'], '1132': ['1132'], '1130': ['1130'], '1134': ['1134'], '1133': ['1133']})"
85,"defaultdict(<class 'list'>, {'1040': ['1040', '1080', '1081', '1082', '1084', '1042', '1083', '1085', '1078'], '1079': ['1079'], '1095': ['1095'], '1096': ['1096'], '1136': ['1136'], '1138': ['1138'], '1041': ['1041'], '1126': ['1126'], '1125': ['1125'], '1127': ['1127'], '1128': ['1128'], '1129': ['1129'], '1131': ['1131'], '1032': ['1032', '1052', '1063', '1053', '1049'], '1160': ['1160'], '1051': ['1051', '1055', '1056', '1075', '1076'], '1057': ['1057'], '1060': ['1060'], '1071': ['1071'], '1147': ['1147'], '1148': ['1148', '1158', '1157', '1159', '1156'], '1161': ['1161'], '1066': ['1066'], '1061': ['1061'], '1072': ['1072'], '1162': ['1162'], '1033': ['1033', '1153', '1154', '1155', '1152'], '1101': ['1101'], '1109': ['1109'], '1102': ['1102', '1103', '1104', '1098', '1099'], '1105': ['1105', '1106', '1107', '1058', '1059'], '1113': ['1113'], '1108': ['1108'], '1110': ['1110'], '1114': ['1114'], '1038': ['1038'], '1048': ['1048'], '1050': ['1050'], '1054': ['1054'], '1068': ['1068'], '1039': ['1039', '1097', '1112', '1035', '1111'], '1100': ['1100'], '1034': ['1034'], '1067': ['1067'], '1030': ['1030'], '1046': ['1046'], '1069': ['1069'], '1064': ['1064'], '1065': ['1065'], '1047': ['1047'], '1070': ['1070'], '1031': ['1031'], '1086': ['1086'], '1089': ['1089'], '1043': ['1043', '1121', '1122', '1123', '1045'], '1124': ['1124'], '1036': ['1036'], '1092': ['1092'], '1150': ['1150'], '1093': ['1093'], '1094': ['1094'], '1145': ['1145'], '1151': ['1151'], '1144': ['1144'], '1149': ['1149'], '1037': ['1037'], '1044': ['1044'], '1087': ['1087'], '1088': ['1088', '1142', '1141', '1143', '1140'], '1090': ['1090'], '1091': ['1091'], '1115': ['1115'], '1062': ['1062'], '1077': ['1077'], '1117': ['1117', '1118', '1116', '1119', '1120'], '1146': ['1146'], '1073': ['1073'], '1074': ['1074'], '1135': ['1135'], '1137': ['1137'], '1139': ['1139'], '1132': ['1132'], '1130': ['1130'], '1134': ['1134'], '1133': ['1133']})"
85,"defaultdict(<class 'list'>, {'1040': ['1040', '1080', '1079', '1081', '1078'], '1095': ['1095'], '1082': ['1082'], '1084': ['1084', '1042', '1085', '1086', '1089', '1044', '1087', '1090', '1091'], '1096': ['1096', '1138', '1135', '1137', '1139'], '1136': ['1136'], '1041': ['1041'], '1126': ['1126'], '1125': ['1125'], '1127': ['1127'], '1128': ['1128'], '1129': ['1129'], '1131': ['1131'], '1032': ['1032', '1052', '1063', '1053', '1049'], '1160': ['1160'], '1051': ['1051'], '1055': ['1055'], '1057': ['1057'], '1060': ['1060'], '1071': ['1071'], '1147': ['1147', '1148', '1158', '1157', '1159'], '1161': ['1161'], '1066': ['1066'], '1056': ['1056'], '1061': ['1061'], '1072': ['1072'], '1162': ['1162'], '1033': ['1033'], '1101': ['1101'], '1109': ['1109'], '1153': ['1153'], '1102': ['1102'], '1103': ['1103'], '1105': ['1105', '1106', '1113', '1107', '1114'], '1154': ['1154'], '1155': ['1155'], '1108': ['1108'], '1110': ['1110'], '1104': ['1104'], '1156': ['1156'], '1038': ['1038', '1048', '1068', '1034', '1067'], '1050': ['1050'], '1054': ['1054'], '1039': ['1039'], '1097': ['1097'], '1098': ['1098'], '1099': ['1099'], '1112': ['1112'], '1100': ['1100'], '1035': ['1035'], '1111': ['1111'], '1030': ['1030'], '1046': ['1046'], '1069': ['1069', '1064', '1065', '1070', '1031'], '1058': ['1058'], '1059': ['1059'], '1047': ['1047'], '1083': ['1083'], '1043': ['1043', '1121', '1122', '1123', '1045'], '1124': ['1124'], '1036': ['1036'], '1092': ['1092'], '1150': ['1150'], '1093': ['1093', '1094', '1144', '1149', '1037'], '1145': ['1145'], '1151': ['1151'], '1088': ['1088'], '1142': ['1142'], '1141': ['1141'], '1143': ['1143'], '1115': ['1115'], '1062': ['1062'], '1077': ['1077'], '1117': ['1117', '1118', '1116', '1119', '1120'], '1146': ['1146'], '1152': ['1152'], '1075': ['1075'], '1076': ['1076'], '1073': ['1073'], '1074': ['1074'], '1140': ['1140'], '1132': ['1132'], '1130': ['1130'], '1134': ['1134'], '1133': ['1133']})"
85,"defaultdict(<class 'list'>, {'1040': ['1040', '1080', '1079', '1081', '1078'], '1095': ['1095'], '1082': ['1082'], '1084': ['1084'], '1096': ['1096'], '1136': ['1136'], '1138': ['1138'], '1041': ['1041'], '1126': ['1126', '1125', '1127', '1128', '1124'], '1129': ['1129', '1131', '1120', '1130', '1134'], '1032': ['1032', '1160', '1161', '1162', '1146'], '1052': ['1052', '1053', '1049', '1050', '1054'], '1063': ['1063'], '1051': ['1051'], '1055': ['1055'], '1057': ['1057'], '1060': ['1060'], '1071': ['1071'], '1147': ['1147'], '1148': ['1148'], '1158': ['1158'], '1066': ['1066'], '1056': ['1056'], '1061': ['1061'], '1072': ['1072'], '1157': ['1157'], '1159': ['1159'], '1033': ['1033'], '1101': ['1101'], '1109': ['1109'], '1153': ['1153'], '1102': ['1102'], '1103': ['1103'], '1105': ['1105'], '1106': ['1106'], '1113': ['1113'], '1154': ['1154'], '1155': ['1155'], '1108': ['1108'], '1110': ['1110'], '1104': ['1104'], '1107': ['1107'], '1114': ['1114'], '1156': ['1156'], '1038': ['1038'], '1048': ['1048'], '1068': ['1068'], '1039': ['1039', '1097', '1098', '1099', '1035', '1112', '1111', '1117', '1118'], '1100': ['1100'], '1034': ['1034'], '1067': ['1067'], '1030': ['1030'], '1046': ['1046'], '1069': ['1069'], '1058': ['1058'], '1059': ['1059'], '1064': ['1064'], '1065': ['1065'], '1047': ['1047'], '1070': ['1070'], '1031': ['1031'], '1042': ['1042'], '1083': ['1083'], '1085': ['1085'], '1086': ['1086', '1089', '1044', '1087', '1090'], '1043': ['1043', '1121', '1122', '1123', '1045'], '1036': ['1036'], '1092': ['1092'], '1150': ['1150'], '1093': ['1093', '1094', '1151', '1149', '1037'], '1145': ['1145'], '1144': ['1144'], '1088': ['1088', '1142', '1141', '1143', '1139'], '1091': ['1091'], '1115': ['1115'], '1062': ['1062'], '1077': ['1077', '1075', '1076', '1073', '1074'], '1152': ['1152'], '1116': ['1116'], '1135': ['1135'], '1137': ['1137'], '1140': ['1140'], '1119': ['1119'], '1132': ['1132'], '1133': ['1133']})"
86,"defaultdict(<class 'list'>, {'1040': ['1040', '1080', '1079', '1081', '1078'], '1095': ['1095'], '1082': ['1082', '1084', '1042', '1083', '1085'], '1096': ['1096', '1136', '1135', '1137', '1140'], '1138': ['1138'], '1041': ['1041'], '1126': ['1126'], '1125': ['1125'], '1127': ['1127'], '1128': ['1128', '1129', '1132', '1130', '1134'], '1131': ['1131'], '1032': ['1032', '1052', '1063', '1053', '1049'], '1160': ['1160', '1147', '1161', '1162', '1146'], '1051': ['1051'], '1055': ['1055'], '1057': ['1057'], '1060': ['1060'], '1071': ['1071'], '1148': ['1148'], '1158': ['1158'], '1066': ['1066'], '1056': ['1056'], '1061': ['1061'], '1072': ['1072'], '1157': ['1157'], '1159': ['1159'], '1033': ['1033', '1153', '1154', '1036', '1150', '1151', '1152', '1155'], '1101': ['1101'], '1109': ['1109'], '1102': ['1102'], '1103': ['1103'], '1105': ['1105'], '1106': ['1106'], '1113': ['1113'], '1108': ['1108'], '1110': ['1110', '1039', '1097', '1098', '1099', '1035', '1112', '1111', '1117'], '1104': ['1104'], '1107': ['1107'], '1114': ['1114', '1115', '1118', '1116', '1119'], '1156': ['1156'], '1038': ['1038'], '1048': ['1048'], '1050': ['1050'], '1054': ['1054'], '1068': ['1068', '1077', '1075', '1076', '1074'], '1100': ['1100'], '1034': ['1034'], '1067': ['1067'], '1030': ['1030'], '1046': ['1046'], '1069': ['1069'], '1058': ['1058'], '1059': ['1059'], '1064': ['1064'], '1065': ['1065'], '1047': ['1047'], '1070': ['1070'], '1031': ['1031'], '1086': ['1086'], '1089': ['1089'], '1043': ['1043'], '1121': ['1121'], '1122': ['1122'], '1123': ['1123'], '1124': ['1124'], '1092': ['1092'], '1093': ['1093'], '1094': ['1094'], '1145': ['1145'], '1144': ['1144'], '1149': ['1149'], '1037': ['1037'], '1044': ['1044'], '1087': ['1087'], '1088': ['1088'], '1090': ['1090'], '1142': ['1142'], '1141': ['1141'], '1091': ['1091'], '1143': ['1143'], '1045': ['1045'], '1062': ['1062'], '1073': ['1073'], '1139': ['1139'], '1120': ['1120'], '1133': ['1133']})"
86,"defaultdict(<class 'list'>, {'1040': ['1040', '1080', '1079', '1081', '1078'], '1095': ['1095'], '1082': ['1082', '1084', '1042', '1083', '1085'], '1096': ['1096', '1138', '1135', '1137', '1139'], '1136': ['1136'], '1041': ['1041'], '1126': ['1126'], '1125': ['1125'], '1127': ['1127'], '1128': ['1128', '1131', '1132', '1130', '1133'], '1129': ['1129'], '1032': ['1032', '1160', '1161', '1162'], '1052': ['1052'], '1063': ['1063'], '1051': ['1051'], '1055': ['1055'], '1057': ['1057'], '1060': ['1060'], '1071': ['1071'], '1147': ['1147', '1036', '1092', '1145', '1146'], '1148': ['1148'], '1158': ['1158'], '1053': ['1053'], '1066': ['1066'], '1056': ['1056'], '1061': ['1061'], '1072': ['1072'], '1157': ['1157'], '1159': ['1159'], '1033': ['1033'], '1101': ['1101', '1102', '1103', '1039', '1097', '1098', '1099', '1035', '1100'], '1109': ['1109'], '1153': ['1153'], '1105': ['1105'], '1106': ['1106'], '1113': ['1113'], '1154': ['1154'], '1155': ['1155'], '1108': ['1108'], '1110': ['1110', '1111', '1064', '1065', '1031'], '1104': ['1104'], '1107': ['1107'], '1114': ['1114'], '1156': ['1156'], '1038': ['1038'], '1048': ['1048'], '1049': ['1049'], '1050': ['1050'], '1054': ['1054'], '1068': ['1068'], '1112': ['1112'], '1034': ['1034'], '1067': ['1067'], '1030': ['1030', '1046', '1069', '1047', '1070'], '1058': ['1058'], '1059': ['1059'], '1086': ['1086'], '1089': ['1089'], '1043': ['1043'], '1121': ['1121'], '1122': ['1122'], '1123': ['1123'], '1124': ['1124'], '1150': ['1150'], '1093': ['1093', '1094', '1151', '1149', '1037'], '1144': ['1144'], '1044': ['1044'], '1087': ['1087'], '1088': ['1088'], '1090': ['1090'], '1142': ['1142'], '1141': ['1141'], '1091': ['1091'], '1143': ['1143'], '1045': ['1045'], '1115': ['1115'], '1062': ['1062'], '1077': ['1077'], '1117': ['1117', '1118', '1116', '1119', '1120'], '1152': ['1152'], '1075': ['1075'], '1076': ['1076'], '1073': ['1073'], '1074': ['1074'], '1140': ['1140'], '1134': ['1134']})"
86,"defaultdict(<class 'list'>, {'1040': ['1040'], '1080': ['1080'], '1079': ['1079'], '1081': ['1081'], '1095': ['1095'], '1082': ['1082'], '1084': ['1084'], '1096': ['1096', '1138', '1135', '1137', '1139', '1136', '1140'], '1041': ['1041', '1126', '1125', '1127', '1124'], '1128': ['1128'], '1129': ['1129'], '1131': ['1131'], '1032': ['1032', '1052', '1063', '1053', '1049'], '1160': ['1160'], '1051': ['1051'], '1055': ['1055'], '1057': ['1057', '1060', '1061', '1058', '1059', '1071', '1072', '1062', '1073'], '1147': ['1147'], '1148': ['1148', '1158', '1157', '1159', '1156'], '1161': ['1161'], '1066': ['1066'], '1056': ['1056', '1077', '1075', '1076', '1074'], '1162': ['1162'], '1033': ['1033'], '1101': ['1101'], '1109': ['1109'], '1153': ['1153'], '1102': ['1102'], '1103': ['1103'], '1105': ['1105'], '1106': ['1106'], '1113': ['1113'], '1154': ['1154'], '1155': ['1155'], '1108': ['1108'], '1110': ['1110'], '1104': ['1104'], '1107': ['1107'], '1114': ['1114'], '1038': ['1038'], '1048': ['1048'], '1050': ['1050'], '1054': ['1054'], '1068': ['1068'], '1039': ['1039'], '1097': ['1097'], '1098': ['1098'], '1099': ['1099'], '1112': ['1112'], '1100': ['1100'], '1034': ['1034'], '1067': ['1067'], '1035': ['1035'], '1111': ['1111'], '1030': ['1030'], '1046': ['1046'], '1069': ['1069'], '1064': ['1064'], '1065': ['1065'], '1047': ['1047'], '1070': ['1070'], '1031': ['1031'], '1042': ['1042'], '1083': ['1083'], '1085': ['1085'], '1086': ['1086', '1087', '1088', '1141', '1143', '1142'], '1089': ['1089', '1149', '1044', '1090', '1091'], '1043': ['1043', '1121', '1122', '1123', '1045'], '1036': ['1036'], '1092': ['1092'], '1150': ['1150'], '1093': ['1093'], '1094': ['1094'], '1145': ['1145'], '1151': ['1151'], '1144': ['1144'], '1037': ['1037'], '1115': ['1115', '1118', '1116', '1119', '1120'], '1117': ['1117'], '1146': ['1146'], '1152': ['1152'], '1078': ['1078'], '1132': ['1132'], '1130': ['1130'], '1134': ['1134'], '1133': ['1133']})"
86,"defaultdict(<class 'list'>, {'1040': ['1040'], '1080': ['1080'], '1079': ['1079'], '1081': ['1081'], '1095': ['1095'], '1082': ['1082'], '1084': ['1084'], '1096': ['1096'], '1136': ['1136'], '1138': ['1138'], '1041': ['1041', '1126', '1125', '1127', '1124', '1129', '1122', '1123', '1045', '1043', '1121', '1134'], '1128': ['1128'], '1131': ['1131'], '1032': ['1032'], '1052': ['1052', '1051', '1053', '1049', '1050'], '1063': ['1063'], '1160': ['1160', '1147', '1161', '1145', '1146'], '1055': ['1055'], '1057': ['1057'], '1060': ['1060'], '1071': ['1071'], '1148': ['1148', '1158', '1157', '1159', '1156'], '1066': ['1066'], '1056': ['1056'], '1061': ['1061'], '1072': ['1072'], '1162': ['1162'], '1033': ['1033', '1153', '1154', '1155', '1152'], '1101': ['1101'], '1109': ['1109'], '1102': ['1102'], '1103': ['1103'], '1105': ['1105'], '1106': ['1106'], '1113': ['1113'], '1108': ['1108'], '1110': ['1110'], '1104': ['1104'], '1107': ['1107'], '1114': ['1114'], '1038': ['1038'], '1048': ['1048'], '1054': ['1054'], '1068': ['1068'], '1039': ['1039', '1097', '1098', '1099', '1035'], '1112': ['1112'], '1100': ['1100'], '1034': ['1034'], '1067': ['1067'], '1111': ['1111'], '1030': ['1030', '1046', '1069', '1047', '1070'], '1058': ['1058'], '1059': ['1059'], '1064': ['1064'], '1065': ['1065'], '1031': ['1031'], '1042': ['1042'], '1083': ['1083'], '1085': ['1085'], '1086': ['1086', '1089', '1044', '1087', '1090'], '1036': ['1036'], '1092': ['1092'], '1150': ['1150'], '1093': ['1093'], '1094': ['1094'], '1151': ['1151'], '1144': ['1144'], '1149': ['1149'], '1037': ['1037'], '1088': ['1088', '1142', '1141', '1143', '1139'], '1091': ['1091'], '1115': ['1115'], '1062': ['1062'], '1077': ['1077'], '1117': ['1117', '1118', '1116', '1119', '1120'], '1075': ['1075'], '1076': ['1076'], '1073': ['1073'], '1078': ['1078'], '1074': ['1074'], '1135': ['1135'], '1137': ['1137'], '1140': ['1140'], '1132': ['1132'], '1130': ['1130'], '1133': ['1133']})"
86,"defaultdict(<class 'list'>, {'1040': ['1040', '1080', '1079', '1077', '1076', '1078', '1081', '1082', '1083'], '1095': ['1095'], '1084': ['1084'], '1096': ['1096', '1138', '1135', '1137', '1139'], '1136': ['1136'], '1041': ['1041'], '1126': ['1126'], '1125': ['1125'], '1127': ['1127'], '1128': ['1128', '1131', '1132', '1130', '1133'], '1129': ['1129'], '1032': ['1032', '1160', '1161', '1162', '1146'], '1052': ['1052'], '1063': ['1063'], '1051': ['1051'], '1055': ['1055'], '1057': ['1057'], '1060': ['1060'], '1071': ['1071'], '1147': ['1147'], '1148': ['1148', '1158', '1157', '1159', '1156'], '1053': ['1053'], '1066': ['1066'], '1056': ['1056'], '1061': ['1061'], '1072': ['1072'], '1033': ['1033', '1101', '1109', '1153', '1100', '1154', '1155', '1152'], '1102': ['1102'], '1103': ['1103'], '1105': ['1105'], '1106': ['1106'], '1113': ['1113'], '1108': ['1108'], '1110': ['1110'], '1104': ['1104'], '1107': ['1107'], '1114': ['1114'], '1038': ['1038'], '1048': ['1048'], '1049': ['1049'], '1050': ['1050'], '1054': ['1054'], '1068': ['1068'], '1039': ['1039'], '1097': ['1097'], '1098': ['1098'], '1099': ['1099'], '1112': ['1112'], '1034': ['1034'], '1067': ['1067'], '1035': ['1035'], '1111': ['1111'], '1030': ['1030', '1046', '1069', '1047', '1070'], '1058': ['1058'], '1059': ['1059'], '1064': ['1064'], '1065': ['1065'], '1031': ['1031'], '1042': ['1042'], '1085': ['1085'], '1086': ['1086', '1089', '1044', '1087', '1090'], '1043': ['1043'], '1121': ['1121'], '1122': ['1122'], '1123': ['1123'], '1124': ['1124'], '1036': ['1036'], '1092': ['1092'], '1150': ['1150'], '1093': ['1093', '1094', '1151', '1149', '1037'], '1145': ['1145'], '1144': ['1144'], '1088': ['1088', '1142', '1141', '1143', '1140'], '1091': ['1091'], '1045': ['1045'], '1115': ['1115'], '1062': ['1062'], '1117': ['1117'], '1075': ['1075'], '1118': ['1118'], '1073': ['1073'], '1074': ['1074'], '1116': ['1116'], '1119': ['1119'], '1120': ['1120'], '1134': ['1134']})"
86,"defaultdict(<class 'list'>, {'1040': ['1040'], '1080': ['1080'], '1079': ['1079'], '1081': ['1081'], '1095': ['1095'], '1082': ['1082'], '1084': ['1084', '1042', '1085', '1086', '1089', '1044', '1087', '1090', '1091'], '1096': ['1096'], '1136': ['1136'], '1138': ['1138'], '1041': ['1041'], '1126': ['1126'], '1125': ['1125'], '1127': ['1127'], '1128': ['1128', '1129', '1132', '1130', '1134'], '1131': ['1131'], '1032': ['1032'], '1052': ['1052', '1053', '1049', '1050', '1054'], '1063': ['1063'], '1160': ['1160'], '1051': ['1051'], '1055': ['1055'], '1057': ['1057', '1060', '1061', '1058', '1059'], '1071': ['1071'], '1147': ['1147', '1148', '1158', '1157', '1159', '1156', '1161', '1162'], '1066': ['1066'], '1056': ['1056'], '1072': ['1072'], '1033': ['1033'], '1101': ['1101'], '1109': ['1109'], '1153': ['1153'], '1102': ['1102'], '1103': ['1103'], '1105': ['1105', '1106', '1113', '1107', '1114'], '1154': ['1154'], '1155': ['1155'], '1108': ['1108'], '1110': ['1110', '1111', '1064', '1065', '1031'], '1104': ['1104'], '1038': ['1038', '1048', '1068', '1034', '1067'], '1039': ['1039'], '1097': ['1097'], '1098': ['1098'], '1099': ['1099'], '1112': ['1112'], '1100': ['1100'], '1035': ['1035'], '1030': ['1030', '1046', '1069', '1047', '1070'], '1083': ['1083'], '1043': ['1043'], '1121': ['1121'], '1122': ['1122'], '1123': ['1123'], '1124': ['1124'], '1036': ['1036'], '1092': ['1092'], '1150': ['1150'], '1093': ['1093'], '1094': ['1094'], '1145': ['1145'], '1151': ['1151'], '1144': ['1144'], '1149': ['1149'], '1037': ['1037'], '1088': ['1088'], '1142': ['1142'], '1141': ['1141'], '1143': ['1143'], '1045': ['1045'], '1115': ['1115', '1118', '1116', '1119', '1120'], '1062': ['1062'], '1077': ['1077'], '1117': ['1117'], '1146': ['1146'], '1152': ['1152'], '1075': ['1075'], '1076': ['1076'], '1073': ['1073'], '1078': ['1078'], '1074': ['1074'], '1135': ['1135'], '1137': ['1137'], '1140': ['1140'], '1139': ['1139'], '1133': ['1133']})"
86,"defaultdict(<class 'list'>, {'1040': ['1040'], '1080': ['1080'], '1079': ['1079'], '1081': ['1081'], '1095': ['1095'], '1082': ['1082'], '1084': ['1084', '1042', '1085', '1086', '1087'], '1096': ['1096'], '1136': ['1136'], '1138': ['1138'], '1041': ['1041'], '1126': ['1126'], '1125': ['1125'], '1127': ['1127'], '1128': ['1128', '1131', '1132', '1130', '1133'], '1129': ['1129'], '1032': ['1032'], '1052': ['1052'], '1063': ['1063'], '1160': ['1160'], '1051': ['1051'], '1055': ['1055'], '1057': ['1057'], '1060': ['1060'], '1071': ['1071'], '1147': ['1147'], '1148': ['1148'], '1158': ['1158'], '1161': ['1161'], '1053': ['1053'], '1066': ['1066'], '1056': ['1056'], '1061': ['1061'], '1072': ['1072'], '1157': ['1157'], '1159': ['1159'], '1162': ['1162'], '1033': ['1033', '1101', '1102', '1098', '1099', '1100', '1103', '1108', '1107'], '1109': ['1109'], '1153': ['1153', '1154', '1155', '1156', '1152'], '1105': ['1105'], '1106': ['1106'], '1113': ['1113'], '1110': ['1110'], '1104': ['1104'], '1114': ['1114'], '1038': ['1038'], '1048': ['1048'], '1049': ['1049'], '1050': ['1050'], '1054': ['1054'], '1068': ['1068'], '1039': ['1039', '1097', '1112', '1035', '1111'], '1034': ['1034'], '1067': ['1067'], '1030': ['1030'], '1046': ['1046'], '1069': ['1069'], '1058': ['1058'], '1059': ['1059'], '1064': ['1064'], '1065': ['1065'], '1047': ['1047'], '1070': ['1070'], '1031': ['1031'], '1083': ['1083'], '1089': ['1089', '1149', '1044', '1090', '1091', '1093', '1094', '1037'], '1043': ['1043', '1121', '1122', '1123', '1045'], '1124': ['1124'], '1036': ['1036'], '1092': ['1092'], '1150': ['1150'], '1145': ['1145'], '1151': ['1151'], '1144': ['1144'], '1088': ['1088', '1142', '1141', '1143', '1139'], '1115': ['1115'], '1062': ['1062'], '1077': ['1077', '1075', '1076', '1073', '1074'], '1117': ['1117', '1118', '1116', '1119', '1120'], '1146': ['1146'], '1078': ['1078'], '1135': ['1135'], '1137': ['1137'], '1140': ['1140'], '1134': ['1134']})"
86,"defaultdict(<class 'list'>, {'1040': ['1040'], '1080': ['1080'], '1079': ['1079'], '1081': ['1081'], '1095': ['1095'], '1082': ['1082', '1084', '1042', '1083', '1085'], '1096': ['1096'], '1136': ['1136'], '1138': ['1138'], '1041': ['1041', '1126', '1125', '1127', '1124'], '1128': ['1128'], '1129': ['1129'], '1131': ['1131'], '1032': ['1032'], '1052': ['1052'], '1063': ['1063'], '1160': ['1160'], '1051': ['1051'], '1055': ['1055'], '1057': ['1057'], '1060': ['1060'], '1071': ['1071'], '1147': ['1147'], '1148': ['1148', '1158', '1157', '1159', '1156'], '1161': ['1161'], '1053': ['1053'], '1066': ['1066'], '1056': ['1056'], '1061': ['1061'], '1072': ['1072'], '1162': ['1162'], '1033': ['1033'], '1101': ['1101', '1102', '1098', '1099', '1100', '1103', '1039', '1097', '1035'], '1109': ['1109'], '1153': ['1153', '1154', '1155', '1151', '1152'], '1105': ['1105', '1106', '1107', '1058', '1059'], '1113': ['1113'], '1108': ['1108'], '1110': ['1110'], '1104': ['1104', '1112', '1111', '1117'], '1114': ['1114', '1115', '1118', '1116', '1119'], '1038': ['1038', '1048', '1068', '1034', '1067'], '1049': ['1049'], '1050': ['1050'], '1054': ['1054'], '1030': ['1030', '1046', '1069', '1047', '1070'], '1064': ['1064'], '1065': ['1065'], '1031': ['1031'], '1086': ['1086', '1089', '1044', '1087', '1090'], '1043': ['1043'], '1121': ['1121'], '1122': ['1122'], '1123': ['1123'], '1036': ['1036'], '1092': ['1092'], '1150': ['1150'], '1093': ['1093'], '1094': ['1094'], '1145': ['1145'], '1144': ['1144'], '1149': ['1149'], '1037': ['1037'], '1088': ['1088'], '1142': ['1142'], '1141': ['1141'], '1091': ['1091'], '1143': ['1143'], '1045': ['1045'], '1062': ['1062'], '1077': ['1077'], '1146': ['1146'], '1075': ['1075'], '1076': ['1076'], '1073': ['1073'], '1078': ['1078'], '1074': ['1074'], '1135': ['1135'], '1137': ['1137'], '1140': ['1140'], '1139': ['1139'], '1120': ['1120'], '1132': ['1132'], '1130': ['1130'], '1134': ['1134'], '1133': ['1133']})"
86,"defaultdict(<class 'list'>, {'1040': ['1040'], '1080': ['1080'], '1079': ['1079'], '1081': ['1081'], '1095': ['1095'], '1082': ['1082'], '1084': ['1084'], '1096': ['1096'], '1136': ['1136'], '1138': ['1138'], '1041': ['1041'], '1126': ['1126'], '1125': ['1125'], '1127': ['1127'], '1128': ['1128', '1131', '1132', '1130', '1133', '1129', '1120', '1134'], '1032': ['1032', '1052', '1053', '1038', '1048', '1054', '1034', '1049', '1050'], '1063': ['1063'], '1160': ['1160', '1147', '1161', '1162', '1146'], '1051': ['1051', '1055', '1056', '1046', '1047'], '1057': ['1057'], '1060': ['1060'], '1071': ['1071'], '1148': ['1148', '1158', '1157', '1159', '1156'], '1066': ['1066', '1067', '1064', '1065', '1031'], '1061': ['1061', '1062', '1075', '1073', '1074'], '1072': ['1072'], '1033': ['1033'], '1101': ['1101'], '1109': ['1109'], '1153': ['1153'], '1102': ['1102'], '1103': ['1103'], '1105': ['1105'], '1106': ['1106'], '1113': ['1113'], '1154': ['1154'], '1155': ['1155'], '1108': ['1108'], '1110': ['1110'], '1104': ['1104'], '1107': ['1107'], '1114': ['1114'], '1068': ['1068'], '1039': ['1039', '1097', '1098', '1099', '1035'], '1112': ['1112'], '1100': ['1100'], '1111': ['1111'], '1030': ['1030'], '1069': ['1069'], '1058': ['1058'], '1059': ['1059'], '1070': ['1070'], '1042': ['1042'], '1083': ['1083'], '1085': ['1085'], '1086': ['1086', '1089', '1044', '1087', '1090'], '1043': ['1043', '1121', '1122', '1123', '1045'], '1124': ['1124'], '1036': ['1036'], '1092': ['1092'], '1150': ['1150'], '1093': ['1093'], '1094': ['1094'], '1145': ['1145'], '1151': ['1151'], '1144': ['1144'], '1149': ['1149'], '1037': ['1037'], '1088': ['1088'], '1142': ['1142'], '1141': ['1141'], '1091': ['1091'], '1143': ['1143'], '1115': ['1115'], '1077': ['1077'], '1117': ['1117'], '1152': ['1152'], '1076': ['1076'], '1118': ['1118'], '1078': ['1078'], '1116': ['1116'], '1135': ['1135'], '1137': ['1137'], '1140': ['1140'], '1139': ['1139'], '1119': ['1119']})"
86,"defaultdict(<class 'list'>, {'1040': ['1040', '1080', '1079', '1081', '1078'], '1095': ['1095'], '1082': ['1082', '1084', '1042', '1083', '1085'], '1096': ['1096'], '1136': ['1136'], '1138': ['1138'], '1041': ['1041', '1126', '1125', '1127', '1043', '1121', '1122', '1123', '1045', '1124', '1128', '1132'], '1129': ['1129'], '1131': ['1131'], '1032': ['1032', '1160', '1161', '1162', '1146'], '1052': ['1052', '1051', '1053', '1049', '1050'], '1063': ['1063'], '1055': ['1055'], '1057': ['1057', '1060', '1061', '1105', '1106', '1107', '1058', '1059', '1113'], '1071': ['1071'], '1147': ['1147'], '1148': ['1148'], '1158': ['1158'], '1066': ['1066'], '1056': ['1056'], '1072': ['1072'], '1157': ['1157'], '1159': ['1159'], '1033': ['1033'], '1101': ['1101'], '1109': ['1109'], '1153': ['1153'], '1102': ['1102'], '1103': ['1103'], '1154': ['1154'], '1155': ['1155'], '1108': ['1108'], '1110': ['1110'], '1104': ['1104'], '1114': ['1114'], '1156': ['1156'], '1038': ['1038'], '1048': ['1048'], '1054': ['1054'], '1068': ['1068'], '1039': ['1039', '1097', '1098', '1099', '1035', '1112', '1111', '1117', '1118'], '1100': ['1100'], '1034': ['1034'], '1067': ['1067'], '1030': ['1030'], '1046': ['1046'], '1069': ['1069'], '1064': ['1064'], '1065': ['1065'], '1047': ['1047'], '1070': ['1070'], '1031': ['1031'], '1086': ['1086', '1089', '1044', '1087', '1090'], '1036': ['1036'], '1092': ['1092'], '1150': ['1150'], '1093': ['1093'], '1094': ['1094'], '1145': ['1145'], '1151': ['1151'], '1144': ['1144'], '1149': ['1149'], '1037': ['1037'], '1088': ['1088'], '1142': ['1142'], '1141': ['1141'], '1091': ['1091'], '1143': ['1143'], '1115': ['1115'], '1062': ['1062'], '1077': ['1077'], '1152': ['1152'], '1075': ['1075'], '1076': ['1076'], '1073': ['1073'], '1074': ['1074'], '1116': ['1116'], '1135': ['1135'], '1137': ['1137'], '1140': ['1140'], '1139': ['1139'], '1119': ['1119'], '1120': ['1120'], '1130': ['1130'], '1134': ['1134'], '1133': ['1133']})"
87,"defaultdict(<class 'list'>, {'1040': ['1040', '1080', '1081', '1082', '1084', '1042', '1083', '1085', '1078'], '1079': ['1079', '1038', '1048', '1068', '1034', '1067', '1077', '1076'], '1095': ['1095'], '1096': ['1096', '1136', '1135', '1137', '1140'], '1138': ['1138'], '1041': ['1041'], '1126': ['1126'], '1125': ['1125'], '1127': ['1127'], '1128': ['1128'], '1129': ['1129'], '1131': ['1131'], '1032': ['1032'], '1052': ['1052', '1053', '1049', '1050', '1054'], '1063': ['1063'], '1160': ['1160'], '1051': ['1051'], '1055': ['1055'], '1057': ['1057'], '1060': ['1060'], '1071': ['1071'], '1147': ['1147'], '1148': ['1148', '1158', '1157', '1159', '1156'], '1161': ['1161'], '1066': ['1066'], '1056': ['1056'], '1061': ['1061', '1062', '1075', '1073', '1074'], '1072': ['1072'], '1162': ['1162'], '1033': ['1033'], '1101': ['1101'], '1109': ['1109'], '1153': ['1153'], '1102': ['1102', '1103', '1104', '1117', '1118'], '1105': ['1105'], '1106': ['1106'], '1113': ['1113'], '1154': ['1154'], '1155': ['1155'], '1108': ['1108'], '1110': ['1110'], '1107': ['1107'], '1114': ['1114', '1030', '1046', '1069', '1064', '1065', '1070', '1031', '1047'], '1039': ['1039'], '1097': ['1097'], '1098': ['1098'], '1099': ['1099'], '1112': ['1112'], '1100': ['1100'], '1035': ['1035'], '1111': ['1111'], '1058': ['1058'], '1059': ['1059'], '1086': ['1086'], '1089': ['1089'], '1043': ['1043'], '1121': ['1121'], '1122': ['1122'], '1123': ['1123'], '1124': ['1124'], '1036': ['1036'], '1092': ['1092'], '1150': ['1150'], '1093': ['1093'], '1094': ['1094'], '1145': ['1145'], '1151': ['1151'], '1144': ['1144'], '1149': ['1149'], '1037': ['1037'], '1044': ['1044'], '1087': ['1087'], '1088': ['1088'], '1090': ['1090'], '1142': ['1142'], '1141': ['1141'], '1091': ['1091'], '1143': ['1143'], '1045': ['1045'], '1115': ['1115', '1116', '1119', '1120'], '1146': ['1146'], '1152': ['1152'], '1139': ['1139'], '1132': ['1132'], '1130': ['1130'], '1134': ['1134'], '1133': ['1133']})"
87,"defaultdict(<class 'list'>, {'1040': ['1040', '1080', '1079', '1081', '1078'], '1095': ['1095'], '1082': ['1082', '1084', '1042', '1083', '1085'], '1096': ['1096', '1138', '1135', '1137', '1139'], '1136': ['1136'], '1041': ['1041'], '1126': ['1126', '1125', '1127', '1043', '1121', '1122', '1123', '1045', '1124'], '1128': ['1128'], '1129': ['1129'], '1131': ['1131'], '1032': ['1032'], '1052': ['1052'], '1063': ['1063'], '1160': ['1160'], '1051': ['1051'], '1055': ['1055'], '1057': ['1057', '1060', '1071', '1061', '1105', '1106', '1107', '1058', '1059'], '1147': ['1147'], '1148': ['1148'], '1158': ['1158'], '1161': ['1161'], '1053': ['1053'], '1066': ['1066'], '1056': ['1056', '1077', '1075', '1076', '1074'], '1072': ['1072'], '1157': ['1157'], '1159': ['1159'], '1162': ['1162'], '1033': ['1033'], '1101': ['1101'], '1109': ['1109'], '1153': ['1153'], '1102': ['1102'], '1103': ['1103'], '1113': ['1113', '1114', '1115'], '1154': ['1154'], '1155': ['1155'], '1108': ['1108'], '1110': ['1110'], '1104': ['1104'], '1156': ['1156'], '1038': ['1038'], '1048': ['1048'], '1049': ['1049'], '1050': ['1050'], '1054': ['1054'], '1068': ['1068'], '1039': ['1039', '1097', '1098', '1099', '1035'], '1112': ['1112'], '1100': ['1100'], '1034': ['1034'], '1067': ['1067'], '1111': ['1111'], '1030': ['1030', '1046', '1069', '1047', '1070'], '1064': ['1064'], '1065': ['1065'], '1031': ['1031'], '1086': ['1086'], '1089': ['1089'], '1036': ['1036'], '1092': ['1092'], '1150': ['1150'], '1093': ['1093'], '1094': ['1094'], '1145': ['1145'], '1151': ['1151'], '1144': ['1144'], '1149': ['1149'], '1037': ['1037'], '1044': ['1044'], '1087': ['1087'], '1088': ['1088'], '1090': ['1090'], '1142': ['1142'], '1141': ['1141'], '1091': ['1091'], '1143': ['1143'], '1062': ['1062'], '1117': ['1117', '1118', '1116', '1119', '1120'], '1146': ['1146'], '1152': ['1152'], '1073': ['1073'], '1140': ['1140'], '1132': ['1132'], '1130': ['1130'], '1134': ['1134'], '1133': ['1133']})"
87,"defaultdict(<class 'list'>, {'1040': ['1040'], '1080': ['1080'], '1079': ['1079'], '1081': ['1081'], '1095': ['1095'], '1082': ['1082'], '1084': ['1084'], '1096': ['1096'], '1136': ['1136'], '1138': ['1138'], '1041': ['1041', '1126', '1125', '1127', '1043', '1121', '1122', '1123', '1045', '1124', '1128', '1132'], '1129': ['1129'], '1131': ['1131'], '1032': ['1032'], '1052': ['1052'], '1063': ['1063'], '1160': ['1160'], '1051': ['1051'], '1055': ['1055'], '1057': ['1057'], '1060': ['1060'], '1071': ['1071'], '1147': ['1147', '1148', '1158', '1157', '1159', '1161', '1162', '1155', '1156'], '1053': ['1053'], '1066': ['1066'], '1056': ['1056'], '1061': ['1061'], '1072': ['1072'], '1033': ['1033'], '1101': ['1101'], '1109': ['1109'], '1153': ['1153'], '1102': ['1102'], '1103': ['1103'], '1105': ['1105'], '1106': ['1106'], '1113': ['1113'], '1154': ['1154', '1036', '1092', '1150', '1093', '1094', '1151', '1149', '1037', '1144', '1145', '1152'], '1108': ['1108'], '1110': ['1110'], '1104': ['1104'], '1107': ['1107'], '1114': ['1114'], '1038': ['1038', '1048', '1068', '1034', '1067'], '1049': ['1049'], '1050': ['1050'], '1054': ['1054'], '1039': ['1039', '1097', '1098', '1099', '1035'], '1112': ['1112'], '1100': ['1100'], '1111': ['1111'], '1030': ['1030', '1046', '1069', '1047', '1070'], '1058': ['1058'], '1059': ['1059'], '1064': ['1064'], '1065': ['1065'], '1031': ['1031'], '1042': ['1042'], '1083': ['1083'], '1085': ['1085'], '1086': ['1086', '1089', '1087', '1090', '1091'], '1044': ['1044'], '1088': ['1088'], '1142': ['1142'], '1141': ['1141'], '1143': ['1143'], '1115': ['1115'], '1062': ['1062'], '1077': ['1077'], '1117': ['1117'], '1146': ['1146'], '1075': ['1075'], '1076': ['1076'], '1118': ['1118'], '1073': ['1073'], '1078': ['1078'], '1074': ['1074'], '1116': ['1116'], '1135': ['1135'], '1137': ['1137'], '1140': ['1140'], '1139': ['1139'], '1119': ['1119'], '1120': ['1120'], '1130': ['1130'], '1134': ['1134'], '1133': ['1133']})"
87,"defaultdict(<class 'list'>, {'1040': ['1040', '1080', '1081', '1082', '1078'], '1079': ['1079', '1077', '1075', '1076', '1074'], '1095': ['1095'], '1084': ['1084'], '1096': ['1096', '1138', '1135', '1137', '1139'], '1136': ['1136'], '1041': ['1041'], '1126': ['1126'], '1125': ['1125'], '1127': ['1127'], '1128': ['1128', '1131', '1132', '1130', '1133'], '1129': ['1129'], '1032': ['1032'], '1052': ['1052'], '1063': ['1063'], '1160': ['1160'], '1051': ['1051'], '1055': ['1055'], '1057': ['1057', '1060', '1061', '1105', '1106', '1107', '1058', '1059', '1062'], '1071': ['1071'], '1147': ['1147'], '1148': ['1148', '1158', '1157', '1159'], '1161': ['1161'], '1053': ['1053'], '1066': ['1066'], '1056': ['1056'], '1072': ['1072'], '1162': ['1162'], '1033': ['1033', '1153', '1155', '1156'], '1101': ['1101'], '1109': ['1109'], '1102': ['1102'], '1103': ['1103'], '1113': ['1113'], '1154': ['1154', '1036', '1150', '1151', '1152'], '1108': ['1108'], '1110': ['1110'], '1104': ['1104'], '1114': ['1114'], '1038': ['1038', '1048', '1068', '1034', '1067'], '1049': ['1049'], '1050': ['1050'], '1054': ['1054'], '1039': ['1039', '1097', '1098', '1099', '1035'], '1112': ['1112'], '1100': ['1100'], '1111': ['1111'], '1030': ['1030'], '1046': ['1046'], '1069': ['1069'], '1064': ['1064'], '1065': ['1065'], '1047': ['1047'], '1070': ['1070'], '1031': ['1031'], '1042': ['1042'], '1083': ['1083'], '1085': ['1085'], '1086': ['1086', '1089', '1044', '1087', '1090'], '1043': ['1043'], '1121': ['1121'], '1122': ['1122'], '1123': ['1123'], '1124': ['1124'], '1092': ['1092'], '1093': ['1093'], '1094': ['1094'], '1145': ['1145'], '1144': ['1144'], '1149': ['1149'], '1037': ['1037'], '1088': ['1088'], '1142': ['1142'], '1141': ['1141'], '1091': ['1091'], '1143': ['1143'], '1045': ['1045'], '1115': ['1115'], '1117': ['1117'], '1146': ['1146'], '1118': ['1118'], '1073': ['1073'], '1116': ['1116'], '1140': ['1140'], '1119': ['1119'], '1120': ['1120'], '1134': ['1134']})"
87,"defaultdict(<class 'list'>, {'1040': ['1040'], '1080': ['1080', '1079', '1077', '1076', '1078'], '1081': ['1081'], '1095': ['1095'], '1082': ['1082', '1084', '1042', '1083', '1085'], '1096': ['1096'], '1136': ['1136'], '1138': ['1138'], '1041': ['1041', '1126', '1125', '1127', '1124'], '1128': ['1128'], '1129': ['1129'], '1131': ['1131'], '1032': ['1032', '1160', '1161', '1162', '1146', '1147', '1148', '1158', '1157', '1159', '1155', '1156'], '1052': ['1052'], '1063': ['1063'], '1051': ['1051', '1038', '1048', '1068', '1034', '1067', '1049', '1050'], '1055': ['1055'], '1057': ['1057'], '1060': ['1060'], '1071': ['1071'], '1053': ['1053'], '1066': ['1066', '1110', '1064', '1065', '1031'], '1056': ['1056'], '1061': ['1061', '1062', '1075', '1073', '1074'], '1072': ['1072'], '1033': ['1033'], '1101': ['1101'], '1109': ['1109'], '1153': ['1153'], '1102': ['1102', '1103', '1104', '1098', '1099'], '1105': ['1105'], '1106': ['1106'], '1113': ['1113'], '1154': ['1154'], '1108': ['1108'], '1107': ['1107'], '1114': ['1114', '1115', '1118', '1116', '1119'], '1054': ['1054'], '1039': ['1039'], '1097': ['1097'], '1112': ['1112'], '1100': ['1100'], '1035': ['1035'], '1111': ['1111'], '1030': ['1030'], '1046': ['1046'], '1069': ['1069'], '1058': ['1058'], '1059': ['1059'], '1047': ['1047'], '1070': ['1070'], '1086': ['1086'], '1089': ['1089'], '1043': ['1043'], '1121': ['1121'], '1122': ['1122'], '1123': ['1123'], '1036': ['1036'], '1092': ['1092'], '1150': ['1150'], '1093': ['1093'], '1094': ['1094'], '1145': ['1145'], '1151': ['1151'], '1144': ['1144'], '1149': ['1149'], '1037': ['1037'], '1044': ['1044'], '1087': ['1087'], '1088': ['1088'], '1090': ['1090'], '1142': ['1142'], '1141': ['1141'], '1091': ['1091'], '1143': ['1143'], '1045': ['1045'], '1117': ['1117'], '1152': ['1152'], '1135': ['1135'], '1137': ['1137'], '1140': ['1140'], '1139': ['1139'], '1120': ['1120'], '1132': ['1132'], '1130': ['1130'], '1134': ['1134'], '1133': ['1133']})"
87,"defaultdict(<class 'list'>, {'1040': ['1040', '1080', '1079', '1081', '1078'], '1095': ['1095'], '1082': ['1082'], '1084': ['1084'], '1096': ['1096'], '1136': ['1136'], '1138': ['1138'], '1041': ['1041'], '1126': ['1126'], '1125': ['1125'], '1127': ['1127'], '1128': ['1128', '1131', '1132', '1130', '1133'], '1129': ['1129'], '1032': ['1032', '1160', '1147', '1161', '1145', '1146', '1162'], '1052': ['1052', '1051', '1053', '1049', '1050'], '1063': ['1063'], '1055': ['1055'], '1057': ['1057', '1060', '1061', '1058', '1059'], '1071': ['1071'], '1148': ['1148'], '1158': ['1158'], '1066': ['1066'], '1056': ['1056'], '1072': ['1072'], '1157': ['1157'], '1159': ['1159'], '1033': ['1033'], '1101': ['1101'], '1109': ['1109'], '1153': ['1153'], '1102': ['1102'], '1103': ['1103'], '1105': ['1105'], '1106': ['1106'], '1113': ['1113'], '1154': ['1154', '1036', '1150', '1151', '1152'], '1155': ['1155'], '1108': ['1108'], '1110': ['1110', '1039', '1097', '1098', '1099', '1035', '1112', '1111', '1117'], '1104': ['1104'], '1107': ['1107'], '1114': ['1114'], '1156': ['1156'], '1038': ['1038'], '1048': ['1048'], '1054': ['1054'], '1068': ['1068'], '1100': ['1100'], '1034': ['1034'], '1067': ['1067'], '1030': ['1030', '1046', '1069', '1047', '1070'], '1064': ['1064'], '1065': ['1065'], '1031': ['1031'], '1042': ['1042'], '1083': ['1083'], '1085': ['1085'], '1086': ['1086'], '1089': ['1089', '1092', '1044', '1090', '1091'], '1043': ['1043', '1121', '1122', '1123', '1045'], '1124': ['1124'], '1093': ['1093'], '1094': ['1094'], '1144': ['1144'], '1149': ['1149'], '1037': ['1037'], '1087': ['1087'], '1088': ['1088'], '1142': ['1142'], '1141': ['1141'], '1143': ['1143'], '1115': ['1115'], '1062': ['1062'], '1077': ['1077'], '1075': ['1075'], '1076': ['1076'], '1118': ['1118'], '1073': ['1073'], '1074': ['1074'], '1116': ['1116'], '1135': ['1135'], '1137': ['1137'], '1140': ['1140'], '1139': ['1139'], '1119': ['1119'], '1120': ['1120'], '1134': ['1134']})"
88,"defaultdict(<class 'list'>, {'1040': ['1040'], '1080': ['1080', '1079', '1077', '1076', '1078'], '1081': ['1081'], '1095': ['1095'], '1082': ['1082'], '1084': ['1084'], '1096': ['1096', '1138', '1135', '1137', '1139'], '1136': ['1136'], '1041': ['1041', '1126', '1125', '1127', '1124'], '1128': ['1128', '1131', '1132', '1130', '1133'], '1129': ['1129'], '1032': ['1032', '1160', '1161', '1162', '1146'], '1052': ['1052'], '1063': ['1063'], '1051': ['1051', '1055', '1056', '1049', '1050'], '1057': ['1057'], '1060': ['1060'], '1071': ['1071'], '1147': ['1147'], '1148': ['1148'], '1158': ['1158'], '1053': ['1053'], '1066': ['1066'], '1061': ['1061'], '1072': ['1072'], '1157': ['1157'], '1159': ['1159'], '1033': ['1033', '1101', '1109', '1153', '1100'], '1102': ['1102', '1103', '1104', '1117', '1118'], '1105': ['1105'], '1106': ['1106'], '1113': ['1113'], '1154': ['1154', '1151', '1152'], '1155': ['1155'], '1108': ['1108'], '1110': ['1110'], '1107': ['1107'], '1114': ['1114'], '1156': ['1156'], '1038': ['1038'], '1048': ['1048'], '1054': ['1054'], '1068': ['1068'], '1039': ['1039', '1097', '1112', '1035', '1111'], '1098': ['1098'], '1099': ['1099'], '1034': ['1034'], '1067': ['1067'], '1030': ['1030'], '1046': ['1046'], '1069': ['1069'], '1058': ['1058'], '1059': ['1059'], '1064': ['1064'], '1065': ['1065'], '1047': ['1047'], '1070': ['1070'], '1031': ['1031'], '1042': ['1042'], '1083': ['1083'], '1085': ['1085'], '1086': ['1086', '1089', '1044', '1087', '1090'], '1043': ['1043'], '1121': ['1121'], '1122': ['1122'], '1123': ['1123'], '1036': ['1036'], '1092': ['1092'], '1150': ['1150'], '1093': ['1093'], '1094': ['1094'], '1145': ['1145'], '1144': ['1144'], '1149': ['1149'], '1037': ['1037'], '1088': ['1088', '1142', '1141', '1143'], '1091': ['1091'], '1045': ['1045'], '1115': ['1115'], '1062': ['1062'], '1075': ['1075'], '1073': ['1073'], '1074': ['1074'], '1116': ['1116'], '1140': ['1140'], '1119': ['1119'], '1120': ['1120'], '1134': ['1134']})"
88,"defaultdict(<class 'list'>, {'1040': ['1040'], '1080': ['1080'], '1079': ['1079'], '1081': ['1081'], '1095': ['1095', '1082', '1084', '1083', '1085'], '1096': ['1096', '1138', '1135', '1137', '1139'], '1136': ['1136'], '1041': ['1041'], '1126': ['1126'], '1125': ['1125'], '1127': ['1127'], '1128': ['1128', '1129', '1132', '1130', '1134'], '1131': ['1131'], '1032': ['1032', '1052', '1063', '1053', '1049'], '1160': ['1160', '1147', '1161', '1145', '1146', '1162'], '1051': ['1051'], '1055': ['1055'], '1057': ['1057', '1060', '1061', '1058', '1059'], '1071': ['1071'], '1148': ['1148'], '1158': ['1158'], '1066': ['1066'], '1056': ['1056'], '1072': ['1072'], '1157': ['1157'], '1159': ['1159'], '1033': ['1033'], '1101': ['1101'], '1109': ['1109'], '1153': ['1153'], '1102': ['1102'], '1103': ['1103'], '1105': ['1105', '1106', '1113', '1107', '1114'], '1154': ['1154'], '1155': ['1155'], '1108': ['1108'], '1110': ['1110'], '1104': ['1104'], '1156': ['1156'], '1038': ['1038', '1048', '1068', '1034', '1067'], '1050': ['1050'], '1054': ['1054'], '1039': ['1039', '1097', '1112', '1035', '1111'], '1098': ['1098'], '1099': ['1099'], '1100': ['1100'], '1030': ['1030'], '1046': ['1046'], '1069': ['1069', '1064', '1065', '1070', '1031'], '1047': ['1047'], '1042': ['1042'], '1086': ['1086'], '1089': ['1089'], '1043': ['1043'], '1121': ['1121'], '1122': ['1122'], '1123': ['1123'], '1124': ['1124'], '1036': ['1036'], '1092': ['1092'], '1150': ['1150'], '1093': ['1093', '1094', '1144', '1149', '1037'], '1151': ['1151'], '1044': ['1044'], '1087': ['1087'], '1088': ['1088'], '1090': ['1090'], '1142': ['1142'], '1141': ['1141'], '1091': ['1091'], '1143': ['1143'], '1045': ['1045'], '1115': ['1115'], '1062': ['1062'], '1077': ['1077'], '1117': ['1117'], '1152': ['1152'], '1075': ['1075'], '1076': ['1076'], '1118': ['1118'], '1073': ['1073'], '1078': ['1078'], '1074': ['1074'], '1116': ['1116'], '1140': ['1140'], '1119': ['1119'], '1120': ['1120'], '1133': ['1133']})"
88,"defaultdict(<class 'list'>, {'1040': ['1040', '1080', '1081', '1082', '1078'], '1079': ['1079'], '1095': ['1095'], '1084': ['1084'], '1096': ['1096', '1138', '1135', '1137', '1139'], '1136': ['1136'], '1041': ['1041'], '1126': ['1126'], '1125': ['1125'], '1127': ['1127'], '1128': ['1128', '1131', '1132', '1130', '1133', '1129', '1120', '1134'], '1032': ['1032', '1063', '1071', '1066', '1067'], '1052': ['1052'], '1160': ['1160'], '1051': ['1051'], '1055': ['1055'], '1057': ['1057', '1060', '1061', '1058', '1059'], '1147': ['1147'], '1148': ['1148'], '1158': ['1158'], '1161': ['1161'], '1053': ['1053'], '1056': ['1056'], '1072': ['1072'], '1157': ['1157'], '1159': ['1159'], '1162': ['1162'], '1033': ['1033'], '1101': ['1101'], '1109': ['1109'], '1153': ['1153'], '1102': ['1102'], '1103': ['1103'], '1105': ['1105', '1106', '1113', '1107', '1114'], '1154': ['1154'], '1155': ['1155'], '1108': ['1108'], '1110': ['1110'], '1104': ['1104'], '1156': ['1156'], '1038': ['1038'], '1048': ['1048'], '1049': ['1049'], '1050': ['1050'], '1054': ['1054'], '1068': ['1068'], '1039': ['1039', '1097', '1098', '1099', '1035', '1112', '1111', '1117', '1118'], '1100': ['1100'], '1034': ['1034'], '1030': ['1030'], '1046': ['1046'], '1069': ['1069'], '1064': ['1064'], '1065': ['1065'], '1047': ['1047'], '1070': ['1070'], '1031': ['1031'], '1042': ['1042'], '1083': ['1083'], '1085': ['1085'], '1086': ['1086'], '1089': ['1089'], '1043': ['1043'], '1121': ['1121'], '1122': ['1122'], '1123': ['1123'], '1124': ['1124'], '1036': ['1036', '1092', '1150', '1151', '1149'], '1093': ['1093', '1094', '1144', '1037'], '1145': ['1145'], '1044': ['1044'], '1087': ['1087'], '1088': ['1088', '1142', '1141', '1143'], '1090': ['1090'], '1091': ['1091'], '1045': ['1045'], '1115': ['1115'], '1062': ['1062'], '1077': ['1077'], '1146': ['1146'], '1152': ['1152'], '1075': ['1075'], '1076': ['1076'], '1073': ['1073'], '1074': ['1074'], '1116': ['1116'], '1140': ['1140'], '1119': ['1119']})"
89,"defaultdict(<class 'list'>, {'1040': ['1040'], '1080': ['1080', '1079', '1077', '1076', '1078'], '1081': ['1081', '1082', '1084', '1042', '1083'], '1095': ['1095'], '1096': ['1096'], '1136': ['1136'], '1138': ['1138'], '1041': ['1041'], '1126': ['1126'], '1125': ['1125'], '1127': ['1127'], '1128': ['1128', '1131', '1132', '1130', '1133'], '1129': ['1129'], '1032': ['1032', '1160', '1161', '1162', '1146'], '1052': ['1052'], '1063': ['1063'], '1051': ['1051'], '1055': ['1055'], '1057': ['1057'], '1060': ['1060'], '1071': ['1071'], '1147': ['1147'], '1148': ['1148', '1158', '1157', '1159', '1156', '1153', '1154', '1155', '1152'], '1053': ['1053'], '1066': ['1066', '1038', '1048', '1068', '1067'], '1056': ['1056'], '1061': ['1061'], '1072': ['1072'], '1033': ['1033'], '1101': ['1101'], '1109': ['1109'], '1102': ['1102'], '1103': ['1103'], '1105': ['1105'], '1106': ['1106'], '1113': ['1113'], '1108': ['1108'], '1110': ['1110'], '1104': ['1104'], '1107': ['1107'], '1114': ['1114'], '1049': ['1049'], '1050': ['1050'], '1054': ['1054'], '1039': ['1039'], '1097': ['1097'], '1098': ['1098'], '1099': ['1099'], '1112': ['1112'], '1100': ['1100'], '1034': ['1034'], '1035': ['1035'], '1111': ['1111'], '1030': ['1030'], '1046': ['1046'], '1069': ['1069', '1064', '1065', '1070', '1031'], '1058': ['1058'], '1059': ['1059'], '1047': ['1047'], '1085': ['1085'], '1086': ['1086', '1089', '1044', '1087', '1090'], '1043': ['1043'], '1121': ['1121'], '1122': ['1122'], '1123': ['1123'], '1124': ['1124'], '1036': ['1036', '1092', '1150', '1151', '1149'], '1093': ['1093', '1094', '1144', '1037', '1143'], '1145': ['1145'], '1088': ['1088'], '1142': ['1142'], '1141': ['1141'], '1091': ['1091'], '1045': ['1045'], '1115': ['1115'], '1062': ['1062'], '1117': ['1117'], '1075': ['1075'], '1118': ['1118'], '1073': ['1073'], '1074': ['1074'], '1116': ['1116'], '1135': ['1135'], '1137': ['1137'], '1140': ['1140'], '1139': ['1139'], '1119': ['1119'], '1120': ['1120'], '1134': ['1134']})"
89,"defaultdict(<class 'list'>, {'1040': ['1040', '1080', '1079', '1081', '1078'], '1095': ['1095'], '1082': ['1082', '1084', '1042', '1083', '1085'], '1096': ['1096'], '1136': ['1136'], '1138': ['1138'], '1041': ['1041'], '1126': ['1126'], '1125': ['1125'], '1127': ['1127'], '1128': ['1128', '1131', '1132', '1130', '1133'], '1129': ['1129'], '1032': ['1032', '1160', '1161', '1162', '1146'], '1052': ['1052'], '1063': ['1063'], '1051': ['1051'], '1055': ['1055'], '1057': ['1057'], '1060': ['1060'], '1071': ['1071'], '1147': ['1147'], '1148': ['1148', '1158', '1157', '1159', '1156'], '1053': ['1053'], '1066': ['1066'], '1056': ['1056'], '1061': ['1061'], '1072': ['1072'], '1033': ['1033', '1153', '1154', '1155', '1152'], '1101': ['1101'], '1109': ['1109'], '1102': ['1102', '1103', '1104', '1117', '1118'], '1105': ['1105', '1106', '1107', '1058', '1059'], '1113': ['1113'], '1108': ['1108'], '1110': ['1110'], '1114': ['1114'], '1038': ['1038'], '1048': ['1048'], '1049': ['1049'], '1050': ['1050'], '1054': ['1054'], '1068': ['1068', '1077', '1075', '1076', '1074'], '1039': ['1039', '1097', '1098', '1099', '1035'], '1112': ['1112'], '1100': ['1100'], '1034': ['1034'], '1067': ['1067'], '1111': ['1111'], '1030': ['1030'], '1046': ['1046'], '1069': ['1069'], '1064': ['1064'], '1065': ['1065'], '1047': ['1047'], '1070': ['1070'], '1031': ['1031'], '1086': ['1086'], '1089': ['1089'], '1043': ['1043'], '1121': ['1121'], '1122': ['1122'], '1123': ['1123'], '1124': ['1124'], '1036': ['1036'], '1092': ['1092'], '1150': ['1150'], '1093': ['1093', '1094', '1151', '1149', '1037'], '1145': ['1145'], '1144': ['1144'], '1044': ['1044'], '1087': ['1087'], '1088': ['1088'], '1090': ['1090'], '1142': ['1142'], '1141': ['1141'], '1091': ['1091'], '1143': ['1143'], '1045': ['1045'], '1115': ['1115'], '1062': ['1062'], '1073': ['1073'], '1116': ['1116'], '1135': ['1135'], '1137': ['1137'], '1140': ['1140'], '1139': ['1139'], '1119': ['1119'], '1120': ['1120'], '1134': ['1134']})"
89,"defaultdict(<class 'list'>, {'1040': ['1040', '1080', '1079', '1081', '1078'], '1095': ['1095'], '1082': ['1082'], '1084': ['1084'], '1096': ['1096'], '1136': ['1136'], '1138': ['1138'], '1041': ['1041'], '1126': ['1126', '1125', '1127', '1128', '1124'], '1129': ['1129', '1131', '1120', '1130', '1134'], '1032': ['1032', '1160', '1161', '1162', '1146'], '1052': ['1052', '1053', '1049', '1050', '1054'], '1063': ['1063'], '1051': ['1051'], '1055': ['1055'], '1057': ['1057'], '1060': ['1060'], '1071': ['1071'], '1147': ['1147'], '1148': ['1148'], '1158': ['1158'], '1066': ['1066'], '1056': ['1056'], '1061': ['1061'], '1072': ['1072'], '1157': ['1157'], '1159': ['1159'], '1033': ['1033'], '1101': ['1101'], '1109': ['1109'], '1153': ['1153'], '1102': ['1102'], '1103': ['1103'], '1105': ['1105'], '1106': ['1106'], '1113': ['1113'], '1154': ['1154'], '1155': ['1155'], '1108': ['1108'], '1110': ['1110'], '1104': ['1104'], '1107': ['1107'], '1114': ['1114'], '1156': ['1156'], '1038': ['1038'], '1048': ['1048'], '1068': ['1068'], '1039': ['1039', '1097', '1098', '1099', '1035', '1112', '1111', '1117', '1118'], '1100': ['1100'], '1034': ['1034'], '1067': ['1067'], '1030': ['1030'], '1046': ['1046'], '1069': ['1069'], '1058': ['1058'], '1059': ['1059'], '1064': ['1064'], '1065': ['1065'], '1047': ['1047'], '1070': ['1070'], '1031': ['1031'], '1042': ['1042'], '1083': ['1083'], '1085': ['1085'], '1086': ['1086', '1089', '1044', '1087', '1090'], '1043': ['1043', '1121', '1122', '1123', '1045'], '1036': ['1036'], '1092': ['1092'], '1150': ['1150'], '1093': ['1093', '1094', '1151', '1149', '1037'], '1145': ['1145'], '1144': ['1144'], '1088': ['1088'], '1142': ['1142'], '1141': ['1141'], '1091': ['1091'], '1143': ['1143'], '1115': ['1115'], '1062': ['1062'], '1077': ['1077', '1075', '1076', '1073', '1074'], '1152': ['1152'], '1116': ['1116'], '1135': ['1135'], '1137': ['1137'], '1140': ['1140'], '1139': ['1139'], '1119': ['1119'], '1132': ['1132'], '1133': ['1133']})"
89,"defaultdict(<class 'list'>, {'1040': ['1040', '1080', '1079', '1081', '1078'], '1095': ['1095'], '1082': ['1082', '1084', '1042', '1083', '1085'], '1096': ['1096', '1136', '1135', '1137', '1140'], '1138': ['1138'], '1041': ['1041'], '1126': ['1126'], '1125': ['1125'], '1127': ['1127'], '1128': ['1128', '1129', '1132', '1130', '1134'], '1131': ['1131'], '1032': ['1032', '1052', '1063', '1053', '1049'], '1160': ['1160', '1147', '1161', '1162', '1146'], '1051': ['1051'], '1055': ['1055'], '1057': ['1057'], '1060': ['1060'], '1071': ['1071'], '1148': ['1148'], '1158': ['1158'], '1066': ['1066'], '1056': ['1056'], '1061': ['1061'], '1072': ['1072'], '1157': ['1157'], '1159': ['1159'], '1033': ['1033'], '1101': ['1101'], '1109': ['1109'], '1153': ['1153'], '1102': ['1102'], '1103': ['1103'], '1105': ['1105'], '1106': ['1106'], '1113': ['1113'], '1154': ['1154', '1036', '1150', '1151', '1152'], '1155': ['1155'], '1108': ['1108'], '1110': ['1110', '1039', '1097', '1098', '1099', '1035', '1112', '1111', '1117'], '1104': ['1104'], '1107': ['1107'], '1114': ['1114', '1115', '1118', '1116', '1119'], '1156': ['1156'], '1038': ['1038'], '1048': ['1048'], '1050': ['1050'], '1054': ['1054'], '1068': ['1068', '1077', '1075', '1076', '1074'], '1100': ['1100'], '1034': ['1034'], '1067': ['1067'], '1030': ['1030'], '1046': ['1046'], '1069': ['1069'], '1058': ['1058'], '1059': ['1059'], '1064': ['1064'], '1065': ['1065'], '1047': ['1047'], '1070': ['1070'], '1031': ['1031'], '1086': ['1086'], '1089': ['1089'], '1043': ['1043'], '1121': ['1121'], '1122': ['1122'], '1123': ['1123'], '1124': ['1124'], '1092': ['1092'], '1093': ['1093'], '1094': ['1094'], '1145': ['1145'], '1144': ['1144'], '1149': ['1149'], '1037': ['1037'], '1044': ['1044'], '1087': ['1087'], '1088': ['1088'], '1090': ['1090'], '1142': ['1142'], '1141': ['1141'], '1091': ['1091'], '1143': ['1143'], '1045': ['1045'], '1062': ['1062'], '1073': ['1073'], '1139': ['1139'], '1120': ['1120'], '1133': ['1133']})"
89,"defaultdict(<class 'list'>, {'1040': ['1040'], '1080': ['1080'], '1079': ['1079'], '1081': ['1081'], '1095': ['1095'], '1082': ['1082'], '1084': ['1084'], '1096': ['1096'], '1136': ['1136'], '1138': ['1138'], '1041': ['1041'], '1126': ['1126'], '1125': ['1125'], '1127': ['1127'], '1128': ['1128'], '1129': ['1129'], '1131': ['1131'], '1032': ['1032', '1160', '1161', '1162', '1146'], '1052': ['1052'], '1063': ['1063'], '1051': ['1051'], '1055': ['1055'], '1057': ['1057'], '1060': ['1060'], '1071': ['1071'], '1147': ['1147'], '1148': ['1148'], '1158': ['1158'], '1053': ['1053'], '1066': ['1066'], '1056': ['1056'], '1061': ['1061'], '1072': ['1072'], '1157': ['1157'], '1159': ['1159'], '1033': ['1033', '1153', '1154', '1155', '1152'], '1101': ['1101', '1102', '1098', '1099', '1100'], '1109': ['1109'], '1103': ['1103'], '1105': ['1105'], '1106': ['1106'], '1113': ['1113'], '1108': ['1108'], '1110': ['1110'], '1104': ['1104'], '1107': ['1107'], '1114': ['1114'], '1156': ['1156'], '1038': ['1038', '1048', '1068', '1034', '1067'], '1049': ['1049'], '1050': ['1050'], '1054': ['1054'], '1039': ['1039', '1097', '1112', '1035', '1111'], '1030': ['1030'], '1046': ['1046'], '1069': ['1069', '1064', '1065', '1070', '1031'], '1058': ['1058'], '1059': ['1059'], '1047': ['1047'], '1042': ['1042'], '1083': ['1083'], '1085': ['1085'], '1086': ['1086'], '1089': ['1089'], '1043': ['1043', '1121', '1122', '1123', '1045'], '1124': ['1124'], '1036': ['1036', '1092', '1150', '1093', '1094', '1151', '1149', '1037', '1144'], '1145': ['1145'], '1044': ['1044'], '1087': ['1087'], '1088': ['1088', '1142', '1141', '1143', '1140'], '1090': ['1090'], '1091': ['1091'], '1115': ['1115'], '1062': ['1062'], '1077': ['1077'], '1117': ['1117', '1118', '1116', '1119', '1120'], '1075': ['1075'], '1076': ['1076'], '1073': ['1073'], '1078': ['1078'], '1074': ['1074'], '1135': ['1135'], '1137': ['1137'], '1139': ['1139'], '1132': ['1132'], '1130': ['1130'], '1134': ['1134'], '1133': ['1133']})"
89,"defaultdict(<class 'list'>, {'1040': ['1040'], '1080': ['1080'], '1079': ['1079', '1077', '1075', '1076', '1074'], '1081': ['1081'], '1095': ['1095'], '1082': ['1082', '1084', '1042', '1083', '1085'], '1096': ['1096', '1138', '1135', '1137', '1139'], '1136': ['1136'], '1041': ['1041'], '1126': ['1126'], '1125': ['1125'], '1127': ['1127'], '1128': ['1128'], '1129': ['1129'], '1131': ['1131'], '1032': ['1032'], '1052': ['1052'], '1063': ['1063'], '1160': ['1160'], '1051': ['1051', '1055', '1056', '1049', '1050'], '1057': ['1057', '1060', '1061', '1105', '1106', '1107', '1058', '1059', '1062'], '1071': ['1071'], '1147': ['1147'], '1148': ['1148', '1158', '1157', '1159', '1156'], '1161': ['1161'], '1053': ['1053'], '1066': ['1066'], '1072': ['1072'], '1162': ['1162'], '1033': ['1033', '1153', '1154', '1155', '1152'], '1101': ['1101'], '1109': ['1109'], '1102': ['1102'], '1103': ['1103'], '1113': ['1113'], '1108': ['1108'], '1110': ['1110'], '1104': ['1104'], '1114': ['1114'], '1038': ['1038', '1048', '1068', '1034', '1067'], '1054': ['1054'], '1039': ['1039'], '1097': ['1097'], '1098': ['1098'], '1099': ['1099'], '1112': ['1112'], '1100': ['1100'], '1035': ['1035'], '1111': ['1111'], '1030': ['1030'], '1046': ['1046'], '1069': ['1069'], '1064': ['1064'], '1065': ['1065'], '1047': ['1047'], '1070': ['1070'], '1031': ['1031'], '1086': ['1086', '1087', '1088', '1141', '1143'], '1089': ['1089'], '1043': ['1043', '1121', '1122', '1123', '1045'], '1124': ['1124'], '1036': ['1036'], '1092': ['1092'], '1150': ['1150'], '1093': ['1093'], '1094': ['1094'], '1145': ['1145'], '1151': ['1151'], '1144': ['1144'], '1149': ['1149'], '1037': ['1037'], '1044': ['1044'], '1090': ['1090'], '1142': ['1142'], '1091': ['1091'], '1115': ['1115'], '1117': ['1117'], '1146': ['1146'], '1118': ['1118'], '1073': ['1073'], '1078': ['1078'], '1116': ['1116'], '1140': ['1140'], '1119': ['1119'], '1120': ['1120'], '1132': ['1132'], '1130': ['1130'], '1134': ['1134'], '1133': ['1133']})"
89,"defaultdict(<class 'list'>, {'1040': ['1040', '1080', '1081', '1082', '1078', '1079', '1095', '1096', '1083'], '1084': ['1084'], '1136': ['1136'], '1138': ['1138'], '1041': ['1041', '1126', '1125', '1127', '1124'], '1128': ['1128'], '1129': ['1129'], '1131': ['1131'], '1032': ['1032'], '1052': ['1052', '1053', '1049', '1050', '1054'], '1063': ['1063'], '1160': ['1160'], '1051': ['1051'], '1055': ['1055'], '1057': ['1057', '1060', '1071', '1061', '1072'], '1147': ['1147'], '1148': ['1148'], '1158': ['1158'], '1161': ['1161'], '1066': ['1066'], '1056': ['1056', '1077', '1075', '1076', '1074'], '1157': ['1157'], '1159': ['1159'], '1162': ['1162'], '1033': ['1033'], '1101': ['1101'], '1109': ['1109'], '1153': ['1153', '1154', '1155', '1156', '1152'], '1102': ['1102'], '1103': ['1103'], '1105': ['1105', '1106', '1107', '1058', '1059'], '1113': ['1113'], '1108': ['1108'], '1110': ['1110'], '1104': ['1104'], '1114': ['1114', '1115', '1118', '1116', '1119'], '1038': ['1038', '1048', '1068', '1034', '1067'], '1039': ['1039'], '1097': ['1097'], '1098': ['1098'], '1099': ['1099'], '1112': ['1112'], '1100': ['1100'], '1035': ['1035'], '1111': ['1111'], '1030': ['1030'], '1046': ['1046'], '1069': ['1069'], '1064': ['1064'], '1065': ['1065'], '1047': ['1047'], '1070': ['1070'], '1031': ['1031'], '1042': ['1042'], '1085': ['1085'], '1086': ['1086', '1089', '1044', '1087', '1090'], '1043': ['1043'], '1121': ['1121'], '1122': ['1122'], '1123': ['1123'], '1036': ['1036'], '1092': ['1092'], '1150': ['1150'], '1093': ['1093'], '1094': ['1094'], '1145': ['1145'], '1151': ['1151'], '1144': ['1144'], '1149': ['1149'], '1037': ['1037'], '1088': ['1088'], '1142': ['1142'], '1141': ['1141'], '1091': ['1091'], '1143': ['1143'], '1045': ['1045'], '1062': ['1062'], '1117': ['1117'], '1146': ['1146'], '1073': ['1073'], '1135': ['1135'], '1137': ['1137'], '1140': ['1140'], '1139': ['1139'], '1120': ['1120'], '1132': ['1132'], '1130': ['1130'], '1134': ['1134'], '1133': ['1133']})"
89,"defaultdict(<class 'list'>, {'1040': ['1040', '1080', '1079', '1081', '1078'], '1095': ['1095'], '1082': ['1082'], '1084': ['1084', '1042', '1085', '1086', '1087'], '1096': ['1096'], '1136': ['1136'], '1138': ['1138'], '1041': ['1041'], '1126': ['1126'], '1125': ['1125'], '1127': ['1127'], '1128': ['1128'], '1129': ['1129'], '1131': ['1131'], '1032': ['1032', '1052', '1063', '1053', '1049'], '1160': ['1160'], '1051': ['1051', '1038', '1048', '1050', '1034'], '1055': ['1055'], '1057': ['1057', '1060', '1071', '1061', '1072'], '1147': ['1147'], '1148': ['1148', '1158', '1157', '1159', '1156', '1153', '1154', '1155', '1152'], '1161': ['1161'], '1066': ['1066'], '1056': ['1056'], '1162': ['1162'], '1033': ['1033', '1109', '1113', '1110', '1111'], '1101': ['1101'], '1102': ['1102'], '1103': ['1103'], '1105': ['1105'], '1106': ['1106'], '1108': ['1108'], '1104': ['1104'], '1107': ['1107'], '1114': ['1114'], '1054': ['1054'], '1068': ['1068'], '1039': ['1039', '1097', '1098', '1099', '1035'], '1112': ['1112'], '1100': ['1100'], '1067': ['1067'], '1030': ['1030'], '1046': ['1046'], '1069': ['1069'], '1058': ['1058'], '1059': ['1059'], '1064': ['1064'], '1065': ['1065'], '1047': ['1047'], '1070': ['1070'], '1031': ['1031'], '1083': ['1083'], '1089': ['1089'], '1043': ['1043'], '1121': ['1121'], '1122': ['1122'], '1123': ['1123'], '1124': ['1124'], '1036': ['1036'], '1092': ['1092'], '1150': ['1150'], '1093': ['1093'], '1094': ['1094'], '1145': ['1145'], '1151': ['1151'], '1144': ['1144'], '1149': ['1149'], '1037': ['1037'], '1044': ['1044'], '1088': ['1088', '1142', '1141', '1143', '1140'], '1090': ['1090'], '1091': ['1091'], '1045': ['1045'], '1115': ['1115'], '1062': ['1062'], '1077': ['1077', '1075', '1076', '1073', '1074'], '1117': ['1117'], '1146': ['1146'], '1118': ['1118'], '1116': ['1116'], '1135': ['1135'], '1137': ['1137'], '1139': ['1139'], '1119': ['1119'], '1120': ['1120'], '1132': ['1132'], '1130': ['1130'], '1134': ['1134'], '1133': ['1133']})"
89,"defaultdict(<class 'list'>, {'1040': ['1040'], '1080': ['1080'], '1079': ['1079'], '1081': ['1081'], '1095': ['1095'], '1082': ['1082', '1084', '1042', '1083', '1085'], '1096': ['1096'], '1136': ['1136'], '1138': ['1138'], '1041': ['1041'], '1126': ['1126'], '1125': ['1125'], '1127': ['1127'], '1128': ['1128', '1131', '1132', '1130', '1133'], '1129': ['1129'], '1032': ['1032'], '1052': ['1052'], '1063': ['1063'], '1160': ['1160'], '1051': ['1051'], '1055': ['1055'], '1057': ['1057'], '1060': ['1060'], '1071': ['1071'], '1147': ['1147'], '1148': ['1148', '1158', '1157', '1159', '1156'], '1161': ['1161'], '1053': ['1053'], '1066': ['1066'], '1056': ['1056'], '1061': ['1061'], '1072': ['1072'], '1162': ['1162'], '1033': ['1033', '1153', '1154', '1155', '1152'], '1101': ['1101'], '1109': ['1109'], '1102': ['1102'], '1103': ['1103'], '1105': ['1105', '1106', '1107', '1058', '1059'], '1113': ['1113'], '1108': ['1108'], '1110': ['1110'], '1104': ['1104'], '1114': ['1114'], '1038': ['1038', '1048', '1068', '1034', '1067'], '1049': ['1049'], '1050': ['1050'], '1054': ['1054'], '1039': ['1039', '1097', '1098', '1099', '1035'], '1112': ['1112'], '1100': ['1100'], '1111': ['1111'], '1030': ['1030'], '1046': ['1046'], '1069': ['1069', '1064', '1065', '1070', '1031'], '1047': ['1047'], '1086': ['1086', '1089', '1044', '1087', '1090'], '1043': ['1043', '1121', '1122', '1123', '1045'], '1124': ['1124'], '1036': ['1036', '1092', '1150', '1151', '1149'], '1093': ['1093'], '1094': ['1094'], '1145': ['1145'], '1144': ['1144'], '1037': ['1037'], '1088': ['1088'], '1142': ['1142'], '1141': ['1141'], '1091': ['1091'], '1143': ['1143'], '1115': ['1115'], '1062': ['1062'], '1077': ['1077'], '1117': ['1117'], '1146': ['1146'], '1075': ['1075'], '1076': ['1076'], '1118': ['1118'], '1073': ['1073'], '1078': ['1078'], '1074': ['1074'], '1116': ['1116'], '1135': ['1135'], '1137': ['1137'], '1140': ['1140'], '1139': ['1139'], '1119': ['1119'], '1120': ['1120'], '1134': ['1134']})"
89,"defaultdict(<class 'list'>, {'1040': ['1040'], '1080': ['1080'], '1079': ['1079', '1077', '1075', '1076', '1074'], '1081': ['1081'], '1095': ['1095'], '1082': ['1082'], '1084': ['1084', '1042', '1085', '1086', '1087'], '1096': ['1096'], '1136': ['1136'], '1138': ['1138'], '1041': ['1041', '1126', '1125', '1127', '1124'], '1128': ['1128', '1131', '1132', '1130', '1133'], '1129': ['1129'], '1032': ['1032', '1160', '1161', '1162', '1146'], '1052': ['1052'], '1063': ['1063'], '1051': ['1051'], '1055': ['1055'], '1057': ['1057'], '1060': ['1060'], '1071': ['1071'], '1147': ['1147'], '1148': ['1148'], '1158': ['1158'], '1053': ['1053'], '1066': ['1066'], '1056': ['1056'], '1061': ['1061'], '1072': ['1072'], '1157': ['1157'], '1159': ['1159'], '1033': ['1033'], '1101': ['1101', '1102', '1098', '1099', '1100'], '1109': ['1109'], '1153': ['1153'], '1103': ['1103'], '1105': ['1105'], '1106': ['1106'], '1113': ['1113'], '1154': ['1154'], '1155': ['1155'], '1108': ['1108'], '1110': ['1110', '1111', '1064', '1065', '1031'], '1104': ['1104'], '1107': ['1107'], '1114': ['1114'], '1156': ['1156'], '1038': ['1038', '1048', '1068', '1034', '1067'], '1049': ['1049'], '1050': ['1050'], '1054': ['1054'], '1039': ['1039', '1097', '1112', '1035', '1117'], '1030': ['1030'], '1046': ['1046'], '1069': ['1069'], '1058': ['1058'], '1059': ['1059'], '1047': ['1047'], '1070': ['1070'], '1083': ['1083'], '1089': ['1089'], '1043': ['1043'], '1121': ['1121'], '1122': ['1122'], '1123': ['1123'], '1036': ['1036'], '1092': ['1092'], '1150': ['1150'], '1093': ['1093', '1094', '1151', '1149', '1037'], '1145': ['1145'], '1144': ['1144'], '1044': ['1044'], '1088': ['1088'], '1090': ['1090'], '1142': ['1142'], '1141': ['1141'], '1091': ['1091'], '1143': ['1143'], '1045': ['1045'], '1115': ['1115', '1118', '1116', '1119', '1120'], '1062': ['1062'], '1152': ['1152'], '1073': ['1073'], '1078': ['1078'], '1135': ['1135'], '1137': ['1137'], '1140': ['1140'], '1139': ['1139'], '1134': ['1134']})"
89,"defaultdict(<class 'list'>, {'1040': ['1040'], '1080': ['1080'], '1079': ['1079'], '1081': ['1081'], '1095': ['1095'], '1082': ['1082'], '1084': ['1084'], '1096': ['1096'], '1136': ['1136'], '1138': ['1138'], '1041': ['1041'], '1126': ['1126'], '1125': ['1125'], '1127': ['1127'], '1128': ['1128'], '1129': ['1129'], '1131': ['1131'], '1032': ['1032', '1160', '1161', '1162', '1146'], '1052': ['1052', '1051', '1053', '1049', '1050'], '1063': ['1063'], '1055': ['1055'], '1057': ['1057'], '1060': ['1060'], '1071': ['1071'], '1147': ['1147'], '1148': ['1148', '1158', '1157', '1159', '1153', '1154', '1155', '1156', '1152'], '1066': ['1066'], '1056': ['1056'], '1061': ['1061'], '1072': ['1072', '1075', '1076', '1073', '1074'], '1033': ['1033'], '1101': ['1101'], '1109': ['1109'], '1102': ['1102'], '1103': ['1103'], '1105': ['1105'], '1106': ['1106'], '1113': ['1113'], '1108': ['1108'], '1110': ['1110'], '1104': ['1104'], '1107': ['1107'], '1114': ['1114'], '1038': ['1038', '1048', '1068', '1034', '1067'], '1054': ['1054'], '1039': ['1039', '1097', '1112', '1035', '1111', '1098', '1099', '1117', '1118'], '1100': ['1100'], '1030': ['1030'], '1046': ['1046'], '1069': ['1069'], '1058': ['1058'], '1059': ['1059'], '1064': ['1064'], '1065': ['1065'], '1047': ['1047'], '1070': ['1070'], '1031': ['1031'], '1042': ['1042'], '1083': ['1083'], '1085': ['1085'], '1086': ['1086', '1089', '1044', '1087', '1090'], '1043': ['1043'], '1121': ['1121'], '1122': ['1122'], '1123': ['1123'], '1124': ['1124'], '1036': ['1036'], '1092': ['1092'], '1150': ['1150'], '1093': ['1093', '1094', '1151', '1149', '1037'], '1145': ['1145'], '1144': ['1144'], '1088': ['1088', '1142', '1141', '1143', '1139'], '1091': ['1091'], '1045': ['1045'], '1115': ['1115'], '1062': ['1062'], '1077': ['1077'], '1078': ['1078'], '1116': ['1116'], '1135': ['1135'], '1137': ['1137'], '1140': ['1140'], '1119': ['1119'], '1120': ['1120'], '1132': ['1132'], '1130': ['1130'], '1134': ['1134'], '1133': ['1133']})"
89,"defaultdict(<class 'list'>, {'1040': ['1040'], '1080': ['1080'], '1079': ['1079', '1077', '1075', '1076', '1074'], '1081': ['1081'], '1095': ['1095'], '1082': ['1082'], '1084': ['1084'], '1096': ['1096'], '1136': ['1136'], '1138': ['1138'], '1041': ['1041'], '1126': ['1126'], '1125': ['1125'], '1127': ['1127'], '1128': ['1128'], '1129': ['1129'], '1131': ['1131'], '1032': ['1032', '1052', '1063', '1053', '1049'], '1160': ['1160', '1147', '1161', '1145', '1146'], '1051': ['1051'], '1055': ['1055'], '1057': ['1057'], '1060': ['1060'], '1071': ['1071'], '1148': ['1148', '1158', '1157', '1159', '1156'], '1066': ['1066'], '1056': ['1056'], '1061': ['1061'], '1072': ['1072'], '1162': ['1162'], '1033': ['1033', '1101', '1109', '1153', '1100'], '1102': ['1102'], '1103': ['1103'], '1105': ['1105', '1106', '1107', '1058', '1059'], '1113': ['1113'], '1154': ['1154'], '1155': ['1155'], '1108': ['1108'], '1110': ['1110'], '1104': ['1104'], '1114': ['1114'], '1038': ['1038'], '1048': ['1048'], '1050': ['1050'], '1054': ['1054'], '1068': ['1068'], '1039': ['1039', '1097', '1098', '1099', '1035', '1112', '1111', '1117', '1118'], '1034': ['1034'], '1067': ['1067'], '1030': ['1030'], '1046': ['1046'], '1069': ['1069', '1064', '1065', '1070', '1031'], '1047': ['1047'], '1042': ['1042'], '1083': ['1083'], '1085': ['1085'], '1086': ['1086', '1089', '1044', '1087', '1090'], '1043': ['1043'], '1121': ['1121'], '1122': ['1122'], '1123': ['1123'], '1124': ['1124'], '1036': ['1036'], '1092': ['1092'], '1150': ['1150'], '1093': ['1093', '1094', '1151', '1149', '1037'], '1144': ['1144'], '1088': ['1088'], '1142': ['1142'], '1141': ['1141'], '1091': ['1091'], '1143': ['1143'], '1045': ['1045'], '1115': ['1115'], '1062': ['1062'], '1152': ['1152'], '1073': ['1073'], '1078': ['1078'], '1116': ['1116'], '1135': ['1135'], '1137': ['1137'], '1140': ['1140'], '1139': ['1139'], '1119': ['1119'], '1120': ['1120'], '1132': ['1132'], '1130': ['1130'], '1134': ['1134'], '1133': ['1133']})"
89,"defaultdict(<class 'list'>, {'1040': ['1040'], '1080': ['1080'], '1079': ['1079'], '1081': ['1081'], '1095': ['1095'], '1082': ['1082', '1084', '1042', '1083', '1085'], '1096': ['1096'], '1136': ['1136'], '1138': ['1138'], '1041': ['1041'], '1126': ['1126'], '1125': ['1125'], '1127': ['1127'], '1128': ['1128'], '1129': ['1129'], '1131': ['1131'], '1032': ['1032', '1052', '1063', '1053', '1049'], '1160': ['1160'], '1051': ['1051', '1055', '1056', '1075', '1076'], '1057': ['1057'], '1060': ['1060'], '1071': ['1071'], '1147': ['1147'], '1148': ['1148', '1158', '1157', '1159', '1156'], '1161': ['1161'], '1066': ['1066'], '1061': ['1061'], '1072': ['1072'], '1162': ['1162'], '1033': ['1033', '1153', '1154', '1155', '1152'], '1101': ['1101'], '1109': ['1109'], '1102': ['1102', '1103', '1104', '1098', '1099'], '1105': ['1105', '1106', '1107', '1058', '1059'], '1113': ['1113'], '1108': ['1108'], '1110': ['1110'], '1114': ['1114'], '1038': ['1038'], '1048': ['1048'], '1050': ['1050'], '1054': ['1054'], '1068': ['1068'], '1039': ['1039', '1097', '1112', '1035', '1111'], '1100': ['1100'], '1034': ['1034'], '1067': ['1067'], '1030': ['1030'], '1046': ['1046'], '1069': ['1069'], '1064': ['1064'], '1065': ['1065'], '1047': ['1047'], '1070': ['1070'], '1031': ['1031'], '1086': ['1086'], '1089': ['1089'], '1043': ['1043', '1121', '1122', '1123', '1045'], '1124': ['1124'], '1036': ['1036'], '1092': ['1092'], '1150': ['1150'], '1093': ['1093'], '1094': ['1094'], '1145': ['1145'], '1151': ['1151'], '1144': ['1144'], '1149': ['1149'], '1037': ['1037'], '1044': ['1044'], '1087': ['1087'], '1088': ['1088', '1142', '1141', '1143', '1140'], '1090': ['1090'], '1091': ['1091'], '1115': ['1115'], '1062': ['1062'], '1077': ['1077'], '1117': ['1117', '1118', '1116', '1119', '1120'], '1146': ['1146'], '1073': ['1073'], '1078': ['1078'], '1074': ['1074'], '1135': ['1135'], '1137': ['1137'], '1139': ['1139'], '1132': ['1132'], '1130': ['1130'], '1134': ['1134'], '1133': ['1133']})"
89,"defaultdict(<class 'list'>, {'1040': ['1040', '1080', '1081', '1082', '1078'], '1079': ['1079'], '1095': ['1095'], '1084': ['1084'], '1096': ['1096'], '1136': ['1136'], '1138': ['1138'], '1041': ['1041'], '1126': ['1126'], '1125': ['1125'], '1127': ['1127'], '1128': ['1128'], '1129': ['1129'], '1131': ['1131'], '1032': ['1032', '1160', '1161', '1162', '1146'], '1052': ['1052', '1051', '1053', '1049', '1050'], '1063': ['1063'], '1055': ['1055', '1056', '1075', '1076', '1074'], '1057': ['1057'], '1060': ['1060'], '1071': ['1071'], '1147': ['1147'], '1148': ['1148'], '1158': ['1158'], '1066': ['1066'], '1061': ['1061'], '1072': ['1072'], '1157': ['1157'], '1159': ['1159'], '1033': ['1033'], '1101': ['1101', '1102', '1098', '1099', '1100'], '1109': ['1109'], '1153': ['1153', '1154', '1155', '1156', '1152'], '1103': ['1103'], '1105': ['1105'], '1106': ['1106'], '1113': ['1113'], '1108': ['1108'], '1110': ['1110'], '1104': ['1104'], '1107': ['1107'], '1114': ['1114'], '1038': ['1038', '1048', '1068', '1034', '1067'], '1054': ['1054'], '1039': ['1039'], '1097': ['1097'], '1112': ['1112'], '1035': ['1035'], '1111': ['1111'], '1030': ['1030', '1046', '1069', '1047', '1070'], '1058': ['1058'], '1059': ['1059'], '1064': ['1064'], '1065': ['1065'], '1031': ['1031'], '1042': ['1042'], '1083': ['1083'], '1085': ['1085'], '1086': ['1086'], '1089': ['1089'], '1043': ['1043', '1121', '1122', '1123', '1045'], '1124': ['1124'], '1036': ['1036'], '1092': ['1092'], '1150': ['1150'], '1093': ['1093'], '1094': ['1094'], '1145': ['1145'], '1151': ['1151'], '1144': ['1144'], '1149': ['1149'], '1037': ['1037'], '1044': ['1044'], '1087': ['1087'], '1088': ['1088', '1142', '1141', '1143', '1140'], '1090': ['1090'], '1091': ['1091'], '1115': ['1115'], '1062': ['1062'], '1077': ['1077'], '1117': ['1117', '1118', '1116', '1119', '1120'], '1073': ['1073'], '1135': ['1135'], '1137': ['1137'], '1139': ['1139'], '1132': ['1132'], '1130': ['1130'], '1134': ['1134'], '1133': ['1133']})"
89,"defaultdict(<class 'list'>, {'1040': ['1040', '1080', '1079', '1081', '1078'], '1095': ['1095'], '1082': ['1082'], '1084': ['1084', '1042', '1085', '1086', '1089', '1044', '1087', '1090', '1091'], '1096': ['1096', '1138', '1135', '1137', '1139'], '1136': ['1136'], '1041': ['1041'], '1126': ['1126'], '1125': ['1125'], '1127': ['1127'], '1128': ['1128'], '1129': ['1129'], '1131': ['1131'], '1032': ['1032', '1052', '1063', '1053', '1049'], '1160': ['1160'], '1051': ['1051'], '1055': ['1055'], '1057': ['1057'], '1060': ['1060'], '1071': ['1071'], '1147': ['1147', '1148', '1158', '1157', '1159'], '1161': ['1161'], '1066': ['1066'], '1056': ['1056'], '1061': ['1061'], '1072': ['1072'], '1162': ['1162'], '1033': ['1033'], '1101': ['1101'], '1109': ['1109'], '1153': ['1153'], '1102': ['1102'], '1103': ['1103'], '1105': ['1105', '1106', '1113', '1107', '1114'], '1154': ['1154'], '1155': ['1155'], '1108': ['1108'], '1110': ['1110'], '1104': ['1104'], '1156': ['1156'], '1038': ['1038', '1048', '1068', '1034', '1067'], '1050': ['1050'], '1054': ['1054'], '1039': ['1039'], '1097': ['1097'], '1098': ['1098'], '1099': ['1099'], '1112': ['1112'], '1100': ['1100'], '1035': ['1035'], '1111': ['1111'], '1030': ['1030'], '1046': ['1046'], '1069': ['1069', '1064', '1065', '1070', '1031'], '1058': ['1058'], '1059': ['1059'], '1047': ['1047'], '1083': ['1083'], '1043': ['1043', '1121', '1122', '1123', '1045'], '1124': ['1124'], '1036': ['1036'], '1092': ['1092'], '1150': ['1150'], '1093': ['1093', '1094', '1144', '1149', '1037'], '1145': ['1145'], '1151': ['1151'], '1088': ['1088'], '1142': ['1142'], '1141': ['1141'], '1143': ['1143'], '1115': ['1115'], '1062': ['1062'], '1077': ['1077'], '1117': ['1117'], '1146': ['1146'], '1152': ['1152'], '1075': ['1075'], '1076': ['1076'], '1118': ['1118'], '1073': ['1073'], '1074': ['1074'], '1116': ['1116'], '1140': ['1140'], '1119': ['1119'], '1120': ['1120'], '1132': ['1132'], '1130': ['1130'], '1134': ['1134'], '1133': ['1133']})"
89,"defaultdict(<class 'list'>, {'1040': ['1040', '1080', '1081', '1082', '1078'], '1079': ['1079'], '1095': ['1095'], '1084': ['1084'], '1096': ['1096'], '1136': ['1136'], '1138': ['1138'], '1041': ['1041'], '1126': ['1126'], '1125': ['1125'], '1127': ['1127'], '1128': ['1128'], '1129': ['1129'], '1131': ['1131'], '1032': ['1032'], '1052': ['1052'], '1063': ['1063'], '1160': ['1160'], '1051': ['1051'], '1055': ['1055'], '1057': ['1057', '1060', '1061', '1058', '1059'], '1071': ['1071'], '1147': ['1147'], '1148': ['1148'], '1158': ['1158'], '1161': ['1161'], '1053': ['1053'], '1066': ['1066', '1038', '1048', '1068', '1067'], '1056': ['1056', '1077', '1075', '1076', '1074'], '1072': ['1072'], '1157': ['1157'], '1159': ['1159'], '1162': ['1162'], '1033': ['1033'], '1101': ['1101'], '1109': ['1109'], '1153': ['1153', '1154', '1155', '1156', '1152'], '1102': ['1102', '1103', '1104', '1117', '1118'], '1105': ['1105'], '1106': ['1106'], '1113': ['1113'], '1108': ['1108'], '1110': ['1110'], '1107': ['1107'], '1114': ['1114', '1030', '1046', '1069', '1064', '1065', '1070', '1031', '1047'], '1049': ['1049'], '1050': ['1050'], '1054': ['1054'], '1039': ['1039'], '1097': ['1097'], '1098': ['1098'], '1099': ['1099'], '1112': ['1112'], '1100': ['1100'], '1034': ['1034'], '1035': ['1035'], '1111': ['1111'], '1042': ['1042'], '1083': ['1083'], '1085': ['1085'], '1086': ['1086', '1089', '1087', '1090', '1091'], '1043': ['1043'], '1121': ['1121'], '1122': ['1122'], '1123': ['1123'], '1124': ['1124'], '1036': ['1036'], '1092': ['1092'], '1150': ['1150'], '1093': ['1093', '1094', '1151', '1149', '1037'], '1145': ['1145'], '1144': ['1144'], '1044': ['1044'], '1088': ['1088', '1142', '1141', '1143', '1139'], '1045': ['1045'], '1115': ['1115'], '1062': ['1062'], '1146': ['1146'], '1073': ['1073'], '1116': ['1116'], '1135': ['1135'], '1137': ['1137'], '1140': ['1140'], '1119': ['1119'], '1120': ['1120'], '1132': ['1132'], '1130': ['1130'], '1134': ['1134'], '1133': ['1133']})"
89,"defaultdict(<class 'list'>, {'1040': ['1040'], '1080': ['1080'], '1079': ['1079'], '1081': ['1081'], '1095': ['1095'], '1082': ['1082', '1084', '1042', '1083', '1085'], '1096': ['1096', '1138', '1135', '1137', '1139'], '1136': ['1136'], '1041': ['1041'], '1126': ['1126'], '1125': ['1125'], '1127': ['1127'], '1128': ['1128', '1129', '1132', '1130', '1134'], '1131': ['1131'], '1032': ['1032', '1052', '1063', '1053', '1049', '1051', '1055', '1050', '1054'], '1160': ['1160'], '1057': ['1057'], '1060': ['1060'], '1071': ['1071'], '1147': ['1147'], '1148': ['1148', '1158', '1157', '1159', '1156'], '1161': ['1161'], '1066': ['1066'], '1056': ['1056'], '1061': ['1061'], '1072': ['1072'], '1162': ['1162'], '1033': ['1033'], '1101': ['1101'], '1109': ['1109'], '1153': ['1153'], '1102': ['1102'], '1103': ['1103'], '1105': ['1105'], '1106': ['1106'], '1113': ['1113'], '1154': ['1154'], '1155': ['1155'], '1108': ['1108'], '1110': ['1110', '1111', '1064', '1065', '1031'], '1104': ['1104'], '1107': ['1107'], '1114': ['1114'], '1038': ['1038', '1048', '1068', '1034', '1067'], '1039': ['1039'], '1097': ['1097'], '1098': ['1098'], '1099': ['1099'], '1112': ['1112'], '1100': ['1100'], '1035': ['1035'], '1030': ['1030', '1046', '1069', '1047', '1070'], '1058': ['1058'], '1059': ['1059'], '1086': ['1086', '1089', '1044', '1087', '1090'], '1043': ['1043'], '1121': ['1121'], '1122': ['1122'], '1123': ['1123'], '1124': ['1124'], '1036': ['1036'], '1092': ['1092'], '1150': ['1150'], '1093': ['1093', '1094', '1151', '1149', '1037'], '1145': ['1145'], '1144': ['1144'], '1088': ['1088'], '1142': ['1142'], '1141': ['1141'], '1091': ['1091'], '1143': ['1143'], '1045': ['1045'], '1115': ['1115'], '1062': ['1062'], '1077': ['1077'], '1117': ['1117'], '1146': ['1146'], '1152': ['1152'], '1075': ['1075'], '1076': ['1076'], '1118': ['1118'], '1073': ['1073'], '1078': ['1078'], '1074': ['1074'], '1116': ['1116'], '1140': ['1140'], '1119': ['1119'], '1120': ['1120'], '1133': ['1133']})"
89,"defaultdict(<class 'list'>, {'1040': ['1040', '1080', '1081', '1082', '1078'], '1079': ['1079'], '1095': ['1095'], '1084': ['1084'], '1096': ['1096', '1138', '1135', '1137', '1139'], '1136': ['1136'], '1041': ['1041'], '1126': ['1126'], '1125': ['1125'], '1127': ['1127'], '1128': ['1128'], '1129': ['1129'], '1131': ['1131'], '1032': ['1032'], '1052': ['1052'], '1063': ['1063'], '1160': ['1160', '1147', '1161', '1145', '1146'], '1051': ['1051'], '1055': ['1055'], '1057': ['1057'], '1060': ['1060'], '1071': ['1071'], '1148': ['1148', '1158', '1157', '1159', '1156'], '1053': ['1053'], '1066': ['1066'], '1056': ['1056', '1077', '1075', '1076', '1074'], '1061': ['1061'], '1072': ['1072'], '1162': ['1162'], '1033': ['1033', '1153', '1154', '1155', '1152'], '1101': ['1101'], '1109': ['1109'], '1102': ['1102'], '1103': ['1103'], '1105': ['1105', '1106', '1107', '1058', '1059'], '1113': ['1113'], '1108': ['1108'], '1110': ['1110', '1111', '1064', '1065', '1031'], '1104': ['1104'], '1114': ['1114'], '1038': ['1038'], '1048': ['1048'], '1049': ['1049'], '1050': ['1050'], '1054': ['1054'], '1068': ['1068'], '1039': ['1039'], '1097': ['1097'], '1098': ['1098'], '1099': ['1099'], '1112': ['1112'], '1100': ['1100'], '1034': ['1034'], '1067': ['1067'], '1035': ['1035'], '1030': ['1030'], '1046': ['1046'], '1069': ['1069'], '1047': ['1047'], '1070': ['1070'], '1042': ['1042'], '1083': ['1083'], '1085': ['1085'], '1086': ['1086', '1089', '1044', '1087', '1090'], '1043': ['1043', '1121', '1122', '1123', '1045'], '1124': ['1124'], '1036': ['1036'], '1092': ['1092'], '1150': ['1150'], '1093': ['1093'], '1094': ['1094'], '1151': ['1151'], '1144': ['1144'], '1149': ['1149'], '1037': ['1037'], '1088': ['1088', '1142', '1141', '1143', '1140'], '1091': ['1091'], '1115': ['1115'], '1062': ['1062'], '1117': ['1117'], '1118': ['1118'], '1073': ['1073'], '1116': ['1116'], '1119': ['1119'], '1120': ['1120'], '1132': ['1132'], '1130': ['1130'], '1134': ['1134'], '1133': ['1133']})"
89,"defaultdict(<class 'list'>, {'1040': ['1040'], '1080': ['1080', '1079', '1077', '1076', '1078'], '1081': ['1081', '1082', '1084', '1042', '1083'], '1095': ['1095'], '1096': ['1096', '1138', '1135', '1137', '1139'], '1136': ['1136'], '1041': ['1041', '1126', '1125', '1127', '1124', '1129', '1122', '1123', '1045'], '1128': ['1128'], '1131': ['1131'], '1032': ['1032', '1052', '1063', '1053', '1049'], '1160': ['1160'], '1051': ['1051', '1038', '1048', '1050', '1034'], '1055': ['1055'], '1057': ['1057'], '1060': ['1060'], '1071': ['1071'], '1147': ['1147'], '1148': ['1148', '1158', '1157', '1159', '1156'], '1161': ['1161'], '1066': ['1066'], '1056': ['1056'], '1061': ['1061'], '1072': ['1072'], '1162': ['1162'], '1033': ['1033', '1109', '1153', '1155', '1152'], '1101': ['1101'], '1102': ['1102'], '1103': ['1103'], '1105': ['1105'], '1106': ['1106'], '1113': ['1113'], '1154': ['1154'], '1108': ['1108'], '1110': ['1110'], '1104': ['1104'], '1107': ['1107'], '1114': ['1114'], '1054': ['1054'], '1068': ['1068'], '1039': ['1039', '1097', '1098', '1099', '1035'], '1112': ['1112'], '1100': ['1100'], '1067': ['1067'], '1111': ['1111'], '1030': ['1030'], '1046': ['1046'], '1069': ['1069'], '1058': ['1058'], '1059': ['1059'], '1064': ['1064'], '1065': ['1065'], '1047': ['1047'], '1070': ['1070'], '1031': ['1031'], '1085': ['1085'], '1086': ['1086', '1089', '1044', '1087', '1090'], '1043': ['1043'], '1121': ['1121'], '1036': ['1036'], '1092': ['1092'], '1150': ['1150'], '1093': ['1093'], '1094': ['1094'], '1145': ['1145'], '1151': ['1151'], '1144': ['1144'], '1149': ['1149'], '1037': ['1037'], '1088': ['1088'], '1142': ['1142'], '1141': ['1141'], '1091': ['1091'], '1143': ['1143'], '1115': ['1115'], '1062': ['1062'], '1117': ['1117'], '1146': ['1146'], '1075': ['1075'], '1118': ['1118'], '1073': ['1073'], '1074': ['1074'], '1116': ['1116'], '1140': ['1140'], '1119': ['1119'], '1120': ['1120'], '1132': ['1132'], '1130': ['1130'], '1134': ['1134'], '1133': ['1133']})"
89,"defaultdict(<class 'list'>, {'1040': ['1040'], '1080': ['1080'], '1079': ['1079'], '1081': ['1081'], '1095': ['1095'], '1082': ['1082'], '1084': ['1084'], '1096': ['1096'], '1136': ['1136'], '1138': ['1138'], '1041': ['1041', '1126', '1125', '1127', '1124'], '1128': ['1128', '1131', '1132', '1130', '1133'], '1129': ['1129'], '1032': ['1032', '1160', '1161', '1162', '1146'], '1052': ['1052'], '1063': ['1063', '1057', '1060', '1071', '1061'], '1051': ['1051'], '1055': ['1055'], '1147': ['1147'], '1148': ['1148'], '1158': ['1158'], '1053': ['1053'], '1066': ['1066', '1038', '1048', '1068', '1034', '1067', '1064', '1065', '1031'], '1056': ['1056'], '1072': ['1072'], '1157': ['1157'], '1159': ['1159'], '1033': ['1033'], '1101': ['1101', '1102', '1098', '1099', '1100'], '1109': ['1109'], '1153': ['1153', '1154', '1155', '1151', '1152'], '1103': ['1103'], '1105': ['1105'], '1106': ['1106'], '1113': ['1113'], '1108': ['1108'], '1110': ['1110'], '1104': ['1104', '1030', '1046', '1047', '1117'], '1107': ['1107'], '1114': ['1114'], '1156': ['1156'], '1049': ['1049'], '1050': ['1050'], '1054': ['1054'], '1039': ['1039'], '1097': ['1097'], '1112': ['1112'], '1035': ['1035'], '1111': ['1111'], '1069': ['1069'], '1058': ['1058'], '1059': ['1059'], '1070': ['1070'], '1042': ['1042'], '1083': ['1083'], '1085': ['1085'], '1086': ['1086', '1087', '1088', '1141', '1143'], '1089': ['1089'], '1043': ['1043'], '1121': ['1121'], '1122': ['1122'], '1123': ['1123'], '1036': ['1036'], '1092': ['1092'], '1150': ['1150'], '1093': ['1093'], '1094': ['1094'], '1145': ['1145'], '1144': ['1144'], '1149': ['1149'], '1037': ['1037'], '1044': ['1044'], '1090': ['1090'], '1142': ['1142'], '1091': ['1091'], '1045': ['1045'], '1115': ['1115'], '1062': ['1062'], '1077': ['1077', '1075', '1076', '1073', '1074'], '1118': ['1118'], '1078': ['1078'], '1116': ['1116'], '1135': ['1135'], '1137': ['1137'], '1140': ['1140'], '1139': ['1139'], '1119': ['1119'], '1120': ['1120'], '1134': ['1134']})"
89,"defaultdict(<class 'list'>, {'1040': ['1040', '1080', '1079', '1081', '1078'], '1095': ['1095', '1082', '1084', '1083', '1085'], '1096': ['1096', '1138', '1135', '1137', '1139'], '1136': ['1136'], '1041': ['1041'], '1126': ['1126'], '1125': ['1125'], '1127': ['1127'], '1128': ['1128'], '1129': ['1129'], '1131': ['1131'], '1032': ['1032'], '1052': ['1052', '1053', '1049', '1050', '1054'], '1063': ['1063'], '1160': ['1160'], '1051': ['1051'], '1055': ['1055'], '1057': ['1057', '1060', '1061', '1058', '1059'], '1071': ['1071'], '1147': ['1147'], '1148': ['1148'], '1158': ['1158'], '1161': ['1161'], '1066': ['1066'], '1056': ['1056'], '1072': ['1072', '1075', '1076', '1073', '1074'], '1157': ['1157'], '1159': ['1159'], '1162': ['1162'], '1033': ['1033', '1101', '1109', '1153', '1100'], '1102': ['1102'], '1103': ['1103'], '1105': ['1105'], '1106': ['1106'], '1113': ['1113'], '1154': ['1154'], '1155': ['1155'], '1108': ['1108'], '1110': ['1110'], '1104': ['1104'], '1107': ['1107'], '1114': ['1114'], '1156': ['1156'], '1038': ['1038', '1048', '1068', '1034', '1067'], '1039': ['1039'], '1097': ['1097'], '1098': ['1098'], '1099': ['1099'], '1112': ['1112'], '1035': ['1035'], '1111': ['1111'], '1030': ['1030', '1046', '1069', '1047', '1070'], '1064': ['1064'], '1065': ['1065'], '1031': ['1031'], '1042': ['1042'], '1086': ['1086'], '1089': ['1089'], '1043': ['1043', '1121', '1122', '1123', '1045'], '1124': ['1124'], '1036': ['1036'], '1092': ['1092'], '1150': ['1150'], '1093': ['1093', '1094', '1144', '1149', '1037'], '1145': ['1145'], '1151': ['1151'], '1044': ['1044'], '1087': ['1087'], '1088': ['1088'], '1090': ['1090'], '1142': ['1142'], '1141': ['1141'], '1091': ['1091'], '1143': ['1143'], '1115': ['1115'], '1062': ['1062'], '1077': ['1077'], '1117': ['1117'], '1146': ['1146'], '1152': ['1152'], '1118': ['1118'], '1116': ['1116'], '1140': ['1140'], '1119': ['1119'], '1120': ['1120'], '1132': ['1132'], '1130': ['1130'], '1134': ['1134'], '1133': ['1133']})"
89,"defaultdict(<class 'list'>, {'1040': ['1040', '1080', '1081', '1095', '1082', '1084', '1042', '1083', '1085'], '1079': ['1079'], '1096': ['1096', '1138', '1135', '1137', '1139'], '1136': ['1136'], '1041': ['1041'], '1126': ['1126'], '1125': ['1125'], '1127': ['1127'], '1128': ['1128', '1129', '1132', '1130', '1134'], '1131': ['1131'], '1032': ['1032', '1052', '1051', '1053', '1049', '1050', '1063', '1055', '1054'], '1160': ['1160'], '1057': ['1057'], '1060': ['1060'], '1071': ['1071'], '1147': ['1147'], '1148': ['1148', '1158', '1157', '1159', '1156', '1153', '1154', '1155', '1152'], '1161': ['1161'], '1066': ['1066'], '1056': ['1056'], '1061': ['1061'], '1072': ['1072', '1075', '1076', '1073', '1074'], '1162': ['1162'], '1033': ['1033'], '1101': ['1101'], '1109': ['1109'], '1102': ['1102'], '1103': ['1103'], '1105': ['1105'], '1106': ['1106'], '1113': ['1113'], '1108': ['1108'], '1110': ['1110'], '1104': ['1104'], '1107': ['1107'], '1114': ['1114'], '1038': ['1038', '1048', '1068', '1034', '1067'], '1039': ['1039'], '1097': ['1097'], '1098': ['1098'], '1099': ['1099'], '1112': ['1112'], '1100': ['1100'], '1035': ['1035'], '1111': ['1111'], '1030': ['1030'], '1046': ['1046'], '1069': ['1069'], '1058': ['1058'], '1059': ['1059'], '1064': ['1064'], '1065': ['1065'], '1047': ['1047'], '1070': ['1070'], '1031': ['1031'], '1086': ['1086', '1089', '1044', '1087', '1090'], '1043': ['1043'], '1121': ['1121'], '1122': ['1122'], '1123': ['1123'], '1124': ['1124'], '1036': ['1036'], '1092': ['1092'], '1150': ['1150'], '1093': ['1093'], '1094': ['1094'], '1145': ['1145'], '1151': ['1151'], '1144': ['1144'], '1149': ['1149'], '1037': ['1037'], '1088': ['1088'], '1142': ['1142'], '1141': ['1141'], '1091': ['1091'], '1143': ['1143'], '1045': ['1045'], '1115': ['1115'], '1062': ['1062'], '1077': ['1077'], '1117': ['1117'], '1146': ['1146'], '1118': ['1118'], '1078': ['1078'], '1116': ['1116'], '1140': ['1140'], '1119': ['1119'], '1120': ['1120'], '1133': ['1133']})"
89,"defaultdict(<class 'list'>, {'1040': ['1040'], '1080': ['1080'], '1079': ['1079'], '1081': ['1081'], '1095': ['1095'], '1082': ['1082', '1084', '1042', '1083', '1085'], '1096': ['1096', '1136', '1135', '1137', '1140'], '1138': ['1138'], '1041': ['1041'], '1126': ['1126'], '1125': ['1125'], '1127': ['1127'], '1128': ['1128'], '1129': ['1129'], '1131': ['1131'], '1032': ['1032'], '1052': ['1052'], '1063': ['1063'], '1160': ['1160'], '1051': ['1051', '1055', '1056', '1049', '1050'], '1057': ['1057'], '1060': ['1060'], '1071': ['1071'], '1147': ['1147', '1148', '1158', '1157', '1159'], '1161': ['1161'], '1053': ['1053'], '1066': ['1066'], '1061': ['1061'], '1072': ['1072', '1075', '1076', '1073', '1074'], '1162': ['1162'], '1033': ['1033'], '1101': ['1101'], '1109': ['1109'], '1153': ['1153'], '1102': ['1102'], '1103': ['1103'], '1105': ['1105'], '1106': ['1106'], '1113': ['1113'], '1154': ['1154', '1036', '1150', '1151', '1152'], '1155': ['1155'], '1108': ['1108', '1107', '1115', '1116', '1119'], '1110': ['1110'], '1104': ['1104'], '1114': ['1114'], '1156': ['1156'], '1038': ['1038'], '1048': ['1048'], '1054': ['1054'], '1068': ['1068'], '1039': ['1039'], '1097': ['1097'], '1098': ['1098'], '1099': ['1099'], '1112': ['1112'], '1100': ['1100'], '1034': ['1034'], '1067': ['1067'], '1035': ['1035'], '1111': ['1111'], '1030': ['1030'], '1046': ['1046'], '1069': ['1069', '1064', '1065', '1070', '1031'], '1058': ['1058'], '1059': ['1059'], '1047': ['1047'], '1086': ['1086'], '1089': ['1089'], '1043': ['1043', '1121', '1122', '1123', '1045'], '1124': ['1124'], '1092': ['1092'], '1093': ['1093', '1094', '1144', '1149', '1037'], '1145': ['1145'], '1044': ['1044'], '1087': ['1087'], '1088': ['1088', '1142', '1141', '1143', '1139'], '1090': ['1090'], '1091': ['1091'], '1062': ['1062'], '1077': ['1077'], '1117': ['1117'], '1146': ['1146'], '1118': ['1118'], '1078': ['1078'], '1120': ['1120'], '1132': ['1132'], '1130': ['1130'], '1134': ['1134'], '1133': ['1133']})"
89,"defaultdict(<class 'list'>, {'1040': ['1040'], '1080': ['1080'], '1079': ['1079'], '1081': ['1081'], '1095': ['1095'], '1082': ['1082'], '1084': ['1084'], '1096': ['1096', '1138', '1135', '1137', '1139'], '1136': ['1136'], '1041': ['1041'], '1126': ['1126'], '1125': ['1125'], '1127': ['1127'], '1128': ['1128', '1131', '1132', '1130', '1133'], '1129': ['1129'], '1032': ['1032', '1160', '1161', '1162', '1146'], '1052': ['1052'], '1063': ['1063', '1057', '1071', '1066', '1067'], '1051': ['1051'], '1055': ['1055'], '1060': ['1060'], '1147': ['1147'], '1148': ['1148', '1158', '1157', '1159', '1156'], '1053': ['1053', '1038', '1048', '1054', '1034'], '1056': ['1056'], '1061': ['1061', '1062', '1075', '1073', '1074'], '1072': ['1072'], '1033': ['1033'], '1101': ['1101'], '1109': ['1109'], '1153': ['1153'], '1102': ['1102'], '1103': ['1103'], '1105': ['1105', '1106', '1107', '1058', '1059'], '1113': ['1113'], '1154': ['1154'], '1155': ['1155'], '1108': ['1108'], '1110': ['1110'], '1104': ['1104'], '1114': ['1114'], '1049': ['1049'], '1050': ['1050'], '1068': ['1068'], '1039': ['1039'], '1097': ['1097'], '1098': ['1098'], '1099': ['1099'], '1112': ['1112'], '1100': ['1100'], '1035': ['1035'], '1111': ['1111'], '1030': ['1030'], '1046': ['1046'], '1069': ['1069', '1064', '1065', '1070', '1031'], '1047': ['1047'], '1042': ['1042'], '1083': ['1083'], '1085': ['1085'], '1086': ['1086', '1089', '1044', '1087', '1090'], '1043': ['1043'], '1121': ['1121'], '1122': ['1122'], '1123': ['1123'], '1124': ['1124'], '1036': ['1036'], '1092': ['1092'], '1150': ['1150'], '1093': ['1093'], '1094': ['1094'], '1145': ['1145'], '1151': ['1151'], '1144': ['1144'], '1149': ['1149'], '1037': ['1037'], '1088': ['1088', '1142', '1141', '1143', '1140'], '1091': ['1091'], '1045': ['1045'], '1115': ['1115'], '1077': ['1077'], '1117': ['1117'], '1152': ['1152'], '1076': ['1076'], '1118': ['1118'], '1078': ['1078'], '1116': ['1116'], '1119': ['1119'], '1120': ['1120'], '1134': ['1134']})"
89,"defaultdict(<class 'list'>, {'1040': ['1040'], '1080': ['1080', '1079', '1077', '1076', '1078'], '1081': ['1081'], '1095': ['1095'], '1082': ['1082'], '1084': ['1084'], '1096': ['1096', '1138', '1135', '1137', '1139'], '1136': ['1136'], '1041': ['1041'], '1126': ['1126'], '1125': ['1125'], '1127': ['1127'], '1128': ['1128'], '1129': ['1129'], '1131': ['1131'], '1032': ['1032'], '1052': ['1052', '1053', '1049', '1050', '1054'], '1063': ['1063'], '1160': ['1160'], '1051': ['1051'], '1055': ['1055'], '1057': ['1057'], '1060': ['1060'], '1071': ['1071'], '1147': ['1147'], '1148': ['1148'], '1158': ['1158', '1157', '1159', '1033', '1153', '1154', '1155', '1152', '1156'], '1161': ['1161'], '1066': ['1066'], '1056': ['1056', '1104', '1030', '1046', '1047'], '1061': ['1061'], '1072': ['1072'], '1162': ['1162'], '1101': ['1101', '1102', '1098', '1099', '1100'], '1109': ['1109'], '1103': ['1103'], '1105': ['1105', '1106', '1107', '1058', '1059'], '1113': ['1113'], '1108': ['1108'], '1110': ['1110'], '1114': ['1114'], '1038': ['1038'], '1048': ['1048'], '1068': ['1068'], '1039': ['1039', '1097', '1112', '1035', '1111'], '1034': ['1034'], '1067': ['1067'], '1069': ['1069'], '1064': ['1064'], '1065': ['1065'], '1070': ['1070'], '1031': ['1031'], '1042': ['1042'], '1083': ['1083'], '1085': ['1085'], '1086': ['1086'], '1089': ['1089'], '1043': ['1043'], '1121': ['1121'], '1122': ['1122'], '1123': ['1123'], '1124': ['1124'], '1036': ['1036'], '1092': ['1092', '1150', '1093', '1094', '1151', '1149', '1037', '1145', '1144'], '1044': ['1044'], '1087': ['1087'], '1088': ['1088'], '1090': ['1090'], '1142': ['1142'], '1141': ['1141'], '1091': ['1091'], '1143': ['1143'], '1045': ['1045'], '1115': ['1115'], '1062': ['1062'], '1117': ['1117'], '1146': ['1146'], '1075': ['1075'], '1118': ['1118'], '1073': ['1073'], '1074': ['1074'], '1116': ['1116'], '1140': ['1140'], '1119': ['1119'], '1120': ['1120'], '1132': ['1132'], '1130': ['1130'], '1134': ['1134'], '1133': ['1133']})"
89,"defaultdict(<class 'list'>, {'1040': ['1040', '1080', '1079', '1081', '1078'], '1095': ['1095'], '1082': ['1082', '1084', '1042', '1083', '1085'], '1096': ['1096'], '1136': ['1136'], '1138': ['1138'], '1041': ['1041', '1126', '1125', '1127', '1124', '1131', '1122', '1123', '1045'], '1128': ['1128'], '1129': ['1129'], '1032': ['1032', '1052', '1063', '1053', '1049'], '1160': ['1160'], '1051': ['1051'], '1055': ['1055'], '1057': ['1057'], '1060': ['1060'], '1071': ['1071'], '1147': ['1147'], '1148': ['1148', '1158', '1157', '1159', '1156'], '1161': ['1161'], '1066': ['1066'], '1056': ['1056'], '1061': ['1061'], '1072': ['1072'], '1162': ['1162'], '1033': ['1033', '1109', '1153', '1155', '1152'], '1101': ['1101'], '1102': ['1102'], '1103': ['1103'], '1105': ['1105'], '1106': ['1106'], '1113': ['1113'], '1154': ['1154'], '1108': ['1108'], '1110': ['1110'], '1104': ['1104'], '1107': ['1107'], '1114': ['1114'], '1038': ['1038', '1048', '1068', '1034', '1067'], '1050': ['1050'], '1054': ['1054'], '1039': ['1039'], '1097': ['1097'], '1098': ['1098'], '1099': ['1099'], '1112': ['1112'], '1100': ['1100'], '1035': ['1035'], '1111': ['1111'], '1030': ['1030'], '1046': ['1046'], '1069': ['1069'], '1058': ['1058'], '1059': ['1059'], '1064': ['1064'], '1065': ['1065'], '1047': ['1047'], '1070': ['1070'], '1031': ['1031'], '1086': ['1086'], '1089': ['1089'], '1043': ['1043'], '1121': ['1121'], '1036': ['1036'], '1092': ['1092'], '1150': ['1150'], '1093': ['1093', '1094', '1151', '1149', '1037'], '1145': ['1145'], '1144': ['1144'], '1044': ['1044'], '1087': ['1087'], '1088': ['1088', '1142', '1141', '1143', '1139'], '1090': ['1090'], '1091': ['1091'], '1115': ['1115'], '1062': ['1062'], '1077': ['1077'], '1117': ['1117', '1118', '1116', '1119', '1120'], '1146': ['1146'], '1075': ['1075'], '1076': ['1076'], '1073': ['1073'], '1074': ['1074'], '1135': ['1135'], '1137': ['1137'], '1140': ['1140'], '1132': ['1132'], '1130': ['1130'], '1134': ['1134'], '1133': ['1133']})"
89,"defaultdict(<class 'list'>, {'1040': ['1040'], '1080': ['1080'], '1079': ['1079'], '1081': ['1081'], '1095': ['1095'], '1082': ['1082', '1084', '1042', '1083', '1085'], '1096': ['1096', '1138', '1135', '1137', '1139'], '1136': ['1136'], '1041': ['1041'], '1126': ['1126'], '1125': ['1125'], '1127': ['1127'], '1128': ['1128', '1131', '1132', '1130', '1133'], '1129': ['1129'], '1032': ['1032', '1160', '1161', '1162', '1146'], '1052': ['1052', '1053', '1049', '1050', '1054'], '1063': ['1063'], '1051': ['1051'], '1055': ['1055'], '1057': ['1057'], '1060': ['1060'], '1071': ['1071'], '1147': ['1147'], '1148': ['1148'], '1158': ['1158'], '1066': ['1066'], '1056': ['1056'], '1061': ['1061'], '1072': ['1072'], '1157': ['1157'], '1159': ['1159'], '1033': ['1033'], '1101': ['1101'], '1109': ['1109'], '1153': ['1153'], '1102': ['1102'], '1103': ['1103'], '1105': ['1105', '1106', '1107', '1058', '1059'], '1113': ['1113'], '1154': ['1154'], '1155': ['1155'], '1108': ['1108'], '1110': ['1110'], '1104': ['1104'], '1114': ['1114'], '1156': ['1156'], '1038': ['1038', '1048', '1068', '1034', '1067'], '1039': ['1039', '1097', '1098', '1099', '1035'], '1112': ['1112'], '1100': ['1100'], '1111': ['1111'], '1030': ['1030'], '1046': ['1046'], '1069': ['1069'], '1064': ['1064'], '1065': ['1065'], '1047': ['1047'], '1070': ['1070'], '1031': ['1031'], '1086': ['1086', '1087', '1088', '1141', '1143'], '1089': ['1089'], '1043': ['1043', '1121', '1122', '1123', '1045'], '1124': ['1124'], '1036': ['1036'], '1092': ['1092'], '1150': ['1150'], '1093': ['1093', '1094', '1151', '1149', '1037'], '1145': ['1145'], '1144': ['1144'], '1044': ['1044'], '1090': ['1090'], '1142': ['1142'], '1091': ['1091'], '1115': ['1115'], '1062': ['1062'], '1077': ['1077'], '1117': ['1117'], '1152': ['1152'], '1075': ['1075'], '1076': ['1076'], '1118': ['1118'], '1073': ['1073'], '1078': ['1078'], '1074': ['1074'], '1116': ['1116'], '1140': ['1140'], '1119': ['1119'], '1120': ['1120'], '1134': ['1134']})"
89,"defaultdict(<class 'list'>, {'1040': ['1040'], '1080': ['1080'], '1079': ['1079'], '1081': ['1081'], '1095': ['1095'], '1082': ['1082', '1084', '1042', '1083', '1085'], '1096': ['1096', '1138', '1135', '1137', '1139'], '1136': ['1136'], '1041': ['1041', '1126', '1125', '1127', '1124'], '1128': ['1128'], '1129': ['1129'], '1131': ['1131'], '1032': ['1032'], '1052': ['1052'], '1063': ['1063'], '1160': ['1160'], '1051': ['1051'], '1055': ['1055'], '1057': ['1057'], '1060': ['1060'], '1071': ['1071'], '1147': ['1147'], '1148': ['1148'], '1158': ['1158'], '1161': ['1161'], '1053': ['1053'], '1066': ['1066'], '1056': ['1056', '1077', '1075', '1076', '1074'], '1061': ['1061'], '1072': ['1072'], '1157': ['1157'], '1159': ['1159'], '1162': ['1162'], '1033': ['1033'], '1101': ['1101', '1102', '1098', '1099', '1100'], '1109': ['1109'], '1153': ['1153'], '1103': ['1103'], '1105': ['1105', '1106', '1107', '1058', '1059', '1113', '1108', '1114', '1115'], '1154': ['1154'], '1155': ['1155'], '1110': ['1110', '1111', '1064', '1065', '1031'], '1104': ['1104'], '1156': ['1156'], '1038': ['1038'], '1048': ['1048'], '1049': ['1049'], '1050': ['1050'], '1054': ['1054'], '1068': ['1068'], '1039': ['1039'], '1097': ['1097'], '1112': ['1112'], '1034': ['1034'], '1067': ['1067'], '1035': ['1035'], '1030': ['1030'], '1046': ['1046'], '1069': ['1069'], '1047': ['1047'], '1070': ['1070'], '1086': ['1086'], '1089': ['1089'], '1043': ['1043'], '1121': ['1121'], '1122': ['1122'], '1123': ['1123'], '1036': ['1036'], '1092': ['1092'], '1150': ['1150'], '1093': ['1093', '1094', '1144', '1149', '1037'], '1145': ['1145'], '1151': ['1151'], '1044': ['1044'], '1087': ['1087'], '1088': ['1088', '1142', '1141', '1143', '1140'], '1090': ['1090'], '1091': ['1091'], '1045': ['1045'], '1062': ['1062'], '1117': ['1117', '1118', '1116', '1119', '1120'], '1146': ['1146'], '1152': ['1152'], '1073': ['1073'], '1078': ['1078'], '1132': ['1132'], '1130': ['1130'], '1134': ['1134'], '1133': ['1133']})"
89,"defaultdict(<class 'list'>, {'1040': ['1040'], '1080': ['1080'], '1079': ['1079'], '1081': ['1081'], '1095': ['1095'], '1082': ['1082'], '1084': ['1084', '1042', '1085', '1086', '1087'], '1096': ['1096'], '1136': ['1136'], '1138': ['1138'], '1041': ['1041'], '1126': ['1126'], '1125': ['1125'], '1127': ['1127'], '1128': ['1128'], '1129': ['1129'], '1131': ['1131'], '1032': ['1032', '1063', '1160', '1161', '1162'], '1052': ['1052'], '1051': ['1051', '1055', '1056', '1049', '1050'], '1057': ['1057'], '1060': ['1060'], '1071': ['1071'], '1147': ['1147'], '1148': ['1148'], '1158': ['1158'], '1053': ['1053'], '1066': ['1066', '1068', '1067', '1077', '1076'], '1061': ['1061'], '1072': ['1072'], '1157': ['1157'], '1159': ['1159'], '1033': ['1033', '1153', '1154', '1155', '1152'], '1101': ['1101', '1102', '1098', '1099', '1100', '1103', '1039', '1097', '1035'], '1109': ['1109'], '1105': ['1105'], '1106': ['1106'], '1113': ['1113'], '1108': ['1108'], '1110': ['1110'], '1104': ['1104'], '1107': ['1107'], '1114': ['1114'], '1156': ['1156'], '1038': ['1038'], '1048': ['1048'], '1054': ['1054'], '1112': ['1112'], '1034': ['1034'], '1111': ['1111'], '1030': ['1030'], '1046': ['1046'], '1069': ['1069', '1064', '1065', '1070', '1031'], '1058': ['1058'], '1059': ['1059'], '1047': ['1047'], '1083': ['1083'], '1089': ['1089'], '1043': ['1043'], '1121': ['1121'], '1122': ['1122'], '1123': ['1123'], '1124': ['1124'], '1036': ['1036'], '1092': ['1092', '1150', '1093', '1094', '1144', '1149', '1037', '1145', '1151'], '1044': ['1044'], '1088': ['1088'], '1090': ['1090'], '1142': ['1142'], '1141': ['1141'], '1091': ['1091'], '1143': ['1143'], '1045': ['1045'], '1115': ['1115'], '1062': ['1062'], '1117': ['1117', '1118', '1116', '1119', '1120'], '1146': ['1146'], '1075': ['1075'], '1073': ['1073'], '1078': ['1078'], '1074': ['1074'], '1135': ['1135'], '1137': ['1137'], '1140': ['1140'], '1139': ['1139'], '1132': ['1132'], '1130': ['1130'], '1134': ['1134'], '1133': ['1133']})"
89,"defaultdict(<class 'list'>, {'1040': ['1040', '1080', '1079', '1081', '1078', '1077', '1075', '1076', '1074'], '1095': ['1095'], '1082': ['1082'], '1084': ['1084'], '1096': ['1096'], '1136': ['1136'], '1138': ['1138'], '1041': ['1041'], '1126': ['1126'], '1125': ['1125'], '1127': ['1127'], '1128': ['1128', '1129', '1132', '1130', '1134'], '1131': ['1131'], '1032': ['1032'], '1052': ['1052'], '1063': ['1063'], '1160': ['1160'], '1051': ['1051'], '1055': ['1055'], '1057': ['1057', '1060', '1071', '1061', '1105', '1106', '1107', '1058', '1059'], '1147': ['1147', '1148', '1158', '1157', '1159'], '1161': ['1161'], '1053': ['1053'], '1066': ['1066'], '1056': ['1056'], '1072': ['1072'], '1162': ['1162'], '1033': ['1033'], '1101': ['1101'], '1109': ['1109'], '1153': ['1153'], '1102': ['1102'], '1103': ['1103'], '1113': ['1113'], '1154': ['1154'], '1155': ['1155'], '1108': ['1108'], '1110': ['1110'], '1104': ['1104'], '1114': ['1114'], '1156': ['1156'], '1038': ['1038', '1048', '1068', '1034', '1067'], '1049': ['1049'], '1050': ['1050'], '1054': ['1054'], '1039': ['1039', '1097', '1112', '1035', '1111'], '1098': ['1098'], '1099': ['1099'], '1100': ['1100'], '1030': ['1030'], '1046': ['1046'], '1069': ['1069'], '1064': ['1064'], '1065': ['1065'], '1047': ['1047'], '1070': ['1070'], '1031': ['1031'], '1042': ['1042'], '1083': ['1083'], '1085': ['1085'], '1086': ['1086'], '1089': ['1089'], '1043': ['1043'], '1121': ['1121'], '1122': ['1122'], '1123': ['1123'], '1124': ['1124'], '1036': ['1036', '1092', '1150', '1151', '1149'], '1093': ['1093'], '1094': ['1094'], '1145': ['1145'], '1144': ['1144'], '1037': ['1037'], '1044': ['1044'], '1087': ['1087'], '1088': ['1088', '1142', '1141', '1143', '1140'], '1090': ['1090'], '1091': ['1091'], '1045': ['1045'], '1115': ['1115'], '1062': ['1062'], '1117': ['1117', '1118', '1116', '1119', '1120'], '1146': ['1146'], '1152': ['1152'], '1073': ['1073'], '1135': ['1135'], '1137': ['1137'], '1139': ['1139'], '1133': ['1133']})"
89,"defaultdict(<class 'list'>, {'1040': ['1040', '1080', '1081', '1082', '1078'], '1079': ['1079'], '1095': ['1095'], '1084': ['1084', '1042', '1085', '1086', '1089', '1044', '1087', '1090', '1091'], '1096': ['1096', '1138', '1135', '1137', '1139'], '1136': ['1136'], '1041': ['1041'], '1126': ['1126'], '1125': ['1125'], '1127': ['1127'], '1128': ['1128', '1131', '1132', '1130', '1133'], '1129': ['1129'], '1032': ['1032', '1160', '1161', '1162', '1146'], '1052': ['1052'], '1063': ['1063'], '1051': ['1051'], '1055': ['1055'], '1057': ['1057'], '1060': ['1060'], '1071': ['1071'], '1147': ['1147'], '1148': ['1148'], '1158': ['1158'], '1053': ['1053'], '1066': ['1066', '1067', '1064', '1065', '1031'], '1056': ['1056'], '1061': ['1061'], '1072': ['1072'], '1157': ['1157'], '1159': ['1159'], '1033': ['1033', '1153', '1154', '1155', '1152'], '1101': ['1101'], '1109': ['1109'], '1102': ['1102'], '1103': ['1103'], '1105': ['1105'], '1106': ['1106'], '1113': ['1113'], '1108': ['1108'], '1110': ['1110'], '1104': ['1104'], '1107': ['1107'], '1114': ['1114', '1115', '1118', '1116', '1119'], '1156': ['1156'], '1038': ['1038'], '1048': ['1048'], '1049': ['1049'], '1050': ['1050'], '1054': ['1054'], '1068': ['1068'], '1039': ['1039', '1097', '1098', '1099', '1035'], '1112': ['1112'], '1100': ['1100'], '1034': ['1034'], '1111': ['1111'], '1030': ['1030'], '1046': ['1046'], '1069': ['1069'], '1058': ['1058'], '1059': ['1059'], '1047': ['1047'], '1070': ['1070'], '1083': ['1083'], '1043': ['1043'], '1121': ['1121'], '1122': ['1122'], '1123': ['1123'], '1124': ['1124'], '1036': ['1036'], '1092': ['1092'], '1150': ['1150'], '1093': ['1093', '1094', '1151', '1149', '1037'], '1145': ['1145'], '1144': ['1144'], '1088': ['1088'], '1142': ['1142'], '1141': ['1141'], '1143': ['1143'], '1045': ['1045'], '1062': ['1062'], '1077': ['1077'], '1117': ['1117'], '1075': ['1075'], '1076': ['1076'], '1073': ['1073'], '1074': ['1074'], '1140': ['1140'], '1120': ['1120'], '1134': ['1134']})"
89,"defaultdict(<class 'list'>, {'1040': ['1040', '1080', '1079', '1081', '1078'], '1095': ['1095'], '1082': ['1082', '1084', '1042', '1083', '1085'], '1096': ['1096'], '1136': ['1136'], '1138': ['1138'], '1041': ['1041'], '1126': ['1126'], '1125': ['1125'], '1127': ['1127'], '1128': ['1128'], '1129': ['1129'], '1131': ['1131'], '1032': ['1032'], '1052': ['1052'], '1063': ['1063'], '1160': ['1160'], '1051': ['1051'], '1055': ['1055'], '1057': ['1057'], '1060': ['1060'], '1071': ['1071'], '1147': ['1147'], '1148': ['1148', '1158', '1157', '1159', '1156'], '1161': ['1161'], '1053': ['1053'], '1066': ['1066'], '1056': ['1056'], '1061': ['1061'], '1072': ['1072'], '1162': ['1162'], '1033': ['1033', '1153', '1154', '1155', '1152'], '1101': ['1101', '1102', '1098', '1099', '1100'], '1109': ['1109'], '1103': ['1103'], '1105': ['1105'], '1106': ['1106'], '1113': ['1113'], '1108': ['1108'], '1110': ['1110'], '1104': ['1104'], '1107': ['1107'], '1114': ['1114', '1030', '1046', '1069', '1064', '1065', '1070', '1031', '1047'], '1038': ['1038', '1048', '1068', '1034', '1067'], '1049': ['1049'], '1050': ['1050'], '1054': ['1054'], '1039': ['1039'], '1097': ['1097'], '1112': ['1112'], '1035': ['1035'], '1111': ['1111'], '1058': ['1058'], '1059': ['1059'], '1086': ['1086'], '1089': ['1089'], '1043': ['1043'], '1121': ['1121'], '1122': ['1122'], '1123': ['1123'], '1124': ['1124'], '1036': ['1036'], '1092': ['1092'], '1150': ['1150'], '1093': ['1093', '1094', '1151', '1149', '1037'], '1145': ['1145'], '1144': ['1144'], '1044': ['1044'], '1087': ['1087'], '1088': ['1088', '1142', '1141', '1143', '1140'], '1090': ['1090'], '1091': ['1091'], '1045': ['1045'], '1115': ['1115'], '1062': ['1062'], '1077': ['1077', '1075', '1076', '1073', '1074'], '1117': ['1117'], '1146': ['1146'], '1118': ['1118'], '1116': ['1116'], '1135': ['1135'], '1137': ['1137'], '1139': ['1139'], '1119': ['1119'], '1120': ['1120'], '1132': ['1132'], '1130': ['1130'], '1134': ['1134'], '1133': ['1133']})"
90,"defaultdict(<class 'list'>, {'1040': ['1040', '1080', '1079', '1077', '1076', '1078', '1081', '1082', '1083'], '1095': ['1095'], '1084': ['1084'], '1096': ['1096', '1138', '1135', '1137', '1139'], '1136': ['1136'], '1041': ['1041'], '1126': ['1126'], '1125': ['1125'], '1127': ['1127'], '1128': ['1128'], '1129': ['1129'], '1131': ['1131'], '1032': ['1032', '1160', '1161', '1162', '1146'], '1052': ['1052'], '1063': ['1063'], '1051': ['1051'], '1055': ['1055'], '1057': ['1057'], '1060': ['1060'], '1071': ['1071'], '1147': ['1147'], '1148': ['1148', '1158', '1157', '1159', '1156'], '1053': ['1053'], '1066': ['1066'], '1056': ['1056'], '1061': ['1061'], '1072': ['1072'], '1033': ['1033', '1101', '1109', '1153', '1100', '1154', '1155', '1152'], '1102': ['1102'], '1103': ['1103'], '1105': ['1105'], '1106': ['1106'], '1113': ['1113'], '1108': ['1108'], '1110': ['1110'], '1104': ['1104'], '1107': ['1107'], '1114': ['1114'], '1038': ['1038'], '1048': ['1048'], '1049': ['1049'], '1050': ['1050'], '1054': ['1054'], '1068': ['1068'], '1039': ['1039'], '1097': ['1097'], '1098': ['1098'], '1099': ['1099'], '1112': ['1112'], '1034': ['1034'], '1067': ['1067'], '1035': ['1035'], '1111': ['1111'], '1030': ['1030', '1046', '1069', '1047', '1070'], '1058': ['1058'], '1059': ['1059'], '1064': ['1064'], '1065': ['1065'], '1031': ['1031'], '1042': ['1042'], '1085': ['1085'], '1086': ['1086', '1089', '1044', '1087', '1090'], '1043': ['1043'], '1121': ['1121'], '1122': ['1122'], '1123': ['1123'], '1124': ['1124'], '1036': ['1036'], '1092': ['1092'], '1150': ['1150'], '1093': ['1093', '1094', '1151', '1149', '1037'], '1145': ['1145'], '1144': ['1144'], '1088': ['1088', '1142', '1141', '1143', '1140'], '1091': ['1091'], '1045': ['1045'], '1115': ['1115'], '1062': ['1062'], '1117': ['1117'], '1075': ['1075'], '1118': ['1118'], '1073': ['1073'], '1074': ['1074'], '1116': ['1116'], '1119': ['1119'], '1120': ['1120'], '1132': ['1132'], '1130': ['1130'], '1134': ['1134'], '1133': ['1133']})"
90,"defaultdict(<class 'list'>, {'1040': ['1040', '1080', '1079', '1081', '1078'], '1095': ['1095'], '1082': ['1082', '1084', '1042', '1083', '1085'], '1096': ['1096'], '1136': ['1136'], '1138': ['1138'], '1041': ['1041', '1126', '1125', '1127', '1043', '1121', '1122', '1123', '1045', '1124', '1128', '1132'], '1129': ['1129'], '1131': ['1131'], '1032': ['1032', '1160', '1161', '1162', '1146'], '1052': ['1052', '1051', '1053', '1049', '1050'], '1063': ['1063'], '1055': ['1055'], '1057': ['1057', '1060', '1061', '1105', '1106', '1107', '1058', '1059', '1113'], '1071': ['1071'], '1147': ['1147'], '1148': ['1148'], '1158': ['1158'], '1066': ['1066'], '1056': ['1056'], '1072': ['1072'], '1157': ['1157'], '1159': ['1159'], '1033': ['1033'], '1101': ['1101'], '1109': ['1109'], '1153': ['1153'], '1102': ['1102'], '1103': ['1103'], '1154': ['1154'], '1155': ['1155'], '1108': ['1108'], '1110': ['1110'], '1104': ['1104'], '1114': ['1114'], '1156': ['1156'], '1038': ['1038'], '1048': ['1048'], '1054': ['1054'], '1068': ['1068'], '1039': ['1039', '1097', '1098', '1099', '1035'], '1112': ['1112'], '1100': ['1100'], '1034': ['1034'], '1067': ['1067'], '1111': ['1111'], '1030': ['1030'], '1046': ['1046'], '1069': ['1069'], '1064': ['1064'], '1065': ['1065'], '1047': ['1047'], '1070': ['1070'], '1031': ['1031'], '1086': ['1086', '1089', '1044', '1087', '1090'], '1036': ['1036'], '1092': ['1092'], '1150': ['1150'], '1093': ['1093'], '1094': ['1094'], '1145': ['1145'], '1151': ['1151'], '1144': ['1144'], '1149': ['1149'], '1037': ['1037'], '1088': ['1088'], '1142': ['1142'], '1141': ['1141'], '1091': ['1091'], '1143': ['1143'], '1115': ['1115'], '1062': ['1062'], '1077': ['1077'], '1117': ['1117'], '1152': ['1152'], '1075': ['1075'], '1076': ['1076'], '1118': ['1118'], '1073': ['1073'], '1074': ['1074'], '1116': ['1116'], '1135': ['1135'], '1137': ['1137'], '1140': ['1140'], '1139': ['1139'], '1119': ['1119'], '1120': ['1120'], '1130': ['1130'], '1134': ['1134'], '1133': ['1133']})"
90,"defaultdict(<class 'list'>, {'1040': ['1040'], '1080': ['1080'], '1079': ['1079'], '1081': ['1081'], '1095': ['1095'], '1082': ['1082'], '1084': ['1084'], '1096': ['1096'], '1136': ['1136'], '1138': ['1138'], '1041': ['1041', '1126', '1125', '1127', '1124', '1129', '1122', '1123', '1045', '1043', '1121', '1134'], '1128': ['1128'], '1131': ['1131'], '1032': ['1032'], '1052': ['1052', '1051', '1053', '1049', '1050'], '1063': ['1063'], '1160': ['1160', '1147', '1161', '1145', '1146'], '1055': ['1055'], '1057': ['1057'], '1060': ['1060'], '1071': ['1071'], '1148': ['1148', '1158', '1157', '1159', '1156'], '1066': ['1066'], '1056': ['1056'], '1061': ['1061'], '1072': ['1072'], '1162': ['1162'], '1033': ['1033', '1153', '1154', '1155', '1152'], '1101': ['1101'], '1109': ['1109'], '1102': ['1102'], '1103': ['1103'], '1105': ['1105'], '1106': ['1106'], '1113': ['1113'], '1108': ['1108'], '1110': ['1110'], '1104': ['1104'], '1107': ['1107'], '1114': ['1114'], '1038': ['1038'], '1048': ['1048'], '1054': ['1054'], '1068': ['1068'], '1039': ['1039', '1097', '1098', '1099', '1035'], '1112': ['1112'], '1100': ['1100'], '1034': ['1034'], '1067': ['1067'], '1111': ['1111'], '1030': ['1030', '1046', '1069', '1047', '1070'], '1058': ['1058'], '1059': ['1059'], '1064': ['1064'], '1065': ['1065'], '1031': ['1031'], '1042': ['1042'], '1083': ['1083'], '1085': ['1085'], '1086': ['1086'], '1089': ['1089'], '1036': ['1036'], '1092': ['1092'], '1150': ['1150'], '1093': ['1093'], '1094': ['1094'], '1151': ['1151'], '1144': ['1144'], '1149': ['1149'], '1037': ['1037'], '1044': ['1044'], '1087': ['1087'], '1088': ['1088', '1142', '1141', '1143', '1139'], '1090': ['1090'], '1091': ['1091'], '1115': ['1115'], '1062': ['1062'], '1077': ['1077'], '1117': ['1117', '1118', '1116', '1119', '1120'], '1075': ['1075'], '1076': ['1076'], '1073': ['1073'], '1078': ['1078'], '1074': ['1074'], '1135': ['1135'], '1137': ['1137'], '1140': ['1140'], '1132': ['1132'], '1130': ['1130'], '1133': ['1133']})"
90,"defaultdict(<class 'list'>, {'1040': ['1040', '1080', '1079', '1081', '1078'], '1095': ['1095'], '1082': ['1082', '1084', '1042', '1083', '1085'], '1096': ['1096', '1138', '1135', '1137', '1139'], '1136': ['1136'], '1041': ['1041'], '1126': ['1126'], '1125': ['1125'], '1127': ['1127'], '1128': ['1128', '1131', '1132', '1130', '1133'], '1129': ['1129'], '1032': ['1032', '1160', '1161', '1162'], '1052': ['1052'], '1063': ['1063'], '1051': ['1051'], '1055': ['1055'], '1057': ['1057'], '1060': ['1060'], '1071': ['1071'], '1147': ['1147', '1036', '1092', '1145', '1146'], '1148': ['1148'], '1158': ['1158'], '1053': ['1053'], '1066': ['1066'], '1056': ['1056'], '1061': ['1061'], '1072': ['1072'], '1157': ['1157'], '1159': ['1159'], '1033': ['1033'], '1101': ['1101'], '1109': ['1109'], '1153': ['1153'], '1102': ['1102'], '1103': ['1103'], '1105': ['1105'], '1106': ['1106'], '1113': ['1113'], '1154': ['1154'], '1155': ['1155'], '1108': ['1108'], '1110': ['1110', '1111', '1064', '1065', '1031'], '1104': ['1104'], '1107': ['1107'], '1114': ['1114'], '1156': ['1156'], '1038': ['1038'], '1048': ['1048'], '1049': ['1049'], '1050': ['1050'], '1054': ['1054'], '1068': ['1068'], '1039': ['1039', '1097', '1098', '1099', '1035'], '1112': ['1112'], '1100': ['1100'], '1034': ['1034'], '1067': ['1067'], '1030': ['1030', '1046', '1069', '1047', '1070'], '1058': ['1058'], '1059': ['1059'], '1086': ['1086'], '1089': ['1089'], '1043': ['1043'], '1121': ['1121'], '1122': ['1122'], '1123': ['1123'], '1124': ['1124'], '1150': ['1150'], '1093': ['1093', '1094', '1151', '1149', '1037'], '1144': ['1144'], '1044': ['1044'], '1087': ['1087'], '1088': ['1088'], '1090': ['1090'], '1142': ['1142'], '1141': ['1141'], '1091': ['1091'], '1143': ['1143'], '1045': ['1045'], '1115': ['1115'], '1062': ['1062'], '1077': ['1077'], '1117': ['1117', '1118', '1116', '1119', '1120'], '1152': ['1152'], '1075': ['1075'], '1076': ['1076'], '1073': ['1073'], '1074': ['1074'], '1140': ['1140'], '1134': ['1134']})"
90,"defaultdict(<class 'list'>, {'1040': ['1040'], '1080': ['1080'], '1079': ['1079'], '1081': ['1081'], '1095': ['1095'], '1082': ['1082'], '1084': ['1084'], '1096': ['1096', '1138', '1135', '1137', '1139', '1136', '1140'], '1041': ['1041', '1126', '1125', '1127', '1124'], '1128': ['1128'], '1129': ['1129'], '1131': ['1131'], '1032': ['1032', '1052', '1063', '1053', '1049'], '1160': ['1160'], '1051': ['1051'], '1055': ['1055'], '1057': ['1057', '1060', '1061', '1058', '1059', '1071', '1072', '1062', '1073'], '1147': ['1147'], '1148': ['1148'], '1158': ['1158'], '1161': ['1161'], '1066': ['1066'], '1056': ['1056', '1077', '1075', '1076', '1074'], '1157': ['1157'], '1159': ['1159'], '1162': ['1162'], '1033': ['1033'], '1101': ['1101'], '1109': ['1109'], '1153': ['1153'], '1102': ['1102'], '1103': ['1103'], '1105': ['1105'], '1106': ['1106'], '1113': ['1113'], '1154': ['1154'], '1155': ['1155'], '1108': ['1108'], '1110': ['1110'], '1104': ['1104'], '1107': ['1107'], '1114': ['1114'], '1156': ['1156'], '1038': ['1038'], '1048': ['1048'], '1050': ['1050'], '1054': ['1054'], '1068': ['1068'], '1039': ['1039'], '1097': ['1097'], '1098': ['1098'], '1099': ['1099'], '1112': ['1112'], '1100': ['1100'], '1034': ['1034'], '1067': ['1067'], '1035': ['1035'], '1111': ['1111'], '1030': ['1030'], '1046': ['1046'], '1069': ['1069'], '1064': ['1064'], '1065': ['1065'], '1047': ['1047'], '1070': ['1070'], '1031': ['1031'], '1042': ['1042'], '1083': ['1083'], '1085': ['1085'], '1086': ['1086', '1087', '1088', '1141', '1143', '1142'], '1089': ['1089', '1149', '1044', '1090', '1091'], '1043': ['1043', '1121', '1122', '1123', '1045'], '1036': ['1036'], '1092': ['1092'], '1150': ['1150'], '1093': ['1093'], '1094': ['1094'], '1145': ['1145'], '1151': ['1151'], '1144': ['1144'], '1037': ['1037'], '1115': ['1115', '1118', '1116', '1119', '1120'], '1117': ['1117'], '1146': ['1146'], '1152': ['1152'], '1078': ['1078'], '1132': ['1132'], '1130': ['1130'], '1134': ['1134'], '1133': ['1133']})"
90,"defaultdict(<class 'list'>, {'1040': ['1040'], '1080': ['1080', '1079', '1077', '1076', '1078'], '1081': ['1081'], '1095': ['1095'], '1082': ['1082', '1084', '1042', '1083', '1085'], '1096': ['1096'], '1136': ['1136'], '1138': ['1138'], '1041': ['1041', '1126', '1125', '1127', '1124'], '1128': ['1128'], '1129': ['1129'], '1131': ['1131'], '1032': ['1032', '1160', '1161', '1162', '1146'], '1052': ['1052'], '1063': ['1063'], '1051': ['1051', '1038', '1048', '1068', '1034', '1067', '1049', '1050'], '1055': ['1055'], '1057': ['1057'], '1060': ['1060'], '1071': ['1071'], '1147': ['1147', '1148', '1158', '1157', '1159'], '1053': ['1053'], '1066': ['1066', '1110', '1064', '1065', '1031'], '1056': ['1056'], '1061': ['1061', '1062', '1075', '1073', '1074'], '1072': ['1072'], '1033': ['1033'], '1101': ['1101'], '1109': ['1109'], '1153': ['1153'], '1102': ['1102', '1103', '1104', '1098', '1099'], '1105': ['1105'], '1106': ['1106'], '1113': ['1113'], '1154': ['1154'], '1155': ['1155'], '1108': ['1108'], '1107': ['1107'], '1114': ['1114', '1115', '1118', '1116', '1119'], '1156': ['1156'], '1054': ['1054'], '1039': ['1039'], '1097': ['1097'], '1112': ['1112'], '1100': ['1100'], '1035': ['1035'], '1111': ['1111'], '1030': ['1030'], '1046': ['1046'], '1069': ['1069'], '1058': ['1058'], '1059': ['1059'], '1047': ['1047'], '1070': ['1070'], '1086': ['1086'], '1089': ['1089'], '1043': ['1043'], '1121': ['1121'], '1122': ['1122'], '1123': ['1123'], '1036': ['1036'], '1092': ['1092'], '1150': ['1150'], '1093': ['1093'], '1094': ['1094'], '1145': ['1145'], '1151': ['1151'], '1144': ['1144'], '1149': ['1149'], '1037': ['1037'], '1044': ['1044'], '1087': ['1087'], '1088': ['1088'], '1090': ['1090'], '1142': ['1142'], '1141': ['1141'], '1091': ['1091'], '1143': ['1143'], '1045': ['1045'], '1117': ['1117'], '1152': ['1152'], '1135': ['1135'], '1137': ['1137'], '1140': ['1140'], '1139': ['1139'], '1120': ['1120'], '1132': ['1132'], '1130': ['1130'], '1134': ['1134'], '1133': ['1133']})"
90,"defaultdict(<class 'list'>, {'1040': ['1040'], '1080': ['1080'], '1079': ['1079'], '1081': ['1081'], '1095': ['1095'], '1082': ['1082'], '1084': ['1084', '1042', '1085', '1086', '1087'], '1096': ['1096'], '1136': ['1136'], '1138': ['1138'], '1041': ['1041'], '1126': ['1126'], '1125': ['1125'], '1127': ['1127'], '1128': ['1128'], '1129': ['1129'], '1131': ['1131'], '1032': ['1032'], '1052': ['1052'], '1063': ['1063'], '1160': ['1160'], '1051': ['1051'], '1055': ['1055'], '1057': ['1057'], '1060': ['1060'], '1071': ['1071'], '1147': ['1147'], '1148': ['1148'], '1158': ['1158'], '1161': ['1161'], '1053': ['1053'], '1066': ['1066'], '1056': ['1056'], '1061': ['1061'], '1072': ['1072'], '1157': ['1157'], '1159': ['1159'], '1162': ['1162'], '1033': ['1033', '1101', '1102', '1098', '1099', '1100', '1103', '1108', '1107'], '1109': ['1109'], '1153': ['1153', '1154', '1155', '1156', '1152'], '1105': ['1105'], '1106': ['1106'], '1113': ['1113'], '1110': ['1110'], '1104': ['1104'], '1114': ['1114'], '1038': ['1038'], '1048': ['1048'], '1049': ['1049'], '1050': ['1050'], '1054': ['1054'], '1068': ['1068'], '1039': ['1039', '1097', '1112', '1035', '1111'], '1034': ['1034'], '1067': ['1067'], '1030': ['1030'], '1046': ['1046'], '1069': ['1069'], '1058': ['1058'], '1059': ['1059'], '1064': ['1064'], '1065': ['1065'], '1047': ['1047'], '1070': ['1070'], '1031': ['1031'], '1083': ['1083'], '1089': ['1089', '1149', '1044', '1090', '1091', '1093', '1094', '1037'], '1043': ['1043', '1121', '1122', '1123', '1045'], '1124': ['1124'], '1036': ['1036'], '1092': ['1092'], '1150': ['1150'], '1145': ['1145'], '1151': ['1151'], '1144': ['1144'], '1088': ['1088', '1142', '1141', '1143', '1139'], '1115': ['1115'], '1062': ['1062'], '1077': ['1077', '1075', '1076', '1073', '1074'], '1117': ['1117', '1118', '1116', '1119', '1120'], '1146': ['1146'], '1078': ['1078'], '1135': ['1135'], '1137': ['1137'], '1140': ['1140'], '1132': ['1132'], '1130': ['1130'], '1134': ['1134'], '1133': ['1133']})"
90,"defaultdict(<class 'list'>, {'1040': ['1040'], '1080': ['1080'], '1079': ['1079'], '1081': ['1081'], '1095': ['1095'], '1082': ['1082'], '1084': ['1084'], '1096': ['1096'], '1136': ['1136'], '1138': ['1138'], '1041': ['1041'], '1126': ['1126'], '1125': ['1125'], '1127': ['1127'], '1128': ['1128', '1131', '1132', '1130', '1133', '1129', '1120', '1134'], '1032': ['1032', '1052', '1053', '1038', '1048', '1054', '1034', '1049', '1050'], '1063': ['1063'], '1160': ['1160', '1147', '1161', '1162', '1146'], '1051': ['1051'], '1055': ['1055'], '1057': ['1057'], '1060': ['1060'], '1071': ['1071'], '1148': ['1148', '1158', '1157', '1159', '1156'], '1066': ['1066', '1067', '1064', '1065', '1031'], '1056': ['1056'], '1061': ['1061', '1062', '1075', '1073', '1074'], '1072': ['1072'], '1033': ['1033'], '1101': ['1101'], '1109': ['1109'], '1153': ['1153'], '1102': ['1102'], '1103': ['1103'], '1105': ['1105'], '1106': ['1106'], '1113': ['1113'], '1154': ['1154'], '1155': ['1155'], '1108': ['1108'], '1110': ['1110'], '1104': ['1104'], '1107': ['1107'], '1114': ['1114'], '1068': ['1068'], '1039': ['1039', '1097', '1098', '1099', '1035'], '1112': ['1112'], '1100': ['1100'], '1111': ['1111'], '1030': ['1030'], '1046': ['1046'], '1069': ['1069'], '1058': ['1058'], '1059': ['1059'], '1047': ['1047'], '1070': ['1070'], '1042': ['1042'], '1083': ['1083'], '1085': ['1085'], '1086': ['1086', '1089', '1044', '1087', '1090'], '1043': ['1043', '1121', '1122', '1123', '1045'], '1124': ['1124'], '1036': ['1036'], '1092': ['1092'], '1150': ['1150'], '1093': ['1093'], '1094': ['1094'], '1145': ['1145'], '1151': ['1151'], '1144': ['1144'], '1149': ['1149'], '1037': ['1037'], '1088': ['1088'], '1142': ['1142'], '1141': ['1141'], '1091': ['1091'], '1143': ['1143'], '1115': ['1115'], '1077': ['1077'], '1117': ['1117'], '1152': ['1152'], '1076': ['1076'], '1118': ['1118'], '1078': ['1078'], '1116': ['1116'], '1135': ['1135'], '1137': ['1137'], '1140': ['1140'], '1139': ['1139'], '1119': ['1119']})"
90,"defaultdict(<class 'list'>, {'1040': ['1040'], '1080': ['1080'], '1079': ['1079'], '1081': ['1081'], '1095': ['1095'], '1082': ['1082', '1084', '1042', '1083', '1085'], '1096': ['1096'], '1136': ['1136'], '1138': ['1138'], '1041': ['1041', '1126', '1125', '1127', '1124'], '1128': ['1128'], '1129': ['1129'], '1131': ['1131'], '1032': ['1032'], '1052': ['1052'], '1063': ['1063'], '1160': ['1160'], '1051': ['1051'], '1055': ['1055'], '1057': ['1057'], '1060': ['1060'], '1071': ['1071'], '1147': ['1147'], '1148': ['1148', '1158', '1157', '1159', '1156'], '1161': ['1161'], '1053': ['1053'], '1066': ['1066'], '1056': ['1056'], '1061': ['1061'], '1072': ['1072'], '1162': ['1162'], '1033': ['1033'], '1101': ['1101', '1102', '1098', '1099', '1100', '1103', '1039', '1097', '1035'], '1109': ['1109'], '1153': ['1153', '1154', '1155', '1151', '1152'], '1105': ['1105', '1106', '1107', '1058', '1059'], '1113': ['1113'], '1108': ['1108'], '1110': ['1110'], '1104': ['1104', '1112', '1111', '1117'], '1114': ['1114', '1115', '1118', '1116', '1119'], '1038': ['1038'], '1048': ['1048'], '1049': ['1049'], '1050': ['1050'], '1054': ['1054'], '1068': ['1068'], '1034': ['1034'], '1067': ['1067'], '1030': ['1030', '1046', '1069', '1047', '1070'], '1064': ['1064'], '1065': ['1065'], '1031': ['1031'], '1086': ['1086', '1089', '1044', '1087', '1090'], '1043': ['1043'], '1121': ['1121'], '1122': ['1122'], '1123': ['1123'], '1036': ['1036'], '1092': ['1092'], '1150': ['1150'], '1093': ['1093'], '1094': ['1094'], '1145': ['1145'], '1144': ['1144'], '1149': ['1149'], '1037': ['1037'], '1088': ['1088'], '1142': ['1142'], '1141': ['1141'], '1091': ['1091'], '1143': ['1143'], '1045': ['1045'], '1062': ['1062'], '1077': ['1077'], '1146': ['1146'], '1075': ['1075'], '1076': ['1076'], '1073': ['1073'], '1078': ['1078'], '1074': ['1074'], '1135': ['1135'], '1137': ['1137'], '1140': ['1140'], '1139': ['1139'], '1120': ['1120'], '1132': ['1132'], '1130': ['1130'], '1134': ['1134'], '1133': ['1133']})"
90,"defaultdict(<class 'list'>, {'1040': ['1040', '1080', '1081', '1082', '1084', '1042', '1083', '1085', '1078'], '1079': ['1079'], '1095': ['1095'], '1096': ['1096', '1136', '1135', '1137', '1140'], '1138': ['1138'], '1041': ['1041'], '1126': ['1126'], '1125': ['1125'], '1127': ['1127'], '1128': ['1128'], '1129': ['1129'], '1131': ['1131'], '1032': ['1032'], '1052': ['1052', '1053', '1049', '1050', '1054'], '1063': ['1063'], '1160': ['1160'], '1051': ['1051'], '1055': ['1055'], '1057': ['1057'], '1060': ['1060'], '1071': ['1071'], '1147': ['1147'], '1148': ['1148', '1158', '1157', '1159', '1156'], '1161': ['1161'], '1066': ['1066'], '1056': ['1056'], '1061': ['1061', '1062', '1075', '1073', '1074'], '1072': ['1072'], '1162': ['1162'], '1033': ['1033'], '1101': ['1101'], '1109': ['1109'], '1153': ['1153'], '1102': ['1102', '1103', '1104', '1117', '1118'], '1105': ['1105'], '1106': ['1106'], '1113': ['1113'], '1154': ['1154'], '1155': ['1155'], '1108': ['1108'], '1110': ['1110'], '1107': ['1107'], '1114': ['1114', '1030', '1046', '1069', '1064', '1065', '1070', '1031', '1047'], '1038': ['1038', '1048', '1068', '1034', '1067'], '1039': ['1039'], '1097': ['1097'], '1098': ['1098'], '1099': ['1099'], '1112': ['1112'], '1100': ['1100'], '1035': ['1035'], '1111': ['1111'], '1058': ['1058'], '1059': ['1059'], '1086': ['1086'], '1089': ['1089'], '1043': ['1043'], '1121': ['1121'], '1122': ['1122'], '1123': ['1123'], '1124': ['1124'], '1036': ['1036'], '1092': ['1092'], '1150': ['1150'], '1093': ['1093'], '1094': ['1094'], '1145': ['1145'], '1151': ['1151'], '1144': ['1144'], '1149': ['1149'], '1037': ['1037'], '1044': ['1044'], '1087': ['1087'], '1088': ['1088'], '1090': ['1090'], '1142': ['1142'], '1141': ['1141'], '1091': ['1091'], '1143': ['1143'], '1045': ['1045'], '1115': ['1115', '1116', '1119', '1120'], '1077': ['1077'], '1146': ['1146'], '1152': ['1152'], '1076': ['1076'], '1139': ['1139'], '1132': ['1132'], '1130': ['1130'], '1134': ['1134'], '1133': ['1133']})"
90,"defaultdict(<class 'list'>, {'1040': ['1040'], '1080': ['1080'], '1079': ['1079'], '1081': ['1081'], '1095': ['1095'], '1082': ['1082'], '1084': ['1084'], '1096': ['1096'], '1136': ['1136'], '1138': ['1138'], '1041': ['1041'], '1126': ['1126'], '1125': ['1125'], '1127': ['1127'], '1128': ['1128', '1129', '1132', '1130', '1134'], '1131': ['1131'], '1032': ['1032'], '1052': ['1052', '1053', '1049', '1050', '1054'], '1063': ['1063'], '1160': ['1160'], '1051': ['1051'], '1055': ['1055'], '1057': ['1057', '1060', '1061', '1058', '1059'], '1071': ['1071'], '1147': ['1147', '1148', '1158', '1157', '1159', '1156', '1161', '1162'], '1066': ['1066'], '1056': ['1056'], '1072': ['1072'], '1033': ['1033'], '1101': ['1101'], '1109': ['1109'], '1153': ['1153'], '1102': ['1102'], '1103': ['1103'], '1105': ['1105', '1106', '1113', '1107', '1114'], '1154': ['1154'], '1155': ['1155'], '1108': ['1108'], '1110': ['1110', '1111', '1064', '1065', '1031'], '1104': ['1104'], '1038': ['1038', '1048', '1068', '1034', '1067'], '1039': ['1039'], '1097': ['1097'], '1098': ['1098'], '1099': ['1099'], '1112': ['1112'], '1100': ['1100'], '1035': ['1035'], '1030': ['1030', '1046', '1069', '1047', '1070'], '1042': ['1042'], '1083': ['1083'], '1085': ['1085'], '1086': ['1086', '1089', '1044', '1087', '1090'], '1043': ['1043'], '1121': ['1121'], '1122': ['1122'], '1123': ['1123'], '1124': ['1124'], '1036': ['1036'], '1092': ['1092'], '1150': ['1150'], '1093': ['1093'], '1094': ['1094'], '1145': ['1145'], '1151': ['1151'], '1144': ['1144'], '1149': ['1149'], '1037': ['1037'], '1088': ['1088'], '1142': ['1142'], '1141': ['1141'], '1091': ['1091'], '1143': ['1143'], '1045': ['1045'], '1115': ['1115', '1118', '1116', '1119', '1120'], '1062': ['1062'], '1077': ['1077'], '1117': ['1117'], '1146': ['1146'], '1152': ['1152'], '1075': ['1075'], '1076': ['1076'], '1073': ['1073'], '1078': ['1078'], '1074': ['1074'], '1135': ['1135'], '1137': ['1137'], '1140': ['1140'], '1139': ['1139'], '1133': ['1133']})"
91,"defaultdict(<class 'list'>, {'1040': ['1040', '1080', '1081', '1082', '1078'], '1079': ['1079', '1077', '1075', '1076', '1074'], '1095': ['1095'], '1084': ['1084'], '1096': ['1096', '1138', '1135', '1137', '1139'], '1136': ['1136'], '1041': ['1041'], '1126': ['1126'], '1125': ['1125'], '1127': ['1127'], '1128': ['1128', '1131', '1132', '1130', '1133'], '1129': ['1129'], '1032': ['1032'], '1052': ['1052'], '1063': ['1063'], '1160': ['1160'], '1051': ['1051'], '1055': ['1055'], '1057': ['1057', '1060', '1061', '1105', '1106', '1107', '1058', '1059', '1062'], '1071': ['1071'], '1147': ['1147'], '1148': ['1148', '1158', '1157', '1159'], '1161': ['1161'], '1053': ['1053'], '1066': ['1066'], '1056': ['1056'], '1072': ['1072'], '1162': ['1162'], '1033': ['1033', '1153', '1155', '1156'], '1101': ['1101'], '1109': ['1109'], '1102': ['1102'], '1103': ['1103'], '1113': ['1113'], '1154': ['1154', '1036', '1150', '1151', '1152'], '1108': ['1108'], '1110': ['1110'], '1104': ['1104'], '1114': ['1114'], '1038': ['1038'], '1048': ['1048'], '1049': ['1049'], '1050': ['1050'], '1054': ['1054'], '1068': ['1068'], '1039': ['1039', '1097', '1098', '1099', '1035'], '1112': ['1112'], '1100': ['1100'], '1034': ['1034'], '1067': ['1067'], '1111': ['1111'], '1030': ['1030'], '1046': ['1046'], '1069': ['1069'], '1064': ['1064'], '1065': ['1065'], '1047': ['1047'], '1070': ['1070'], '1031': ['1031'], '1042': ['1042'], '1083': ['1083'], '1085': ['1085'], '1086': ['1086', '1089', '1044', '1087', '1090'], '1043': ['1043'], '1121': ['1121'], '1122': ['1122'], '1123': ['1123'], '1124': ['1124'], '1092': ['1092'], '1093': ['1093'], '1094': ['1094'], '1145': ['1145'], '1144': ['1144'], '1149': ['1149'], '1037': ['1037'], '1088': ['1088'], '1142': ['1142'], '1141': ['1141'], '1091': ['1091'], '1143': ['1143'], '1045': ['1045'], '1115': ['1115'], '1117': ['1117'], '1146': ['1146'], '1118': ['1118'], '1073': ['1073'], '1116': ['1116'], '1140': ['1140'], '1119': ['1119'], '1120': ['1120'], '1134': ['1134']})"
91,"defaultdict(<class 'list'>, {'1040': ['1040'], '1080': ['1080'], '1079': ['1079'], '1081': ['1081'], '1095': ['1095'], '1082': ['1082'], '1084': ['1084'], '1096': ['1096'], '1136': ['1136'], '1138': ['1138'], '1041': ['1041', '1126', '1125', '1127', '1043', '1121', '1122', '1123', '1045', '1124', '1128', '1132'], '1129': ['1129'], '1131': ['1131'], '1032': ['1032'], '1052': ['1052'], '1063': ['1063'], '1160': ['1160'], '1051': ['1051'], '1055': ['1055'], '1057': ['1057'], '1060': ['1060'], '1071': ['1071'], '1147': ['1147', '1148', '1158', '1157', '1159'], '1161': ['1161'], '1053': ['1053'], '1066': ['1066'], '1056': ['1056'], '1061': ['1061'], '1072': ['1072'], '1162': ['1162'], '1033': ['1033'], '1101': ['1101'], '1109': ['1109'], '1153': ['1153'], '1102': ['1102'], '1103': ['1103'], '1105': ['1105'], '1106': ['1106'], '1113': ['1113'], '1154': ['1154', '1036', '1092', '1150', '1093', '1094', '1151', '1149', '1037', '1144', '1145', '1152'], '1155': ['1155'], '1108': ['1108'], '1110': ['1110'], '1104': ['1104'], '1107': ['1107'], '1114': ['1114'], '1156': ['1156'], '1038': ['1038', '1048', '1068', '1034', '1067'], '1049': ['1049'], '1050': ['1050'], '1054': ['1054'], '1039': ['1039', '1097', '1098', '1099', '1035'], '1112': ['1112'], '1100': ['1100'], '1111': ['1111'], '1030': ['1030', '1046', '1069', '1047', '1070'], '1058': ['1058'], '1059': ['1059'], '1064': ['1064'], '1065': ['1065'], '1031': ['1031'], '1042': ['1042'], '1083': ['1083'], '1085': ['1085'], '1086': ['1086', '1089', '1087', '1090', '1091'], '1044': ['1044'], '1088': ['1088'], '1142': ['1142'], '1141': ['1141'], '1143': ['1143'], '1115': ['1115'], '1062': ['1062'], '1077': ['1077'], '1117': ['1117'], '1146': ['1146'], '1075': ['1075'], '1076': ['1076'], '1118': ['1118'], '1073': ['1073'], '1078': ['1078'], '1074': ['1074'], '1116': ['1116'], '1135': ['1135'], '1137': ['1137'], '1140': ['1140'], '1139': ['1139'], '1119': ['1119'], '1120': ['1120'], '1130': ['1130'], '1134': ['1134'], '1133': ['1133']})"
91,"defaultdict(<class 'list'>, {'1040': ['1040'], '1080': ['1080'], '1079': ['1079'], '1081': ['1081'], '1095': ['1095'], '1082': ['1082'], '1084': ['1084'], '1096': ['1096', '1138', '1135', '1137', '1139', '1136', '1140'], '1041': ['1041', '1126', '1125', '1127', '1124'], '1128': ['1128'], '1129': ['1129'], '1131': ['1131'], '1032': ['1032', '1052', '1063', '1053', '1049'], '1160': ['1160'], '1051': ['1051'], '1055': ['1055'], '1057': ['1057', '1060', '1061', '1058', '1059', '1071', '1072', '1062', '1073'], '1147': ['1147'], '1148': ['1148'], '1158': ['1158'], '1161': ['1161'], '1066': ['1066'], '1056': ['1056', '1077', '1075', '1076', '1074'], '1157': ['1157'], '1159': ['1159'], '1162': ['1162'], '1033': ['1033'], '1101': ['1101'], '1109': ['1109'], '1153': ['1153'], '1102': ['1102'], '1103': ['1103'], '1105': ['1105'], '1106': ['1106'], '1113': ['1113'], '1154': ['1154'], '1155': ['1155'], '1108': ['1108'], '1110': ['1110'], '1104': ['1104'], '1107': ['1107'], '1114': ['1114'], '1156': ['1156'], '1038': ['1038'], '1048': ['1048'], '1050': ['1050'], '1054': ['1054'], '1068': ['1068'], '1039': ['1039'], '1097': ['1097'], '1098': ['1098'], '1099': ['1099'], '1112': ['1112'], '1100': ['1100'], '1034': ['1034'], '1067': ['1067'], '1035': ['1035'], '1111': ['1111'], '1030': ['1030'], '1046': ['1046'], '1069': ['1069'], '1064': ['1064'], '1065': ['1065'], '1047': ['1047'], '1070': ['1070'], '1031': ['1031'], '1042': ['1042'], '1083': ['1083'], '1085': ['1085'], '1086': ['1086', '1087', '1088', '1141', '1143'], '1089': ['1089', '1149', '1044', '1090', '1091'], '1043': ['1043', '1121', '1122', '1123', '1045'], '1036': ['1036'], '1092': ['1092'], '1150': ['1150'], '1093': ['1093'], '1094': ['1094'], '1145': ['1145'], '1151': ['1151'], '1144': ['1144'], '1037': ['1037'], '1142': ['1142'], '1115': ['1115', '1118', '1116', '1119', '1120'], '1117': ['1117'], '1146': ['1146'], '1152': ['1152'], '1078': ['1078'], '1132': ['1132'], '1130': ['1130'], '1134': ['1134'], '1133': ['1133']})"
91,"defaultdict(<class 'list'>, {'1040': ['1040', '1080', '1079', '1081', '1078'], '1095': ['1095'], '1082': ['1082'], '1084': ['1084'], '1096': ['1096'], '1136': ['1136'], '1138': ['1138'], '1041': ['1041'], '1126': ['1126'], '1125': ['1125'], '1127': ['1127'], '1128': ['1128', '1131', '1132', '1130', '1133'], '1129': ['1129'], '1032': ['1032', '1160', '1147', '1161', '1145', '1146', '1162'], '1052': ['1052', '1051', '1053', '1049', '1050'], '1063': ['1063'], '1055': ['1055'], '1057': ['1057'], '1060': ['1060'], '1071': ['1071'], '1148': ['1148'], '1158': ['1158'], '1066': ['1066'], '1056': ['1056'], '1061': ['1061'], '1072': ['1072'], '1157': ['1157'], '1159': ['1159'], '1033': ['1033'], '1101': ['1101'], '1109': ['1109'], '1153': ['1153'], '1102': ['1102'], '1103': ['1103'], '1105': ['1105'], '1106': ['1106'], '1113': ['1113'], '1154': ['1154', '1036', '1150', '1151', '1152'], '1155': ['1155'], '1108': ['1108'], '1110': ['1110', '1039', '1097', '1098', '1099', '1035', '1112', '1111', '1117'], '1104': ['1104'], '1107': ['1107'], '1114': ['1114'], '1156': ['1156'], '1038': ['1038'], '1048': ['1048'], '1054': ['1054'], '1068': ['1068'], '1100': ['1100'], '1034': ['1034'], '1067': ['1067'], '1030': ['1030', '1046', '1069', '1047', '1070'], '1058': ['1058'], '1059': ['1059'], '1064': ['1064'], '1065': ['1065'], '1031': ['1031'], '1042': ['1042'], '1083': ['1083'], '1085': ['1085'], '1086': ['1086'], '1089': ['1089', '1092', '1044', '1090', '1091'], '1043': ['1043', '1121', '1122', '1123', '1045'], '1124': ['1124'], '1093': ['1093'], '1094': ['1094'], '1144': ['1144'], '1149': ['1149'], '1037': ['1037'], '1087': ['1087'], '1088': ['1088'], '1142': ['1142'], '1141': ['1141'], '1143': ['1143'], '1115': ['1115'], '1062': ['1062'], '1077': ['1077'], '1075': ['1075'], '1076': ['1076'], '1118': ['1118'], '1073': ['1073'], '1074': ['1074'], '1116': ['1116'], '1135': ['1135'], '1137': ['1137'], '1140': ['1140'], '1139': ['1139'], '1119': ['1119'], '1120': ['1120'], '1134': ['1134']})"
91,"defaultdict(<class 'list'>, {'1040': ['1040', '1080', '1079', '1081', '1078'], '1095': ['1095'], '1082': ['1082', '1084', '1042', '1083', '1085'], '1096': ['1096', '1138', '1135', '1137', '1139'], '1136': ['1136'], '1041': ['1041'], '1126': ['1126'], '1125': ['1125'], '1127': ['1127'], '1128': ['1128'], '1129': ['1129'], '1131': ['1131'], '1032': ['1032'], '1052': ['1052'], '1063': ['1063'], '1160': ['1160'], '1051': ['1051'], '1055': ['1055'], '1057': ['1057', '1060', '1071', '1061', '1105', '1106', '1107', '1058', '1059'], '1147': ['1147'], '1148': ['1148'], '1158': ['1158'], '1161': ['1161'], '1053': ['1053'], '1066': ['1066'], '1056': ['1056', '1077', '1075', '1076', '1074'], '1072': ['1072'], '1157': ['1157'], '1159': ['1159'], '1162': ['1162'], '1033': ['1033'], '1101': ['1101'], '1109': ['1109'], '1153': ['1153'], '1102': ['1102'], '1103': ['1103'], '1113': ['1113', '1114', '1115'], '1154': ['1154'], '1155': ['1155'], '1108': ['1108'], '1110': ['1110'], '1104': ['1104'], '1156': ['1156'], '1038': ['1038'], '1048': ['1048'], '1049': ['1049'], '1050': ['1050'], '1054': ['1054'], '1068': ['1068'], '1039': ['1039', '1097', '1098', '1099', '1035'], '1112': ['1112'], '1100': ['1100'], '1034': ['1034'], '1067': ['1067'], '1111': ['1111'], '1030': ['1030', '1046', '1069', '1047', '1070'], '1064': ['1064'], '1065': ['1065'], '1031': ['1031'], '1086': ['1086'], '1089': ['1089'], '1043': ['1043', '1121', '1122', '1123', '1045'], '1124': ['1124'], '1036': ['1036'], '1092': ['1092'], '1150': ['1150'], '1093': ['1093'], '1094': ['1094'], '1145': ['1145'], '1151': ['1151'], '1144': ['1144'], '1149': ['1149'], '1037': ['1037'], '1044': ['1044'], '1087': ['1087'], '1088': ['1088'], '1090': ['1090'], '1142': ['1142'], '1141': ['1141'], '1091': ['1091'], '1143': ['1143'], '1062': ['1062'], '1117': ['1117', '1118', '1116', '1119', '1120'], '1146': ['1146'], '1152': ['1152'], '1073': ['1073'], '1140': ['1140'], '1132': ['1132'], '1130': ['1130'], '1134': ['1134'], '1133': ['1133']})"
92,"defaultdict(<class 'list'>, {'1040': ['1040'], '1080': ['1080', '1079', '1077', '1076', '1078'], '1081': ['1081'], '1095': ['1095'], '1082': ['1082'], '1084': ['1084'], '1096': ['1096', '1138', '1135', '1137', '1139'], '1136': ['1136'], '1041': ['1041', '1126', '1125', '1127', '1124'], '1128': ['1128', '1131', '1132', '1130', '1133'], '1129': ['1129'], '1032': ['1032'], '1052': ['1052'], '1063': ['1063'], '1160': ['1160'], '1051': ['1051', '1055', '1056', '1049', '1050'], '1057': ['1057'], '1060': ['1060'], '1071': ['1071'], '1147': ['1147'], '1148': ['1148'], '1158': ['1158'], '1161': ['1161'], '1053': ['1053'], '1066': ['1066'], '1061': ['1061'], '1072': ['1072'], '1157': ['1157'], '1159': ['1159'], '1162': ['1162'], '1033': ['1033', '1101', '1109', '1153', '1100'], '1102': ['1102', '1103', '1104', '1117', '1118'], '1105': ['1105'], '1106': ['1106'], '1113': ['1113'], '1154': ['1154', '1151', '1152'], '1155': ['1155'], '1108': ['1108'], '1110': ['1110'], '1107': ['1107'], '1114': ['1114'], '1156': ['1156'], '1038': ['1038'], '1048': ['1048'], '1054': ['1054'], '1068': ['1068'], '1039': ['1039', '1097', '1112', '1035', '1111'], '1098': ['1098'], '1099': ['1099'], '1034': ['1034'], '1067': ['1067'], '1030': ['1030'], '1046': ['1046'], '1069': ['1069'], '1058': ['1058'], '1059': ['1059'], '1064': ['1064'], '1065': ['1065'], '1047': ['1047'], '1070': ['1070'], '1031': ['1031'], '1042': ['1042'], '1083': ['1083'], '1085': ['1085'], '1086': ['1086', '1089', '1044', '1087', '1090'], '1043': ['1043'], '1121': ['1121'], '1122': ['1122'], '1123': ['1123'], '1036': ['1036'], '1092': ['1092'], '1150': ['1150'], '1093': ['1093'], '1094': ['1094'], '1145': ['1145'], '1144': ['1144'], '1149': ['1149'], '1037': ['1037'], '1088': ['1088', '1142', '1141', '1143'], '1091': ['1091'], '1045': ['1045'], '1115': ['1115'], '1062': ['1062'], '1146': ['1146'], '1075': ['1075'], '1073': ['1073'], '1074': ['1074'], '1116': ['1116'], '1140': ['1140'], '1119': ['1119'], '1120': ['1120'], '1134': ['1134']})"
92,"defaultdict(<class 'list'>, {'1040': ['1040', '1080', '1081', '1082', '1078'], '1079': ['1079'], '1095': ['1095'], '1084': ['1084'], '1096': ['1096', '1138', '1135', '1137', '1139'], '1136': ['1136'], '1041': ['1041'], '1126': ['1126'], '1125': ['1125'], '1127': ['1127'], '1128': ['1128', '1131', '1132', '1130', '1133', '1129', '1120', '1134'], '1032': ['1032'], '1052': ['1052'], '1063': ['1063'], '1160': ['1160'], '1051': ['1051'], '1055': ['1055'], '1057': ['1057', '1060', '1061', '1058', '1059'], '1071': ['1071'], '1147': ['1147'], '1148': ['1148'], '1158': ['1158'], '1161': ['1161'], '1053': ['1053'], '1066': ['1066'], '1056': ['1056'], '1072': ['1072'], '1157': ['1157'], '1159': ['1159'], '1162': ['1162'], '1033': ['1033'], '1101': ['1101'], '1109': ['1109'], '1153': ['1153'], '1102': ['1102'], '1103': ['1103'], '1105': ['1105', '1106', '1113', '1107', '1114'], '1154': ['1154'], '1155': ['1155'], '1108': ['1108'], '1110': ['1110'], '1104': ['1104'], '1156': ['1156'], '1038': ['1038'], '1048': ['1048'], '1049': ['1049'], '1050': ['1050'], '1054': ['1054'], '1068': ['1068'], '1039': ['1039', '1097', '1098', '1099', '1035', '1112', '1111', '1117', '1118'], '1100': ['1100'], '1034': ['1034'], '1067': ['1067'], '1030': ['1030'], '1046': ['1046'], '1069': ['1069'], '1064': ['1064'], '1065': ['1065'], '1047': ['1047'], '1070': ['1070'], '1031': ['1031'], '1042': ['1042'], '1083': ['1083'], '1085': ['1085'], '1086': ['1086'], '1089': ['1089'], '1043': ['1043'], '1121': ['1121'], '1122': ['1122'], '1123': ['1123'], '1124': ['1124'], '1036': ['1036', '1092', '1150', '1151', '1149'], '1093': ['1093', '1094', '1144', '1037'], '1145': ['1145'], '1044': ['1044'], '1087': ['1087'], '1088': ['1088', '1142', '1141', '1143'], '1090': ['1090'], '1091': ['1091'], '1045': ['1045'], '1115': ['1115'], '1062': ['1062'], '1077': ['1077'], '1146': ['1146'], '1152': ['1152'], '1075': ['1075'], '1076': ['1076'], '1073': ['1073'], '1074': ['1074'], '1116': ['1116'], '1140': ['1140'], '1119': ['1119']})"
92,"defaultdict(<class 'list'>, {'1040': ['1040'], '1080': ['1080'], '1079': ['1079'], '1081': ['1081'], '1095': ['1095'], '1082': ['1082'], '1084': ['1084'], '1096': ['1096', '1138', '1135', '1137', '1139'], '1136': ['1136'], '1041': ['1041'], '1126': ['1126'], '1125': ['1125'], '1127': ['1127'], '1128': ['1128', '1129', '1132', '1130', '1134'], '1131': ['1131'], '1032': ['1032', '1052', '1063', '1053', '1049'], '1160': ['1160', '1147', '1161', '1145', '1146', '1162'], '1051': ['1051'], '1055': ['1055'], '1057': ['1057', '1060', '1061', '1058', '1059'], '1071': ['1071'], '1148': ['1148'], '1158': ['1158'], '1066': ['1066'], '1056': ['1056'], '1072': ['1072'], '1157': ['1157'], '1159': ['1159'], '1033': ['1033'], '1101': ['1101'], '1109': ['1109'], '1153': ['1153'], '1102': ['1102'], '1103': ['1103'], '1105': ['1105', '1106', '1113', '1107', '1114'], '1154': ['1154'], '1155': ['1155'], '1108': ['1108'], '1110': ['1110'], '1104': ['1104'], '1156': ['1156'], '1038': ['1038', '1048', '1068', '1034', '1067'], '1050': ['1050'], '1054': ['1054'], '1039': ['1039', '1097', '1112', '1035', '1111'], '1098': ['1098'], '1099': ['1099'], '1100': ['1100'], '1030': ['1030'], '1046': ['1046'], '1069': ['1069', '1064', '1065', '1070', '1031'], '1047': ['1047'], '1042': ['1042'], '1083': ['1083'], '1085': ['1085'], '1086': ['1086'], '1089': ['1089'], '1043': ['1043'], '1121': ['1121'], '1122': ['1122'], '1123': ['1123'], '1124': ['1124'], '1036': ['1036'], '1092': ['1092'], '1150': ['1150'], '1093': ['1093', '1094', '1144', '1149', '1037'], '1151': ['1151'], '1044': ['1044'], '1087': ['1087'], '1088': ['1088'], '1090': ['1090'], '1142': ['1142'], '1141': ['1141'], '1091': ['1091'], '1143': ['1143'], '1045': ['1045'], '1115': ['1115'], '1062': ['1062'], '1077': ['1077'], '1117': ['1117'], '1152': ['1152'], '1075': ['1075'], '1076': ['1076'], '1118': ['1118'], '1073': ['1073'], '1078': ['1078'], '1074': ['1074'], '1116': ['1116'], '1140': ['1140'], '1119': ['1119'], '1120': ['1120'], '1133': ['1133']})"
93,"defaultdict(<class 'list'>, {'1040': ['1040', '1080', '1081', '1095', '1082', '1084', '1042', '1083', '1085'], '1079': ['1079'], '1096': ['1096', '1138', '1135', '1137', '1139'], '1136': ['1136'], '1041': ['1041'], '1126': ['1126'], '1125': ['1125'], '1127': ['1127'], '1128': ['1128', '1129', '1132', '1130', '1134'], '1131': ['1131'], '1032': ['1032', '1052', '1051', '1053', '1049', '1050', '1063', '1055', '1054'], '1160': ['1160'], '1057': ['1057'], '1060': ['1060'], '1071': ['1071'], '1147': ['1147'], '1148': ['1148', '1158', '1157', '1159', '1156', '1153', '1154', '1155', '1152'], '1161': ['1161'], '1066': ['1066'], '1056': ['1056'], '1061': ['1061'], '1072': ['1072'], '1162': ['1162'], '1033': ['1033'], '1101': ['1101'], '1109': ['1109'], '1102': ['1102'], '1103': ['1103'], '1105': ['1105'], '1106': ['1106'], '1113': ['1113'], '1108': ['1108'], '1110': ['1110'], '1104': ['1104'], '1107': ['1107'], '1114': ['1114'], '1038': ['1038', '1048', '1068', '1034', '1067'], '1039': ['1039'], '1097': ['1097'], '1098': ['1098'], '1099': ['1099'], '1112': ['1112'], '1100': ['1100'], '1035': ['1035'], '1111': ['1111'], '1030': ['1030'], '1046': ['1046'], '1069': ['1069'], '1058': ['1058'], '1059': ['1059'], '1064': ['1064'], '1065': ['1065'], '1047': ['1047'], '1070': ['1070'], '1031': ['1031'], '1086': ['1086', '1089', '1044', '1087', '1090'], '1043': ['1043'], '1121': ['1121'], '1122': ['1122'], '1123': ['1123'], '1124': ['1124'], '1036': ['1036'], '1092': ['1092'], '1150': ['1150'], '1093': ['1093'], '1094': ['1094'], '1145': ['1145'], '1151': ['1151'], '1144': ['1144'], '1149': ['1149'], '1037': ['1037'], '1088': ['1088'], '1142': ['1142'], '1141': ['1141'], '1091': ['1091'], '1143': ['1143'], '1045': ['1045'], '1115': ['1115'], '1062': ['1062'], '1077': ['1077'], '1117': ['1117'], '1146': ['1146'], '1075': ['1075'], '1076': ['1076'], '1118': ['1118'], '1073': ['1073'], '1078': ['1078'], '1074': ['1074'], '1116': ['1116'], '1140': ['1140'], '1119': ['1119'], '1120': ['1120'], '1133': ['1133']})"
93,"defaultdict(<class 'list'>, {'1040': ['1040', '1080', '1079', '1081', '1078'], '1095': ['1095', '1082', '1084', '1083', '1085'], '1096': ['1096'], '1136': ['1136'], '1138': ['1138'], '1041': ['1041'], '1126': ['1126'], '1125': ['1125'], '1127': ['1127'], '1128': ['1128'], '1129': ['1129'], '1131': ['1131'], '1032': ['1032'], '1052': ['1052', '1053', '1049', '1050', '1054'], '1063': ['1063'], '1160': ['1160'], '1051': ['1051'], '1055': ['1055'], '1057': ['1057', '1060', '1061', '1058', '1059'], '1071': ['1071'], '1147': ['1147'], '1148': ['1148'], '1158': ['1158'], '1161': ['1161'], '1066': ['1066'], '1056': ['1056'], '1072': ['1072', '1075', '1076', '1073', '1074'], '1157': ['1157'], '1159': ['1159'], '1162': ['1162'], '1033': ['1033', '1101', '1109', '1153', '1100'], '1102': ['1102'], '1103': ['1103'], '1105': ['1105'], '1106': ['1106'], '1113': ['1113'], '1154': ['1154'], '1155': ['1155'], '1108': ['1108'], '1110': ['1110'], '1104': ['1104'], '1107': ['1107'], '1114': ['1114'], '1156': ['1156'], '1038': ['1038', '1048', '1068', '1034', '1067'], '1039': ['1039'], '1097': ['1097'], '1098': ['1098'], '1099': ['1099'], '1112': ['1112'], '1035': ['1035'], '1111': ['1111'], '1030': ['1030', '1046', '1069', '1047', '1070'], '1064': ['1064'], '1065': ['1065'], '1031': ['1031'], '1042': ['1042'], '1086': ['1086'], '1089': ['1089'], '1043': ['1043', '1121', '1122', '1123', '1045'], '1124': ['1124'], '1036': ['1036'], '1092': ['1092'], '1150': ['1150'], '1093': ['1093', '1094', '1144', '1149', '1037'], '1145': ['1145'], '1151': ['1151'], '1044': ['1044'], '1087': ['1087'], '1088': ['1088'], '1090': ['1090'], '1142': ['1142'], '1141': ['1141'], '1091': ['1091'], '1143': ['1143'], '1115': ['1115'], '1062': ['1062'], '1077': ['1077'], '1117': ['1117'], '1146': ['1146'], '1152': ['1152'], '1118': ['1118'], '1116': ['1116'], '1135': ['1135'], '1137': ['1137'], '1140': ['1140'], '1139': ['1139'], '1119': ['1119'], '1120': ['1120'], '1132': ['1132'], '1130': ['1130'], '1134': ['1134'], '1133': ['1133']})"
93,"defaultdict(<class 'list'>, {'1040': ['1040', '1080', '1079', '1081', '1078'], '1095': ['1095'], '1082': ['1082'], '1084': ['1084', '1042', '1085', '1086', '1087'], '1096': ['1096'], '1136': ['1136'], '1138': ['1138'], '1041': ['1041'], '1126': ['1126'], '1125': ['1125'], '1127': ['1127'], '1128': ['1128'], '1129': ['1129'], '1131': ['1131'], '1032': ['1032', '1052', '1063', '1053', '1049'], '1160': ['1160'], '1051': ['1051', '1038', '1048', '1050', '1034'], '1055': ['1055'], '1057': ['1057', '1060', '1071', '1061', '1072'], '1147': ['1147'], '1148': ['1148', '1158', '1157', '1159', '1156', '1153', '1154', '1155', '1152'], '1161': ['1161'], '1066': ['1066'], '1056': ['1056'], '1162': ['1162'], '1033': ['1033'], '1101': ['1101'], '1109': ['1109'], '1102': ['1102'], '1103': ['1103'], '1105': ['1105'], '1106': ['1106'], '1113': ['1113'], '1108': ['1108'], '1110': ['1110'], '1104': ['1104'], '1107': ['1107'], '1114': ['1114'], '1054': ['1054'], '1068': ['1068'], '1039': ['1039', '1097', '1098', '1099', '1035'], '1112': ['1112'], '1100': ['1100'], '1067': ['1067'], '1111': ['1111'], '1030': ['1030'], '1046': ['1046'], '1069': ['1069'], '1058': ['1058'], '1059': ['1059'], '1064': ['1064'], '1065': ['1065'], '1047': ['1047'], '1070': ['1070'], '1031': ['1031'], '1083': ['1083'], '1089': ['1089'], '1043': ['1043'], '1121': ['1121'], '1122': ['1122'], '1123': ['1123'], '1124': ['1124'], '1036': ['1036'], '1092': ['1092'], '1150': ['1150'], '1093': ['1093'], '1094': ['1094'], '1145': ['1145'], '1151': ['1151'], '1144': ['1144'], '1149': ['1149'], '1037': ['1037'], '1044': ['1044'], '1088': ['1088', '1142', '1141', '1143', '1140'], '1090': ['1090'], '1091': ['1091'], '1045': ['1045'], '1115': ['1115'], '1062': ['1062'], '1077': ['1077', '1075', '1076', '1073', '1074'], '1117': ['1117'], '1146': ['1146'], '1118': ['1118'], '1116': ['1116'], '1135': ['1135'], '1137': ['1137'], '1139': ['1139'], '1119': ['1119'], '1120': ['1120'], '1132': ['1132'], '1130': ['1130'], '1134': ['1134'], '1133': ['1133']})"
93,"defaultdict(<class 'list'>, {'1040': ['1040', '1080', '1079', '1081', '1078'], '1095': ['1095'], '1082': ['1082', '1084', '1042', '1083', '1085'], '1096': ['1096'], '1136': ['1136'], '1138': ['1138'], '1041': ['1041', '1126', '1125', '1127', '1124'], '1128': ['1128'], '1129': ['1129'], '1131': ['1131'], '1032': ['1032', '1052', '1063', '1053', '1049'], '1160': ['1160'], '1051': ['1051'], '1055': ['1055'], '1057': ['1057'], '1060': ['1060'], '1071': ['1071'], '1147': ['1147'], '1148': ['1148', '1158', '1157', '1159', '1156'], '1161': ['1161'], '1066': ['1066'], '1056': ['1056'], '1061': ['1061'], '1072': ['1072'], '1162': ['1162'], '1033': ['1033', '1109', '1153', '1155', '1152'], '1101': ['1101'], '1102': ['1102'], '1103': ['1103'], '1105': ['1105'], '1106': ['1106'], '1113': ['1113'], '1154': ['1154'], '1108': ['1108'], '1110': ['1110'], '1104': ['1104'], '1107': ['1107'], '1114': ['1114'], '1038': ['1038', '1048', '1068', '1034', '1067'], '1050': ['1050'], '1054': ['1054'], '1039': ['1039'], '1097': ['1097'], '1098': ['1098'], '1099': ['1099'], '1112': ['1112'], '1100': ['1100'], '1035': ['1035'], '1111': ['1111'], '1030': ['1030'], '1046': ['1046'], '1069': ['1069'], '1058': ['1058'], '1059': ['1059'], '1064': ['1064'], '1065': ['1065'], '1047': ['1047'], '1070': ['1070'], '1031': ['1031'], '1086': ['1086'], '1089': ['1089'], '1043': ['1043'], '1121': ['1121'], '1122': ['1122'], '1123': ['1123'], '1036': ['1036'], '1092': ['1092'], '1150': ['1150'], '1093': ['1093', '1094', '1151', '1149', '1037'], '1145': ['1145'], '1144': ['1144'], '1044': ['1044'], '1087': ['1087'], '1088': ['1088', '1142', '1141', '1143', '1139'], '1090': ['1090'], '1091': ['1091'], '1045': ['1045'], '1115': ['1115'], '1062': ['1062'], '1077': ['1077'], '1117': ['1117', '1118', '1116', '1119', '1120'], '1146': ['1146'], '1075': ['1075'], '1076': ['1076'], '1073': ['1073'], '1074': ['1074'], '1135': ['1135'], '1137': ['1137'], '1140': ['1140'], '1132': ['1132'], '1130': ['1130'], '1134': ['1134'], '1133': ['1133']})"
93,"defaultdict(<class 'list'>, {'1040': ['1040'], '1080': ['1080'], '1079': ['1079'], '1081': ['1081'], '1095': ['1095'], '1082': ['1082'], '1084': ['1084'], '1096': ['1096'], '1136': ['1136'], '1138': ['1138'], '1041': ['1041'], '1126': ['1126'], '1125': ['1125'], '1127': ['1127'], '1128': ['1128', '1129', '1132', '1130', '1134'], '1131': ['1131'], '1032': ['1032'], '1052': ['1052', '1053', '1049', '1050', '1054'], '1063': ['1063'], '1160': ['1160'], '1051': ['1051'], '1055': ['1055'], '1057': ['1057', '1060', '1061', '1058', '1059'], '1071': ['1071'], '1147': ['1147'], '1148': ['1148', '1158', '1157', '1159', '1156'], '1161': ['1161'], '1066': ['1066'], '1056': ['1056'], '1072': ['1072'], '1162': ['1162'], '1033': ['1033'], '1101': ['1101'], '1109': ['1109'], '1153': ['1153'], '1102': ['1102'], '1103': ['1103'], '1105': ['1105', '1106', '1113', '1107', '1114'], '1154': ['1154'], '1155': ['1155'], '1108': ['1108'], '1110': ['1110', '1111', '1064', '1065', '1031'], '1104': ['1104'], '1038': ['1038', '1048', '1068', '1034', '1067'], '1039': ['1039'], '1097': ['1097'], '1098': ['1098'], '1099': ['1099'], '1112': ['1112'], '1100': ['1100'], '1035': ['1035'], '1030': ['1030', '1046', '1069', '1047', '1070'], '1042': ['1042'], '1083': ['1083'], '1085': ['1085'], '1086': ['1086', '1089', '1044', '1087', '1090'], '1043': ['1043'], '1121': ['1121'], '1122': ['1122'], '1123': ['1123'], '1124': ['1124'], '1036': ['1036'], '1092': ['1092'], '1150': ['1150'], '1093': ['1093'], '1094': ['1094'], '1145': ['1145'], '1151': ['1151'], '1144': ['1144'], '1149': ['1149'], '1037': ['1037'], '1088': ['1088'], '1142': ['1142'], '1141': ['1141'], '1091': ['1091'], '1143': ['1143'], '1045': ['1045'], '1115': ['1115', '1118', '1116', '1119', '1120'], '1062': ['1062'], '1077': ['1077'], '1117': ['1117'], '1146': ['1146'], '1152': ['1152'], '1075': ['1075'], '1076': ['1076'], '1073': ['1073'], '1078': ['1078'], '1074': ['1074'], '1135': ['1135'], '1137': ['1137'], '1140': ['1140'], '1139': ['1139'], '1133': ['1133']})"
93,"defaultdict(<class 'list'>, {'1040': ['1040', '1080', '1079', '1081', '1078'], '1095': ['1095'], '1082': ['1082', '1084', '1042', '1083', '1085'], '1096': ['1096', '1138', '1135', '1137', '1139'], '1136': ['1136'], '1041': ['1041'], '1126': ['1126'], '1125': ['1125'], '1127': ['1127'], '1128': ['1128', '1131', '1132', '1130', '1133'], '1129': ['1129'], '1032': ['1032'], '1052': ['1052'], '1063': ['1063'], '1160': ['1160'], '1051': ['1051'], '1055': ['1055'], '1057': ['1057'], '1060': ['1060'], '1071': ['1071'], '1147': ['1147', '1036', '1092', '1145', '1146'], '1148': ['1148'], '1158': ['1158'], '1161': ['1161'], '1053': ['1053'], '1066': ['1066'], '1056': ['1056'], '1061': ['1061'], '1072': ['1072'], '1157': ['1157'], '1159': ['1159'], '1162': ['1162'], '1033': ['1033'], '1101': ['1101'], '1109': ['1109'], '1153': ['1153'], '1102': ['1102'], '1103': ['1103'], '1105': ['1105'], '1106': ['1106'], '1113': ['1113'], '1154': ['1154'], '1155': ['1155'], '1108': ['1108'], '1110': ['1110', '1111', '1064', '1065', '1031'], '1104': ['1104'], '1107': ['1107'], '1114': ['1114'], '1156': ['1156'], '1038': ['1038'], '1048': ['1048'], '1049': ['1049'], '1050': ['1050'], '1054': ['1054'], '1068': ['1068'], '1039': ['1039', '1097', '1098', '1099', '1035'], '1112': ['1112'], '1100': ['1100'], '1034': ['1034'], '1067': ['1067'], '1030': ['1030', '1046', '1069', '1047', '1070'], '1058': ['1058'], '1059': ['1059'], '1086': ['1086'], '1089': ['1089'], '1043': ['1043'], '1121': ['1121'], '1122': ['1122'], '1123': ['1123'], '1124': ['1124'], '1150': ['1150'], '1093': ['1093', '1094', '1151', '1149', '1037'], '1144': ['1144'], '1044': ['1044'], '1087': ['1087'], '1088': ['1088'], '1090': ['1090'], '1142': ['1142'], '1141': ['1141'], '1091': ['1091'], '1143': ['1143'], '1045': ['1045'], '1115': ['1115'], '1062': ['1062'], '1077': ['1077'], '1117': ['1117', '1118', '1116', '1119', '1120'], '1152': ['1152'], '1075': ['1075'], '1076': ['1076'], '1073': ['1073'], '1074': ['1074'], '1140': ['1140'], '1134': ['1134']})"
93,"defaultdict(<class 'list'>, {'1040': ['1040', '1080', '1079', '1081', '1078'], '1095': ['1095'], '1082': ['1082'], '1084': ['1084'], '1096': ['1096'], '1136': ['1136'], '1138': ['1138'], '1041': ['1041'], '1126': ['1126'], '1125': ['1125'], '1127': ['1127'], '1128': ['1128'], '1129': ['1129'], '1131': ['1131'], '1032': ['1032'], '1052': ['1052'], '1063': ['1063'], '1160': ['1160'], '1051': ['1051'], '1055': ['1055'], '1057': ['1057'], '1060': ['1060'], '1071': ['1071'], '1147': ['1147'], '1148': ['1148', '1158', '1157', '1159', '1156'], '1161': ['1161'], '1053': ['1053'], '1066': ['1066'], '1056': ['1056'], '1061': ['1061'], '1072': ['1072'], '1162': ['1162'], '1033': ['1033', '1153', '1154', '1155', '1152'], '1101': ['1101', '1102', '1098', '1099', '1100'], '1109': ['1109'], '1103': ['1103'], '1105': ['1105'], '1106': ['1106'], '1113': ['1113'], '1108': ['1108'], '1110': ['1110'], '1104': ['1104'], '1107': ['1107'], '1114': ['1114', '1030', '1046', '1069', '1064', '1065', '1070', '1031', '1047'], '1038': ['1038', '1048', '1068', '1034', '1067'], '1049': ['1049'], '1050': ['1050'], '1054': ['1054'], '1039': ['1039'], '1097': ['1097'], '1112': ['1112'], '1035': ['1035'], '1111': ['1111'], '1058': ['1058'], '1059': ['1059'], '1042': ['1042'], '1083': ['1083'], '1085': ['1085'], '1086': ['1086'], '1089': ['1089'], '1043': ['1043'], '1121': ['1121'], '1122': ['1122'], '1123': ['1123'], '1124': ['1124'], '1036': ['1036'], '1092': ['1092'], '1150': ['1150'], '1093': ['1093', '1094', '1151', '1149', '1037'], '1145': ['1145'], '1144': ['1144'], '1044': ['1044'], '1087': ['1087'], '1088': ['1088', '1142', '1141', '1143', '1140'], '1090': ['1090'], '1091': ['1091'], '1045': ['1045'], '1115': ['1115'], '1062': ['1062'], '1077': ['1077', '1075', '1076', '1073', '1074'], '1117': ['1117'], '1146': ['1146'], '1118': ['1118'], '1116': ['1116'], '1135': ['1135'], '1137': ['1137'], '1139': ['1139'], '1119': ['1119'], '1120': ['1120'], '1132': ['1132'], '1130': ['1130'], '1134': ['1134'], '1133': ['1133']})"
93,"defaultdict(<class 'list'>, {'1040': ['1040', '1080', '1079', '1081', '1078', '1077', '1075', '1076', '1074'], '1095': ['1095'], '1082': ['1082'], '1084': ['1084'], '1096': ['1096'], '1136': ['1136'], '1138': ['1138'], '1041': ['1041'], '1126': ['1126'], '1125': ['1125'], '1127': ['1127'], '1128': ['1128', '1129', '1132', '1130', '1134'], '1131': ['1131'], '1032': ['1032'], '1052': ['1052'], '1063': ['1063'], '1160': ['1160'], '1051': ['1051'], '1055': ['1055'], '1057': ['1057', '1060', '1071', '1061', '1105', '1106', '1107', '1058', '1059'], '1147': ['1147', '1148', '1158', '1157', '1159'], '1161': ['1161'], '1053': ['1053'], '1066': ['1066'], '1056': ['1056'], '1072': ['1072'], '1162': ['1162'], '1033': ['1033'], '1101': ['1101'], '1109': ['1109'], '1153': ['1153'], '1102': ['1102'], '1103': ['1103'], '1113': ['1113'], '1154': ['1154'], '1155': ['1155'], '1108': ['1108'], '1110': ['1110'], '1104': ['1104'], '1114': ['1114'], '1156': ['1156'], '1038': ['1038', '1048', '1068', '1034', '1067'], '1049': ['1049'], '1050': ['1050'], '1054': ['1054'], '1039': ['1039', '1097', '1112', '1035', '1111'], '1098': ['1098'], '1099': ['1099'], '1100': ['1100'], '1030': ['1030'], '1046': ['1046'], '1069': ['1069'], '1064': ['1064'], '1065': ['1065'], '1047': ['1047'], '1070': ['1070'], '1031': ['1031'], '1042': ['1042'], '1083': ['1083'], '1085': ['1085'], '1086': ['1086'], '1089': ['1089'], '1043': ['1043'], '1121': ['1121'], '1122': ['1122'], '1123': ['1123'], '1124': ['1124'], '1036': ['1036'], '1092': ['1092'], '1150': ['1150'], '1093': ['1093'], '1094': ['1094'], '1145': ['1145'], '1151': ['1151'], '1144': ['1144'], '1149': ['1149'], '1037': ['1037'], '1044': ['1044'], '1087': ['1087'], '1088': ['1088', '1142', '1141', '1143', '1140'], '1090': ['1090'], '1091': ['1091'], '1045': ['1045'], '1115': ['1115'], '1062': ['1062'], '1117': ['1117', '1118', '1116', '1119', '1120'], '1146': ['1146'], '1152': ['1152'], '1073': ['1073'], '1135': ['1135'], '1137': ['1137'], '1139': ['1139'], '1133': ['1133']})"
93,"defaultdict(<class 'list'>, {'1040': ['1040', '1080', '1081', '1082', '1078'], '1079': ['1079'], '1095': ['1095'], '1084': ['1084'], '1096': ['1096'], '1136': ['1136'], '1138': ['1138'], '1041': ['1041'], '1126': ['1126'], '1125': ['1125'], '1127': ['1127'], '1128': ['1128'], '1129': ['1129'], '1131': ['1131'], '1032': ['1032'], '1052': ['1052'], '1063': ['1063'], '1160': ['1160'], '1051': ['1051'], '1055': ['1055'], '1057': ['1057', '1060', '1061', '1058', '1059'], '1071': ['1071'], '1147': ['1147'], '1148': ['1148'], '1158': ['1158'], '1161': ['1161'], '1053': ['1053'], '1066': ['1066', '1038', '1048', '1068', '1067'], '1056': ['1056', '1077', '1075', '1076', '1074'], '1072': ['1072'], '1157': ['1157'], '1159': ['1159'], '1162': ['1162'], '1033': ['1033'], '1101': ['1101'], '1109': ['1109'], '1153': ['1153', '1154', '1155', '1156', '1152'], '1102': ['1102', '1103', '1104', '1117', '1118'], '1105': ['1105'], '1106': ['1106'], '1113': ['1113'], '1108': ['1108'], '1110': ['1110'], '1107': ['1107'], '1114': ['1114', '1030', '1046', '1069', '1064', '1065', '1070', '1031', '1047'], '1049': ['1049'], '1050': ['1050'], '1054': ['1054'], '1039': ['1039'], '1097': ['1097'], '1098': ['1098'], '1099': ['1099'], '1112': ['1112'], '1100': ['1100'], '1034': ['1034'], '1035': ['1035'], '1111': ['1111'], '1042': ['1042'], '1083': ['1083'], '1085': ['1085'], '1086': ['1086', '1089', '1087', '1090', '1091'], '1043': ['1043'], '1121': ['1121'], '1122': ['1122'], '1123': ['1123'], '1124': ['1124'], '1036': ['1036'], '1092': ['1092'], '1150': ['1150'], '1093': ['1093'], '1094': ['1094'], '1145': ['1145'], '1151': ['1151'], '1144': ['1144'], '1149': ['1149'], '1037': ['1037'], '1044': ['1044'], '1088': ['1088', '1142', '1141', '1143', '1139'], '1045': ['1045'], '1115': ['1115'], '1062': ['1062'], '1146': ['1146'], '1073': ['1073'], '1116': ['1116'], '1135': ['1135'], '1137': ['1137'], '1140': ['1140'], '1119': ['1119'], '1120': ['1120'], '1132': ['1132'], '1130': ['1130'], '1134': ['1134'], '1133': ['1133']})"
93,"defaultdict(<class 'list'>, {'1040': ['1040'], '1080': ['1080'], '1079': ['1079'], '1081': ['1081'], '1095': ['1095'], '1082': ['1082'], '1084': ['1084', '1042', '1085', '1086', '1087'], '1096': ['1096'], '1136': ['1136'], '1138': ['1138'], '1041': ['1041'], '1126': ['1126'], '1125': ['1125'], '1127': ['1127'], '1128': ['1128'], '1129': ['1129'], '1131': ['1131'], '1032': ['1032'], '1052': ['1052'], '1063': ['1063'], '1160': ['1160'], '1051': ['1051'], '1055': ['1055'], '1057': ['1057'], '1060': ['1060'], '1071': ['1071'], '1147': ['1147'], '1148': ['1148'], '1158': ['1158'], '1161': ['1161'], '1053': ['1053'], '1066': ['1066'], '1056': ['1056'], '1061': ['1061'], '1072': ['1072'], '1157': ['1157'], '1159': ['1159'], '1162': ['1162'], '1033': ['1033', '1101', '1102', '1098', '1099', '1100', '1103', '1108', '1107'], '1109': ['1109'], '1153': ['1153', '1154', '1155', '1156', '1152'], '1105': ['1105'], '1106': ['1106'], '1113': ['1113'], '1110': ['1110'], '1104': ['1104'], '1114': ['1114'], '1038': ['1038'], '1048': ['1048'], '1049': ['1049'], '1050': ['1050'], '1054': ['1054'], '1068': ['1068'], '1039': ['1039', '1097', '1112', '1035', '1111'], '1034': ['1034'], '1067': ['1067'], '1030': ['1030'], '1046': ['1046'], '1069': ['1069'], '1058': ['1058'], '1059': ['1059'], '1064': ['1064'], '1065': ['1065'], '1047': ['1047'], '1070': ['1070'], '1031': ['1031'], '1083': ['1083'], '1089': ['1089', '1149', '1044', '1090', '1091'], '1043': ['1043', '1121', '1122', '1123', '1045'], '1124': ['1124'], '1036': ['1036'], '1092': ['1092'], '1150': ['1150'], '1093': ['1093'], '1094': ['1094'], '1145': ['1145'], '1151': ['1151'], '1144': ['1144'], '1037': ['1037'], '1088': ['1088', '1142', '1141', '1143', '1139'], '1115': ['1115'], '1062': ['1062'], '1077': ['1077', '1075', '1076', '1073', '1074'], '1117': ['1117', '1118', '1116', '1119', '1120'], '1146': ['1146'], '1078': ['1078'], '1135': ['1135'], '1137': ['1137'], '1140': ['1140'], '1132': ['1132'], '1130': ['1130'], '1134': ['1134'], '1133': ['1133']})"
93,"defaultdict(<class 'list'>, {'1040': ['1040'], '1080': ['1080'], '1079': ['1079'], '1081': ['1081'], '1095': ['1095'], '1082': ['1082', '1084', '1042', '1083', '1085'], '1096': ['1096'], '1136': ['1136'], '1138': ['1138'], '1041': ['1041'], '1126': ['1126'], '1125': ['1125'], '1127': ['1127'], '1128': ['1128', '1131', '1132', '1130', '1133'], '1129': ['1129'], '1032': ['1032'], '1052': ['1052'], '1063': ['1063'], '1160': ['1160'], '1051': ['1051'], '1055': ['1055'], '1057': ['1057'], '1060': ['1060'], '1071': ['1071'], '1147': ['1147'], '1148': ['1148', '1158', '1157', '1159', '1156'], '1161': ['1161'], '1053': ['1053'], '1066': ['1066'], '1056': ['1056'], '1061': ['1061'], '1072': ['1072'], '1162': ['1162'], '1033': ['1033', '1153', '1154', '1155', '1152'], '1101': ['1101'], '1109': ['1109'], '1102': ['1102'], '1103': ['1103'], '1105': ['1105', '1106', '1107', '1058', '1059'], '1113': ['1113'], '1108': ['1108'], '1110': ['1110'], '1104': ['1104'], '1114': ['1114'], '1038': ['1038', '1048', '1068', '1034', '1067'], '1049': ['1049'], '1050': ['1050'], '1054': ['1054'], '1039': ['1039', '1097', '1098', '1099', '1035'], '1112': ['1112'], '1100': ['1100'], '1111': ['1111'], '1030': ['1030'], '1046': ['1046'], '1069': ['1069'], '1064': ['1064'], '1065': ['1065'], '1047': ['1047'], '1070': ['1070'], '1031': ['1031'], '1086': ['1086', '1089', '1044', '1087', '1090'], '1043': ['1043', '1121', '1122', '1123', '1045'], '1124': ['1124'], '1036': ['1036', '1092', '1150', '1151', '1149'], '1093': ['1093'], '1094': ['1094'], '1145': ['1145'], '1144': ['1144'], '1037': ['1037'], '1088': ['1088'], '1142': ['1142'], '1141': ['1141'], '1091': ['1091'], '1143': ['1143'], '1115': ['1115'], '1062': ['1062'], '1077': ['1077'], '1117': ['1117'], '1146': ['1146'], '1075': ['1075'], '1076': ['1076'], '1118': ['1118'], '1073': ['1073'], '1078': ['1078'], '1074': ['1074'], '1116': ['1116'], '1135': ['1135'], '1137': ['1137'], '1140': ['1140'], '1139': ['1139'], '1119': ['1119'], '1120': ['1120'], '1134': ['1134']})"
93,"defaultdict(<class 'list'>, {'1040': ['1040', '1080', '1079', '1081', '1078'], '1095': ['1095'], '1082': ['1082', '1084', '1042', '1083', '1085'], '1096': ['1096', '1136', '1135', '1137', '1140'], '1138': ['1138'], '1041': ['1041'], '1126': ['1126'], '1125': ['1125'], '1127': ['1127'], '1128': ['1128'], '1129': ['1129'], '1131': ['1131'], '1032': ['1032', '1052', '1063', '1053', '1049'], '1160': ['1160', '1147', '1161', '1162', '1146'], '1051': ['1051'], '1055': ['1055'], '1057': ['1057'], '1060': ['1060'], '1071': ['1071'], '1148': ['1148'], '1158': ['1158'], '1066': ['1066'], '1056': ['1056'], '1061': ['1061'], '1072': ['1072'], '1157': ['1157'], '1159': ['1159'], '1033': ['1033'], '1101': ['1101'], '1109': ['1109'], '1153': ['1153'], '1102': ['1102'], '1103': ['1103'], '1105': ['1105'], '1106': ['1106'], '1113': ['1113'], '1154': ['1154', '1036', '1150', '1151', '1152'], '1155': ['1155'], '1108': ['1108'], '1110': ['1110', '1039', '1097', '1098', '1099', '1035', '1112', '1111', '1117'], '1104': ['1104'], '1107': ['1107'], '1114': ['1114', '1115', '1118', '1116', '1119'], '1156': ['1156'], '1038': ['1038'], '1048': ['1048'], '1050': ['1050'], '1054': ['1054'], '1068': ['1068', '1077', '1075', '1076', '1074'], '1100': ['1100'], '1034': ['1034'], '1067': ['1067'], '1030': ['1030'], '1046': ['1046'], '1069': ['1069'], '1058': ['1058'], '1059': ['1059'], '1064': ['1064'], '1065': ['1065'], '1047': ['1047'], '1070': ['1070'], '1031': ['1031'], '1086': ['1086'], '1089': ['1089'], '1043': ['1043'], '1121': ['1121'], '1122': ['1122'], '1123': ['1123'], '1124': ['1124'], '1092': ['1092'], '1093': ['1093'], '1094': ['1094'], '1145': ['1145'], '1144': ['1144'], '1149': ['1149'], '1037': ['1037'], '1044': ['1044'], '1087': ['1087'], '1088': ['1088'], '1090': ['1090'], '1142': ['1142'], '1141': ['1141'], '1091': ['1091'], '1143': ['1143'], '1045': ['1045'], '1062': ['1062'], '1073': ['1073'], '1139': ['1139'], '1120': ['1120'], '1132': ['1132'], '1130': ['1130'], '1134': ['1134'], '1133': ['1133']})"
93,"defaultdict(<class 'list'>, {'1040': ['1040'], '1080': ['1080'], '1079': ['1079'], '1081': ['1081'], '1095': ['1095'], '1082': ['1082', '1084', '1042', '1083', '1085'], '1096': ['1096', '1138', '1135', '1137', '1139'], '1136': ['1136'], '1041': ['1041', '1126', '1125', '1127', '1124'], '1128': ['1128'], '1129': ['1129'], '1131': ['1131'], '1032': ['1032'], '1052': ['1052'], '1063': ['1063'], '1160': ['1160'], '1051': ['1051'], '1055': ['1055'], '1057': ['1057'], '1060': ['1060'], '1071': ['1071'], '1147': ['1147'], '1148': ['1148'], '1158': ['1158'], '1161': ['1161'], '1053': ['1053'], '1066': ['1066'], '1056': ['1056', '1077', '1075', '1076', '1074'], '1061': ['1061'], '1072': ['1072'], '1157': ['1157'], '1159': ['1159'], '1162': ['1162'], '1033': ['1033'], '1101': ['1101', '1102', '1098', '1099', '1100'], '1109': ['1109'], '1153': ['1153'], '1103': ['1103'], '1105': ['1105', '1106', '1107', '1058', '1059', '1113', '1108', '1114', '1115'], '1154': ['1154'], '1155': ['1155'], '1110': ['1110', '1111', '1064', '1065', '1031'], '1104': ['1104'], '1156': ['1156'], '1038': ['1038'], '1048': ['1048'], '1049': ['1049'], '1050': ['1050'], '1054': ['1054'], '1068': ['1068'], '1039': ['1039'], '1097': ['1097'], '1112': ['1112'], '1034': ['1034'], '1067': ['1067'], '1035': ['1035'], '1030': ['1030'], '1046': ['1046'], '1069': ['1069'], '1047': ['1047'], '1070': ['1070'], '1086': ['1086'], '1089': ['1089'], '1043': ['1043'], '1121': ['1121'], '1122': ['1122'], '1123': ['1123'], '1036': ['1036'], '1092': ['1092'], '1150': ['1150'], '1093': ['1093'], '1094': ['1094'], '1145': ['1145'], '1151': ['1151'], '1144': ['1144'], '1149': ['1149'], '1037': ['1037'], '1044': ['1044'], '1087': ['1087'], '1088': ['1088', '1142', '1141', '1143', '1140'], '1090': ['1090'], '1091': ['1091'], '1045': ['1045'], '1062': ['1062'], '1117': ['1117', '1118', '1116', '1119', '1120'], '1146': ['1146'], '1152': ['1152'], '1073': ['1073'], '1078': ['1078'], '1132': ['1132'], '1130': ['1130'], '1134': ['1134'], '1133': ['1133']})"
93,"defaultdict(<class 'list'>, {'1040': ['1040'], '1080': ['1080'], '1079': ['1079'], '1081': ['1081'], '1095': ['1095'], '1082': ['1082'], '1084': ['1084'], '1096': ['1096'], '1136': ['1136'], '1138': ['1138'], '1041': ['1041', '1126', '1125', '1127', '1124'], '1128': ['1128', '1131', '1132', '1130', '1133'], '1129': ['1129'], '1032': ['1032', '1160', '1161', '1162', '1146'], '1052': ['1052'], '1063': ['1063'], '1051': ['1051'], '1055': ['1055'], '1057': ['1057'], '1060': ['1060'], '1071': ['1071'], '1147': ['1147'], '1148': ['1148'], '1158': ['1158'], '1053': ['1053'], '1066': ['1066', '1038', '1048', '1068', '1034', '1067', '1064', '1065', '1031'], '1056': ['1056'], '1061': ['1061'], '1072': ['1072'], '1157': ['1157'], '1159': ['1159'], '1033': ['1033'], '1101': ['1101', '1102', '1098', '1099', '1100'], '1109': ['1109'], '1153': ['1153', '1154', '1155', '1151', '1152'], '1103': ['1103'], '1105': ['1105'], '1106': ['1106'], '1113': ['1113'], '1108': ['1108'], '1110': ['1110'], '1104': ['1104', '1030', '1046', '1047', '1117'], '1107': ['1107'], '1114': ['1114'], '1156': ['1156'], '1049': ['1049'], '1050': ['1050'], '1054': ['1054'], '1039': ['1039'], '1097': ['1097'], '1112': ['1112'], '1035': ['1035'], '1111': ['1111'], '1069': ['1069'], '1058': ['1058'], '1059': ['1059'], '1070': ['1070'], '1042': ['1042'], '1083': ['1083'], '1085': ['1085'], '1086': ['1086', '1087', '1088', '1141', '1143'], '1089': ['1089'], '1043': ['1043'], '1121': ['1121'], '1122': ['1122'], '1123': ['1123'], '1036': ['1036'], '1092': ['1092'], '1150': ['1150'], '1093': ['1093'], '1094': ['1094'], '1145': ['1145'], '1144': ['1144'], '1149': ['1149'], '1037': ['1037'], '1044': ['1044'], '1090': ['1090'], '1142': ['1142'], '1091': ['1091'], '1045': ['1045'], '1115': ['1115'], '1062': ['1062'], '1077': ['1077', '1075', '1076', '1073', '1074'], '1118': ['1118'], '1078': ['1078'], '1116': ['1116'], '1135': ['1135'], '1137': ['1137'], '1140': ['1140'], '1139': ['1139'], '1119': ['1119'], '1120': ['1120'], '1134': ['1134']})"
93,"defaultdict(<class 'list'>, {'1040': ['1040'], '1080': ['1080', '1079', '1077', '1076', '1078'], '1081': ['1081', '1082', '1084', '1042', '1083'], '1095': ['1095'], '1096': ['1096', '1138', '1135', '1137', '1139'], '1136': ['1136'], '1041': ['1041', '1126', '1125', '1127', '1124', '1129', '1122', '1123', '1045'], '1128': ['1128'], '1131': ['1131'], '1032': ['1032', '1052', '1063', '1053', '1049'], '1160': ['1160'], '1051': ['1051'], '1055': ['1055'], '1057': ['1057'], '1060': ['1060'], '1071': ['1071'], '1147': ['1147'], '1148': ['1148', '1158', '1157', '1159', '1156'], '1161': ['1161'], '1066': ['1066'], '1056': ['1056'], '1061': ['1061'], '1072': ['1072'], '1162': ['1162'], '1033': ['1033', '1109', '1153', '1155', '1152'], '1101': ['1101'], '1102': ['1102'], '1103': ['1103'], '1105': ['1105'], '1106': ['1106'], '1113': ['1113'], '1154': ['1154'], '1108': ['1108'], '1110': ['1110'], '1104': ['1104'], '1107': ['1107'], '1114': ['1114'], '1038': ['1038'], '1048': ['1048'], '1050': ['1050'], '1054': ['1054'], '1068': ['1068'], '1039': ['1039', '1097', '1098', '1099', '1035'], '1112': ['1112'], '1100': ['1100'], '1034': ['1034'], '1067': ['1067'], '1111': ['1111'], '1030': ['1030'], '1046': ['1046'], '1069': ['1069'], '1058': ['1058'], '1059': ['1059'], '1064': ['1064'], '1065': ['1065'], '1047': ['1047'], '1070': ['1070'], '1031': ['1031'], '1085': ['1085'], '1086': ['1086', '1089', '1044', '1087', '1090'], '1043': ['1043'], '1121': ['1121'], '1036': ['1036'], '1092': ['1092'], '1150': ['1150'], '1093': ['1093'], '1094': ['1094'], '1145': ['1145'], '1151': ['1151'], '1144': ['1144'], '1149': ['1149'], '1037': ['1037'], '1088': ['1088'], '1142': ['1142'], '1141': ['1141'], '1091': ['1091'], '1143': ['1143'], '1115': ['1115'], '1062': ['1062'], '1117': ['1117'], '1146': ['1146'], '1075': ['1075'], '1118': ['1118'], '1073': ['1073'], '1074': ['1074'], '1116': ['1116'], '1140': ['1140'], '1119': ['1119'], '1120': ['1120'], '1132': ['1132'], '1130': ['1130'], '1134': ['1134'], '1133': ['1133']})"
93,"defaultdict(<class 'list'>, {'1040': ['1040'], '1080': ['1080'], '1079': ['1079'], '1081': ['1081'], '1095': ['1095'], '1082': ['1082'], '1084': ['1084'], '1096': ['1096'], '1136': ['1136'], '1138': ['1138'], '1041': ['1041'], '1126': ['1126'], '1125': ['1125'], '1127': ['1127'], '1128': ['1128'], '1129': ['1129'], '1131': ['1131'], '1032': ['1032', '1160', '1161', '1162', '1146'], '1052': ['1052'], '1063': ['1063'], '1051': ['1051'], '1055': ['1055'], '1057': ['1057'], '1060': ['1060'], '1071': ['1071'], '1147': ['1147'], '1148': ['1148'], '1158': ['1158'], '1053': ['1053'], '1066': ['1066'], '1056': ['1056'], '1061': ['1061'], '1072': ['1072'], '1157': ['1157'], '1159': ['1159'], '1033': ['1033'], '1101': ['1101', '1102', '1098', '1099', '1100'], '1109': ['1109'], '1153': ['1153'], '1103': ['1103'], '1105': ['1105'], '1106': ['1106'], '1113': ['1113'], '1154': ['1154'], '1155': ['1155'], '1108': ['1108'], '1110': ['1110'], '1104': ['1104'], '1107': ['1107'], '1114': ['1114'], '1156': ['1156'], '1038': ['1038', '1048', '1068', '1034', '1067'], '1049': ['1049'], '1050': ['1050'], '1054': ['1054'], '1039': ['1039', '1097', '1112', '1035', '1111'], '1030': ['1030'], '1046': ['1046'], '1069': ['1069', '1064', '1065', '1070', '1031'], '1058': ['1058'], '1059': ['1059'], '1047': ['1047'], '1042': ['1042'], '1083': ['1083'], '1085': ['1085'], '1086': ['1086'], '1089': ['1089'], '1043': ['1043', '1121', '1122', '1123', '1045'], '1124': ['1124'], '1036': ['1036', '1092', '1150', '1093', '1094', '1151', '1149', '1037', '1144'], '1145': ['1145'], '1044': ['1044'], '1087': ['1087'], '1088': ['1088', '1142', '1141', '1143', '1140'], '1090': ['1090'], '1091': ['1091'], '1115': ['1115'], '1062': ['1062'], '1077': ['1077'], '1117': ['1117', '1118', '1116', '1119', '1120'], '1152': ['1152'], '1075': ['1075'], '1076': ['1076'], '1073': ['1073'], '1078': ['1078'], '1074': ['1074'], '1135': ['1135'], '1137': ['1137'], '1139': ['1139'], '1132': ['1132'], '1130': ['1130'], '1134': ['1134'], '1133': ['1133']})"
93,"defaultdict(<class 'list'>, {'1040': ['1040'], '1080': ['1080'], '1079': ['1079'], '1081': ['1081'], '1095': ['1095'], '1082': ['1082', '1084', '1042', '1083', '1085'], '1096': ['1096', '1138', '1135', '1137', '1139'], '1136': ['1136'], '1041': ['1041'], '1126': ['1126'], '1125': ['1125'], '1127': ['1127'], '1128': ['1128'], '1129': ['1129'], '1131': ['1131'], '1032': ['1032', '1160', '1161', '1162', '1146'], '1052': ['1052', '1053', '1049', '1050', '1054'], '1063': ['1063'], '1051': ['1051'], '1055': ['1055'], '1057': ['1057'], '1060': ['1060'], '1071': ['1071'], '1147': ['1147'], '1148': ['1148'], '1158': ['1158'], '1066': ['1066'], '1056': ['1056'], '1061': ['1061'], '1072': ['1072'], '1157': ['1157'], '1159': ['1159'], '1033': ['1033'], '1101': ['1101'], '1109': ['1109'], '1153': ['1153'], '1102': ['1102'], '1103': ['1103'], '1105': ['1105', '1106', '1107', '1058', '1059'], '1113': ['1113'], '1154': ['1154'], '1155': ['1155'], '1108': ['1108'], '1110': ['1110'], '1104': ['1104'], '1114': ['1114'], '1156': ['1156'], '1038': ['1038', '1048', '1068', '1034', '1067'], '1039': ['1039', '1097', '1098', '1099', '1035'], '1112': ['1112'], '1100': ['1100'], '1111': ['1111'], '1030': ['1030'], '1046': ['1046'], '1069': ['1069'], '1064': ['1064'], '1065': ['1065'], '1047': ['1047'], '1070': ['1070'], '1031': ['1031'], '1086': ['1086', '1087', '1088', '1141', '1143'], '1089': ['1089'], '1043': ['1043', '1121', '1122', '1123', '1045'], '1124': ['1124'], '1036': ['1036'], '1092': ['1092'], '1150': ['1150'], '1093': ['1093', '1094', '1151', '1149', '1037'], '1145': ['1145'], '1144': ['1144'], '1044': ['1044'], '1090': ['1090'], '1142': ['1142'], '1091': ['1091'], '1115': ['1115'], '1062': ['1062'], '1077': ['1077'], '1117': ['1117'], '1152': ['1152'], '1075': ['1075'], '1076': ['1076'], '1118': ['1118'], '1073': ['1073'], '1078': ['1078'], '1074': ['1074'], '1116': ['1116'], '1140': ['1140'], '1119': ['1119'], '1120': ['1120'], '1132': ['1132'], '1130': ['1130'], '1134': ['1134'], '1133': ['1133']})"
93,"defaultdict(<class 'list'>, {'1040': ['1040', '1080', '1079', '1081', '1078'], '1095': ['1095'], '1082': ['1082', '1084', '1042', '1083', '1085'], '1096': ['1096'], '1136': ['1136'], '1138': ['1138'], '1041': ['1041'], '1126': ['1126'], '1125': ['1125'], '1127': ['1127'], '1128': ['1128', '1131', '1132', '1130', '1133'], '1129': ['1129'], '1032': ['1032'], '1052': ['1052'], '1063': ['1063'], '1160': ['1160'], '1051': ['1051'], '1055': ['1055'], '1057': ['1057'], '1060': ['1060'], '1071': ['1071'], '1147': ['1147'], '1148': ['1148', '1158', '1157', '1159', '1156'], '1161': ['1161'], '1053': ['1053'], '1066': ['1066'], '1056': ['1056'], '1061': ['1061'], '1072': ['1072'], '1162': ['1162'], '1033': ['1033', '1153', '1154', '1155', '1152'], '1101': ['1101'], '1109': ['1109'], '1102': ['1102', '1103', '1104', '1117', '1118'], '1105': ['1105', '1106', '1107', '1058', '1059'], '1113': ['1113'], '1108': ['1108'], '1110': ['1110'], '1114': ['1114'], '1038': ['1038'], '1048': ['1048'], '1049': ['1049'], '1050': ['1050'], '1054': ['1054'], '1068': ['1068', '1077', '1075', '1076', '1074'], '1039': ['1039', '1097', '1098', '1099', '1035'], '1112': ['1112'], '1100': ['1100'], '1034': ['1034'], '1067': ['1067'], '1111': ['1111'], '1030': ['1030'], '1046': ['1046'], '1069': ['1069'], '1064': ['1064'], '1065': ['1065'], '1047': ['1047'], '1070': ['1070'], '1031': ['1031'], '1086': ['1086'], '1089': ['1089'], '1043': ['1043'], '1121': ['1121'], '1122': ['1122'], '1123': ['1123'], '1124': ['1124'], '1036': ['1036'], '1092': ['1092'], '1150': ['1150'], '1093': ['1093', '1094', '1151', '1149', '1037'], '1145': ['1145'], '1144': ['1144'], '1044': ['1044'], '1087': ['1087'], '1088': ['1088'], '1090': ['1090'], '1142': ['1142'], '1141': ['1141'], '1091': ['1091'], '1143': ['1143'], '1045': ['1045'], '1115': ['1115'], '1062': ['1062'], '1146': ['1146'], '1073': ['1073'], '1116': ['1116'], '1135': ['1135'], '1137': ['1137'], '1140': ['1140'], '1139': ['1139'], '1119': ['1119'], '1120': ['1120'], '1134': ['1134']})"
93,"defaultdict(<class 'list'>, {'1040': ['1040'], '1080': ['1080', '1079', '1077', '1076', '1078'], '1081': ['1081', '1082', '1084', '1042', '1083'], '1095': ['1095'], '1096': ['1096'], '1136': ['1136'], '1138': ['1138'], '1041': ['1041'], '1126': ['1126'], '1125': ['1125'], '1127': ['1127'], '1128': ['1128', '1131', '1132', '1130', '1133'], '1129': ['1129'], '1032': ['1032', '1160', '1161', '1162', '1146'], '1052': ['1052'], '1063': ['1063'], '1051': ['1051'], '1055': ['1055'], '1057': ['1057'], '1060': ['1060'], '1071': ['1071'], '1147': ['1147'], '1148': ['1148', '1158', '1157', '1159', '1156', '1153', '1154', '1155', '1152'], '1053': ['1053'], '1066': ['1066'], '1056': ['1056'], '1061': ['1061'], '1072': ['1072'], '1033': ['1033'], '1101': ['1101'], '1109': ['1109'], '1102': ['1102'], '1103': ['1103'], '1105': ['1105'], '1106': ['1106'], '1113': ['1113'], '1108': ['1108'], '1110': ['1110'], '1104': ['1104'], '1107': ['1107'], '1114': ['1114'], '1038': ['1038'], '1048': ['1048'], '1049': ['1049'], '1050': ['1050'], '1054': ['1054'], '1068': ['1068'], '1039': ['1039'], '1097': ['1097'], '1098': ['1098'], '1099': ['1099'], '1112': ['1112'], '1100': ['1100'], '1034': ['1034'], '1067': ['1067'], '1035': ['1035'], '1111': ['1111'], '1030': ['1030'], '1046': ['1046'], '1069': ['1069', '1064', '1065', '1070', '1031'], '1058': ['1058'], '1059': ['1059'], '1047': ['1047'], '1085': ['1085'], '1086': ['1086', '1089', '1044', '1087', '1090'], '1043': ['1043'], '1121': ['1121'], '1122': ['1122'], '1123': ['1123'], '1124': ['1124'], '1036': ['1036', '1092', '1150', '1151', '1149'], '1093': ['1093', '1094', '1144', '1037', '1143'], '1145': ['1145'], '1088': ['1088'], '1142': ['1142'], '1141': ['1141'], '1091': ['1091'], '1045': ['1045'], '1115': ['1115'], '1062': ['1062'], '1117': ['1117'], '1075': ['1075'], '1118': ['1118'], '1073': ['1073'], '1074': ['1074'], '1116': ['1116'], '1135': ['1135'], '1137': ['1137'], '1140': ['1140'], '1139': ['1139'], '1119': ['1119'], '1120': ['1120'], '1134': ['1134']})"
93,"defaultdict(<class 'list'>, {'1040': ['1040'], '1080': ['1080'], '1079': ['1079'], '1081': ['1081'], '1095': ['1095'], '1082': ['1082', '1084', '1042', '1083', '1085'], '1096': ['1096', '1138', '1135', '1137', '1139'], '1136': ['1136'], '1041': ['1041'], '1126': ['1126'], '1125': ['1125'], '1127': ['1127'], '1128': ['1128'], '1129': ['1129'], '1131': ['1131'], '1032': ['1032', '1052', '1063', '1053', '1049', '1051', '1055', '1050', '1054'], '1160': ['1160'], '1057': ['1057'], '1060': ['1060'], '1071': ['1071'], '1147': ['1147'], '1148': ['1148', '1158', '1157', '1159', '1156'], '1161': ['1161'], '1066': ['1066'], '1056': ['1056'], '1061': ['1061'], '1072': ['1072'], '1162': ['1162'], '1033': ['1033'], '1101': ['1101'], '1109': ['1109'], '1153': ['1153'], '1102': ['1102'], '1103': ['1103'], '1105': ['1105'], '1106': ['1106'], '1113': ['1113'], '1154': ['1154'], '1155': ['1155'], '1108': ['1108'], '1110': ['1110', '1111', '1064', '1065', '1031'], '1104': ['1104'], '1107': ['1107'], '1114': ['1114'], '1038': ['1038', '1048', '1068', '1034', '1067'], '1039': ['1039'], '1097': ['1097'], '1098': ['1098'], '1099': ['1099'], '1112': ['1112'], '1100': ['1100'], '1035': ['1035'], '1030': ['1030', '1046', '1069', '1047', '1070'], '1058': ['1058'], '1059': ['1059'], '1086': ['1086', '1089', '1044', '1087', '1090'], '1043': ['1043'], '1121': ['1121'], '1122': ['1122'], '1123': ['1123'], '1124': ['1124'], '1036': ['1036'], '1092': ['1092'], '1150': ['1150'], '1093': ['1093', '1094', '1151', '1149', '1037'], '1145': ['1145'], '1144': ['1144'], '1088': ['1088'], '1142': ['1142'], '1141': ['1141'], '1091': ['1091'], '1143': ['1143'], '1045': ['1045'], '1115': ['1115'], '1062': ['1062'], '1077': ['1077'], '1117': ['1117'], '1146': ['1146'], '1152': ['1152'], '1075': ['1075'], '1076': ['1076'], '1118': ['1118'], '1073': ['1073'], '1078': ['1078'], '1074': ['1074'], '1116': ['1116'], '1140': ['1140'], '1119': ['1119'], '1120': ['1120'], '1132': ['1132'], '1130': ['1130'], '1134': ['1134'], '1133': ['1133']})"
93,"defaultdict(<class 'list'>, {'1040': ['1040'], '1080': ['1080'], '1079': ['1079', '1077', '1075', '1076', '1074'], '1081': ['1081'], '1095': ['1095'], '1082': ['1082'], '1084': ['1084'], '1096': ['1096'], '1136': ['1136'], '1138': ['1138'], '1041': ['1041'], '1126': ['1126'], '1125': ['1125'], '1127': ['1127'], '1128': ['1128'], '1129': ['1129'], '1131': ['1131'], '1032': ['1032', '1052', '1063', '1053', '1049'], '1160': ['1160', '1147', '1161', '1145', '1146'], '1051': ['1051'], '1055': ['1055'], '1057': ['1057'], '1060': ['1060'], '1071': ['1071'], '1148': ['1148', '1158', '1157', '1159', '1156'], '1066': ['1066'], '1056': ['1056'], '1061': ['1061'], '1072': ['1072'], '1162': ['1162'], '1033': ['1033', '1101', '1109', '1153', '1100'], '1102': ['1102'], '1103': ['1103'], '1105': ['1105', '1106', '1107', '1058', '1059'], '1113': ['1113'], '1154': ['1154'], '1155': ['1155'], '1108': ['1108'], '1110': ['1110'], '1104': ['1104'], '1114': ['1114'], '1038': ['1038'], '1048': ['1048'], '1050': ['1050'], '1054': ['1054'], '1068': ['1068'], '1039': ['1039', '1097', '1098', '1099', '1035', '1112', '1111', '1117', '1118'], '1034': ['1034'], '1067': ['1067'], '1030': ['1030'], '1046': ['1046'], '1069': ['1069', '1064', '1065', '1070', '1031'], '1047': ['1047'], '1042': ['1042'], '1083': ['1083'], '1085': ['1085'], '1086': ['1086'], '1089': ['1089'], '1043': ['1043'], '1121': ['1121'], '1122': ['1122'], '1123': ['1123'], '1124': ['1124'], '1036': ['1036'], '1092': ['1092'], '1150': ['1150'], '1093': ['1093', '1094', '1151', '1149', '1037'], '1144': ['1144'], '1044': ['1044'], '1087': ['1087'], '1088': ['1088'], '1090': ['1090'], '1142': ['1142'], '1141': ['1141'], '1091': ['1091'], '1143': ['1143'], '1045': ['1045'], '1115': ['1115'], '1062': ['1062'], '1152': ['1152'], '1073': ['1073'], '1078': ['1078'], '1116': ['1116'], '1135': ['1135'], '1137': ['1137'], '1140': ['1140'], '1139': ['1139'], '1119': ['1119'], '1120': ['1120'], '1132': ['1132'], '1130': ['1130'], '1134': ['1134'], '1133': ['1133']})"
93,"defaultdict(<class 'list'>, {'1040': ['1040'], '1080': ['1080'], '1079': ['1079'], '1081': ['1081'], '1095': ['1095'], '1082': ['1082'], '1084': ['1084', '1042', '1085', '1086', '1087'], '1096': ['1096'], '1136': ['1136'], '1138': ['1138'], '1041': ['1041'], '1126': ['1126'], '1125': ['1125'], '1127': ['1127'], '1128': ['1128'], '1129': ['1129'], '1131': ['1131'], '1032': ['1032', '1063', '1160', '1161', '1162'], '1052': ['1052'], '1051': ['1051', '1055', '1056', '1049', '1050'], '1057': ['1057'], '1060': ['1060'], '1071': ['1071'], '1147': ['1147'], '1148': ['1148'], '1158': ['1158'], '1053': ['1053'], '1066': ['1066', '1068', '1067', '1077', '1076'], '1061': ['1061'], '1072': ['1072'], '1157': ['1157'], '1159': ['1159'], '1033': ['1033', '1153', '1154', '1155', '1152'], '1101': ['1101', '1102', '1098', '1099', '1100', '1103', '1039', '1097', '1035'], '1109': ['1109'], '1105': ['1105'], '1106': ['1106'], '1113': ['1113'], '1108': ['1108'], '1110': ['1110'], '1104': ['1104'], '1107': ['1107'], '1114': ['1114'], '1156': ['1156'], '1038': ['1038'], '1048': ['1048'], '1054': ['1054'], '1112': ['1112'], '1034': ['1034'], '1111': ['1111'], '1030': ['1030'], '1046': ['1046'], '1069': ['1069', '1064', '1065', '1070', '1031'], '1058': ['1058'], '1059': ['1059'], '1047': ['1047'], '1083': ['1083'], '1089': ['1089'], '1043': ['1043'], '1121': ['1121'], '1122': ['1122'], '1123': ['1123'], '1124': ['1124'], '1036': ['1036'], '1092': ['1092'], '1150': ['1150'], '1093': ['1093', '1094', '1144', '1149', '1037'], '1145': ['1145'], '1151': ['1151'], '1044': ['1044'], '1088': ['1088'], '1090': ['1090'], '1142': ['1142'], '1141': ['1141'], '1091': ['1091'], '1143': ['1143'], '1045': ['1045'], '1115': ['1115'], '1062': ['1062'], '1117': ['1117', '1118', '1116', '1119', '1120'], '1146': ['1146'], '1075': ['1075'], '1073': ['1073'], '1078': ['1078'], '1074': ['1074'], '1135': ['1135'], '1137': ['1137'], '1140': ['1140'], '1139': ['1139'], '1132': ['1132'], '1130': ['1130'], '1134': ['1134'], '1133': ['1133']})"
93,"defaultdict(<class 'list'>, {'1040': ['1040', '1080', '1081', '1082', '1078', '1079', '1095', '1096', '1083'], '1084': ['1084'], '1136': ['1136'], '1138': ['1138'], '1041': ['1041', '1126', '1125', '1127', '1124'], '1128': ['1128'], '1129': ['1129'], '1131': ['1131'], '1032': ['1032'], '1052': ['1052', '1053', '1049', '1050', '1054'], '1063': ['1063'], '1160': ['1160'], '1051': ['1051'], '1055': ['1055'], '1057': ['1057', '1060', '1071', '1061', '1072'], '1147': ['1147'], '1148': ['1148'], '1158': ['1158'], '1161': ['1161'], '1066': ['1066'], '1056': ['1056', '1077', '1075', '1076', '1074'], '1157': ['1157'], '1159': ['1159'], '1162': ['1162'], '1033': ['1033'], '1101': ['1101'], '1109': ['1109'], '1153': ['1153', '1154', '1155', '1156', '1152'], '1102': ['1102'], '1103': ['1103'], '1105': ['1105', '1106', '1107', '1058', '1059'], '1113': ['1113'], '1108': ['1108'], '1110': ['1110'], '1104': ['1104'], '1114': ['1114'], '1038': ['1038', '1048', '1068', '1034', '1067'], '1039': ['1039'], '1097': ['1097'], '1098': ['1098'], '1099': ['1099'], '1112': ['1112'], '1100': ['1100'], '1035': ['1035'], '1111': ['1111'], '1030': ['1030'], '1046': ['1046'], '1069': ['1069'], '1064': ['1064'], '1065': ['1065'], '1047': ['1047'], '1070': ['1070'], '1031': ['1031'], '1042': ['1042'], '1085': ['1085'], '1086': ['1086', '1089', '1044', '1087', '1090'], '1043': ['1043'], '1121': ['1121'], '1122': ['1122'], '1123': ['1123'], '1036': ['1036'], '1092': ['1092'], '1150': ['1150'], '1093': ['1093'], '1094': ['1094'], '1145': ['1145'], '1151': ['1151'], '1144': ['1144'], '1149': ['1149'], '1037': ['1037'], '1088': ['1088'], '1142': ['1142'], '1141': ['1141'], '1091': ['1091'], '1143': ['1143'], '1045': ['1045'], '1115': ['1115'], '1062': ['1062'], '1117': ['1117'], '1146': ['1146'], '1118': ['1118'], '1073': ['1073'], '1116': ['1116'], '1135': ['1135'], '1137': ['1137'], '1140': ['1140'], '1139': ['1139'], '1119': ['1119'], '1120': ['1120'], '1132': ['1132'], '1130': ['1130'], '1134': ['1134'], '1133': ['1133']})"
93,"defaultdict(<class 'list'>, {'1040': ['1040'], '1080': ['1080'], '1079': ['1079', '1077', '1075', '1076', '1074'], '1081': ['1081'], '1095': ['1095'], '1082': ['1082', '1084', '1042', '1083', '1085'], '1096': ['1096', '1138', '1135', '1137', '1139'], '1136': ['1136'], '1041': ['1041'], '1126': ['1126'], '1125': ['1125'], '1127': ['1127'], '1128': ['1128'], '1129': ['1129'], '1131': ['1131'], '1032': ['1032'], '1052': ['1052'], '1063': ['1063'], '1160': ['1160'], '1051': ['1051', '1055', '1056', '1049', '1050'], '1057': ['1057', '1060', '1061', '1105', '1106', '1107', '1058', '1059', '1062'], '1071': ['1071'], '1147': ['1147'], '1148': ['1148', '1158', '1157', '1159', '1156'], '1161': ['1161'], '1053': ['1053'], '1066': ['1066'], '1072': ['1072'], '1162': ['1162'], '1033': ['1033', '1153', '1154', '1155', '1152'], '1101': ['1101'], '1109': ['1109'], '1102': ['1102'], '1103': ['1103'], '1113': ['1113'], '1108': ['1108'], '1110': ['1110'], '1104': ['1104'], '1114': ['1114'], '1038': ['1038', '1048', '1068', '1034', '1067'], '1054': ['1054'], '1039': ['1039'], '1097': ['1097'], '1098': ['1098'], '1099': ['1099'], '1112': ['1112'], '1100': ['1100'], '1035': ['1035'], '1111': ['1111'], '1030': ['1030'], '1046': ['1046'], '1069': ['1069'], '1064': ['1064'], '1065': ['1065'], '1047': ['1047'], '1070': ['1070'], '1031': ['1031'], '1086': ['1086'], '1089': ['1089'], '1043': ['1043', '1121', '1122', '1123', '1045'], '1124': ['1124'], '1036': ['1036'], '1092': ['1092'], '1150': ['1150'], '1093': ['1093'], '1094': ['1094'], '1145': ['1145'], '1151': ['1151'], '1144': ['1144'], '1149': ['1149'], '1037': ['1037'], '1044': ['1044'], '1087': ['1087'], '1088': ['1088'], '1090': ['1090'], '1142': ['1142'], '1141': ['1141'], '1091': ['1091'], '1143': ['1143'], '1115': ['1115'], '1117': ['1117'], '1146': ['1146'], '1118': ['1118'], '1073': ['1073'], '1078': ['1078'], '1116': ['1116'], '1140': ['1140'], '1119': ['1119'], '1120': ['1120'], '1132': ['1132'], '1130': ['1130'], '1134': ['1134'], '1133': ['1133']})"
93,"defaultdict(<class 'list'>, {'1040': ['1040', '1080', '1081', '1082', '1078'], '1079': ['1079'], '1095': ['1095'], '1084': ['1084'], '1096': ['1096', '1138', '1135', '1137', '1139'], '1136': ['1136'], '1041': ['1041'], '1126': ['1126'], '1125': ['1125'], '1127': ['1127'], '1128': ['1128'], '1129': ['1129'], '1131': ['1131'], '1032': ['1032'], '1052': ['1052'], '1063': ['1063'], '1160': ['1160', '1147', '1161', '1145', '1146'], '1051': ['1051'], '1055': ['1055'], '1057': ['1057'], '1060': ['1060'], '1071': ['1071'], '1148': ['1148', '1158', '1157', '1159', '1156'], '1053': ['1053'], '1066': ['1066'], '1056': ['1056', '1077', '1075', '1076', '1074'], '1061': ['1061'], '1072': ['1072'], '1162': ['1162'], '1033': ['1033', '1153', '1154', '1155', '1152'], '1101': ['1101'], '1109': ['1109'], '1102': ['1102'], '1103': ['1103'], '1105': ['1105'], '1106': ['1106'], '1113': ['1113'], '1108': ['1108'], '1110': ['1110', '1111', '1064', '1065', '1031'], '1104': ['1104'], '1107': ['1107'], '1114': ['1114'], '1038': ['1038'], '1048': ['1048'], '1049': ['1049'], '1050': ['1050'], '1054': ['1054'], '1068': ['1068'], '1039': ['1039'], '1097': ['1097'], '1098': ['1098'], '1099': ['1099'], '1112': ['1112'], '1100': ['1100'], '1034': ['1034'], '1067': ['1067'], '1035': ['1035'], '1030': ['1030'], '1046': ['1046'], '1069': ['1069'], '1058': ['1058'], '1059': ['1059'], '1047': ['1047'], '1070': ['1070'], '1042': ['1042'], '1083': ['1083'], '1085': ['1085'], '1086': ['1086', '1089', '1044', '1087', '1090'], '1043': ['1043', '1121', '1122', '1123', '1045'], '1124': ['1124'], '1036': ['1036'], '1092': ['1092'], '1150': ['1150'], '1093': ['1093'], '1094': ['1094'], '1151': ['1151'], '1144': ['1144'], '1149': ['1149'], '1037': ['1037'], '1088': ['1088', '1142', '1141', '1143', '1140'], '1091': ['1091'], '1115': ['1115'], '1062': ['1062'], '1117': ['1117'], '1118': ['1118'], '1073': ['1073'], '1116': ['1116'], '1119': ['1119'], '1120': ['1120'], '1132': ['1132'], '1130': ['1130'], '1134': ['1134'], '1133': ['1133']})"
93,"defaultdict(<class 'list'>, {'1040': ['1040', '1080', '1079', '1081', '1078'], '1095': ['1095'], '1082': ['1082'], '1084': ['1084'], '1096': ['1096'], '1136': ['1136'], '1138': ['1138'], '1041': ['1041'], '1126': ['1126', '1125', '1127', '1128', '1124'], '1129': ['1129', '1131', '1120', '1130', '1134'], '1032': ['1032', '1160', '1161', '1162', '1146'], '1052': ['1052', '1053', '1049', '1050', '1054'], '1063': ['1063'], '1051': ['1051'], '1055': ['1055'], '1057': ['1057'], '1060': ['1060'], '1071': ['1071'], '1147': ['1147'], '1148': ['1148'], '1158': ['1158'], '1066': ['1066'], '1056': ['1056'], '1061': ['1061'], '1072': ['1072'], '1157': ['1157'], '1159': ['1159'], '1033': ['1033'], '1101': ['1101'], '1109': ['1109'], '1153': ['1153'], '1102': ['1102'], '1103': ['1103'], '1105': ['1105'], '1106': ['1106'], '1113': ['1113'], '1154': ['1154'], '1155': ['1155'], '1108': ['1108'], '1110': ['1110'], '1104': ['1104'], '1107': ['1107'], '1114': ['1114'], '1156': ['1156'], '1038': ['1038'], '1048': ['1048'], '1068': ['1068'], '1039': ['1039', '1097', '1098', '1099', '1035', '1112', '1111', '1117', '1118'], '1100': ['1100'], '1034': ['1034'], '1067': ['1067'], '1030': ['1030'], '1046': ['1046'], '1069': ['1069'], '1058': ['1058'], '1059': ['1059'], '1064': ['1064'], '1065': ['1065'], '1047': ['1047'], '1070': ['1070'], '1031': ['1031'], '1042': ['1042'], '1083': ['1083'], '1085': ['1085'], '1086': ['1086'], '1089': ['1089'], '1043': ['1043', '1121', '1122', '1123', '1045'], '1036': ['1036'], '1092': ['1092'], '1150': ['1150'], '1093': ['1093', '1094', '1151', '1149', '1037'], '1145': ['1145'], '1144': ['1144'], '1044': ['1044'], '1087': ['1087'], '1088': ['1088'], '1090': ['1090'], '1142': ['1142'], '1141': ['1141'], '1091': ['1091'], '1143': ['1143'], '1115': ['1115'], '1062': ['1062'], '1077': ['1077', '1075', '1076', '1073', '1074'], '1152': ['1152'], '1116': ['1116'], '1135': ['1135'], '1137': ['1137'], '1140': ['1140'], '1139': ['1139'], '1119': ['1119'], '1132': ['1132'], '1133': ['1133']})"
93,"defaultdict(<class 'list'>, {'1040': ['1040', '1080', '1081', '1082', '1078'], '1079': ['1079'], '1095': ['1095'], '1084': ['1084'], '1096': ['1096', '1138', '1135', '1137', '1139'], '1136': ['1136'], '1041': ['1041'], '1126': ['1126'], '1125': ['1125'], '1127': ['1127'], '1128': ['1128', '1131', '1132', '1130', '1133'], '1129': ['1129'], '1032': ['1032', '1160', '1161', '1162', '1146'], '1052': ['1052'], '1063': ['1063'], '1051': ['1051'], '1055': ['1055'], '1057': ['1057'], '1060': ['1060'], '1071': ['1071'], '1147': ['1147'], '1148': ['1148'], '1158': ['1158'], '1053': ['1053'], '1066': ['1066', '1067', '1064', '1065', '1031'], '1056': ['1056'], '1061': ['1061'], '1072': ['1072'], '1157': ['1157'], '1159': ['1159'], '1033': ['1033', '1153', '1154', '1155', '1152'], '1101': ['1101'], '1109': ['1109'], '1102': ['1102'], '1103': ['1103'], '1105': ['1105'], '1106': ['1106'], '1113': ['1113'], '1108': ['1108'], '1110': ['1110'], '1104': ['1104'], '1107': ['1107'], '1114': ['1114', '1115', '1118', '1116', '1119'], '1156': ['1156'], '1038': ['1038'], '1048': ['1048'], '1049': ['1049'], '1050': ['1050'], '1054': ['1054'], '1068': ['1068'], '1039': ['1039', '1097', '1098', '1099', '1035'], '1112': ['1112'], '1100': ['1100'], '1034': ['1034'], '1111': ['1111'], '1030': ['1030'], '1046': ['1046'], '1069': ['1069'], '1058': ['1058'], '1059': ['1059'], '1047': ['1047'], '1070': ['1070'], '1042': ['1042'], '1083': ['1083'], '1085': ['1085'], '1086': ['1086', '1089', '1044', '1087', '1090'], '1043': ['1043'], '1121': ['1121'], '1122': ['1122'], '1123': ['1123'], '1124': ['1124'], '1036': ['1036'], '1092': ['1092'], '1150': ['1150'], '1093': ['1093', '1094', '1151', '1149', '1037'], '1145': ['1145'], '1144': ['1144'], '1088': ['1088'], '1142': ['1142'], '1141': ['1141'], '1091': ['1091'], '1143': ['1143'], '1045': ['1045'], '1062': ['1062'], '1077': ['1077'], '1117': ['1117'], '1075': ['1075'], '1076': ['1076'], '1073': ['1073'], '1074': ['1074'], '1140': ['1140'], '1120': ['1120'], '1134': ['1134']})"
93,"defaultdict(<class 'list'>, {'1040': ['1040'], '1080': ['1080', '1079', '1077', '1076', '1078'], '1081': ['1081'], '1095': ['1095'], '1082': ['1082'], '1084': ['1084'], '1096': ['1096', '1138', '1135', '1137', '1139'], '1136': ['1136'], '1041': ['1041'], '1126': ['1126'], '1125': ['1125'], '1127': ['1127'], '1128': ['1128'], '1129': ['1129'], '1131': ['1131'], '1032': ['1032'], '1052': ['1052', '1053', '1049', '1050', '1054'], '1063': ['1063'], '1160': ['1160'], '1051': ['1051'], '1055': ['1055'], '1057': ['1057'], '1060': ['1060'], '1071': ['1071'], '1147': ['1147'], '1148': ['1148'], '1158': ['1158', '1157', '1159', '1033', '1153', '1154', '1155', '1152', '1156'], '1161': ['1161'], '1066': ['1066'], '1056': ['1056', '1104', '1030', '1046', '1047'], '1061': ['1061'], '1072': ['1072'], '1162': ['1162'], '1101': ['1101', '1102', '1098', '1099', '1100'], '1109': ['1109'], '1103': ['1103'], '1105': ['1105'], '1106': ['1106'], '1113': ['1113'], '1108': ['1108'], '1110': ['1110'], '1107': ['1107'], '1114': ['1114'], '1038': ['1038'], '1048': ['1048'], '1068': ['1068'], '1039': ['1039', '1097', '1112', '1035', '1111'], '1034': ['1034'], '1067': ['1067'], '1069': ['1069'], '1058': ['1058'], '1059': ['1059'], '1064': ['1064'], '1065': ['1065'], '1070': ['1070'], '1031': ['1031'], '1042': ['1042'], '1083': ['1083'], '1085': ['1085'], '1086': ['1086'], '1089': ['1089'], '1043': ['1043'], '1121': ['1121'], '1122': ['1122'], '1123': ['1123'], '1124': ['1124'], '1036': ['1036'], '1092': ['1092', '1150', '1093', '1094', '1151', '1149', '1037', '1145', '1144'], '1044': ['1044'], '1087': ['1087'], '1088': ['1088'], '1090': ['1090'], '1142': ['1142'], '1141': ['1141'], '1091': ['1091'], '1143': ['1143'], '1045': ['1045'], '1115': ['1115'], '1062': ['1062'], '1117': ['1117'], '1146': ['1146'], '1075': ['1075'], '1118': ['1118'], '1073': ['1073'], '1074': ['1074'], '1116': ['1116'], '1140': ['1140'], '1119': ['1119'], '1120': ['1120'], '1132': ['1132'], '1130': ['1130'], '1134': ['1134'], '1133': ['1133']})"
93,"defaultdict(<class 'list'>, {'1040': ['1040'], '1080': ['1080'], '1079': ['1079'], '1081': ['1081'], '1095': ['1095'], '1082': ['1082', '1084', '1042', '1083', '1085'], '1096': ['1096'], '1136': ['1136'], '1138': ['1138'], '1041': ['1041'], '1126': ['1126'], '1125': ['1125'], '1127': ['1127'], '1128': ['1128'], '1129': ['1129'], '1131': ['1131'], '1032': ['1032', '1052', '1063', '1053', '1049'], '1160': ['1160'], '1051': ['1051'], '1055': ['1055'], '1057': ['1057'], '1060': ['1060'], '1071': ['1071'], '1147': ['1147'], '1148': ['1148', '1158', '1157', '1159', '1156'], '1161': ['1161'], '1066': ['1066'], '1056': ['1056'], '1061': ['1061'], '1072': ['1072'], '1162': ['1162'], '1033': ['1033', '1153', '1154', '1155', '1152'], '1101': ['1101'], '1109': ['1109'], '1102': ['1102', '1103', '1104', '1098', '1099'], '1105': ['1105', '1106', '1107', '1058', '1059'], '1113': ['1113'], '1108': ['1108'], '1110': ['1110'], '1114': ['1114'], '1038': ['1038'], '1048': ['1048'], '1050': ['1050'], '1054': ['1054'], '1068': ['1068'], '1039': ['1039', '1097', '1112', '1035', '1111'], '1100': ['1100'], '1034': ['1034'], '1067': ['1067'], '1030': ['1030'], '1046': ['1046'], '1069': ['1069'], '1064': ['1064'], '1065': ['1065'], '1047': ['1047'], '1070': ['1070'], '1031': ['1031'], '1086': ['1086'], '1089': ['1089'], '1043': ['1043', '1121', '1122', '1123', '1045'], '1124': ['1124'], '1036': ['1036'], '1092': ['1092'], '1150': ['1150'], '1093': ['1093'], '1094': ['1094'], '1145': ['1145'], '1151': ['1151'], '1144': ['1144'], '1149': ['1149'], '1037': ['1037'], '1044': ['1044'], '1087': ['1087'], '1088': ['1088', '1142', '1141', '1143', '1140'], '1090': ['1090'], '1091': ['1091'], '1115': ['1115'], '1062': ['1062'], '1077': ['1077'], '1117': ['1117', '1118', '1116', '1119', '1120'], '1146': ['1146'], '1075': ['1075'], '1076': ['1076'], '1073': ['1073'], '1078': ['1078'], '1074': ['1074'], '1135': ['1135'], '1137': ['1137'], '1139': ['1139'], '1132': ['1132'], '1130': ['1130'], '1134': ['1134'], '1133': ['1133']})"
93,"defaultdict(<class 'list'>, {'1040': ['1040'], '1080': ['1080'], '1079': ['1079'], '1081': ['1081'], '1095': ['1095'], '1082': ['1082'], '1084': ['1084'], '1096': ['1096', '1138', '1135', '1137', '1139'], '1136': ['1136'], '1041': ['1041'], '1126': ['1126'], '1125': ['1125'], '1127': ['1127'], '1128': ['1128', '1131', '1132', '1130', '1133'], '1129': ['1129'], '1032': ['1032', '1160', '1161', '1162', '1146'], '1052': ['1052'], '1063': ['1063', '1057', '1071', '1066', '1067'], '1051': ['1051'], '1055': ['1055'], '1060': ['1060'], '1147': ['1147'], '1148': ['1148', '1158', '1157', '1159', '1156'], '1053': ['1053', '1038', '1048', '1054', '1034'], '1056': ['1056'], '1061': ['1061', '1062', '1075', '1073', '1074'], '1072': ['1072'], '1033': ['1033'], '1101': ['1101'], '1109': ['1109'], '1153': ['1153'], '1102': ['1102'], '1103': ['1103'], '1105': ['1105', '1106', '1107', '1058', '1059'], '1113': ['1113'], '1154': ['1154'], '1155': ['1155'], '1108': ['1108'], '1110': ['1110'], '1104': ['1104'], '1114': ['1114'], '1049': ['1049'], '1050': ['1050'], '1068': ['1068'], '1039': ['1039'], '1097': ['1097'], '1098': ['1098'], '1099': ['1099'], '1112': ['1112'], '1100': ['1100'], '1035': ['1035'], '1111': ['1111'], '1030': ['1030'], '1046': ['1046'], '1069': ['1069'], '1064': ['1064'], '1065': ['1065'], '1047': ['1047'], '1070': ['1070'], '1031': ['1031'], '1042': ['1042'], '1083': ['1083'], '1085': ['1085'], '1086': ['1086', '1089', '1044', '1087', '1090'], '1043': ['1043'], '1121': ['1121'], '1122': ['1122'], '1123': ['1123'], '1124': ['1124'], '1036': ['1036'], '1092': ['1092'], '1150': ['1150'], '1093': ['1093'], '1094': ['1094'], '1145': ['1145'], '1151': ['1151'], '1144': ['1144'], '1149': ['1149'], '1037': ['1037'], '1088': ['1088', '1142', '1141', '1143', '1140'], '1091': ['1091'], '1045': ['1045'], '1115': ['1115'], '1077': ['1077'], '1117': ['1117'], '1152': ['1152'], '1076': ['1076'], '1118': ['1118'], '1078': ['1078'], '1116': ['1116'], '1119': ['1119'], '1120': ['1120'], '1134': ['1134']})"
93,"defaultdict(<class 'list'>, {'1040': ['1040'], '1080': ['1080'], '1079': ['1079'], '1081': ['1081'], '1095': ['1095'], '1082': ['1082'], '1084': ['1084'], '1096': ['1096'], '1136': ['1136'], '1138': ['1138'], '1041': ['1041'], '1126': ['1126'], '1125': ['1125'], '1127': ['1127'], '1128': ['1128'], '1129': ['1129'], '1131': ['1131'], '1032': ['1032', '1160', '1161', '1162', '1146'], '1052': ['1052', '1051', '1053', '1049', '1050'], '1063': ['1063'], '1055': ['1055'], '1057': ['1057'], '1060': ['1060'], '1071': ['1071'], '1147': ['1147'], '1148': ['1148', '1158', '1157', '1159', '1153', '1154', '1155', '1156', '1152'], '1066': ['1066'], '1056': ['1056'], '1061': ['1061'], '1072': ['1072'], '1033': ['1033'], '1101': ['1101'], '1109': ['1109'], '1102': ['1102'], '1103': ['1103'], '1105': ['1105'], '1106': ['1106'], '1113': ['1113'], '1108': ['1108'], '1110': ['1110'], '1104': ['1104'], '1107': ['1107'], '1114': ['1114'], '1038': ['1038', '1048', '1068', '1034', '1067'], '1054': ['1054'], '1039': ['1039', '1097', '1112', '1035', '1111', '1098', '1099', '1117', '1118'], '1100': ['1100'], '1030': ['1030'], '1046': ['1046'], '1069': ['1069'], '1058': ['1058'], '1059': ['1059'], '1064': ['1064'], '1065': ['1065'], '1047': ['1047'], '1070': ['1070'], '1031': ['1031'], '1042': ['1042'], '1083': ['1083'], '1085': ['1085'], '1086': ['1086', '1089', '1044', '1087', '1090'], '1043': ['1043'], '1121': ['1121'], '1122': ['1122'], '1123': ['1123'], '1124': ['1124'], '1036': ['1036'], '1092': ['1092'], '1150': ['1150'], '1093': ['1093', '1094', '1151', '1149', '1037'], '1145': ['1145'], '1144': ['1144'], '1088': ['1088', '1142', '1141', '1143', '1139'], '1091': ['1091'], '1045': ['1045'], '1115': ['1115'], '1062': ['1062'], '1077': ['1077'], '1075': ['1075'], '1076': ['1076'], '1073': ['1073'], '1078': ['1078'], '1074': ['1074'], '1116': ['1116'], '1135': ['1135'], '1137': ['1137'], '1140': ['1140'], '1119': ['1119'], '1120': ['1120'], '1132': ['1132'], '1130': ['1130'], '1134': ['1134'], '1133': ['1133']})"
93,"defaultdict(<class 'list'>, {'1040': ['1040'], '1080': ['1080'], '1079': ['1079'], '1081': ['1081'], '1095': ['1095'], '1082': ['1082'], '1084': ['1084', '1042', '1085', '1086', '1087'], '1096': ['1096'], '1136': ['1136'], '1138': ['1138'], '1041': ['1041', '1126', '1125', '1127', '1124'], '1128': ['1128', '1131', '1132', '1130', '1133'], '1129': ['1129'], '1032': ['1032', '1160', '1161', '1162', '1146'], '1052': ['1052'], '1063': ['1063'], '1051': ['1051'], '1055': ['1055'], '1057': ['1057'], '1060': ['1060'], '1071': ['1071'], '1147': ['1147'], '1148': ['1148'], '1158': ['1158'], '1053': ['1053'], '1066': ['1066'], '1056': ['1056'], '1061': ['1061'], '1072': ['1072'], '1157': ['1157'], '1159': ['1159'], '1033': ['1033'], '1101': ['1101', '1102', '1098', '1099', '1100'], '1109': ['1109'], '1153': ['1153'], '1103': ['1103'], '1105': ['1105'], '1106': ['1106'], '1113': ['1113'], '1154': ['1154'], '1155': ['1155'], '1108': ['1108'], '1110': ['1110', '1111', '1064', '1065', '1031'], '1104': ['1104'], '1107': ['1107'], '1114': ['1114'], '1156': ['1156'], '1038': ['1038', '1048', '1068', '1034', '1067'], '1049': ['1049'], '1050': ['1050'], '1054': ['1054'], '1039': ['1039', '1097', '1112', '1035', '1117'], '1030': ['1030'], '1046': ['1046'], '1069': ['1069'], '1058': ['1058'], '1059': ['1059'], '1047': ['1047'], '1070': ['1070'], '1083': ['1083'], '1089': ['1089'], '1043': ['1043'], '1121': ['1121'], '1122': ['1122'], '1123': ['1123'], '1036': ['1036'], '1092': ['1092'], '1150': ['1150'], '1093': ['1093', '1094', '1151', '1149', '1037'], '1145': ['1145'], '1144': ['1144'], '1044': ['1044'], '1088': ['1088'], '1090': ['1090'], '1142': ['1142'], '1141': ['1141'], '1091': ['1091'], '1143': ['1143'], '1045': ['1045'], '1115': ['1115', '1118', '1116', '1119', '1120'], '1062': ['1062'], '1077': ['1077'], '1152': ['1152'], '1075': ['1075'], '1076': ['1076'], '1073': ['1073'], '1078': ['1078'], '1074': ['1074'], '1135': ['1135'], '1137': ['1137'], '1140': ['1140'], '1139': ['1139'], '1134': ['1134']})"
93,"defaultdict(<class 'list'>, {'1040': ['1040'], '1080': ['1080', '1079', '1077', '1076', '1078'], '1081': ['1081'], '1095': ['1095'], '1082': ['1082', '1084', '1042', '1083', '1085'], '1096': ['1096'], '1136': ['1136'], '1138': ['1138'], '1041': ['1041', '1126', '1125', '1127', '1124'], '1128': ['1128'], '1129': ['1129'], '1131': ['1131'], '1032': ['1032', '1160', '1161', '1162', '1146'], '1052': ['1052'], '1063': ['1063'], '1051': ['1051'], '1055': ['1055'], '1057': ['1057'], '1060': ['1060'], '1071': ['1071'], '1147': ['1147', '1148', '1158', '1157', '1159'], '1053': ['1053'], '1066': ['1066', '1110', '1064', '1065', '1031'], '1056': ['1056'], '1061': ['1061', '1062', '1075', '1073', '1074'], '1072': ['1072'], '1033': ['1033'], '1101': ['1101'], '1109': ['1109'], '1153': ['1153'], '1102': ['1102', '1103', '1104', '1098', '1099'], '1105': ['1105'], '1106': ['1106'], '1113': ['1113'], '1154': ['1154'], '1155': ['1155'], '1108': ['1108'], '1107': ['1107'], '1114': ['1114', '1115', '1118', '1116', '1119'], '1156': ['1156'], '1038': ['1038', '1048', '1068', '1034', '1067'], '1049': ['1049'], '1050': ['1050'], '1054': ['1054'], '1039': ['1039'], '1097': ['1097'], '1112': ['1112'], '1100': ['1100'], '1035': ['1035'], '1111': ['1111'], '1030': ['1030'], '1046': ['1046'], '1069': ['1069'], '1058': ['1058'], '1059': ['1059'], '1047': ['1047'], '1070': ['1070'], '1086': ['1086'], '1089': ['1089'], '1043': ['1043'], '1121': ['1121'], '1122': ['1122'], '1123': ['1123'], '1036': ['1036'], '1092': ['1092'], '1150': ['1150'], '1093': ['1093'], '1094': ['1094'], '1145': ['1145'], '1151': ['1151'], '1144': ['1144'], '1149': ['1149'], '1037': ['1037'], '1044': ['1044'], '1087': ['1087'], '1088': ['1088'], '1090': ['1090'], '1142': ['1142'], '1141': ['1141'], '1091': ['1091'], '1143': ['1143'], '1045': ['1045'], '1117': ['1117'], '1152': ['1152'], '1135': ['1135'], '1137': ['1137'], '1140': ['1140'], '1139': ['1139'], '1120': ['1120'], '1132': ['1132'], '1130': ['1130'], '1134': ['1134'], '1133': ['1133']})"
93,"defaultdict(<class 'list'>, {'1040': ['1040', '1080', '1079', '1081', '1078'], '1095': ['1095'], '1082': ['1082'], '1084': ['1084', '1042', '1085', '1086', '1089', '1044', '1087', '1090', '1091'], '1096': ['1096', '1138', '1135', '1137', '1139'], '1136': ['1136'], '1041': ['1041'], '1126': ['1126'], '1125': ['1125'], '1127': ['1127'], '1128': ['1128'], '1129': ['1129'], '1131': ['1131'], '1032': ['1032', '1052', '1063', '1053', '1049'], '1160': ['1160'], '1051': ['1051'], '1055': ['1055'], '1057': ['1057'], '1060': ['1060'], '1071': ['1071'], '1147': ['1147', '1148', '1158', '1157', '1159'], '1161': ['1161'], '1066': ['1066'], '1056': ['1056'], '1061': ['1061'], '1072': ['1072'], '1162': ['1162'], '1033': ['1033'], '1101': ['1101'], '1109': ['1109'], '1153': ['1153'], '1102': ['1102'], '1103': ['1103'], '1105': ['1105', '1106', '1113', '1107', '1114'], '1154': ['1154'], '1155': ['1155'], '1108': ['1108'], '1110': ['1110'], '1104': ['1104'], '1156': ['1156'], '1038': ['1038', '1048', '1068', '1034', '1067'], '1050': ['1050'], '1054': ['1054'], '1039': ['1039'], '1097': ['1097'], '1098': ['1098'], '1099': ['1099'], '1112': ['1112'], '1100': ['1100'], '1035': ['1035'], '1111': ['1111'], '1030': ['1030'], '1046': ['1046'], '1069': ['1069', '1064', '1065', '1070', '1031'], '1058': ['1058'], '1059': ['1059'], '1047': ['1047'], '1083': ['1083'], '1043': ['1043', '1121', '1122', '1123', '1045'], '1124': ['1124'], '1036': ['1036'], '1092': ['1092'], '1150': ['1150'], '1093': ['1093'], '1094': ['1094'], '1145': ['1145'], '1151': ['1151'], '1144': ['1144'], '1149': ['1149'], '1037': ['1037'], '1088': ['1088'], '1142': ['1142'], '1141': ['1141'], '1143': ['1143'], '1115': ['1115'], '1062': ['1062'], '1077': ['1077'], '1117': ['1117'], '1146': ['1146'], '1152': ['1152'], '1075': ['1075'], '1076': ['1076'], '1118': ['1118'], '1073': ['1073'], '1074': ['1074'], '1116': ['1116'], '1140': ['1140'], '1119': ['1119'], '1120': ['1120'], '1132': ['1132'], '1130': ['1130'], '1134': ['1134'], '1133': ['1133']})"
93,"defaultdict(<class 'list'>, {'1040': ['1040', '1080', '1081', '1082', '1078'], '1079': ['1079'], '1095': ['1095'], '1084': ['1084'], '1096': ['1096'], '1136': ['1136'], '1138': ['1138'], '1041': ['1041'], '1126': ['1126'], '1125': ['1125'], '1127': ['1127'], '1128': ['1128'], '1129': ['1129'], '1131': ['1131'], '1032': ['1032', '1160', '1161', '1162', '1146'], '1052': ['1052', '1051', '1053', '1049', '1050'], '1063': ['1063'], '1055': ['1055', '1056', '1075', '1076', '1074'], '1057': ['1057'], '1060': ['1060'], '1071': ['1071'], '1147': ['1147'], '1148': ['1148'], '1158': ['1158'], '1066': ['1066'], '1061': ['1061'], '1072': ['1072'], '1157': ['1157'], '1159': ['1159'], '1033': ['1033'], '1101': ['1101', '1102', '1098', '1099', '1100'], '1109': ['1109'], '1153': ['1153', '1154', '1155', '1156', '1152'], '1103': ['1103'], '1105': ['1105'], '1106': ['1106'], '1113': ['1113'], '1108': ['1108'], '1110': ['1110'], '1104': ['1104'], '1107': ['1107'], '1114': ['1114'], '1038': ['1038', '1048', '1068', '1034', '1067'], '1054': ['1054'], '1039': ['1039'], '1097': ['1097'], '1112': ['1112'], '1035': ['1035'], '1111': ['1111'], '1030': ['1030', '1046', '1069', '1047', '1070'], '1058': ['1058'], '1059': ['1059'], '1064': ['1064'], '1065': ['1065'], '1031': ['1031'], '1042': ['1042'], '1083': ['1083'], '1085': ['1085'], '1086': ['1086'], '1089': ['1089'], '1043': ['1043', '1121', '1122', '1123', '1045'], '1124': ['1124'], '1036': ['1036'], '1092': ['1092'], '1150': ['1150'], '1093': ['1093'], '1094': ['1094'], '1145': ['1145'], '1151': ['1151'], '1144': ['1144'], '1149': ['1149'], '1037': ['1037'], '1044': ['1044'], '1087': ['1087'], '1088': ['1088', '1142', '1141', '1143', '1140'], '1090': ['1090'], '1091': ['1091'], '1115': ['1115'], '1062': ['1062'], '1077': ['1077'], '1117': ['1117'], '1118': ['1118'], '1073': ['1073'], '1116': ['1116'], '1135': ['1135'], '1137': ['1137'], '1139': ['1139'], '1119': ['1119'], '1120': ['1120'], '1132': ['1132'], '1130': ['1130'], '1134': ['1134'], '1133': ['1133']})"
93,"defaultdict(<class 'list'>, {'1040': ['1040', '1080', '1079', '1081', '1078'], '1095': ['1095'], '1082': ['1082', '1084', '1042', '1083', '1085'], '1096': ['1096', '1138', '1135', '1137', '1139'], '1136': ['1136'], '1041': ['1041'], '1126': ['1126'], '1125': ['1125'], '1127': ['1127'], '1128': ['1128'], '1129': ['1129'], '1131': ['1131'], '1032': ['1032'], '1052': ['1052'], '1063': ['1063'], '1160': ['1160'], '1051': ['1051'], '1055': ['1055'], '1057': ['1057', '1060', '1071', '1061', '1105', '1106', '1107', '1058', '1059'], '1147': ['1147'], '1148': ['1148'], '1158': ['1158'], '1161': ['1161'], '1053': ['1053'], '1066': ['1066'], '1056': ['1056', '1077', '1075', '1076', '1074'], '1072': ['1072'], '1157': ['1157'], '1159': ['1159'], '1162': ['1162'], '1033': ['1033'], '1101': ['1101'], '1109': ['1109'], '1153': ['1153'], '1102': ['1102'], '1103': ['1103'], '1113': ['1113'], '1154': ['1154'], '1155': ['1155'], '1108': ['1108'], '1110': ['1110'], '1104': ['1104'], '1114': ['1114'], '1156': ['1156'], '1038': ['1038'], '1048': ['1048'], '1049': ['1049'], '1050': ['1050'], '1054': ['1054'], '1068': ['1068'], '1039': ['1039', '1097', '1098', '1099', '1035'], '1112': ['1112'], '1100': ['1100'], '1034': ['1034'], '1067': ['1067'], '1111': ['1111'], '1030': ['1030', '1046', '1069', '1047', '1070'], '1064': ['1064'], '1065': ['1065'], '1031': ['1031'], '1086': ['1086'], '1089': ['1089'], '1043': ['1043', '1121', '1122', '1123', '1045'], '1124': ['1124'], '1036': ['1036'], '1092': ['1092'], '1150': ['1150'], '1093': ['1093'], '1094': ['1094'], '1145': ['1145'], '1151': ['1151'], '1144': ['1144'], '1149': ['1149'], '1037': ['1037'], '1044': ['1044'], '1087': ['1087'], '1088': ['1088'], '1090': ['1090'], '1142': ['1142'], '1141': ['1141'], '1091': ['1091'], '1143': ['1143'], '1115': ['1115'], '1062': ['1062'], '1117': ['1117', '1118', '1116', '1119', '1120'], '1146': ['1146'], '1152': ['1152'], '1073': ['1073'], '1140': ['1140'], '1132': ['1132'], '1130': ['1130'], '1134': ['1134'], '1133': ['1133']})"
93,"defaultdict(<class 'list'>, {'1040': ['1040'], '1080': ['1080'], '1079': ['1079'], '1081': ['1081'], '1095': ['1095'], '1082': ['1082', '1084', '1042', '1083', '1085'], '1096': ['1096', '1136', '1135', '1137', '1140'], '1138': ['1138'], '1041': ['1041'], '1126': ['1126'], '1125': ['1125'], '1127': ['1127'], '1128': ['1128'], '1129': ['1129'], '1131': ['1131'], '1032': ['1032'], '1052': ['1052'], '1063': ['1063'], '1160': ['1160'], '1051': ['1051', '1055', '1056', '1049', '1050'], '1057': ['1057'], '1060': ['1060'], '1071': ['1071'], '1147': ['1147', '1148', '1158', '1157', '1159'], '1161': ['1161'], '1053': ['1053'], '1066': ['1066'], '1061': ['1061'], '1072': ['1072', '1075', '1076', '1073', '1074'], '1162': ['1162'], '1033': ['1033'], '1101': ['1101'], '1109': ['1109'], '1153': ['1153'], '1102': ['1102'], '1103': ['1103'], '1105': ['1105'], '1106': ['1106'], '1113': ['1113'], '1154': ['1154', '1036', '1150', '1151', '1152'], '1155': ['1155'], '1108': ['1108', '1107', '1115', '1116', '1119'], '1110': ['1110'], '1104': ['1104'], '1114': ['1114'], '1156': ['1156'], '1038': ['1038'], '1048': ['1048'], '1054': ['1054'], '1068': ['1068'], '1039': ['1039'], '1097': ['1097'], '1098': ['1098'], '1099': ['1099'], '1112': ['1112'], '1100': ['1100'], '1034': ['1034'], '1067': ['1067'], '1035': ['1035'], '1111': ['1111'], '1030': ['1030'], '1046': ['1046'], '1069': ['1069'], '1058': ['1058'], '1059': ['1059'], '1064': ['1064'], '1065': ['1065'], '1047': ['1047'], '1070': ['1070'], '1031': ['1031'], '1086': ['1086'], '1089': ['1089'], '1043': ['1043', '1121', '1122', '1123', '1045'], '1124': ['1124'], '1092': ['1092'], '1093': ['1093', '1094', '1144', '1149', '1037'], '1145': ['1145'], '1044': ['1044'], '1087': ['1087'], '1088': ['1088', '1142', '1141', '1143', '1139'], '1090': ['1090'], '1091': ['1091'], '1062': ['1062'], '1077': ['1077'], '1117': ['1117'], '1146': ['1146'], '1118': ['1118'], '1078': ['1078'], '1120': ['1120'], '1132': ['1132'], '1130': ['1130'], '1134': ['1134'], '1133': ['1133']})"
94,"defaultdict(<class 'list'>, {'1040': ['1040'], '1080': ['1080'], '1079': ['1079'], '1081': ['1081'], '1095': ['1095'], '1082': ['1082'], '1084': ['1084'], '1096': ['1096'], '1136': ['1136'], '1138': ['1138'], '1041': ['1041', '1126', '1125', '1127', '1043', '1121', '1122', '1123', '1045', '1124', '1128', '1132'], '1129': ['1129'], '1131': ['1131'], '1032': ['1032'], '1052': ['1052'], '1063': ['1063'], '1160': ['1160'], '1051': ['1051'], '1055': ['1055'], '1057': ['1057'], '1060': ['1060'], '1071': ['1071'], '1147': ['1147', '1148', '1158', '1157', '1159'], '1161': ['1161'], '1053': ['1053'], '1066': ['1066'], '1056': ['1056'], '1061': ['1061'], '1072': ['1072'], '1162': ['1162'], '1033': ['1033'], '1101': ['1101'], '1109': ['1109'], '1153': ['1153'], '1102': ['1102'], '1103': ['1103'], '1105': ['1105'], '1106': ['1106'], '1113': ['1113'], '1154': ['1154'], '1155': ['1155'], '1108': ['1108'], '1110': ['1110'], '1104': ['1104'], '1107': ['1107'], '1114': ['1114'], '1156': ['1156'], '1038': ['1038', '1048', '1068', '1034', '1067'], '1049': ['1049'], '1050': ['1050'], '1054': ['1054'], '1039': ['1039', '1097', '1098', '1099', '1035'], '1112': ['1112'], '1100': ['1100'], '1111': ['1111'], '1030': ['1030', '1046', '1069', '1047', '1070'], '1058': ['1058'], '1059': ['1059'], '1064': ['1064'], '1065': ['1065'], '1031': ['1031'], '1042': ['1042'], '1083': ['1083'], '1085': ['1085'], '1086': ['1086', '1089', '1087', '1090', '1091'], '1036': ['1036', '1092', '1150', '1093', '1094', '1151', '1149', '1037', '1144'], '1145': ['1145'], '1044': ['1044'], '1088': ['1088'], '1142': ['1142'], '1141': ['1141'], '1143': ['1143'], '1115': ['1115'], '1062': ['1062'], '1077': ['1077'], '1117': ['1117'], '1146': ['1146'], '1152': ['1152'], '1075': ['1075'], '1076': ['1076'], '1118': ['1118'], '1073': ['1073'], '1078': ['1078'], '1074': ['1074'], '1116': ['1116'], '1135': ['1135'], '1137': ['1137'], '1140': ['1140'], '1139': ['1139'], '1119': ['1119'], '1120': ['1120'], '1130': ['1130'], '1134': ['1134'], '1133': ['1133']})"
94,"defaultdict(<class 'list'>, {'1040': ['1040'], '1080': ['1080'], '1079': ['1079'], '1081': ['1081'], '1095': ['1095'], '1082': ['1082'], '1084': ['1084'], '1096': ['1096'], '1136': ['1136'], '1138': ['1138'], '1041': ['1041', '1126', '1125', '1127', '1124', '1129', '1122', '1123', '1045', '1043', '1121', '1134'], '1128': ['1128'], '1131': ['1131'], '1032': ['1032'], '1052': ['1052', '1051', '1053', '1049', '1050'], '1063': ['1063'], '1160': ['1160', '1147', '1161', '1145', '1146'], '1055': ['1055'], '1057': ['1057'], '1060': ['1060'], '1071': ['1071'], '1148': ['1148', '1158', '1157', '1159', '1156'], '1066': ['1066'], '1056': ['1056'], '1061': ['1061'], '1072': ['1072'], '1162': ['1162'], '1033': ['1033', '1153', '1154', '1155', '1152'], '1101': ['1101'], '1109': ['1109'], '1102': ['1102'], '1103': ['1103'], '1105': ['1105'], '1106': ['1106'], '1113': ['1113'], '1108': ['1108'], '1110': ['1110'], '1104': ['1104'], '1107': ['1107'], '1114': ['1114'], '1038': ['1038'], '1048': ['1048'], '1054': ['1054'], '1068': ['1068'], '1039': ['1039', '1097', '1098', '1099', '1035'], '1112': ['1112'], '1100': ['1100'], '1034': ['1034'], '1067': ['1067'], '1111': ['1111'], '1030': ['1030', '1046', '1069', '1047', '1070'], '1058': ['1058'], '1059': ['1059'], '1064': ['1064'], '1065': ['1065'], '1031': ['1031'], '1042': ['1042'], '1083': ['1083'], '1085': ['1085'], '1086': ['1086'], '1089': ['1089'], '1036': ['1036'], '1092': ['1092'], '1150': ['1150'], '1093': ['1093'], '1094': ['1094'], '1151': ['1151'], '1144': ['1144'], '1149': ['1149'], '1037': ['1037'], '1044': ['1044'], '1087': ['1087'], '1088': ['1088'], '1090': ['1090'], '1142': ['1142'], '1141': ['1141'], '1091': ['1091'], '1143': ['1143'], '1115': ['1115'], '1062': ['1062'], '1077': ['1077'], '1117': ['1117', '1118', '1116', '1119', '1120'], '1075': ['1075'], '1076': ['1076'], '1073': ['1073'], '1078': ['1078'], '1074': ['1074'], '1135': ['1135'], '1137': ['1137'], '1140': ['1140'], '1139': ['1139'], '1132': ['1132'], '1130': ['1130'], '1133': ['1133']})"
94,"defaultdict(<class 'list'>, {'1040': ['1040'], '1080': ['1080'], '1079': ['1079'], '1081': ['1081'], '1095': ['1095'], '1082': ['1082'], '1084': ['1084'], '1096': ['1096'], '1136': ['1136'], '1138': ['1138'], '1041': ['1041'], '1126': ['1126'], '1125': ['1125'], '1127': ['1127'], '1128': ['1128', '1131', '1132', '1130', '1133', '1129', '1120', '1134'], '1032': ['1032', '1052', '1053', '1038', '1048', '1054', '1034', '1049', '1050'], '1063': ['1063'], '1160': ['1160'], '1051': ['1051'], '1055': ['1055'], '1057': ['1057'], '1060': ['1060'], '1071': ['1071'], '1147': ['1147'], '1148': ['1148', '1158', '1157', '1159', '1156'], '1161': ['1161'], '1066': ['1066', '1067', '1064', '1065', '1031'], '1056': ['1056'], '1061': ['1061', '1062', '1075', '1073', '1074'], '1072': ['1072'], '1162': ['1162'], '1033': ['1033'], '1101': ['1101'], '1109': ['1109'], '1153': ['1153'], '1102': ['1102'], '1103': ['1103'], '1105': ['1105'], '1106': ['1106'], '1113': ['1113'], '1154': ['1154'], '1155': ['1155'], '1108': ['1108'], '1110': ['1110'], '1104': ['1104'], '1107': ['1107'], '1114': ['1114'], '1068': ['1068'], '1039': ['1039', '1097', '1098', '1099', '1035'], '1112': ['1112'], '1100': ['1100'], '1111': ['1111'], '1030': ['1030'], '1046': ['1046'], '1069': ['1069'], '1058': ['1058'], '1059': ['1059'], '1047': ['1047'], '1070': ['1070'], '1042': ['1042'], '1083': ['1083'], '1085': ['1085'], '1086': ['1086', '1089', '1044', '1087', '1090'], '1043': ['1043', '1121', '1122', '1123', '1045'], '1124': ['1124'], '1036': ['1036'], '1092': ['1092'], '1150': ['1150'], '1093': ['1093'], '1094': ['1094'], '1145': ['1145'], '1151': ['1151'], '1144': ['1144'], '1149': ['1149'], '1037': ['1037'], '1088': ['1088'], '1142': ['1142'], '1141': ['1141'], '1091': ['1091'], '1143': ['1143'], '1115': ['1115'], '1077': ['1077'], '1117': ['1117'], '1146': ['1146'], '1152': ['1152'], '1076': ['1076'], '1118': ['1118'], '1078': ['1078'], '1116': ['1116'], '1135': ['1135'], '1137': ['1137'], '1140': ['1140'], '1139': ['1139'], '1119': ['1119']})"
94,"defaultdict(<class 'list'>, {'1040': ['1040'], '1080': ['1080'], '1079': ['1079'], '1081': ['1081'], '1095': ['1095'], '1082': ['1082', '1084', '1042', '1083', '1085'], '1096': ['1096'], '1136': ['1136'], '1138': ['1138'], '1041': ['1041', '1126', '1125', '1127', '1043', '1121', '1122', '1123', '1045', '1124', '1128', '1132'], '1129': ['1129'], '1131': ['1131'], '1032': ['1032', '1160', '1161', '1162', '1146'], '1052': ['1052', '1051', '1053', '1049', '1050'], '1063': ['1063'], '1055': ['1055'], '1057': ['1057', '1060', '1061', '1105', '1106', '1107', '1058', '1059', '1113'], '1071': ['1071'], '1147': ['1147'], '1148': ['1148'], '1158': ['1158'], '1066': ['1066'], '1056': ['1056'], '1072': ['1072'], '1157': ['1157'], '1159': ['1159'], '1033': ['1033'], '1101': ['1101'], '1109': ['1109'], '1153': ['1153'], '1102': ['1102'], '1103': ['1103'], '1154': ['1154'], '1155': ['1155'], '1108': ['1108'], '1110': ['1110'], '1104': ['1104'], '1114': ['1114'], '1156': ['1156'], '1038': ['1038'], '1048': ['1048'], '1054': ['1054'], '1068': ['1068'], '1039': ['1039', '1097', '1098', '1099', '1035'], '1112': ['1112'], '1100': ['1100'], '1034': ['1034'], '1067': ['1067'], '1111': ['1111'], '1030': ['1030'], '1046': ['1046'], '1069': ['1069'], '1064': ['1064'], '1065': ['1065'], '1047': ['1047'], '1070': ['1070'], '1031': ['1031'], '1086': ['1086', '1089', '1044', '1087', '1090'], '1036': ['1036'], '1092': ['1092'], '1150': ['1150'], '1093': ['1093'], '1094': ['1094'], '1145': ['1145'], '1151': ['1151'], '1144': ['1144'], '1149': ['1149'], '1037': ['1037'], '1088': ['1088'], '1142': ['1142'], '1141': ['1141'], '1091': ['1091'], '1143': ['1143'], '1115': ['1115'], '1062': ['1062'], '1077': ['1077'], '1117': ['1117'], '1152': ['1152'], '1075': ['1075'], '1076': ['1076'], '1118': ['1118'], '1073': ['1073'], '1078': ['1078'], '1074': ['1074'], '1116': ['1116'], '1135': ['1135'], '1137': ['1137'], '1140': ['1140'], '1139': ['1139'], '1119': ['1119'], '1120': ['1120'], '1130': ['1130'], '1134': ['1134'], '1133': ['1133']})"
94,"defaultdict(<class 'list'>, {'1040': ['1040', '1080', '1081', '1082', '1084', '1042', '1083', '1085', '1078'], '1079': ['1079'], '1095': ['1095'], '1096': ['1096'], '1136': ['1136'], '1138': ['1138'], '1041': ['1041'], '1126': ['1126'], '1125': ['1125'], '1127': ['1127'], '1128': ['1128'], '1129': ['1129'], '1131': ['1131'], '1032': ['1032'], '1052': ['1052', '1053', '1049', '1050', '1054'], '1063': ['1063'], '1160': ['1160'], '1051': ['1051'], '1055': ['1055'], '1057': ['1057'], '1060': ['1060'], '1071': ['1071'], '1147': ['1147'], '1148': ['1148', '1158', '1157', '1159', '1156'], '1161': ['1161'], '1066': ['1066'], '1056': ['1056'], '1061': ['1061', '1062', '1075', '1073', '1074'], '1072': ['1072'], '1162': ['1162'], '1033': ['1033'], '1101': ['1101'], '1109': ['1109'], '1153': ['1153'], '1102': ['1102', '1103', '1104', '1117', '1118'], '1105': ['1105'], '1106': ['1106'], '1113': ['1113'], '1154': ['1154'], '1155': ['1155'], '1108': ['1108'], '1110': ['1110'], '1107': ['1107'], '1114': ['1114', '1030', '1046', '1069', '1064', '1065', '1070', '1031', '1047'], '1038': ['1038', '1048', '1068', '1034', '1067'], '1039': ['1039'], '1097': ['1097'], '1098': ['1098'], '1099': ['1099'], '1112': ['1112'], '1100': ['1100'], '1035': ['1035'], '1111': ['1111'], '1058': ['1058'], '1059': ['1059'], '1086': ['1086'], '1089': ['1089'], '1043': ['1043'], '1121': ['1121'], '1122': ['1122'], '1123': ['1123'], '1124': ['1124'], '1036': ['1036'], '1092': ['1092'], '1150': ['1150'], '1093': ['1093'], '1094': ['1094'], '1145': ['1145'], '1151': ['1151'], '1144': ['1144'], '1149': ['1149'], '1037': ['1037'], '1044': ['1044'], '1087': ['1087'], '1088': ['1088'], '1090': ['1090'], '1142': ['1142'], '1141': ['1141'], '1091': ['1091'], '1143': ['1143'], '1045': ['1045'], '1115': ['1115', '1116', '1119', '1120'], '1077': ['1077'], '1146': ['1146'], '1152': ['1152'], '1076': ['1076'], '1135': ['1135'], '1137': ['1137'], '1140': ['1140'], '1139': ['1139'], '1132': ['1132'], '1130': ['1130'], '1134': ['1134'], '1133': ['1133']})"
94,"defaultdict(<class 'list'>, {'1040': ['1040', '1080', '1079', '1077', '1076', '1078', '1081', '1082', '1083'], '1095': ['1095'], '1084': ['1084'], '1096': ['1096', '1138', '1135', '1137', '1139'], '1136': ['1136'], '1041': ['1041'], '1126': ['1126'], '1125': ['1125'], '1127': ['1127'], '1128': ['1128'], '1129': ['1129'], '1131': ['1131'], '1032': ['1032'], '1052': ['1052'], '1063': ['1063'], '1160': ['1160'], '1051': ['1051'], '1055': ['1055'], '1057': ['1057'], '1060': ['1060'], '1071': ['1071'], '1147': ['1147'], '1148': ['1148', '1158', '1157', '1159', '1156'], '1161': ['1161'], '1053': ['1053'], '1066': ['1066'], '1056': ['1056'], '1061': ['1061'], '1072': ['1072'], '1162': ['1162'], '1033': ['1033', '1101', '1109', '1153', '1100', '1154', '1155', '1152'], '1102': ['1102'], '1103': ['1103'], '1105': ['1105'], '1106': ['1106'], '1113': ['1113'], '1108': ['1108'], '1110': ['1110'], '1104': ['1104'], '1107': ['1107'], '1114': ['1114'], '1038': ['1038'], '1048': ['1048'], '1049': ['1049'], '1050': ['1050'], '1054': ['1054'], '1068': ['1068'], '1039': ['1039'], '1097': ['1097'], '1098': ['1098'], '1099': ['1099'], '1112': ['1112'], '1034': ['1034'], '1067': ['1067'], '1035': ['1035'], '1111': ['1111'], '1030': ['1030', '1046', '1069', '1047', '1070'], '1058': ['1058'], '1059': ['1059'], '1064': ['1064'], '1065': ['1065'], '1031': ['1031'], '1042': ['1042'], '1085': ['1085'], '1086': ['1086', '1089', '1044', '1087', '1090'], '1043': ['1043'], '1121': ['1121'], '1122': ['1122'], '1123': ['1123'], '1124': ['1124'], '1036': ['1036'], '1092': ['1092'], '1150': ['1150'], '1093': ['1093', '1094', '1151', '1149', '1037'], '1145': ['1145'], '1144': ['1144'], '1088': ['1088', '1142', '1141', '1143', '1140'], '1091': ['1091'], '1045': ['1045'], '1115': ['1115'], '1062': ['1062'], '1117': ['1117'], '1146': ['1146'], '1075': ['1075'], '1118': ['1118'], '1073': ['1073'], '1074': ['1074'], '1116': ['1116'], '1119': ['1119'], '1120': ['1120'], '1132': ['1132'], '1130': ['1130'], '1134': ['1134'], '1133': ['1133']})"
94,"defaultdict(<class 'list'>, {'1040': ['1040'], '1080': ['1080'], '1079': ['1079'], '1081': ['1081'], '1095': ['1095'], '1082': ['1082', '1084', '1042', '1083', '1085'], '1096': ['1096'], '1136': ['1136'], '1138': ['1138'], '1041': ['1041', '1126', '1125', '1127', '1124'], '1128': ['1128'], '1129': ['1129'], '1131': ['1131'], '1032': ['1032'], '1052': ['1052'], '1063': ['1063'], '1160': ['1160'], '1051': ['1051'], '1055': ['1055'], '1057': ['1057'], '1060': ['1060'], '1071': ['1071'], '1147': ['1147'], '1148': ['1148', '1158', '1157', '1159', '1156'], '1161': ['1161'], '1053': ['1053'], '1066': ['1066'], '1056': ['1056'], '1061': ['1061'], '1072': ['1072'], '1162': ['1162'], '1033': ['1033'], '1101': ['1101', '1102', '1098', '1099', '1100'], '1109': ['1109'], '1153': ['1153', '1154', '1155', '1151', '1152'], '1103': ['1103'], '1105': ['1105', '1106', '1107', '1058', '1059'], '1113': ['1113'], '1108': ['1108'], '1110': ['1110'], '1104': ['1104', '1112', '1111', '1117'], '1114': ['1114', '1115', '1118', '1116', '1119'], '1038': ['1038'], '1048': ['1048'], '1049': ['1049'], '1050': ['1050'], '1054': ['1054'], '1068': ['1068'], '1039': ['1039'], '1097': ['1097'], '1034': ['1034'], '1067': ['1067'], '1035': ['1035'], '1030': ['1030', '1046', '1069', '1047', '1070'], '1064': ['1064'], '1065': ['1065'], '1031': ['1031'], '1086': ['1086', '1089', '1044', '1087', '1090'], '1043': ['1043'], '1121': ['1121'], '1122': ['1122'], '1123': ['1123'], '1036': ['1036'], '1092': ['1092'], '1150': ['1150'], '1093': ['1093'], '1094': ['1094'], '1145': ['1145'], '1144': ['1144'], '1149': ['1149'], '1037': ['1037'], '1088': ['1088'], '1142': ['1142'], '1141': ['1141'], '1091': ['1091'], '1143': ['1143'], '1045': ['1045'], '1062': ['1062'], '1077': ['1077'], '1146': ['1146'], '1075': ['1075'], '1076': ['1076'], '1073': ['1073'], '1078': ['1078'], '1074': ['1074'], '1135': ['1135'], '1137': ['1137'], '1140': ['1140'], '1139': ['1139'], '1120': ['1120'], '1132': ['1132'], '1130': ['1130'], '1134': ['1134'], '1133': ['1133']})"
95,"defaultdict(<class 'list'>, {'1040': ['1040', '1080', '1079', '1081', '1078'], '1095': ['1095'], '1082': ['1082'], '1084': ['1084'], '1096': ['1096'], '1136': ['1136'], '1138': ['1138'], '1041': ['1041'], '1126': ['1126'], '1125': ['1125'], '1127': ['1127'], '1128': ['1128', '1131', '1132', '1130', '1133'], '1129': ['1129'], '1032': ['1032', '1160', '1147', '1161', '1145', '1146', '1162'], '1052': ['1052', '1051', '1053', '1049', '1050'], '1063': ['1063'], '1055': ['1055'], '1057': ['1057'], '1060': ['1060'], '1071': ['1071'], '1148': ['1148'], '1158': ['1158'], '1066': ['1066'], '1056': ['1056'], '1061': ['1061'], '1072': ['1072'], '1157': ['1157'], '1159': ['1159'], '1033': ['1033'], '1101': ['1101'], '1109': ['1109'], '1153': ['1153'], '1102': ['1102'], '1103': ['1103'], '1105': ['1105'], '1106': ['1106'], '1113': ['1113'], '1154': ['1154', '1036', '1150', '1151', '1152'], '1155': ['1155'], '1108': ['1108'], '1110': ['1110'], '1104': ['1104'], '1107': ['1107'], '1114': ['1114'], '1156': ['1156'], '1038': ['1038'], '1048': ['1048'], '1054': ['1054'], '1068': ['1068'], '1039': ['1039', '1097', '1098', '1099', '1035'], '1112': ['1112'], '1100': ['1100'], '1034': ['1034'], '1067': ['1067'], '1111': ['1111'], '1030': ['1030', '1046', '1069', '1047', '1070'], '1058': ['1058'], '1059': ['1059'], '1064': ['1064'], '1065': ['1065'], '1031': ['1031'], '1042': ['1042'], '1083': ['1083'], '1085': ['1085'], '1086': ['1086'], '1089': ['1089', '1092', '1044', '1090', '1091'], '1043': ['1043', '1121', '1122', '1123', '1045'], '1124': ['1124'], '1093': ['1093'], '1094': ['1094'], '1144': ['1144'], '1149': ['1149'], '1037': ['1037'], '1087': ['1087'], '1088': ['1088'], '1142': ['1142'], '1141': ['1141'], '1143': ['1143'], '1115': ['1115'], '1062': ['1062'], '1077': ['1077'], '1117': ['1117'], '1075': ['1075'], '1076': ['1076'], '1118': ['1118'], '1073': ['1073'], '1074': ['1074'], '1116': ['1116'], '1135': ['1135'], '1137': ['1137'], '1140': ['1140'], '1139': ['1139'], '1119': ['1119'], '1120': ['1120'], '1134': ['1134']})"
95,"defaultdict(<class 'list'>, {'1040': ['1040', '1080', '1081', '1082', '1078'], '1079': ['1079', '1077', '1075', '1076', '1074'], '1095': ['1095'], '1084': ['1084'], '1096': ['1096'], '1136': ['1136'], '1138': ['1138'], '1041': ['1041'], '1126': ['1126'], '1125': ['1125'], '1127': ['1127'], '1128': ['1128', '1131', '1132', '1130', '1133'], '1129': ['1129'], '1032': ['1032'], '1052': ['1052'], '1063': ['1063'], '1160': ['1160'], '1051': ['1051'], '1055': ['1055'], '1057': ['1057', '1060', '1061', '1105', '1106', '1107', '1058', '1059', '1062'], '1071': ['1071'], '1147': ['1147'], '1148': ['1148', '1158', '1157', '1159'], '1161': ['1161'], '1053': ['1053'], '1066': ['1066'], '1056': ['1056'], '1072': ['1072'], '1162': ['1162'], '1033': ['1033', '1153', '1155', '1156'], '1101': ['1101'], '1109': ['1109'], '1102': ['1102'], '1103': ['1103'], '1113': ['1113'], '1154': ['1154', '1036', '1150', '1151', '1152'], '1108': ['1108'], '1110': ['1110'], '1104': ['1104'], '1114': ['1114'], '1038': ['1038'], '1048': ['1048'], '1049': ['1049'], '1050': ['1050'], '1054': ['1054'], '1068': ['1068'], '1039': ['1039', '1097', '1098', '1099', '1035'], '1112': ['1112'], '1100': ['1100'], '1034': ['1034'], '1067': ['1067'], '1111': ['1111'], '1030': ['1030'], '1046': ['1046'], '1069': ['1069'], '1064': ['1064'], '1065': ['1065'], '1047': ['1047'], '1070': ['1070'], '1031': ['1031'], '1042': ['1042'], '1083': ['1083'], '1085': ['1085'], '1086': ['1086', '1089', '1044', '1087', '1090'], '1043': ['1043'], '1121': ['1121'], '1122': ['1122'], '1123': ['1123'], '1124': ['1124'], '1092': ['1092'], '1093': ['1093'], '1094': ['1094'], '1145': ['1145'], '1144': ['1144'], '1149': ['1149'], '1037': ['1037'], '1088': ['1088'], '1142': ['1142'], '1141': ['1141'], '1091': ['1091'], '1143': ['1143'], '1045': ['1045'], '1115': ['1115'], '1117': ['1117'], '1146': ['1146'], '1118': ['1118'], '1073': ['1073'], '1116': ['1116'], '1135': ['1135'], '1137': ['1137'], '1140': ['1140'], '1139': ['1139'], '1119': ['1119'], '1120': ['1120'], '1134': ['1134']})"
95,"defaultdict(<class 'list'>, {'1040': ['1040'], '1080': ['1080'], '1079': ['1079'], '1081': ['1081'], '1095': ['1095'], '1082': ['1082'], '1084': ['1084'], '1096': ['1096', '1138', '1135', '1137', '1139', '1136', '1140'], '1041': ['1041', '1126', '1125', '1127', '1124'], '1128': ['1128'], '1129': ['1129'], '1131': ['1131'], '1032': ['1032'], '1052': ['1052'], '1063': ['1063'], '1160': ['1160'], '1051': ['1051'], '1055': ['1055'], '1057': ['1057', '1060', '1061', '1058', '1059', '1071', '1072', '1062', '1073'], '1147': ['1147'], '1148': ['1148'], '1158': ['1158'], '1161': ['1161'], '1053': ['1053'], '1066': ['1066'], '1056': ['1056', '1077', '1075', '1076', '1074'], '1157': ['1157'], '1159': ['1159'], '1162': ['1162'], '1033': ['1033'], '1101': ['1101'], '1109': ['1109'], '1153': ['1153'], '1102': ['1102'], '1103': ['1103'], '1105': ['1105'], '1106': ['1106'], '1113': ['1113'], '1154': ['1154'], '1155': ['1155'], '1108': ['1108'], '1110': ['1110'], '1104': ['1104'], '1107': ['1107'], '1114': ['1114'], '1156': ['1156'], '1038': ['1038'], '1048': ['1048'], '1049': ['1049'], '1050': ['1050'], '1054': ['1054'], '1068': ['1068'], '1039': ['1039'], '1097': ['1097'], '1098': ['1098'], '1099': ['1099'], '1112': ['1112'], '1100': ['1100'], '1034': ['1034'], '1067': ['1067'], '1035': ['1035'], '1111': ['1111'], '1030': ['1030'], '1046': ['1046'], '1069': ['1069'], '1064': ['1064'], '1065': ['1065'], '1047': ['1047'], '1070': ['1070'], '1031': ['1031'], '1042': ['1042'], '1083': ['1083'], '1085': ['1085'], '1086': ['1086', '1087', '1088', '1141', '1143'], '1089': ['1089', '1149', '1044', '1090', '1091'], '1043': ['1043', '1121', '1122', '1123', '1045'], '1036': ['1036'], '1092': ['1092'], '1150': ['1150'], '1093': ['1093'], '1094': ['1094'], '1145': ['1145'], '1151': ['1151'], '1144': ['1144'], '1037': ['1037'], '1142': ['1142'], '1115': ['1115', '1118', '1116', '1119', '1120'], '1117': ['1117'], '1146': ['1146'], '1152': ['1152'], '1078': ['1078'], '1132': ['1132'], '1130': ['1130'], '1134': ['1134'], '1133': ['1133']})"
95,"defaultdict(<class 'list'>, {'1040': ['1040', '1080', '1081', '1082', '1078'], '1079': ['1079'], '1095': ['1095'], '1084': ['1084'], '1096': ['1096', '1138', '1135', '1137', '1139'], '1136': ['1136'], '1041': ['1041'], '1126': ['1126'], '1125': ['1125'], '1127': ['1127'], '1128': ['1128', '1131', '1132', '1130', '1133', '1129', '1120', '1134'], '1032': ['1032'], '1052': ['1052'], '1063': ['1063'], '1160': ['1160'], '1051': ['1051'], '1055': ['1055'], '1057': ['1057', '1060', '1061', '1058', '1059'], '1071': ['1071'], '1147': ['1147'], '1148': ['1148'], '1158': ['1158'], '1161': ['1161'], '1053': ['1053'], '1066': ['1066'], '1056': ['1056'], '1072': ['1072'], '1157': ['1157'], '1159': ['1159'], '1162': ['1162'], '1033': ['1033'], '1101': ['1101'], '1109': ['1109'], '1153': ['1153'], '1102': ['1102'], '1103': ['1103'], '1105': ['1105', '1106', '1113', '1107', '1114'], '1154': ['1154'], '1155': ['1155'], '1108': ['1108'], '1110': ['1110'], '1104': ['1104'], '1156': ['1156'], '1038': ['1038'], '1048': ['1048'], '1049': ['1049'], '1050': ['1050'], '1054': ['1054'], '1068': ['1068'], '1039': ['1039', '1097', '1098', '1099', '1035', '1112', '1111', '1117', '1118'], '1100': ['1100'], '1034': ['1034'], '1067': ['1067'], '1030': ['1030'], '1046': ['1046'], '1069': ['1069'], '1064': ['1064'], '1065': ['1065'], '1047': ['1047'], '1070': ['1070'], '1031': ['1031'], '1042': ['1042'], '1083': ['1083'], '1085': ['1085'], '1086': ['1086'], '1089': ['1089'], '1043': ['1043'], '1121': ['1121'], '1122': ['1122'], '1123': ['1123'], '1124': ['1124'], '1036': ['1036', '1092', '1150', '1151', '1149'], '1093': ['1093'], '1094': ['1094'], '1145': ['1145'], '1144': ['1144'], '1037': ['1037'], '1044': ['1044'], '1087': ['1087'], '1088': ['1088', '1142', '1141', '1143'], '1090': ['1090'], '1091': ['1091'], '1045': ['1045'], '1115': ['1115'], '1062': ['1062'], '1077': ['1077'], '1146': ['1146'], '1152': ['1152'], '1075': ['1075'], '1076': ['1076'], '1073': ['1073'], '1074': ['1074'], '1116': ['1116'], '1140': ['1140'], '1119': ['1119']})"
96,"defaultdict(<class 'list'>, {'1040': ['1040'], '1080': ['1080'], '1079': ['1079'], '1081': ['1081'], '1095': ['1095'], '1082': ['1082'], '1084': ['1084'], '1096': ['1096', '1138', '1135', '1137', '1139'], '1136': ['1136'], '1041': ['1041'], '1126': ['1126'], '1125': ['1125'], '1127': ['1127'], '1128': ['1128', '1129', '1132', '1130', '1134'], '1131': ['1131'], '1032': ['1032', '1052', '1063', '1053', '1049'], '1160': ['1160', '1147', '1161', '1145', '1146', '1162'], '1051': ['1051'], '1055': ['1055'], '1057': ['1057', '1060', '1061', '1058', '1059'], '1071': ['1071'], '1148': ['1148'], '1158': ['1158'], '1066': ['1066'], '1056': ['1056'], '1072': ['1072'], '1157': ['1157'], '1159': ['1159'], '1033': ['1033'], '1101': ['1101'], '1109': ['1109'], '1153': ['1153'], '1102': ['1102'], '1103': ['1103'], '1105': ['1105', '1106', '1113', '1107', '1114'], '1154': ['1154'], '1155': ['1155'], '1108': ['1108'], '1110': ['1110'], '1104': ['1104'], '1156': ['1156'], '1038': ['1038', '1048', '1068', '1034', '1067'], '1050': ['1050'], '1054': ['1054'], '1039': ['1039'], '1097': ['1097'], '1098': ['1098'], '1099': ['1099'], '1112': ['1112'], '1100': ['1100'], '1035': ['1035'], '1111': ['1111'], '1030': ['1030'], '1046': ['1046'], '1069': ['1069', '1064', '1065', '1070', '1031'], '1047': ['1047'], '1042': ['1042'], '1083': ['1083'], '1085': ['1085'], '1086': ['1086'], '1089': ['1089'], '1043': ['1043'], '1121': ['1121'], '1122': ['1122'], '1123': ['1123'], '1124': ['1124'], '1036': ['1036'], '1092': ['1092'], '1150': ['1150'], '1093': ['1093', '1094', '1144', '1149', '1037'], '1151': ['1151'], '1044': ['1044'], '1087': ['1087'], '1088': ['1088'], '1090': ['1090'], '1142': ['1142'], '1141': ['1141'], '1091': ['1091'], '1143': ['1143'], '1045': ['1045'], '1115': ['1115'], '1062': ['1062'], '1077': ['1077'], '1117': ['1117'], '1152': ['1152'], '1075': ['1075'], '1076': ['1076'], '1118': ['1118'], '1073': ['1073'], '1078': ['1078'], '1074': ['1074'], '1116': ['1116'], '1140': ['1140'], '1119': ['1119'], '1120': ['1120'], '1133': ['1133']})"
96,"defaultdict(<class 'list'>, {'1040': ['1040'], '1080': ['1080', '1079', '1077', '1076', '1078'], '1081': ['1081'], '1095': ['1095'], '1082': ['1082'], '1084': ['1084'], '1096': ['1096', '1138', '1135', '1137', '1139'], '1136': ['1136'], '1041': ['1041', '1126', '1125', '1127', '1124'], '1128': ['1128', '1131', '1132', '1130', '1133'], '1129': ['1129'], '1032': ['1032'], '1052': ['1052'], '1063': ['1063'], '1160': ['1160'], '1051': ['1051'], '1055': ['1055'], '1057': ['1057'], '1060': ['1060'], '1071': ['1071'], '1147': ['1147'], '1148': ['1148'], '1158': ['1158'], '1161': ['1161'], '1053': ['1053'], '1066': ['1066'], '1056': ['1056'], '1061': ['1061'], '1072': ['1072'], '1157': ['1157'], '1159': ['1159'], '1162': ['1162'], '1033': ['1033', '1101', '1109', '1153', '1100'], '1102': ['1102', '1103', '1104', '1117', '1118'], '1105': ['1105'], '1106': ['1106'], '1113': ['1113'], '1154': ['1154', '1151', '1152'], '1155': ['1155'], '1108': ['1108'], '1110': ['1110'], '1107': ['1107'], '1114': ['1114'], '1156': ['1156'], '1038': ['1038'], '1048': ['1048'], '1049': ['1049'], '1050': ['1050'], '1054': ['1054'], '1068': ['1068'], '1039': ['1039', '1097', '1112', '1035', '1111'], '1098': ['1098'], '1099': ['1099'], '1034': ['1034'], '1067': ['1067'], '1030': ['1030'], '1046': ['1046'], '1069': ['1069'], '1058': ['1058'], '1059': ['1059'], '1064': ['1064'], '1065': ['1065'], '1047': ['1047'], '1070': ['1070'], '1031': ['1031'], '1042': ['1042'], '1083': ['1083'], '1085': ['1085'], '1086': ['1086', '1089', '1044', '1087', '1090'], '1043': ['1043'], '1121': ['1121'], '1122': ['1122'], '1123': ['1123'], '1036': ['1036'], '1092': ['1092'], '1150': ['1150'], '1093': ['1093'], '1094': ['1094'], '1145': ['1145'], '1144': ['1144'], '1149': ['1149'], '1037': ['1037'], '1088': ['1088', '1142', '1141', '1143'], '1091': ['1091'], '1045': ['1045'], '1115': ['1115'], '1062': ['1062'], '1146': ['1146'], '1075': ['1075'], '1073': ['1073'], '1074': ['1074'], '1116': ['1116'], '1140': ['1140'], '1119': ['1119'], '1120': ['1120'], '1134': ['1134']})"
97,"defaultdict(<class 'list'>, {'1040': ['1040'], '1080': ['1080'], '1079': ['1079'], '1081': ['1081'], '1095': ['1095'], '1082': ['1082', '1084', '1042', '1083', '1085'], '1096': ['1096'], '1136': ['1136'], '1138': ['1138'], '1041': ['1041', '1126', '1125', '1127', '1124'], '1128': ['1128'], '1129': ['1129'], '1131': ['1131'], '1032': ['1032', '1160', '1161', '1162', '1146'], '1052': ['1052'], '1063': ['1063'], '1051': ['1051'], '1055': ['1055'], '1057': ['1057'], '1060': ['1060'], '1071': ['1071'], '1147': ['1147', '1148', '1158', '1157', '1159'], '1053': ['1053'], '1066': ['1066', '1110', '1064', '1065', '1031'], '1056': ['1056'], '1061': ['1061', '1062', '1075', '1073', '1074'], '1072': ['1072'], '1033': ['1033'], '1101': ['1101'], '1109': ['1109'], '1153': ['1153'], '1102': ['1102', '1103', '1104', '1098', '1099'], '1105': ['1105'], '1106': ['1106'], '1113': ['1113'], '1154': ['1154'], '1155': ['1155'], '1108': ['1108'], '1107': ['1107'], '1114': ['1114', '1115', '1118', '1116', '1119'], '1156': ['1156'], '1038': ['1038', '1048', '1068', '1034', '1067'], '1049': ['1049'], '1050': ['1050'], '1054': ['1054'], '1039': ['1039'], '1097': ['1097'], '1112': ['1112'], '1100': ['1100'], '1035': ['1035'], '1111': ['1111'], '1030': ['1030'], '1046': ['1046'], '1069': ['1069'], '1058': ['1058'], '1059': ['1059'], '1047': ['1047'], '1070': ['1070'], '1086': ['1086'], '1089': ['1089'], '1043': ['1043'], '1121': ['1121'], '1122': ['1122'], '1123': ['1123'], '1036': ['1036'], '1092': ['1092'], '1150': ['1150'], '1093': ['1093'], '1094': ['1094'], '1145': ['1145'], '1151': ['1151'], '1144': ['1144'], '1149': ['1149'], '1037': ['1037'], '1044': ['1044'], '1087': ['1087'], '1088': ['1088'], '1090': ['1090'], '1142': ['1142'], '1141': ['1141'], '1091': ['1091'], '1143': ['1143'], '1045': ['1045'], '1077': ['1077'], '1117': ['1117'], '1152': ['1152'], '1076': ['1076'], '1078': ['1078'], '1135': ['1135'], '1137': ['1137'], '1140': ['1140'], '1139': ['1139'], '1120': ['1120'], '1132': ['1132'], '1130': ['1130'], '1134': ['1134'], '1133': ['1133']})"
97,"defaultdict(<class 'list'>, {'1040': ['1040', '1080', '1081', '1082', '1078'], '1079': ['1079'], '1095': ['1095'], '1084': ['1084'], '1096': ['1096'], '1136': ['1136'], '1138': ['1138'], '1041': ['1041'], '1126': ['1126'], '1125': ['1125'], '1127': ['1127'], '1128': ['1128'], '1129': ['1129'], '1131': ['1131'], '1032': ['1032'], '1052': ['1052'], '1063': ['1063'], '1160': ['1160'], '1051': ['1051'], '1055': ['1055'], '1057': ['1057'], '1060': ['1060'], '1071': ['1071'], '1147': ['1147'], '1148': ['1148'], '1158': ['1158'], '1161': ['1161'], '1053': ['1053'], '1066': ['1066', '1038', '1048', '1068', '1067'], '1056': ['1056', '1077', '1075', '1076', '1074'], '1061': ['1061'], '1072': ['1072'], '1157': ['1157'], '1159': ['1159'], '1162': ['1162'], '1033': ['1033'], '1101': ['1101'], '1109': ['1109'], '1153': ['1153', '1154', '1155', '1156', '1152'], '1102': ['1102', '1103', '1104', '1117', '1118'], '1105': ['1105'], '1106': ['1106'], '1113': ['1113'], '1108': ['1108'], '1110': ['1110'], '1107': ['1107'], '1114': ['1114', '1030', '1046', '1069', '1064', '1065', '1070', '1031', '1047'], '1049': ['1049'], '1050': ['1050'], '1054': ['1054'], '1039': ['1039'], '1097': ['1097'], '1098': ['1098'], '1099': ['1099'], '1112': ['1112'], '1100': ['1100'], '1034': ['1034'], '1035': ['1035'], '1111': ['1111'], '1058': ['1058'], '1059': ['1059'], '1042': ['1042'], '1083': ['1083'], '1085': ['1085'], '1086': ['1086', '1089', '1087', '1090', '1091'], '1043': ['1043'], '1121': ['1121'], '1122': ['1122'], '1123': ['1123'], '1124': ['1124'], '1036': ['1036'], '1092': ['1092'], '1150': ['1150'], '1093': ['1093'], '1094': ['1094'], '1145': ['1145'], '1151': ['1151'], '1144': ['1144'], '1149': ['1149'], '1037': ['1037'], '1044': ['1044'], '1088': ['1088', '1142', '1141', '1143', '1139'], '1045': ['1045'], '1115': ['1115'], '1062': ['1062'], '1146': ['1146'], '1073': ['1073'], '1116': ['1116'], '1135': ['1135'], '1137': ['1137'], '1140': ['1140'], '1119': ['1119'], '1120': ['1120'], '1132': ['1132'], '1130': ['1130'], '1134': ['1134'], '1133': ['1133']})"
97,"defaultdict(<class 'list'>, {'1040': ['1040'], '1080': ['1080'], '1079': ['1079'], '1081': ['1081'], '1095': ['1095'], '1082': ['1082', '1084', '1042', '1083', '1085'], '1096': ['1096', '1138', '1135', '1137', '1139'], '1136': ['1136'], '1041': ['1041'], '1126': ['1126'], '1125': ['1125'], '1127': ['1127'], '1128': ['1128'], '1129': ['1129'], '1131': ['1131'], '1032': ['1032', '1160', '1161', '1162', '1146'], '1052': ['1052', '1053', '1049', '1050', '1054'], '1063': ['1063'], '1051': ['1051'], '1055': ['1055'], '1057': ['1057'], '1060': ['1060'], '1071': ['1071'], '1147': ['1147'], '1148': ['1148'], '1158': ['1158'], '1066': ['1066'], '1056': ['1056'], '1061': ['1061'], '1072': ['1072'], '1157': ['1157'], '1159': ['1159'], '1033': ['1033'], '1101': ['1101'], '1109': ['1109'], '1153': ['1153'], '1102': ['1102'], '1103': ['1103'], '1105': ['1105'], '1106': ['1106'], '1113': ['1113'], '1154': ['1154'], '1155': ['1155'], '1108': ['1108'], '1110': ['1110'], '1104': ['1104'], '1107': ['1107'], '1114': ['1114'], '1156': ['1156'], '1038': ['1038', '1048', '1068', '1034', '1067'], '1039': ['1039', '1097', '1098', '1099', '1035'], '1112': ['1112'], '1100': ['1100'], '1111': ['1111'], '1030': ['1030'], '1046': ['1046'], '1069': ['1069'], '1058': ['1058'], '1059': ['1059'], '1064': ['1064'], '1065': ['1065'], '1047': ['1047'], '1070': ['1070'], '1031': ['1031'], '1086': ['1086', '1087', '1088', '1141', '1143'], '1089': ['1089'], '1043': ['1043', '1121', '1122', '1123', '1045'], '1124': ['1124'], '1036': ['1036'], '1092': ['1092'], '1150': ['1150'], '1093': ['1093', '1094', '1151', '1149', '1037'], '1145': ['1145'], '1144': ['1144'], '1044': ['1044'], '1090': ['1090'], '1142': ['1142'], '1091': ['1091'], '1115': ['1115'], '1062': ['1062'], '1077': ['1077'], '1117': ['1117'], '1152': ['1152'], '1075': ['1075'], '1076': ['1076'], '1118': ['1118'], '1073': ['1073'], '1078': ['1078'], '1074': ['1074'], '1116': ['1116'], '1140': ['1140'], '1119': ['1119'], '1120': ['1120'], '1132': ['1132'], '1130': ['1130'], '1134': ['1134'], '1133': ['1133']})"
97,"defaultdict(<class 'list'>, {'1040': ['1040'], '1080': ['1080'], '1079': ['1079'], '1081': ['1081'], '1095': ['1095'], '1082': ['1082', '1084', '1042', '1083', '1085'], '1096': ['1096', '1136', '1135', '1137', '1140'], '1138': ['1138'], '1041': ['1041'], '1126': ['1126'], '1125': ['1125'], '1127': ['1127'], '1128': ['1128'], '1129': ['1129'], '1131': ['1131'], '1032': ['1032'], '1052': ['1052'], '1063': ['1063'], '1160': ['1160'], '1051': ['1051', '1055', '1056', '1049', '1050'], '1057': ['1057'], '1060': ['1060'], '1071': ['1071'], '1147': ['1147', '1148', '1158', '1157', '1159'], '1161': ['1161'], '1053': ['1053'], '1066': ['1066'], '1061': ['1061'], '1072': ['1072', '1075', '1076', '1073', '1074'], '1162': ['1162'], '1033': ['1033'], '1101': ['1101'], '1109': ['1109'], '1153': ['1153'], '1102': ['1102'], '1103': ['1103'], '1105': ['1105'], '1106': ['1106'], '1113': ['1113'], '1154': ['1154', '1036', '1150', '1151', '1152'], '1155': ['1155'], '1108': ['1108', '1107', '1115', '1116', '1119'], '1110': ['1110'], '1104': ['1104'], '1114': ['1114'], '1156': ['1156'], '1038': ['1038'], '1048': ['1048'], '1054': ['1054'], '1068': ['1068'], '1039': ['1039'], '1097': ['1097'], '1098': ['1098'], '1099': ['1099'], '1112': ['1112'], '1100': ['1100'], '1034': ['1034'], '1067': ['1067'], '1035': ['1035'], '1111': ['1111'], '1030': ['1030'], '1046': ['1046'], '1069': ['1069'], '1058': ['1058'], '1059': ['1059'], '1064': ['1064'], '1065': ['1065'], '1047': ['1047'], '1070': ['1070'], '1031': ['1031'], '1086': ['1086'], '1089': ['1089'], '1043': ['1043'], '1121': ['1121'], '1122': ['1122'], '1123': ['1123'], '1124': ['1124'], '1092': ['1092'], '1093': ['1093', '1094', '1144', '1149', '1037'], '1145': ['1145'], '1044': ['1044'], '1087': ['1087'], '1088': ['1088', '1142', '1141', '1143', '1139'], '1090': ['1090'], '1091': ['1091'], '1045': ['1045'], '1062': ['1062'], '1077': ['1077'], '1117': ['1117'], '1146': ['1146'], '1118': ['1118'], '1078': ['1078'], '1120': ['1120'], '1132': ['1132'], '1130': ['1130'], '1134': ['1134'], '1133': ['1133']})"
97,"defaultdict(<class 'list'>, {'1040': ['1040'], '1080': ['1080'], '1079': ['1079'], '1081': ['1081'], '1095': ['1095'], '1082': ['1082'], '1084': ['1084', '1042', '1085', '1086', '1089', '1044', '1087', '1090', '1091'], '1096': ['1096', '1138', '1135', '1137', '1139'], '1136': ['1136'], '1041': ['1041'], '1126': ['1126'], '1125': ['1125'], '1127': ['1127'], '1128': ['1128'], '1129': ['1129'], '1131': ['1131'], '1032': ['1032', '1052', '1063', '1053', '1049'], '1160': ['1160'], '1051': ['1051'], '1055': ['1055'], '1057': ['1057'], '1060': ['1060'], '1071': ['1071'], '1147': ['1147', '1148', '1158', '1157', '1159'], '1161': ['1161'], '1066': ['1066'], '1056': ['1056'], '1061': ['1061'], '1072': ['1072'], '1162': ['1162'], '1033': ['1033'], '1101': ['1101'], '1109': ['1109'], '1153': ['1153'], '1102': ['1102'], '1103': ['1103'], '1105': ['1105', '1106', '1113', '1107', '1114'], '1154': ['1154'], '1155': ['1155'], '1108': ['1108'], '1110': ['1110'], '1104': ['1104'], '1156': ['1156'], '1038': ['1038', '1048', '1068', '1034', '1067'], '1050': ['1050'], '1054': ['1054'], '1039': ['1039'], '1097': ['1097'], '1098': ['1098'], '1099': ['1099'], '1112': ['1112'], '1100': ['1100'], '1035': ['1035'], '1111': ['1111'], '1030': ['1030'], '1046': ['1046'], '1069': ['1069', '1064', '1065', '1070', '1031'], '1058': ['1058'], '1059': ['1059'], '1047': ['1047'], '1083': ['1083'], '1043': ['1043', '1121', '1122', '1123', '1045'], '1124': ['1124'], '1036': ['1036'], '1092': ['1092'], '1150': ['1150'], '1093': ['1093'], '1094': ['1094'], '1145': ['1145'], '1151': ['1151'], '1144': ['1144'], '1149': ['1149'], '1037': ['1037'], '1088': ['1088'], '1142': ['1142'], '1141': ['1141'], '1143': ['1143'], '1115': ['1115'], '1062': ['1062'], '1077': ['1077'], '1117': ['1117'], '1146': ['1146'], '1152': ['1152'], '1075': ['1075'], '1076': ['1076'], '1118': ['1118'], '1073': ['1073'], '1078': ['1078'], '1074': ['1074'], '1116': ['1116'], '1140': ['1140'], '1119': ['1119'], '1120': ['1120'], '1132': ['1132'], '1130': ['1130'], '1134': ['1134'], '1133': ['1133']})"
97,"defaultdict(<class 'list'>, {'1040': ['1040', '1080', '1081', '1082', '1078', '1079', '1095', '1096', '1083'], '1084': ['1084'], '1136': ['1136'], '1138': ['1138'], '1041': ['1041', '1126', '1125', '1127', '1124'], '1128': ['1128'], '1129': ['1129'], '1131': ['1131'], '1032': ['1032'], '1052': ['1052'], '1063': ['1063'], '1160': ['1160'], '1051': ['1051'], '1055': ['1055'], '1057': ['1057', '1060', '1071', '1061', '1072'], '1147': ['1147'], '1148': ['1148'], '1158': ['1158'], '1161': ['1161'], '1053': ['1053'], '1066': ['1066'], '1056': ['1056', '1077', '1075', '1076', '1074'], '1157': ['1157'], '1159': ['1159'], '1162': ['1162'], '1033': ['1033'], '1101': ['1101'], '1109': ['1109'], '1153': ['1153', '1154', '1155', '1156', '1152'], '1102': ['1102'], '1103': ['1103'], '1105': ['1105', '1106', '1107', '1058', '1059'], '1113': ['1113'], '1108': ['1108'], '1110': ['1110'], '1104': ['1104'], '1114': ['1114'], '1038': ['1038', '1048', '1068', '1034', '1067'], '1049': ['1049'], '1050': ['1050'], '1054': ['1054'], '1039': ['1039'], '1097': ['1097'], '1098': ['1098'], '1099': ['1099'], '1112': ['1112'], '1100': ['1100'], '1035': ['1035'], '1111': ['1111'], '1030': ['1030'], '1046': ['1046'], '1069': ['1069'], '1064': ['1064'], '1065': ['1065'], '1047': ['1047'], '1070': ['1070'], '1031': ['1031'], '1042': ['1042'], '1085': ['1085'], '1086': ['1086', '1089', '1044', '1087', '1090'], '1043': ['1043'], '1121': ['1121'], '1122': ['1122'], '1123': ['1123'], '1036': ['1036'], '1092': ['1092'], '1150': ['1150'], '1093': ['1093'], '1094': ['1094'], '1145': ['1145'], '1151': ['1151'], '1144': ['1144'], '1149': ['1149'], '1037': ['1037'], '1088': ['1088'], '1142': ['1142'], '1141': ['1141'], '1091': ['1091'], '1143': ['1143'], '1045': ['1045'], '1115': ['1115'], '1062': ['1062'], '1117': ['1117'], '1146': ['1146'], '1118': ['1118'], '1073': ['1073'], '1116': ['1116'], '1135': ['1135'], '1137': ['1137'], '1140': ['1140'], '1139': ['1139'], '1119': ['1119'], '1120': ['1120'], '1132': ['1132'], '1130': ['1130'], '1134': ['1134'], '1133': ['1133']})"
97,"defaultdict(<class 'list'>, {'1040': ['1040'], '1080': ['1080'], '1079': ['1079'], '1081': ['1081'], '1095': ['1095'], '1082': ['1082'], '1084': ['1084', '1042', '1085', '1086', '1087'], '1096': ['1096'], '1136': ['1136'], '1138': ['1138'], '1041': ['1041'], '1126': ['1126'], '1125': ['1125'], '1127': ['1127'], '1128': ['1128'], '1129': ['1129'], '1131': ['1131'], '1032': ['1032'], '1052': ['1052'], '1063': ['1063'], '1160': ['1160'], '1051': ['1051'], '1055': ['1055'], '1057': ['1057'], '1060': ['1060'], '1071': ['1071'], '1147': ['1147'], '1148': ['1148'], '1158': ['1158'], '1161': ['1161'], '1053': ['1053'], '1066': ['1066'], '1056': ['1056'], '1061': ['1061'], '1072': ['1072'], '1157': ['1157'], '1159': ['1159'], '1162': ['1162'], '1033': ['1033', '1101', '1102', '1098', '1099', '1100', '1103', '1108', '1107'], '1109': ['1109'], '1153': ['1153', '1154', '1155', '1156', '1152'], '1105': ['1105'], '1106': ['1106'], '1113': ['1113'], '1110': ['1110'], '1104': ['1104'], '1114': ['1114'], '1038': ['1038'], '1048': ['1048'], '1049': ['1049'], '1050': ['1050'], '1054': ['1054'], '1068': ['1068'], '1039': ['1039', '1097', '1112', '1035', '1111'], '1034': ['1034'], '1067': ['1067'], '1030': ['1030'], '1046': ['1046'], '1069': ['1069'], '1058': ['1058'], '1059': ['1059'], '1064': ['1064'], '1065': ['1065'], '1047': ['1047'], '1070': ['1070'], '1031': ['1031'], '1083': ['1083'], '1089': ['1089'], '1043': ['1043', '1121', '1122', '1123', '1045'], '1124': ['1124'], '1036': ['1036'], '1092': ['1092'], '1150': ['1150'], '1093': ['1093'], '1094': ['1094'], '1145': ['1145'], '1151': ['1151'], '1144': ['1144'], '1149': ['1149'], '1037': ['1037'], '1044': ['1044'], '1088': ['1088', '1142', '1141', '1143', '1139'], '1090': ['1090'], '1091': ['1091'], '1115': ['1115'], '1062': ['1062'], '1077': ['1077', '1075', '1076', '1073', '1074'], '1117': ['1117', '1118', '1116', '1119', '1120'], '1146': ['1146'], '1078': ['1078'], '1135': ['1135'], '1137': ['1137'], '1140': ['1140'], '1132': ['1132'], '1130': ['1130'], '1134': ['1134'], '1133': ['1133']})"
97,"defaultdict(<class 'list'>, {'1040': ['1040'], '1080': ['1080'], '1079': ['1079'], '1081': ['1081'], '1095': ['1095'], '1082': ['1082'], '1084': ['1084'], '1096': ['1096'], '1136': ['1136'], '1138': ['1138'], '1041': ['1041'], '1126': ['1126'], '1125': ['1125'], '1127': ['1127'], '1128': ['1128', '1129', '1132', '1130', '1134'], '1131': ['1131'], '1032': ['1032'], '1052': ['1052', '1053', '1049', '1050', '1054'], '1063': ['1063'], '1160': ['1160'], '1051': ['1051'], '1055': ['1055'], '1057': ['1057', '1060', '1061', '1058', '1059'], '1071': ['1071'], '1147': ['1147'], '1148': ['1148'], '1158': ['1158'], '1161': ['1161'], '1066': ['1066'], '1056': ['1056'], '1072': ['1072'], '1157': ['1157'], '1159': ['1159'], '1162': ['1162'], '1033': ['1033'], '1101': ['1101'], '1109': ['1109'], '1153': ['1153'], '1102': ['1102'], '1103': ['1103'], '1105': ['1105', '1106', '1113', '1107', '1114'], '1154': ['1154'], '1155': ['1155'], '1108': ['1108'], '1110': ['1110', '1111', '1064', '1065', '1031'], '1104': ['1104'], '1156': ['1156'], '1038': ['1038', '1048', '1068', '1034', '1067'], '1039': ['1039'], '1097': ['1097'], '1098': ['1098'], '1099': ['1099'], '1112': ['1112'], '1100': ['1100'], '1035': ['1035'], '1030': ['1030', '1046', '1069', '1047', '1070'], '1042': ['1042'], '1083': ['1083'], '1085': ['1085'], '1086': ['1086', '1089', '1044', '1087', '1090'], '1043': ['1043'], '1121': ['1121'], '1122': ['1122'], '1123': ['1123'], '1124': ['1124'], '1036': ['1036'], '1092': ['1092'], '1150': ['1150'], '1093': ['1093'], '1094': ['1094'], '1145': ['1145'], '1151': ['1151'], '1144': ['1144'], '1149': ['1149'], '1037': ['1037'], '1088': ['1088'], '1142': ['1142'], '1141': ['1141'], '1091': ['1091'], '1143': ['1143'], '1045': ['1045'], '1115': ['1115', '1118', '1116', '1119', '1120'], '1062': ['1062'], '1077': ['1077'], '1117': ['1117'], '1146': ['1146'], '1152': ['1152'], '1075': ['1075'], '1076': ['1076'], '1073': ['1073'], '1078': ['1078'], '1074': ['1074'], '1135': ['1135'], '1137': ['1137'], '1140': ['1140'], '1139': ['1139'], '1133': ['1133']})"
97,"defaultdict(<class 'list'>, {'1040': ['1040', '1080', '1079', '1081', '1078'], '1095': ['1095'], '1082': ['1082', '1084', '1042', '1083', '1085'], '1096': ['1096'], '1136': ['1136'], '1138': ['1138'], '1041': ['1041'], '1126': ['1126'], '1125': ['1125'], '1127': ['1127'], '1128': ['1128', '1131', '1132', '1130', '1133'], '1129': ['1129'], '1032': ['1032'], '1052': ['1052'], '1063': ['1063'], '1160': ['1160'], '1051': ['1051'], '1055': ['1055'], '1057': ['1057'], '1060': ['1060'], '1071': ['1071'], '1147': ['1147'], '1148': ['1148', '1158', '1157', '1159', '1156'], '1161': ['1161'], '1053': ['1053'], '1066': ['1066'], '1056': ['1056'], '1061': ['1061'], '1072': ['1072'], '1162': ['1162'], '1033': ['1033'], '1101': ['1101'], '1109': ['1109'], '1153': ['1153'], '1102': ['1102', '1103', '1104', '1117', '1118'], '1105': ['1105', '1106', '1107', '1058', '1059'], '1113': ['1113'], '1154': ['1154'], '1155': ['1155'], '1108': ['1108'], '1110': ['1110'], '1114': ['1114'], '1038': ['1038'], '1048': ['1048'], '1049': ['1049'], '1050': ['1050'], '1054': ['1054'], '1068': ['1068', '1077', '1075', '1076', '1074'], '1039': ['1039', '1097', '1098', '1099', '1035'], '1112': ['1112'], '1100': ['1100'], '1034': ['1034'], '1067': ['1067'], '1111': ['1111'], '1030': ['1030'], '1046': ['1046'], '1069': ['1069'], '1064': ['1064'], '1065': ['1065'], '1047': ['1047'], '1070': ['1070'], '1031': ['1031'], '1086': ['1086'], '1089': ['1089'], '1043': ['1043'], '1121': ['1121'], '1122': ['1122'], '1123': ['1123'], '1124': ['1124'], '1036': ['1036'], '1092': ['1092'], '1150': ['1150'], '1093': ['1093', '1094', '1151', '1149', '1037'], '1145': ['1145'], '1144': ['1144'], '1044': ['1044'], '1087': ['1087'], '1088': ['1088'], '1090': ['1090'], '1142': ['1142'], '1141': ['1141'], '1091': ['1091'], '1143': ['1143'], '1045': ['1045'], '1115': ['1115'], '1062': ['1062'], '1146': ['1146'], '1152': ['1152'], '1073': ['1073'], '1116': ['1116'], '1135': ['1135'], '1137': ['1137'], '1140': ['1140'], '1139': ['1139'], '1119': ['1119'], '1120': ['1120'], '1134': ['1134']})"
97,"defaultdict(<class 'list'>, {'1040': ['1040', '1080', '1079', '1081', '1078'], '1095': ['1095'], '1082': ['1082'], '1084': ['1084'], '1096': ['1096'], '1136': ['1136'], '1138': ['1138'], '1041': ['1041'], '1126': ['1126'], '1125': ['1125'], '1127': ['1127'], '1128': ['1128'], '1129': ['1129'], '1131': ['1131'], '1032': ['1032'], '1052': ['1052'], '1063': ['1063'], '1160': ['1160'], '1051': ['1051'], '1055': ['1055'], '1057': ['1057'], '1060': ['1060'], '1071': ['1071'], '1147': ['1147'], '1148': ['1148', '1158', '1157', '1159', '1156'], '1161': ['1161'], '1053': ['1053'], '1066': ['1066'], '1056': ['1056'], '1061': ['1061'], '1072': ['1072'], '1162': ['1162'], '1033': ['1033', '1153', '1154', '1155', '1152'], '1101': ['1101', '1102', '1098', '1099', '1100'], '1109': ['1109'], '1103': ['1103'], '1105': ['1105'], '1106': ['1106'], '1113': ['1113'], '1108': ['1108'], '1110': ['1110'], '1104': ['1104'], '1107': ['1107'], '1114': ['1114', '1030', '1046', '1069', '1064', '1065', '1070', '1031', '1047'], '1038': ['1038'], '1048': ['1048'], '1049': ['1049'], '1050': ['1050'], '1054': ['1054'], '1068': ['1068'], '1039': ['1039'], '1097': ['1097'], '1112': ['1112'], '1034': ['1034'], '1067': ['1067'], '1035': ['1035'], '1111': ['1111'], '1058': ['1058'], '1059': ['1059'], '1042': ['1042'], '1083': ['1083'], '1085': ['1085'], '1086': ['1086'], '1089': ['1089'], '1043': ['1043'], '1121': ['1121'], '1122': ['1122'], '1123': ['1123'], '1124': ['1124'], '1036': ['1036'], '1092': ['1092'], '1150': ['1150'], '1093': ['1093', '1094', '1151', '1149', '1037'], '1145': ['1145'], '1144': ['1144'], '1044': ['1044'], '1087': ['1087'], '1088': ['1088', '1142', '1141', '1143', '1140'], '1090': ['1090'], '1091': ['1091'], '1045': ['1045'], '1115': ['1115'], '1062': ['1062'], '1077': ['1077', '1075', '1076', '1073', '1074'], '1117': ['1117'], '1146': ['1146'], '1118': ['1118'], '1116': ['1116'], '1135': ['1135'], '1137': ['1137'], '1139': ['1139'], '1119': ['1119'], '1120': ['1120'], '1132': ['1132'], '1130': ['1130'], '1134': ['1134'], '1133': ['1133']})"
97,"defaultdict(<class 'list'>, {'1040': ['1040'], '1080': ['1080'], '1079': ['1079'], '1081': ['1081'], '1095': ['1095'], '1082': ['1082', '1084', '1042', '1083', '1085'], '1096': ['1096'], '1136': ['1136'], '1138': ['1138'], '1041': ['1041'], '1126': ['1126', '1125', '1127', '1043', '1121', '1122', '1123', '1045', '1124'], '1128': ['1128'], '1129': ['1129'], '1131': ['1131'], '1032': ['1032', '1160', '1161', '1162', '1146'], '1052': ['1052', '1051', '1053', '1049', '1050'], '1063': ['1063'], '1055': ['1055'], '1057': ['1057', '1060', '1061', '1105', '1106', '1107', '1058', '1059', '1113'], '1071': ['1071'], '1147': ['1147'], '1148': ['1148'], '1158': ['1158'], '1066': ['1066'], '1056': ['1056'], '1072': ['1072'], '1157': ['1157'], '1159': ['1159'], '1033': ['1033'], '1101': ['1101'], '1109': ['1109'], '1153': ['1153'], '1102': ['1102'], '1103': ['1103'], '1154': ['1154'], '1155': ['1155'], '1108': ['1108'], '1110': ['1110'], '1104': ['1104'], '1114': ['1114'], '1156': ['1156'], '1038': ['1038'], '1048': ['1048'], '1054': ['1054'], '1068': ['1068'], '1039': ['1039', '1097', '1098', '1099', '1035'], '1112': ['1112'], '1100': ['1100'], '1034': ['1034'], '1067': ['1067'], '1111': ['1111'], '1030': ['1030'], '1046': ['1046'], '1069': ['1069'], '1064': ['1064'], '1065': ['1065'], '1047': ['1047'], '1070': ['1070'], '1031': ['1031'], '1086': ['1086', '1089', '1044', '1087', '1090'], '1036': ['1036'], '1092': ['1092'], '1150': ['1150'], '1093': ['1093'], '1094': ['1094'], '1145': ['1145'], '1151': ['1151'], '1144': ['1144'], '1149': ['1149'], '1037': ['1037'], '1088': ['1088'], '1142': ['1142'], '1141': ['1141'], '1091': ['1091'], '1143': ['1143'], '1115': ['1115'], '1062': ['1062'], '1077': ['1077'], '1117': ['1117'], '1152': ['1152'], '1075': ['1075'], '1076': ['1076'], '1118': ['1118'], '1073': ['1073'], '1078': ['1078'], '1074': ['1074'], '1116': ['1116'], '1135': ['1135'], '1137': ['1137'], '1140': ['1140'], '1139': ['1139'], '1119': ['1119'], '1120': ['1120'], '1132': ['1132'], '1130': ['1130'], '1134': ['1134'], '1133': ['1133']})"
97,"defaultdict(<class 'list'>, {'1040': ['1040', '1080', '1079', '1081', '1078'], '1095': ['1095'], '1082': ['1082'], '1084': ['1084', '1042', '1085', '1086', '1087'], '1096': ['1096'], '1136': ['1136'], '1138': ['1138'], '1041': ['1041'], '1126': ['1126'], '1125': ['1125'], '1127': ['1127'], '1128': ['1128'], '1129': ['1129'], '1131': ['1131'], '1032': ['1032', '1052', '1063', '1053', '1049'], '1160': ['1160'], '1051': ['1051'], '1055': ['1055'], '1057': ['1057', '1060', '1071', '1061', '1072'], '1147': ['1147'], '1148': ['1148', '1158', '1157', '1159', '1156', '1153', '1154', '1155', '1152'], '1161': ['1161'], '1066': ['1066'], '1056': ['1056'], '1162': ['1162'], '1033': ['1033'], '1101': ['1101'], '1109': ['1109'], '1102': ['1102'], '1103': ['1103'], '1105': ['1105'], '1106': ['1106'], '1113': ['1113'], '1108': ['1108'], '1110': ['1110'], '1104': ['1104'], '1107': ['1107'], '1114': ['1114'], '1038': ['1038'], '1048': ['1048'], '1050': ['1050'], '1054': ['1054'], '1068': ['1068'], '1039': ['1039', '1097', '1098', '1099', '1035'], '1112': ['1112'], '1100': ['1100'], '1034': ['1034'], '1067': ['1067'], '1111': ['1111'], '1030': ['1030'], '1046': ['1046'], '1069': ['1069'], '1058': ['1058'], '1059': ['1059'], '1064': ['1064'], '1065': ['1065'], '1047': ['1047'], '1070': ['1070'], '1031': ['1031'], '1083': ['1083'], '1089': ['1089'], '1043': ['1043'], '1121': ['1121'], '1122': ['1122'], '1123': ['1123'], '1124': ['1124'], '1036': ['1036'], '1092': ['1092'], '1150': ['1150'], '1093': ['1093'], '1094': ['1094'], '1145': ['1145'], '1151': ['1151'], '1144': ['1144'], '1149': ['1149'], '1037': ['1037'], '1044': ['1044'], '1088': ['1088', '1142', '1141', '1143', '1140'], '1090': ['1090'], '1091': ['1091'], '1045': ['1045'], '1115': ['1115'], '1062': ['1062'], '1077': ['1077', '1075', '1076', '1073', '1074'], '1117': ['1117'], '1146': ['1146'], '1118': ['1118'], '1116': ['1116'], '1135': ['1135'], '1137': ['1137'], '1139': ['1139'], '1119': ['1119'], '1120': ['1120'], '1132': ['1132'], '1130': ['1130'], '1134': ['1134'], '1133': ['1133']})"
97,"defaultdict(<class 'list'>, {'1040': ['1040'], '1080': ['1080'], '1079': ['1079'], '1081': ['1081'], '1095': ['1095'], '1082': ['1082'], '1084': ['1084'], '1096': ['1096'], '1136': ['1136'], '1138': ['1138'], '1041': ['1041'], '1126': ['1126'], '1125': ['1125'], '1127': ['1127'], '1128': ['1128'], '1129': ['1129'], '1131': ['1131'], '1032': ['1032', '1160', '1161', '1162', '1146'], '1052': ['1052'], '1063': ['1063'], '1051': ['1051'], '1055': ['1055'], '1057': ['1057'], '1060': ['1060'], '1071': ['1071'], '1147': ['1147'], '1148': ['1148'], '1158': ['1158'], '1053': ['1053'], '1066': ['1066'], '1056': ['1056'], '1061': ['1061'], '1072': ['1072'], '1157': ['1157'], '1159': ['1159'], '1033': ['1033'], '1101': ['1101', '1102', '1098', '1099', '1100'], '1109': ['1109'], '1153': ['1153'], '1103': ['1103'], '1105': ['1105'], '1106': ['1106'], '1113': ['1113'], '1154': ['1154'], '1155': ['1155'], '1108': ['1108'], '1110': ['1110'], '1104': ['1104'], '1107': ['1107'], '1114': ['1114'], '1156': ['1156'], '1038': ['1038'], '1048': ['1048'], '1049': ['1049'], '1050': ['1050'], '1054': ['1054'], '1068': ['1068'], '1039': ['1039', '1097', '1112', '1035', '1111'], '1034': ['1034'], '1067': ['1067'], '1030': ['1030'], '1046': ['1046'], '1069': ['1069', '1064', '1065', '1070', '1031'], '1058': ['1058'], '1059': ['1059'], '1047': ['1047'], '1042': ['1042'], '1083': ['1083'], '1085': ['1085'], '1086': ['1086'], '1089': ['1089'], '1043': ['1043', '1121', '1122', '1123', '1045'], '1124': ['1124'], '1036': ['1036', '1092', '1150', '1093', '1094', '1151', '1149', '1037', '1144'], '1145': ['1145'], '1044': ['1044'], '1087': ['1087'], '1088': ['1088', '1142', '1141', '1143', '1140'], '1090': ['1090'], '1091': ['1091'], '1115': ['1115'], '1062': ['1062'], '1077': ['1077'], '1117': ['1117', '1118', '1116', '1119', '1120'], '1152': ['1152'], '1075': ['1075'], '1076': ['1076'], '1073': ['1073'], '1078': ['1078'], '1074': ['1074'], '1135': ['1135'], '1137': ['1137'], '1139': ['1139'], '1132': ['1132'], '1130': ['1130'], '1134': ['1134'], '1133': ['1133']})"
97,"defaultdict(<class 'list'>, {'1040': ['1040'], '1080': ['1080'], '1079': ['1079'], '1081': ['1081'], '1095': ['1095'], '1082': ['1082', '1084', '1042', '1083', '1085'], '1096': ['1096', '1138', '1135', '1137', '1139'], '1136': ['1136'], '1041': ['1041'], '1126': ['1126'], '1125': ['1125'], '1127': ['1127'], '1128': ['1128', '1131', '1132', '1130', '1133'], '1129': ['1129'], '1032': ['1032'], '1052': ['1052'], '1063': ['1063'], '1160': ['1160'], '1051': ['1051'], '1055': ['1055'], '1057': ['1057'], '1060': ['1060'], '1071': ['1071'], '1147': ['1147', '1036', '1092', '1145', '1146'], '1148': ['1148'], '1158': ['1158'], '1161': ['1161'], '1053': ['1053'], '1066': ['1066'], '1056': ['1056'], '1061': ['1061'], '1072': ['1072'], '1157': ['1157'], '1159': ['1159'], '1162': ['1162'], '1033': ['1033'], '1101': ['1101'], '1109': ['1109'], '1153': ['1153'], '1102': ['1102'], '1103': ['1103'], '1105': ['1105'], '1106': ['1106'], '1113': ['1113'], '1154': ['1154'], '1155': ['1155'], '1108': ['1108'], '1110': ['1110', '1111', '1064', '1065', '1031'], '1104': ['1104'], '1107': ['1107'], '1114': ['1114'], '1156': ['1156'], '1038': ['1038'], '1048': ['1048'], '1049': ['1049'], '1050': ['1050'], '1054': ['1054'], '1068': ['1068'], '1039': ['1039', '1097', '1098', '1099', '1035'], '1112': ['1112'], '1100': ['1100'], '1034': ['1034'], '1067': ['1067'], '1030': ['1030', '1046', '1069', '1047', '1070'], '1058': ['1058'], '1059': ['1059'], '1086': ['1086'], '1089': ['1089'], '1043': ['1043'], '1121': ['1121'], '1122': ['1122'], '1123': ['1123'], '1124': ['1124'], '1150': ['1150'], '1093': ['1093', '1094', '1151', '1149', '1037'], '1144': ['1144'], '1044': ['1044'], '1087': ['1087'], '1088': ['1088'], '1090': ['1090'], '1142': ['1142'], '1141': ['1141'], '1091': ['1091'], '1143': ['1143'], '1045': ['1045'], '1115': ['1115'], '1062': ['1062'], '1077': ['1077'], '1117': ['1117', '1118', '1116', '1119', '1120'], '1152': ['1152'], '1075': ['1075'], '1076': ['1076'], '1073': ['1073'], '1078': ['1078'], '1074': ['1074'], '1140': ['1140'], '1134': ['1134']})"
97,"defaultdict(<class 'list'>, {'1040': ['1040', '1080', '1079', '1081', '1078'], '1095': ['1095'], '1082': ['1082'], '1084': ['1084'], '1096': ['1096'], '1136': ['1136'], '1138': ['1138'], '1041': ['1041'], '1126': ['1126'], '1125': ['1125'], '1127': ['1127'], '1128': ['1128', '1129', '1132', '1130', '1134'], '1131': ['1131'], '1032': ['1032'], '1052': ['1052'], '1063': ['1063'], '1160': ['1160'], '1051': ['1051'], '1055': ['1055'], '1057': ['1057', '1060', '1071', '1061', '1105', '1106', '1107', '1058', '1059'], '1147': ['1147', '1148', '1158', '1157', '1159'], '1161': ['1161'], '1053': ['1053'], '1066': ['1066'], '1056': ['1056'], '1072': ['1072'], '1162': ['1162'], '1033': ['1033'], '1101': ['1101'], '1109': ['1109'], '1153': ['1153'], '1102': ['1102'], '1103': ['1103'], '1113': ['1113'], '1154': ['1154'], '1155': ['1155'], '1108': ['1108'], '1110': ['1110'], '1104': ['1104'], '1114': ['1114'], '1156': ['1156'], '1038': ['1038', '1048', '1068', '1034', '1067'], '1049': ['1049'], '1050': ['1050'], '1054': ['1054'], '1039': ['1039', '1097', '1112', '1035', '1111'], '1098': ['1098'], '1099': ['1099'], '1100': ['1100'], '1030': ['1030'], '1046': ['1046'], '1069': ['1069'], '1064': ['1064'], '1065': ['1065'], '1047': ['1047'], '1070': ['1070'], '1031': ['1031'], '1042': ['1042'], '1083': ['1083'], '1085': ['1085'], '1086': ['1086'], '1089': ['1089'], '1043': ['1043'], '1121': ['1121'], '1122': ['1122'], '1123': ['1123'], '1124': ['1124'], '1036': ['1036'], '1092': ['1092'], '1150': ['1150'], '1093': ['1093'], '1094': ['1094'], '1145': ['1145'], '1151': ['1151'], '1144': ['1144'], '1149': ['1149'], '1037': ['1037'], '1044': ['1044'], '1087': ['1087'], '1088': ['1088', '1142', '1141', '1143', '1140'], '1090': ['1090'], '1091': ['1091'], '1045': ['1045'], '1115': ['1115'], '1062': ['1062'], '1077': ['1077'], '1117': ['1117', '1118', '1116', '1119', '1120'], '1146': ['1146'], '1152': ['1152'], '1075': ['1075'], '1076': ['1076'], '1073': ['1073'], '1074': ['1074'], '1135': ['1135'], '1137': ['1137'], '1139': ['1139'], '1133': ['1133']})"
97,"defaultdict(<class 'list'>, {'1040': ['1040'], '1080': ['1080'], '1079': ['1079'], '1081': ['1081'], '1095': ['1095'], '1082': ['1082'], '1084': ['1084', '1042', '1085', '1086', '1087'], '1096': ['1096'], '1136': ['1136'], '1138': ['1138'], '1041': ['1041', '1126', '1125', '1127', '1124'], '1128': ['1128', '1131', '1132', '1130', '1133'], '1129': ['1129'], '1032': ['1032', '1160', '1161', '1162', '1146'], '1052': ['1052'], '1063': ['1063'], '1051': ['1051'], '1055': ['1055'], '1057': ['1057'], '1060': ['1060'], '1071': ['1071'], '1147': ['1147'], '1148': ['1148'], '1158': ['1158'], '1053': ['1053'], '1066': ['1066'], '1056': ['1056'], '1061': ['1061'], '1072': ['1072'], '1157': ['1157'], '1159': ['1159'], '1033': ['1033'], '1101': ['1101', '1102', '1098', '1099', '1100'], '1109': ['1109'], '1153': ['1153'], '1103': ['1103'], '1105': ['1105'], '1106': ['1106'], '1113': ['1113'], '1154': ['1154'], '1155': ['1155'], '1108': ['1108'], '1110': ['1110', '1111', '1064', '1065', '1031'], '1104': ['1104'], '1107': ['1107'], '1114': ['1114'], '1156': ['1156'], '1038': ['1038', '1048', '1068', '1034', '1067'], '1049': ['1049'], '1050': ['1050'], '1054': ['1054'], '1039': ['1039'], '1097': ['1097'], '1112': ['1112'], '1035': ['1035'], '1030': ['1030'], '1046': ['1046'], '1069': ['1069'], '1058': ['1058'], '1059': ['1059'], '1047': ['1047'], '1070': ['1070'], '1083': ['1083'], '1089': ['1089'], '1043': ['1043'], '1121': ['1121'], '1122': ['1122'], '1123': ['1123'], '1036': ['1036'], '1092': ['1092'], '1150': ['1150'], '1093': ['1093', '1094', '1151', '1149', '1037'], '1145': ['1145'], '1144': ['1144'], '1044': ['1044'], '1088': ['1088'], '1090': ['1090'], '1142': ['1142'], '1141': ['1141'], '1091': ['1091'], '1143': ['1143'], '1045': ['1045'], '1115': ['1115', '1118', '1116', '1119', '1120'], '1062': ['1062'], '1077': ['1077'], '1117': ['1117'], '1152': ['1152'], '1075': ['1075'], '1076': ['1076'], '1073': ['1073'], '1078': ['1078'], '1074': ['1074'], '1135': ['1135'], '1137': ['1137'], '1140': ['1140'], '1139': ['1139'], '1134': ['1134']})"
97,"defaultdict(<class 'list'>, {'1040': ['1040', '1080', '1081', '1082', '1078'], '1079': ['1079'], '1095': ['1095'], '1084': ['1084'], '1096': ['1096'], '1136': ['1136'], '1138': ['1138'], '1041': ['1041'], '1126': ['1126'], '1125': ['1125'], '1127': ['1127'], '1128': ['1128'], '1129': ['1129'], '1131': ['1131'], '1032': ['1032', '1160', '1161', '1162', '1146'], '1052': ['1052', '1051', '1053', '1049', '1050'], '1063': ['1063'], '1055': ['1055', '1056', '1075', '1076', '1074'], '1057': ['1057'], '1060': ['1060'], '1071': ['1071'], '1147': ['1147'], '1148': ['1148'], '1158': ['1158'], '1066': ['1066'], '1061': ['1061'], '1072': ['1072'], '1157': ['1157'], '1159': ['1159'], '1033': ['1033'], '1101': ['1101', '1102', '1098', '1099', '1100'], '1109': ['1109'], '1153': ['1153', '1154', '1155', '1156', '1152'], '1103': ['1103'], '1105': ['1105'], '1106': ['1106'], '1113': ['1113'], '1108': ['1108'], '1110': ['1110'], '1104': ['1104'], '1107': ['1107'], '1114': ['1114'], '1038': ['1038', '1048', '1068', '1034', '1067'], '1054': ['1054'], '1039': ['1039'], '1097': ['1097'], '1112': ['1112'], '1035': ['1035'], '1111': ['1111'], '1030': ['1030'], '1046': ['1046'], '1069': ['1069'], '1058': ['1058'], '1059': ['1059'], '1064': ['1064'], '1065': ['1065'], '1047': ['1047'], '1070': ['1070'], '1031': ['1031'], '1042': ['1042'], '1083': ['1083'], '1085': ['1085'], '1086': ['1086'], '1089': ['1089'], '1043': ['1043', '1121', '1122', '1123', '1045'], '1124': ['1124'], '1036': ['1036'], '1092': ['1092'], '1150': ['1150'], '1093': ['1093'], '1094': ['1094'], '1145': ['1145'], '1151': ['1151'], '1144': ['1144'], '1149': ['1149'], '1037': ['1037'], '1044': ['1044'], '1087': ['1087'], '1088': ['1088', '1142', '1141', '1143', '1140'], '1090': ['1090'], '1091': ['1091'], '1115': ['1115'], '1062': ['1062'], '1077': ['1077'], '1117': ['1117'], '1118': ['1118'], '1073': ['1073'], '1116': ['1116'], '1135': ['1135'], '1137': ['1137'], '1139': ['1139'], '1119': ['1119'], '1120': ['1120'], '1132': ['1132'], '1130': ['1130'], '1134': ['1134'], '1133': ['1133']})"
97,"defaultdict(<class 'list'>, {'1040': ['1040', '1080', '1079', '1081', '1078'], '1095': ['1095'], '1082': ['1082'], '1084': ['1084'], '1096': ['1096'], '1136': ['1136'], '1138': ['1138'], '1041': ['1041'], '1126': ['1126', '1125', '1127', '1128', '1124'], '1129': ['1129', '1131', '1120', '1130', '1134'], '1032': ['1032', '1160', '1161', '1162', '1146'], '1052': ['1052', '1053', '1049', '1050', '1054'], '1063': ['1063'], '1051': ['1051'], '1055': ['1055'], '1057': ['1057'], '1060': ['1060'], '1071': ['1071'], '1147': ['1147'], '1148': ['1148'], '1158': ['1158'], '1066': ['1066'], '1056': ['1056'], '1061': ['1061'], '1072': ['1072'], '1157': ['1157'], '1159': ['1159'], '1033': ['1033'], '1101': ['1101'], '1109': ['1109'], '1153': ['1153'], '1102': ['1102'], '1103': ['1103'], '1105': ['1105'], '1106': ['1106'], '1113': ['1113'], '1154': ['1154'], '1155': ['1155'], '1108': ['1108'], '1110': ['1110'], '1104': ['1104'], '1107': ['1107'], '1114': ['1114'], '1156': ['1156'], '1038': ['1038'], '1048': ['1048'], '1068': ['1068'], '1039': ['1039', '1097', '1098', '1099', '1035'], '1112': ['1112'], '1100': ['1100'], '1034': ['1034'], '1067': ['1067'], '1111': ['1111'], '1030': ['1030'], '1046': ['1046'], '1069': ['1069'], '1058': ['1058'], '1059': ['1059'], '1064': ['1064'], '1065': ['1065'], '1047': ['1047'], '1070': ['1070'], '1031': ['1031'], '1042': ['1042'], '1083': ['1083'], '1085': ['1085'], '1086': ['1086'], '1089': ['1089'], '1043': ['1043', '1121', '1122', '1123', '1045'], '1036': ['1036'], '1092': ['1092'], '1150': ['1150'], '1093': ['1093', '1094', '1151', '1149', '1037'], '1145': ['1145'], '1144': ['1144'], '1044': ['1044'], '1087': ['1087'], '1088': ['1088'], '1090': ['1090'], '1142': ['1142'], '1141': ['1141'], '1091': ['1091'], '1143': ['1143'], '1115': ['1115'], '1062': ['1062'], '1077': ['1077', '1075', '1076', '1073', '1074'], '1117': ['1117'], '1152': ['1152'], '1118': ['1118'], '1116': ['1116'], '1135': ['1135'], '1137': ['1137'], '1140': ['1140'], '1139': ['1139'], '1119': ['1119'], '1132': ['1132'], '1133': ['1133']})"
97,"defaultdict(<class 'list'>, {'1040': ['1040'], '1080': ['1080', '1079', '1077', '1076', '1078'], '1081': ['1081', '1082', '1084', '1042', '1083'], '1095': ['1095'], '1096': ['1096'], '1136': ['1136'], '1138': ['1138'], '1041': ['1041'], '1126': ['1126'], '1125': ['1125'], '1127': ['1127'], '1128': ['1128', '1131', '1132', '1130', '1133'], '1129': ['1129'], '1032': ['1032', '1160', '1161', '1162', '1146'], '1052': ['1052'], '1063': ['1063'], '1051': ['1051'], '1055': ['1055'], '1057': ['1057'], '1060': ['1060'], '1071': ['1071'], '1147': ['1147'], '1148': ['1148', '1158', '1157', '1159', '1156', '1153', '1154', '1155', '1152'], '1053': ['1053'], '1066': ['1066'], '1056': ['1056'], '1061': ['1061'], '1072': ['1072'], '1033': ['1033'], '1101': ['1101'], '1109': ['1109'], '1102': ['1102'], '1103': ['1103'], '1105': ['1105'], '1106': ['1106'], '1113': ['1113'], '1108': ['1108'], '1110': ['1110'], '1104': ['1104'], '1107': ['1107'], '1114': ['1114'], '1038': ['1038'], '1048': ['1048'], '1049': ['1049'], '1050': ['1050'], '1054': ['1054'], '1068': ['1068'], '1039': ['1039'], '1097': ['1097'], '1098': ['1098'], '1099': ['1099'], '1112': ['1112'], '1100': ['1100'], '1034': ['1034'], '1067': ['1067'], '1035': ['1035'], '1111': ['1111'], '1030': ['1030'], '1046': ['1046'], '1069': ['1069', '1064', '1065', '1070', '1031'], '1058': ['1058'], '1059': ['1059'], '1047': ['1047'], '1085': ['1085'], '1086': ['1086', '1089', '1044', '1087', '1090'], '1043': ['1043'], '1121': ['1121'], '1122': ['1122'], '1123': ['1123'], '1124': ['1124'], '1036': ['1036', '1092', '1150', '1151', '1149'], '1093': ['1093'], '1094': ['1094'], '1145': ['1145'], '1144': ['1144'], '1037': ['1037'], '1088': ['1088'], '1142': ['1142'], '1141': ['1141'], '1091': ['1091'], '1143': ['1143'], '1045': ['1045'], '1115': ['1115'], '1062': ['1062'], '1117': ['1117'], '1075': ['1075'], '1118': ['1118'], '1073': ['1073'], '1074': ['1074'], '1116': ['1116'], '1135': ['1135'], '1137': ['1137'], '1140': ['1140'], '1139': ['1139'], '1119': ['1119'], '1120': ['1120'], '1134': ['1134']})"
97,"defaultdict(<class 'list'>, {'1040': ['1040'], '1080': ['1080'], '1079': ['1079'], '1081': ['1081'], '1095': ['1095'], '1082': ['1082'], '1084': ['1084', '1042', '1085', '1086', '1087'], '1096': ['1096'], '1136': ['1136'], '1138': ['1138'], '1041': ['1041'], '1126': ['1126'], '1125': ['1125'], '1127': ['1127'], '1128': ['1128'], '1129': ['1129'], '1131': ['1131'], '1032': ['1032', '1063', '1160', '1161', '1162'], '1052': ['1052'], '1051': ['1051', '1055', '1056', '1049', '1050'], '1057': ['1057'], '1060': ['1060'], '1071': ['1071'], '1147': ['1147'], '1148': ['1148'], '1158': ['1158'], '1053': ['1053'], '1066': ['1066'], '1061': ['1061'], '1072': ['1072'], '1157': ['1157'], '1159': ['1159'], '1033': ['1033', '1153', '1154', '1155', '1152'], '1101': ['1101', '1102', '1098', '1099', '1100', '1103', '1039', '1097', '1035'], '1109': ['1109'], '1105': ['1105'], '1106': ['1106'], '1113': ['1113'], '1108': ['1108'], '1110': ['1110'], '1104': ['1104'], '1107': ['1107'], '1114': ['1114'], '1156': ['1156'], '1038': ['1038'], '1048': ['1048'], '1054': ['1054'], '1068': ['1068'], '1112': ['1112'], '1034': ['1034'], '1067': ['1067'], '1111': ['1111'], '1030': ['1030'], '1046': ['1046'], '1069': ['1069', '1064', '1065', '1070', '1031'], '1058': ['1058'], '1059': ['1059'], '1047': ['1047'], '1083': ['1083'], '1089': ['1089'], '1043': ['1043'], '1121': ['1121'], '1122': ['1122'], '1123': ['1123'], '1124': ['1124'], '1036': ['1036'], '1092': ['1092'], '1150': ['1150'], '1093': ['1093', '1094', '1144', '1149', '1037'], '1145': ['1145'], '1151': ['1151'], '1044': ['1044'], '1088': ['1088'], '1090': ['1090'], '1142': ['1142'], '1141': ['1141'], '1091': ['1091'], '1143': ['1143'], '1045': ['1045'], '1115': ['1115'], '1062': ['1062'], '1077': ['1077'], '1117': ['1117', '1118', '1116', '1119', '1120'], '1146': ['1146'], '1075': ['1075'], '1076': ['1076'], '1073': ['1073'], '1078': ['1078'], '1074': ['1074'], '1135': ['1135'], '1137': ['1137'], '1140': ['1140'], '1139': ['1139'], '1132': ['1132'], '1130': ['1130'], '1134': ['1134'], '1133': ['1133']})"
97,"defaultdict(<class 'list'>, {'1040': ['1040', '1080', '1079', '1081', '1078'], '1095': ['1095'], '1082': ['1082', '1084', '1042', '1083', '1085'], '1096': ['1096', '1136', '1135', '1137', '1140'], '1138': ['1138'], '1041': ['1041'], '1126': ['1126'], '1125': ['1125'], '1127': ['1127'], '1128': ['1128'], '1129': ['1129'], '1131': ['1131'], '1032': ['1032', '1052', '1063', '1053', '1049'], '1160': ['1160', '1147', '1161', '1162', '1146'], '1051': ['1051'], '1055': ['1055'], '1057': ['1057'], '1060': ['1060'], '1071': ['1071'], '1148': ['1148'], '1158': ['1158'], '1066': ['1066'], '1056': ['1056'], '1061': ['1061'], '1072': ['1072'], '1157': ['1157'], '1159': ['1159'], '1033': ['1033'], '1101': ['1101'], '1109': ['1109'], '1153': ['1153'], '1102': ['1102'], '1103': ['1103'], '1105': ['1105'], '1106': ['1106'], '1113': ['1113'], '1154': ['1154', '1036', '1150', '1151', '1152'], '1155': ['1155'], '1108': ['1108'], '1110': ['1110'], '1104': ['1104'], '1107': ['1107'], '1114': ['1114', '1115', '1118', '1116', '1119'], '1156': ['1156'], '1038': ['1038'], '1048': ['1048'], '1050': ['1050'], '1054': ['1054'], '1068': ['1068', '1077', '1075', '1076', '1074'], '1039': ['1039', '1097', '1098', '1099', '1035'], '1112': ['1112'], '1100': ['1100'], '1034': ['1034'], '1067': ['1067'], '1111': ['1111'], '1030': ['1030'], '1046': ['1046'], '1069': ['1069'], '1058': ['1058'], '1059': ['1059'], '1064': ['1064'], '1065': ['1065'], '1047': ['1047'], '1070': ['1070'], '1031': ['1031'], '1086': ['1086'], '1089': ['1089'], '1043': ['1043'], '1121': ['1121'], '1122': ['1122'], '1123': ['1123'], '1124': ['1124'], '1092': ['1092'], '1093': ['1093'], '1094': ['1094'], '1145': ['1145'], '1144': ['1144'], '1149': ['1149'], '1037': ['1037'], '1044': ['1044'], '1087': ['1087'], '1088': ['1088'], '1090': ['1090'], '1142': ['1142'], '1141': ['1141'], '1091': ['1091'], '1143': ['1143'], '1045': ['1045'], '1062': ['1062'], '1117': ['1117'], '1073': ['1073'], '1139': ['1139'], '1120': ['1120'], '1132': ['1132'], '1130': ['1130'], '1134': ['1134'], '1133': ['1133']})"
97,"defaultdict(<class 'list'>, {'1040': ['1040'], '1080': ['1080'], '1079': ['1079', '1077', '1075', '1076', '1074'], '1081': ['1081'], '1095': ['1095'], '1082': ['1082', '1084', '1042', '1083', '1085'], '1096': ['1096', '1138', '1135', '1137', '1139'], '1136': ['1136'], '1041': ['1041'], '1126': ['1126'], '1125': ['1125'], '1127': ['1127'], '1128': ['1128'], '1129': ['1129'], '1131': ['1131'], '1032': ['1032'], '1052': ['1052'], '1063': ['1063'], '1160': ['1160'], '1051': ['1051', '1055', '1056', '1049', '1050'], '1057': ['1057', '1060', '1061', '1105', '1106', '1107', '1058', '1059', '1062'], '1071': ['1071'], '1147': ['1147'], '1148': ['1148', '1158', '1157', '1159', '1156'], '1161': ['1161'], '1053': ['1053'], '1066': ['1066'], '1072': ['1072'], '1162': ['1162'], '1033': ['1033', '1153', '1154', '1155', '1152'], '1101': ['1101'], '1109': ['1109'], '1102': ['1102'], '1103': ['1103'], '1113': ['1113'], '1108': ['1108'], '1110': ['1110'], '1104': ['1104'], '1114': ['1114'], '1038': ['1038', '1048', '1068', '1034', '1067'], '1054': ['1054'], '1039': ['1039'], '1097': ['1097'], '1098': ['1098'], '1099': ['1099'], '1112': ['1112'], '1100': ['1100'], '1035': ['1035'], '1111': ['1111'], '1030': ['1030'], '1046': ['1046'], '1069': ['1069'], '1064': ['1064'], '1065': ['1065'], '1047': ['1047'], '1070': ['1070'], '1031': ['1031'], '1086': ['1086'], '1089': ['1089'], '1043': ['1043'], '1121': ['1121'], '1122': ['1122'], '1123': ['1123'], '1124': ['1124'], '1036': ['1036'], '1092': ['1092'], '1150': ['1150'], '1093': ['1093'], '1094': ['1094'], '1145': ['1145'], '1151': ['1151'], '1144': ['1144'], '1149': ['1149'], '1037': ['1037'], '1044': ['1044'], '1087': ['1087'], '1088': ['1088'], '1090': ['1090'], '1142': ['1142'], '1141': ['1141'], '1091': ['1091'], '1143': ['1143'], '1045': ['1045'], '1115': ['1115'], '1117': ['1117'], '1146': ['1146'], '1118': ['1118'], '1073': ['1073'], '1078': ['1078'], '1116': ['1116'], '1140': ['1140'], '1119': ['1119'], '1120': ['1120'], '1132': ['1132'], '1130': ['1130'], '1134': ['1134'], '1133': ['1133']})"
97,"defaultdict(<class 'list'>, {'1040': ['1040'], '1080': ['1080', '1079', '1077', '1076', '1078'], '1081': ['1081', '1082', '1084', '1042', '1083'], '1095': ['1095'], '1096': ['1096', '1138', '1135', '1137', '1139'], '1136': ['1136'], '1041': ['1041', '1126', '1125', '1127', '1124', '1129', '1122', '1123', '1045'], '1128': ['1128'], '1131': ['1131'], '1032': ['1032', '1052', '1063', '1053', '1049'], '1160': ['1160'], '1051': ['1051'], '1055': ['1055'], '1057': ['1057'], '1060': ['1060'], '1071': ['1071'], '1147': ['1147'], '1148': ['1148', '1158', '1157', '1159', '1156'], '1161': ['1161'], '1066': ['1066'], '1056': ['1056'], '1061': ['1061'], '1072': ['1072'], '1162': ['1162'], '1033': ['1033'], '1101': ['1101'], '1109': ['1109'], '1153': ['1153'], '1102': ['1102'], '1103': ['1103'], '1105': ['1105'], '1106': ['1106'], '1113': ['1113'], '1154': ['1154'], '1155': ['1155'], '1108': ['1108'], '1110': ['1110'], '1104': ['1104'], '1107': ['1107'], '1114': ['1114'], '1038': ['1038'], '1048': ['1048'], '1050': ['1050'], '1054': ['1054'], '1068': ['1068'], '1039': ['1039', '1097', '1098', '1099', '1035'], '1112': ['1112'], '1100': ['1100'], '1034': ['1034'], '1067': ['1067'], '1111': ['1111'], '1030': ['1030'], '1046': ['1046'], '1069': ['1069'], '1058': ['1058'], '1059': ['1059'], '1064': ['1064'], '1065': ['1065'], '1047': ['1047'], '1070': ['1070'], '1031': ['1031'], '1085': ['1085'], '1086': ['1086', '1089', '1044', '1087', '1090'], '1043': ['1043'], '1121': ['1121'], '1036': ['1036'], '1092': ['1092'], '1150': ['1150'], '1093': ['1093'], '1094': ['1094'], '1145': ['1145'], '1151': ['1151'], '1144': ['1144'], '1149': ['1149'], '1037': ['1037'], '1088': ['1088'], '1142': ['1142'], '1141': ['1141'], '1091': ['1091'], '1143': ['1143'], '1115': ['1115'], '1062': ['1062'], '1117': ['1117'], '1146': ['1146'], '1152': ['1152'], '1075': ['1075'], '1118': ['1118'], '1073': ['1073'], '1074': ['1074'], '1116': ['1116'], '1140': ['1140'], '1119': ['1119'], '1120': ['1120'], '1132': ['1132'], '1130': ['1130'], '1134': ['1134'], '1133': ['1133']})"
97,"defaultdict(<class 'list'>, {'1040': ['1040', '1080', '1081', '1095', '1082', '1084', '1042', '1083', '1085'], '1079': ['1079'], '1096': ['1096', '1138', '1135', '1137', '1139'], '1136': ['1136'], '1041': ['1041'], '1126': ['1126'], '1125': ['1125'], '1127': ['1127'], '1128': ['1128', '1129', '1132', '1130', '1134'], '1131': ['1131'], '1032': ['1032', '1052', '1051', '1053', '1049', '1050', '1063', '1055', '1054'], '1160': ['1160'], '1057': ['1057'], '1060': ['1060'], '1071': ['1071'], '1147': ['1147'], '1148': ['1148', '1158', '1157', '1159', '1156'], '1161': ['1161'], '1066': ['1066'], '1056': ['1056'], '1061': ['1061'], '1072': ['1072'], '1162': ['1162'], '1033': ['1033'], '1101': ['1101'], '1109': ['1109'], '1153': ['1153'], '1102': ['1102'], '1103': ['1103'], '1105': ['1105'], '1106': ['1106'], '1113': ['1113'], '1154': ['1154'], '1155': ['1155'], '1108': ['1108'], '1110': ['1110'], '1104': ['1104'], '1107': ['1107'], '1114': ['1114'], '1038': ['1038', '1048', '1068', '1034', '1067'], '1039': ['1039'], '1097': ['1097'], '1098': ['1098'], '1099': ['1099'], '1112': ['1112'], '1100': ['1100'], '1035': ['1035'], '1111': ['1111'], '1030': ['1030'], '1046': ['1046'], '1069': ['1069'], '1058': ['1058'], '1059': ['1059'], '1064': ['1064'], '1065': ['1065'], '1047': ['1047'], '1070': ['1070'], '1031': ['1031'], '1086': ['1086', '1089', '1044', '1087', '1090'], '1043': ['1043'], '1121': ['1121'], '1122': ['1122'], '1123': ['1123'], '1124': ['1124'], '1036': ['1036'], '1092': ['1092'], '1150': ['1150'], '1093': ['1093'], '1094': ['1094'], '1145': ['1145'], '1151': ['1151'], '1144': ['1144'], '1149': ['1149'], '1037': ['1037'], '1088': ['1088'], '1142': ['1142'], '1141': ['1141'], '1091': ['1091'], '1143': ['1143'], '1045': ['1045'], '1115': ['1115'], '1062': ['1062'], '1077': ['1077'], '1117': ['1117'], '1146': ['1146'], '1152': ['1152'], '1075': ['1075'], '1076': ['1076'], '1118': ['1118'], '1073': ['1073'], '1078': ['1078'], '1074': ['1074'], '1116': ['1116'], '1140': ['1140'], '1119': ['1119'], '1120': ['1120'], '1133': ['1133']})"
97,"defaultdict(<class 'list'>, {'1040': ['1040', '1080', '1079', '1081', '1078'], '1095': ['1095', '1082', '1084', '1083', '1085'], '1096': ['1096'], '1136': ['1136'], '1138': ['1138'], '1041': ['1041'], '1126': ['1126'], '1125': ['1125'], '1127': ['1127'], '1128': ['1128'], '1129': ['1129'], '1131': ['1131'], '1032': ['1032'], '1052': ['1052', '1053', '1049', '1050', '1054'], '1063': ['1063'], '1160': ['1160'], '1051': ['1051'], '1055': ['1055'], '1057': ['1057', '1060', '1061', '1058', '1059'], '1071': ['1071'], '1147': ['1147'], '1148': ['1148'], '1158': ['1158'], '1161': ['1161'], '1066': ['1066'], '1056': ['1056'], '1072': ['1072'], '1157': ['1157'], '1159': ['1159'], '1162': ['1162'], '1033': ['1033', '1101', '1109', '1153', '1100'], '1102': ['1102'], '1103': ['1103'], '1105': ['1105'], '1106': ['1106'], '1113': ['1113'], '1154': ['1154'], '1155': ['1155'], '1108': ['1108'], '1110': ['1110'], '1104': ['1104'], '1107': ['1107'], '1114': ['1114'], '1156': ['1156'], '1038': ['1038', '1048', '1068', '1034', '1067'], '1039': ['1039'], '1097': ['1097'], '1098': ['1098'], '1099': ['1099'], '1112': ['1112'], '1035': ['1035'], '1111': ['1111'], '1030': ['1030', '1046', '1069', '1047', '1070'], '1064': ['1064'], '1065': ['1065'], '1031': ['1031'], '1042': ['1042'], '1086': ['1086'], '1089': ['1089'], '1043': ['1043', '1121', '1122', '1123', '1045'], '1124': ['1124'], '1036': ['1036'], '1092': ['1092'], '1150': ['1150'], '1093': ['1093', '1094', '1144', '1149', '1037'], '1145': ['1145'], '1151': ['1151'], '1044': ['1044'], '1087': ['1087'], '1088': ['1088'], '1090': ['1090'], '1142': ['1142'], '1141': ['1141'], '1091': ['1091'], '1143': ['1143'], '1115': ['1115'], '1062': ['1062'], '1077': ['1077'], '1117': ['1117'], '1146': ['1146'], '1152': ['1152'], '1075': ['1075'], '1076': ['1076'], '1118': ['1118'], '1073': ['1073'], '1074': ['1074'], '1116': ['1116'], '1135': ['1135'], '1137': ['1137'], '1140': ['1140'], '1139': ['1139'], '1119': ['1119'], '1120': ['1120'], '1132': ['1132'], '1130': ['1130'], '1134': ['1134'], '1133': ['1133']})"
97,"defaultdict(<class 'list'>, {'1040': ['1040', '1080', '1079', '1081', '1078'], '1095': ['1095'], '1082': ['1082', '1084', '1042', '1083', '1085'], '1096': ['1096'], '1136': ['1136'], '1138': ['1138'], '1041': ['1041', '1126', '1125', '1127', '1124'], '1128': ['1128'], '1129': ['1129'], '1131': ['1131'], '1032': ['1032'], '1052': ['1052'], '1063': ['1063'], '1160': ['1160'], '1051': ['1051'], '1055': ['1055'], '1057': ['1057'], '1060': ['1060'], '1071': ['1071'], '1147': ['1147'], '1148': ['1148', '1158', '1157', '1159', '1156'], '1161': ['1161'], '1053': ['1053'], '1066': ['1066'], '1056': ['1056'], '1061': ['1061'], '1072': ['1072'], '1162': ['1162'], '1033': ['1033', '1109', '1153', '1155', '1152'], '1101': ['1101'], '1102': ['1102'], '1103': ['1103'], '1105': ['1105'], '1106': ['1106'], '1113': ['1113'], '1154': ['1154'], '1108': ['1108'], '1110': ['1110'], '1104': ['1104'], '1107': ['1107'], '1114': ['1114'], '1038': ['1038', '1048', '1068', '1034', '1067'], '1049': ['1049'], '1050': ['1050'], '1054': ['1054'], '1039': ['1039'], '1097': ['1097'], '1098': ['1098'], '1099': ['1099'], '1112': ['1112'], '1100': ['1100'], '1035': ['1035'], '1111': ['1111'], '1030': ['1030'], '1046': ['1046'], '1069': ['1069'], '1058': ['1058'], '1059': ['1059'], '1064': ['1064'], '1065': ['1065'], '1047': ['1047'], '1070': ['1070'], '1031': ['1031'], '1086': ['1086'], '1089': ['1089'], '1043': ['1043'], '1121': ['1121'], '1122': ['1122'], '1123': ['1123'], '1036': ['1036'], '1092': ['1092'], '1150': ['1150'], '1093': ['1093', '1094', '1151', '1149', '1037'], '1145': ['1145'], '1144': ['1144'], '1044': ['1044'], '1087': ['1087'], '1088': ['1088', '1142', '1141', '1143', '1139'], '1090': ['1090'], '1091': ['1091'], '1045': ['1045'], '1115': ['1115'], '1062': ['1062'], '1077': ['1077'], '1117': ['1117', '1118', '1116', '1119', '1120'], '1146': ['1146'], '1075': ['1075'], '1076': ['1076'], '1073': ['1073'], '1074': ['1074'], '1135': ['1135'], '1137': ['1137'], '1140': ['1140'], '1132': ['1132'], '1130': ['1130'], '1134': ['1134'], '1133': ['1133']})"
97,"defaultdict(<class 'list'>, {'1040': ['1040'], '1080': ['1080'], '1079': ['1079'], '1081': ['1081'], '1095': ['1095'], '1082': ['1082', '1084', '1042', '1083', '1085'], '1096': ['1096'], '1136': ['1136'], '1138': ['1138'], '1041': ['1041'], '1126': ['1126'], '1125': ['1125'], '1127': ['1127'], '1128': ['1128'], '1129': ['1129'], '1131': ['1131'], '1032': ['1032', '1052', '1063', '1053', '1049'], '1160': ['1160'], '1051': ['1051'], '1055': ['1055'], '1057': ['1057'], '1060': ['1060'], '1071': ['1071'], '1147': ['1147'], '1148': ['1148', '1158', '1157', '1159', '1156'], '1161': ['1161'], '1066': ['1066'], '1056': ['1056'], '1061': ['1061'], '1072': ['1072'], '1162': ['1162'], '1033': ['1033', '1153', '1154', '1155', '1152'], '1101': ['1101'], '1109': ['1109'], '1102': ['1102', '1103', '1104', '1098', '1099'], '1105': ['1105', '1106', '1107', '1058', '1059'], '1113': ['1113'], '1108': ['1108'], '1110': ['1110'], '1114': ['1114'], '1038': ['1038'], '1048': ['1048'], '1050': ['1050'], '1054': ['1054'], '1068': ['1068'], '1039': ['1039'], '1097': ['1097'], '1112': ['1112'], '1100': ['1100'], '1034': ['1034'], '1067': ['1067'], '1035': ['1035'], '1111': ['1111'], '1030': ['1030'], '1046': ['1046'], '1069': ['1069'], '1064': ['1064'], '1065': ['1065'], '1047': ['1047'], '1070': ['1070'], '1031': ['1031'], '1086': ['1086'], '1089': ['1089'], '1043': ['1043', '1121', '1122', '1123', '1045'], '1124': ['1124'], '1036': ['1036'], '1092': ['1092'], '1150': ['1150'], '1093': ['1093'], '1094': ['1094'], '1145': ['1145'], '1151': ['1151'], '1144': ['1144'], '1149': ['1149'], '1037': ['1037'], '1044': ['1044'], '1087': ['1087'], '1088': ['1088', '1142', '1141', '1143', '1140'], '1090': ['1090'], '1091': ['1091'], '1115': ['1115'], '1062': ['1062'], '1077': ['1077'], '1117': ['1117', '1118', '1116', '1119', '1120'], '1146': ['1146'], '1075': ['1075'], '1076': ['1076'], '1073': ['1073'], '1078': ['1078'], '1074': ['1074'], '1135': ['1135'], '1137': ['1137'], '1139': ['1139'], '1132': ['1132'], '1130': ['1130'], '1134': ['1134'], '1133': ['1133']})"
97,"defaultdict(<class 'list'>, {'1040': ['1040'], '1080': ['1080'], '1079': ['1079'], '1081': ['1081'], '1095': ['1095'], '1082': ['1082', '1084', '1042', '1083', '1085'], '1096': ['1096'], '1136': ['1136'], '1138': ['1138'], '1041': ['1041'], '1126': ['1126'], '1125': ['1125'], '1127': ['1127'], '1128': ['1128', '1131', '1132', '1130', '1133'], '1129': ['1129'], '1032': ['1032'], '1052': ['1052'], '1063': ['1063'], '1160': ['1160'], '1051': ['1051'], '1055': ['1055'], '1057': ['1057'], '1060': ['1060'], '1071': ['1071'], '1147': ['1147'], '1148': ['1148', '1158', '1157', '1159', '1156'], '1161': ['1161'], '1053': ['1053'], '1066': ['1066'], '1056': ['1056'], '1061': ['1061'], '1072': ['1072'], '1162': ['1162'], '1033': ['1033', '1153', '1154', '1155', '1152'], '1101': ['1101'], '1109': ['1109'], '1102': ['1102'], '1103': ['1103'], '1105': ['1105', '1106', '1107', '1058', '1059'], '1113': ['1113'], '1108': ['1108'], '1110': ['1110'], '1104': ['1104'], '1114': ['1114'], '1038': ['1038', '1048', '1068', '1034', '1067'], '1049': ['1049'], '1050': ['1050'], '1054': ['1054'], '1039': ['1039', '1097', '1098', '1099', '1035'], '1112': ['1112'], '1100': ['1100'], '1111': ['1111'], '1030': ['1030'], '1046': ['1046'], '1069': ['1069'], '1064': ['1064'], '1065': ['1065'], '1047': ['1047'], '1070': ['1070'], '1031': ['1031'], '1086': ['1086'], '1089': ['1089'], '1043': ['1043', '1121', '1122', '1123', '1045'], '1124': ['1124'], '1036': ['1036', '1092', '1150', '1151', '1149'], '1093': ['1093'], '1094': ['1094'], '1145': ['1145'], '1144': ['1144'], '1037': ['1037'], '1044': ['1044'], '1087': ['1087'], '1088': ['1088'], '1090': ['1090'], '1142': ['1142'], '1141': ['1141'], '1091': ['1091'], '1143': ['1143'], '1115': ['1115'], '1062': ['1062'], '1077': ['1077'], '1117': ['1117'], '1146': ['1146'], '1075': ['1075'], '1076': ['1076'], '1118': ['1118'], '1073': ['1073'], '1078': ['1078'], '1074': ['1074'], '1116': ['1116'], '1135': ['1135'], '1137': ['1137'], '1140': ['1140'], '1139': ['1139'], '1119': ['1119'], '1120': ['1120'], '1134': ['1134']})"
97,"defaultdict(<class 'list'>, {'1040': ['1040'], '1080': ['1080'], '1079': ['1079'], '1081': ['1081'], '1095': ['1095'], '1082': ['1082'], '1084': ['1084'], '1096': ['1096'], '1136': ['1136'], '1138': ['1138'], '1041': ['1041'], '1126': ['1126'], '1125': ['1125'], '1127': ['1127'], '1128': ['1128', '1131', '1132', '1130', '1133'], '1129': ['1129'], '1032': ['1032', '1160', '1161', '1162', '1146'], '1052': ['1052'], '1063': ['1063'], '1051': ['1051'], '1055': ['1055'], '1057': ['1057'], '1060': ['1060'], '1071': ['1071'], '1147': ['1147'], '1148': ['1148'], '1158': ['1158'], '1053': ['1053'], '1066': ['1066', '1038', '1048', '1068', '1034', '1067', '1064', '1065', '1031'], '1056': ['1056'], '1061': ['1061'], '1072': ['1072'], '1157': ['1157'], '1159': ['1159'], '1033': ['1033'], '1101': ['1101', '1102', '1098', '1099', '1100'], '1109': ['1109'], '1153': ['1153', '1154', '1155', '1151', '1152'], '1103': ['1103'], '1105': ['1105'], '1106': ['1106'], '1113': ['1113'], '1108': ['1108'], '1110': ['1110'], '1104': ['1104', '1030', '1046', '1047', '1117'], '1107': ['1107'], '1114': ['1114'], '1156': ['1156'], '1049': ['1049'], '1050': ['1050'], '1054': ['1054'], '1039': ['1039'], '1097': ['1097'], '1112': ['1112'], '1035': ['1035'], '1111': ['1111'], '1069': ['1069'], '1058': ['1058'], '1059': ['1059'], '1070': ['1070'], '1042': ['1042'], '1083': ['1083'], '1085': ['1085'], '1086': ['1086', '1087', '1088', '1141', '1143'], '1089': ['1089'], '1043': ['1043'], '1121': ['1121'], '1122': ['1122'], '1123': ['1123'], '1124': ['1124'], '1036': ['1036'], '1092': ['1092'], '1150': ['1150'], '1093': ['1093'], '1094': ['1094'], '1145': ['1145'], '1144': ['1144'], '1149': ['1149'], '1037': ['1037'], '1044': ['1044'], '1090': ['1090'], '1142': ['1142'], '1091': ['1091'], '1045': ['1045'], '1115': ['1115'], '1062': ['1062'], '1077': ['1077', '1075', '1076', '1073', '1074'], '1118': ['1118'], '1078': ['1078'], '1116': ['1116'], '1135': ['1135'], '1137': ['1137'], '1140': ['1140'], '1139': ['1139'], '1119': ['1119'], '1120': ['1120'], '1134': ['1134']})"
97,"defaultdict(<class 'list'>, {'1040': ['1040'], '1080': ['1080', '1079', '1077', '1076', '1078'], '1081': ['1081'], '1095': ['1095'], '1082': ['1082'], '1084': ['1084'], '1096': ['1096', '1138', '1135', '1137', '1139'], '1136': ['1136'], '1041': ['1041'], '1126': ['1126'], '1125': ['1125'], '1127': ['1127'], '1128': ['1128'], '1129': ['1129'], '1131': ['1131'], '1032': ['1032'], '1052': ['1052', '1053', '1049', '1050', '1054'], '1063': ['1063'], '1160': ['1160'], '1051': ['1051'], '1055': ['1055'], '1057': ['1057'], '1060': ['1060'], '1071': ['1071'], '1147': ['1147'], '1148': ['1148'], '1158': ['1158', '1157', '1159', '1033', '1153', '1154', '1155', '1152', '1156'], '1161': ['1161'], '1066': ['1066'], '1056': ['1056', '1104', '1030', '1046', '1047'], '1061': ['1061'], '1072': ['1072'], '1162': ['1162'], '1101': ['1101', '1102', '1098', '1099', '1100'], '1109': ['1109'], '1103': ['1103'], '1105': ['1105'], '1106': ['1106'], '1113': ['1113'], '1108': ['1108'], '1110': ['1110'], '1107': ['1107'], '1114': ['1114'], '1038': ['1038'], '1048': ['1048'], '1068': ['1068'], '1039': ['1039'], '1097': ['1097'], '1112': ['1112'], '1034': ['1034'], '1067': ['1067'], '1035': ['1035'], '1111': ['1111'], '1069': ['1069'], '1058': ['1058'], '1059': ['1059'], '1064': ['1064'], '1065': ['1065'], '1070': ['1070'], '1031': ['1031'], '1042': ['1042'], '1083': ['1083'], '1085': ['1085'], '1086': ['1086'], '1089': ['1089'], '1043': ['1043'], '1121': ['1121'], '1122': ['1122'], '1123': ['1123'], '1124': ['1124'], '1036': ['1036'], '1092': ['1092', '1150', '1093', '1094', '1151', '1149', '1037', '1145', '1144'], '1044': ['1044'], '1087': ['1087'], '1088': ['1088'], '1090': ['1090'], '1142': ['1142'], '1141': ['1141'], '1091': ['1091'], '1143': ['1143'], '1045': ['1045'], '1115': ['1115'], '1062': ['1062'], '1117': ['1117'], '1146': ['1146'], '1075': ['1075'], '1118': ['1118'], '1073': ['1073'], '1074': ['1074'], '1116': ['1116'], '1140': ['1140'], '1119': ['1119'], '1120': ['1120'], '1132': ['1132'], '1130': ['1130'], '1134': ['1134'], '1133': ['1133']})"
97,"defaultdict(<class 'list'>, {'1040': ['1040'], '1080': ['1080'], '1079': ['1079'], '1081': ['1081'], '1095': ['1095'], '1082': ['1082'], '1084': ['1084'], '1096': ['1096'], '1136': ['1136'], '1138': ['1138'], '1041': ['1041'], '1126': ['1126'], '1125': ['1125'], '1127': ['1127'], '1128': ['1128'], '1129': ['1129'], '1131': ['1131'], '1032': ['1032', '1160', '1161', '1162', '1146'], '1052': ['1052', '1051', '1053', '1049', '1050'], '1063': ['1063'], '1055': ['1055'], '1057': ['1057'], '1060': ['1060'], '1071': ['1071'], '1147': ['1147'], '1148': ['1148'], '1158': ['1158'], '1066': ['1066'], '1056': ['1056'], '1061': ['1061'], '1072': ['1072'], '1157': ['1157'], '1159': ['1159'], '1033': ['1033'], '1101': ['1101'], '1109': ['1109'], '1153': ['1153', '1154', '1155', '1156', '1152'], '1102': ['1102'], '1103': ['1103'], '1105': ['1105'], '1106': ['1106'], '1113': ['1113'], '1108': ['1108'], '1110': ['1110'], '1104': ['1104'], '1107': ['1107'], '1114': ['1114'], '1038': ['1038', '1048', '1068', '1034', '1067'], '1054': ['1054'], '1039': ['1039', '1097', '1112', '1035', '1111', '1098', '1099', '1117', '1118'], '1100': ['1100'], '1030': ['1030'], '1046': ['1046'], '1069': ['1069'], '1058': ['1058'], '1059': ['1059'], '1064': ['1064'], '1065': ['1065'], '1047': ['1047'], '1070': ['1070'], '1031': ['1031'], '1042': ['1042'], '1083': ['1083'], '1085': ['1085'], '1086': ['1086', '1089', '1044', '1087', '1090'], '1043': ['1043'], '1121': ['1121'], '1122': ['1122'], '1123': ['1123'], '1124': ['1124'], '1036': ['1036'], '1092': ['1092'], '1150': ['1150'], '1093': ['1093', '1094', '1151', '1149', '1037'], '1145': ['1145'], '1144': ['1144'], '1088': ['1088', '1142', '1141', '1143', '1139'], '1091': ['1091'], '1045': ['1045'], '1115': ['1115'], '1062': ['1062'], '1077': ['1077'], '1075': ['1075'], '1076': ['1076'], '1073': ['1073'], '1078': ['1078'], '1074': ['1074'], '1116': ['1116'], '1135': ['1135'], '1137': ['1137'], '1140': ['1140'], '1119': ['1119'], '1120': ['1120'], '1132': ['1132'], '1130': ['1130'], '1134': ['1134'], '1133': ['1133']})"
97,"defaultdict(<class 'list'>, {'1040': ['1040'], '1080': ['1080'], '1079': ['1079'], '1081': ['1081'], '1095': ['1095'], '1082': ['1082'], '1084': ['1084'], '1096': ['1096', '1138', '1135', '1137', '1139'], '1136': ['1136'], '1041': ['1041'], '1126': ['1126'], '1125': ['1125'], '1127': ['1127'], '1128': ['1128', '1131', '1132', '1130', '1133'], '1129': ['1129'], '1032': ['1032', '1160', '1161', '1162', '1146'], '1052': ['1052'], '1063': ['1063', '1057', '1071', '1066', '1067'], '1051': ['1051'], '1055': ['1055'], '1060': ['1060'], '1147': ['1147'], '1148': ['1148', '1158', '1157', '1159', '1156'], '1053': ['1053'], '1056': ['1056'], '1061': ['1061', '1062', '1075', '1073', '1074'], '1072': ['1072'], '1033': ['1033'], '1101': ['1101'], '1109': ['1109'], '1153': ['1153'], '1102': ['1102'], '1103': ['1103'], '1105': ['1105', '1106', '1107', '1058', '1059'], '1113': ['1113'], '1154': ['1154'], '1155': ['1155'], '1108': ['1108'], '1110': ['1110'], '1104': ['1104'], '1114': ['1114'], '1038': ['1038'], '1048': ['1048'], '1049': ['1049'], '1050': ['1050'], '1054': ['1054'], '1068': ['1068'], '1039': ['1039'], '1097': ['1097'], '1098': ['1098'], '1099': ['1099'], '1112': ['1112'], '1100': ['1100'], '1034': ['1034'], '1035': ['1035'], '1111': ['1111'], '1030': ['1030'], '1046': ['1046'], '1069': ['1069'], '1064': ['1064'], '1065': ['1065'], '1047': ['1047'], '1070': ['1070'], '1031': ['1031'], '1042': ['1042'], '1083': ['1083'], '1085': ['1085'], '1086': ['1086', '1089', '1044', '1087', '1090'], '1043': ['1043'], '1121': ['1121'], '1122': ['1122'], '1123': ['1123'], '1124': ['1124'], '1036': ['1036'], '1092': ['1092'], '1150': ['1150'], '1093': ['1093'], '1094': ['1094'], '1145': ['1145'], '1151': ['1151'], '1144': ['1144'], '1149': ['1149'], '1037': ['1037'], '1088': ['1088', '1142', '1141', '1143', '1140'], '1091': ['1091'], '1045': ['1045'], '1115': ['1115'], '1077': ['1077'], '1117': ['1117'], '1152': ['1152'], '1076': ['1076'], '1118': ['1118'], '1078': ['1078'], '1116': ['1116'], '1119': ['1119'], '1120': ['1120'], '1134': ['1134']})"
97,"defaultdict(<class 'list'>, {'1040': ['1040'], '1080': ['1080'], '1079': ['1079', '1077', '1075', '1076', '1074'], '1081': ['1081'], '1095': ['1095'], '1082': ['1082'], '1084': ['1084'], '1096': ['1096'], '1136': ['1136'], '1138': ['1138'], '1041': ['1041'], '1126': ['1126'], '1125': ['1125'], '1127': ['1127'], '1128': ['1128'], '1129': ['1129'], '1131': ['1131'], '1032': ['1032', '1052', '1063', '1053', '1049'], '1160': ['1160', '1147', '1161', '1145', '1146'], '1051': ['1051'], '1055': ['1055'], '1057': ['1057'], '1060': ['1060'], '1071': ['1071'], '1148': ['1148', '1158', '1157', '1159', '1156'], '1066': ['1066'], '1056': ['1056'], '1061': ['1061'], '1072': ['1072'], '1162': ['1162'], '1033': ['1033', '1101', '1109', '1153', '1100'], '1102': ['1102'], '1103': ['1103'], '1105': ['1105', '1106', '1107', '1058', '1059'], '1113': ['1113'], '1154': ['1154'], '1155': ['1155'], '1108': ['1108'], '1110': ['1110'], '1104': ['1104'], '1114': ['1114'], '1038': ['1038'], '1048': ['1048'], '1050': ['1050'], '1054': ['1054'], '1068': ['1068'], '1039': ['1039', '1097', '1098', '1099', '1035'], '1112': ['1112'], '1034': ['1034'], '1067': ['1067'], '1111': ['1111'], '1030': ['1030'], '1046': ['1046'], '1069': ['1069', '1064', '1065', '1070', '1031'], '1047': ['1047'], '1042': ['1042'], '1083': ['1083'], '1085': ['1085'], '1086': ['1086'], '1089': ['1089'], '1043': ['1043'], '1121': ['1121'], '1122': ['1122'], '1123': ['1123'], '1124': ['1124'], '1036': ['1036'], '1092': ['1092'], '1150': ['1150'], '1093': ['1093', '1094', '1151', '1149', '1037'], '1144': ['1144'], '1044': ['1044'], '1087': ['1087'], '1088': ['1088'], '1090': ['1090'], '1142': ['1142'], '1141': ['1141'], '1091': ['1091'], '1143': ['1143'], '1045': ['1045'], '1115': ['1115'], '1062': ['1062'], '1117': ['1117'], '1152': ['1152'], '1118': ['1118'], '1073': ['1073'], '1078': ['1078'], '1116': ['1116'], '1135': ['1135'], '1137': ['1137'], '1140': ['1140'], '1139': ['1139'], '1119': ['1119'], '1120': ['1120'], '1132': ['1132'], '1130': ['1130'], '1134': ['1134'], '1133': ['1133']})"
97,"defaultdict(<class 'list'>, {'1040': ['1040'], '1080': ['1080'], '1079': ['1079'], '1081': ['1081'], '1095': ['1095'], '1082': ['1082'], '1084': ['1084'], '1096': ['1096', '1138', '1135', '1137', '1139'], '1136': ['1136'], '1041': ['1041'], '1126': ['1126'], '1125': ['1125'], '1127': ['1127'], '1128': ['1128', '1131', '1132', '1130', '1133'], '1129': ['1129'], '1032': ['1032', '1160', '1161', '1162', '1146'], '1052': ['1052'], '1063': ['1063'], '1051': ['1051'], '1055': ['1055'], '1057': ['1057'], '1060': ['1060'], '1071': ['1071'], '1147': ['1147'], '1148': ['1148'], '1158': ['1158'], '1053': ['1053'], '1066': ['1066', '1067', '1064', '1065', '1031'], '1056': ['1056'], '1061': ['1061'], '1072': ['1072'], '1157': ['1157'], '1159': ['1159'], '1033': ['1033', '1153', '1154', '1155', '1152'], '1101': ['1101'], '1109': ['1109'], '1102': ['1102'], '1103': ['1103'], '1105': ['1105'], '1106': ['1106'], '1113': ['1113'], '1108': ['1108'], '1110': ['1110'], '1104': ['1104'], '1107': ['1107'], '1114': ['1114', '1115', '1118', '1116', '1119'], '1156': ['1156'], '1038': ['1038'], '1048': ['1048'], '1049': ['1049'], '1050': ['1050'], '1054': ['1054'], '1068': ['1068'], '1039': ['1039', '1097', '1098', '1099', '1035'], '1112': ['1112'], '1100': ['1100'], '1034': ['1034'], '1111': ['1111'], '1030': ['1030'], '1046': ['1046'], '1069': ['1069'], '1058': ['1058'], '1059': ['1059'], '1047': ['1047'], '1070': ['1070'], '1042': ['1042'], '1083': ['1083'], '1085': ['1085'], '1086': ['1086', '1089', '1044', '1087', '1090'], '1043': ['1043'], '1121': ['1121'], '1122': ['1122'], '1123': ['1123'], '1124': ['1124'], '1036': ['1036'], '1092': ['1092'], '1150': ['1150'], '1093': ['1093', '1094', '1151', '1149', '1037'], '1145': ['1145'], '1144': ['1144'], '1088': ['1088'], '1142': ['1142'], '1141': ['1141'], '1091': ['1091'], '1143': ['1143'], '1045': ['1045'], '1062': ['1062'], '1077': ['1077'], '1117': ['1117'], '1075': ['1075'], '1076': ['1076'], '1073': ['1073'], '1078': ['1078'], '1074': ['1074'], '1140': ['1140'], '1120': ['1120'], '1134': ['1134']})"
97,"defaultdict(<class 'list'>, {'1040': ['1040', '1080', '1079', '1081', '1078'], '1095': ['1095'], '1082': ['1082', '1084', '1042', '1083', '1085'], '1096': ['1096', '1138', '1135', '1137', '1139'], '1136': ['1136'], '1041': ['1041'], '1126': ['1126'], '1125': ['1125'], '1127': ['1127'], '1128': ['1128'], '1129': ['1129'], '1131': ['1131'], '1032': ['1032'], '1052': ['1052'], '1063': ['1063'], '1160': ['1160'], '1051': ['1051'], '1055': ['1055'], '1057': ['1057'], '1060': ['1060'], '1071': ['1071'], '1147': ['1147'], '1148': ['1148'], '1158': ['1158'], '1161': ['1161'], '1053': ['1053'], '1066': ['1066'], '1056': ['1056', '1077', '1075', '1076', '1074'], '1061': ['1061'], '1072': ['1072'], '1157': ['1157'], '1159': ['1159'], '1162': ['1162'], '1033': ['1033'], '1101': ['1101'], '1109': ['1109'], '1153': ['1153'], '1102': ['1102'], '1103': ['1103'], '1105': ['1105', '1106', '1107', '1058', '1059'], '1113': ['1113'], '1154': ['1154'], '1155': ['1155'], '1108': ['1108'], '1110': ['1110'], '1104': ['1104'], '1114': ['1114'], '1156': ['1156'], '1038': ['1038'], '1048': ['1048'], '1049': ['1049'], '1050': ['1050'], '1054': ['1054'], '1068': ['1068'], '1039': ['1039', '1097', '1098', '1099', '1035'], '1112': ['1112'], '1100': ['1100'], '1034': ['1034'], '1067': ['1067'], '1111': ['1111'], '1030': ['1030', '1046', '1069', '1047', '1070'], '1064': ['1064'], '1065': ['1065'], '1031': ['1031'], '1086': ['1086'], '1089': ['1089'], '1043': ['1043', '1121', '1122', '1123', '1045'], '1124': ['1124'], '1036': ['1036'], '1092': ['1092'], '1150': ['1150'], '1093': ['1093'], '1094': ['1094'], '1145': ['1145'], '1151': ['1151'], '1144': ['1144'], '1149': ['1149'], '1037': ['1037'], '1044': ['1044'], '1087': ['1087'], '1088': ['1088'], '1090': ['1090'], '1142': ['1142'], '1141': ['1141'], '1091': ['1091'], '1143': ['1143'], '1115': ['1115'], '1062': ['1062'], '1117': ['1117', '1118', '1116', '1119', '1120'], '1146': ['1146'], '1152': ['1152'], '1073': ['1073'], '1140': ['1140'], '1132': ['1132'], '1130': ['1130'], '1134': ['1134'], '1133': ['1133']})"
97,"defaultdict(<class 'list'>, {'1040': ['1040'], '1080': ['1080'], '1079': ['1079'], '1081': ['1081'], '1095': ['1095'], '1082': ['1082'], '1084': ['1084'], '1096': ['1096', '1138', '1135', '1137', '1139'], '1136': ['1136'], '1041': ['1041'], '1126': ['1126'], '1125': ['1125'], '1127': ['1127'], '1128': ['1128'], '1129': ['1129'], '1131': ['1131'], '1032': ['1032'], '1052': ['1052'], '1063': ['1063'], '1160': ['1160', '1147', '1161', '1145', '1146'], '1051': ['1051'], '1055': ['1055'], '1057': ['1057'], '1060': ['1060'], '1071': ['1071'], '1148': ['1148', '1158', '1157', '1159', '1156'], '1053': ['1053'], '1066': ['1066'], '1056': ['1056', '1077', '1075', '1076', '1074'], '1061': ['1061'], '1072': ['1072'], '1162': ['1162'], '1033': ['1033', '1153', '1154', '1155', '1152'], '1101': ['1101'], '1109': ['1109'], '1102': ['1102'], '1103': ['1103'], '1105': ['1105'], '1106': ['1106'], '1113': ['1113'], '1108': ['1108'], '1110': ['1110', '1111', '1064', '1065', '1031'], '1104': ['1104'], '1107': ['1107'], '1114': ['1114'], '1038': ['1038'], '1048': ['1048'], '1049': ['1049'], '1050': ['1050'], '1054': ['1054'], '1068': ['1068'], '1039': ['1039'], '1097': ['1097'], '1098': ['1098'], '1099': ['1099'], '1112': ['1112'], '1100': ['1100'], '1034': ['1034'], '1067': ['1067'], '1035': ['1035'], '1030': ['1030'], '1046': ['1046'], '1069': ['1069'], '1058': ['1058'], '1059': ['1059'], '1047': ['1047'], '1070': ['1070'], '1042': ['1042'], '1083': ['1083'], '1085': ['1085'], '1086': ['1086', '1089', '1044', '1087', '1090'], '1043': ['1043', '1121', '1122', '1123', '1045'], '1124': ['1124'], '1036': ['1036'], '1092': ['1092'], '1150': ['1150'], '1093': ['1093'], '1094': ['1094'], '1151': ['1151'], '1144': ['1144'], '1149': ['1149'], '1037': ['1037'], '1088': ['1088', '1142', '1141', '1143', '1140'], '1091': ['1091'], '1115': ['1115'], '1062': ['1062'], '1117': ['1117'], '1118': ['1118'], '1073': ['1073'], '1078': ['1078'], '1116': ['1116'], '1119': ['1119'], '1120': ['1120'], '1132': ['1132'], '1130': ['1130'], '1134': ['1134'], '1133': ['1133']})"
97,"defaultdict(<class 'list'>, {'1040': ['1040'], '1080': ['1080'], '1079': ['1079'], '1081': ['1081'], '1095': ['1095'], '1082': ['1082', '1084', '1042', '1083', '1085'], '1096': ['1096', '1138', '1135', '1137', '1139'], '1136': ['1136'], '1041': ['1041'], '1126': ['1126'], '1125': ['1125'], '1127': ['1127'], '1128': ['1128'], '1129': ['1129'], '1131': ['1131'], '1032': ['1032'], '1052': ['1052'], '1063': ['1063'], '1160': ['1160'], '1051': ['1051'], '1055': ['1055'], '1057': ['1057'], '1060': ['1060'], '1071': ['1071'], '1147': ['1147'], '1148': ['1148'], '1158': ['1158'], '1161': ['1161'], '1053': ['1053'], '1066': ['1066'], '1056': ['1056', '1077', '1075', '1076', '1074'], '1061': ['1061'], '1072': ['1072'], '1157': ['1157'], '1159': ['1159'], '1162': ['1162'], '1033': ['1033'], '1101': ['1101', '1102', '1098', '1099', '1100'], '1109': ['1109'], '1153': ['1153'], '1103': ['1103'], '1105': ['1105', '1106', '1107', '1058', '1059', '1113', '1108', '1114', '1115'], '1154': ['1154'], '1155': ['1155'], '1110': ['1110', '1111', '1064', '1065', '1031'], '1104': ['1104'], '1156': ['1156'], '1038': ['1038'], '1048': ['1048'], '1049': ['1049'], '1050': ['1050'], '1054': ['1054'], '1068': ['1068'], '1039': ['1039'], '1097': ['1097'], '1112': ['1112'], '1034': ['1034'], '1067': ['1067'], '1035': ['1035'], '1030': ['1030'], '1046': ['1046'], '1069': ['1069'], '1047': ['1047'], '1070': ['1070'], '1086': ['1086'], '1089': ['1089'], '1043': ['1043'], '1121': ['1121'], '1122': ['1122'], '1123': ['1123'], '1124': ['1124'], '1036': ['1036'], '1092': ['1092'], '1150': ['1150'], '1093': ['1093'], '1094': ['1094'], '1145': ['1145'], '1151': ['1151'], '1144': ['1144'], '1149': ['1149'], '1037': ['1037'], '1044': ['1044'], '1087': ['1087'], '1088': ['1088', '1142', '1141', '1143', '1140'], '1090': ['1090'], '1091': ['1091'], '1045': ['1045'], '1062': ['1062'], '1117': ['1117', '1118', '1116', '1119', '1120'], '1146': ['1146'], '1152': ['1152'], '1073': ['1073'], '1078': ['1078'], '1132': ['1132'], '1130': ['1130'], '1134': ['1134'], '1133': ['1133']})"
97,"defaultdict(<class 'list'>, {'1040': ['1040'], '1080': ['1080'], '1079': ['1079'], '1081': ['1081'], '1095': ['1095'], '1082': ['1082', '1084', '1042', '1083', '1085'], '1096': ['1096'], '1136': ['1136'], '1138': ['1138'], '1041': ['1041'], '1126': ['1126'], '1125': ['1125'], '1127': ['1127'], '1128': ['1128'], '1129': ['1129'], '1131': ['1131'], '1032': ['1032', '1052', '1063', '1053', '1049', '1051', '1055', '1050', '1054'], '1160': ['1160'], '1057': ['1057'], '1060': ['1060'], '1071': ['1071'], '1147': ['1147'], '1148': ['1148', '1158', '1157', '1159', '1156'], '1161': ['1161'], '1066': ['1066'], '1056': ['1056'], '1061': ['1061'], '1072': ['1072'], '1162': ['1162'], '1033': ['1033'], '1101': ['1101'], '1109': ['1109'], '1153': ['1153'], '1102': ['1102'], '1103': ['1103'], '1105': ['1105'], '1106': ['1106'], '1113': ['1113'], '1154': ['1154'], '1155': ['1155'], '1108': ['1108'], '1110': ['1110', '1111', '1064', '1065', '1031'], '1104': ['1104'], '1107': ['1107'], '1114': ['1114'], '1038': ['1038', '1048', '1068', '1034', '1067'], '1039': ['1039'], '1097': ['1097'], '1098': ['1098'], '1099': ['1099'], '1112': ['1112'], '1100': ['1100'], '1035': ['1035'], '1030': ['1030', '1046', '1069', '1047', '1070'], '1058': ['1058'], '1059': ['1059'], '1086': ['1086', '1089', '1044', '1087', '1090'], '1043': ['1043'], '1121': ['1121'], '1122': ['1122'], '1123': ['1123'], '1124': ['1124'], '1036': ['1036'], '1092': ['1092'], '1150': ['1150'], '1093': ['1093', '1094', '1151', '1149', '1037'], '1145': ['1145'], '1144': ['1144'], '1088': ['1088'], '1142': ['1142'], '1141': ['1141'], '1091': ['1091'], '1143': ['1143'], '1045': ['1045'], '1115': ['1115'], '1062': ['1062'], '1077': ['1077'], '1117': ['1117'], '1146': ['1146'], '1152': ['1152'], '1075': ['1075'], '1076': ['1076'], '1118': ['1118'], '1073': ['1073'], '1078': ['1078'], '1074': ['1074'], '1116': ['1116'], '1135': ['1135'], '1137': ['1137'], '1140': ['1140'], '1139': ['1139'], '1119': ['1119'], '1120': ['1120'], '1132': ['1132'], '1130': ['1130'], '1134': ['1134'], '1133': ['1133']})"
98,"defaultdict(<class 'list'>, {'1040': ['1040'], '1080': ['1080'], '1079': ['1079'], '1081': ['1081'], '1095': ['1095'], '1082': ['1082', '1084', '1042', '1083', '1085'], '1096': ['1096'], '1136': ['1136'], '1138': ['1138'], '1041': ['1041'], '1126': ['1126'], '1125': ['1125'], '1127': ['1127'], '1128': ['1128'], '1129': ['1129'], '1131': ['1131'], '1032': ['1032'], '1052': ['1052', '1053', '1049', '1050', '1054'], '1063': ['1063'], '1160': ['1160'], '1051': ['1051'], '1055': ['1055'], '1057': ['1057'], '1060': ['1060'], '1071': ['1071'], '1147': ['1147'], '1148': ['1148', '1158', '1157', '1159', '1156'], '1161': ['1161'], '1066': ['1066'], '1056': ['1056'], '1061': ['1061', '1062', '1075', '1073', '1074'], '1072': ['1072'], '1162': ['1162'], '1033': ['1033'], '1101': ['1101'], '1109': ['1109'], '1153': ['1153'], '1102': ['1102', '1103', '1104', '1117', '1118'], '1105': ['1105'], '1106': ['1106'], '1113': ['1113'], '1154': ['1154'], '1155': ['1155'], '1108': ['1108'], '1110': ['1110'], '1107': ['1107'], '1114': ['1114', '1030', '1046', '1069', '1064', '1065', '1070', '1031', '1047'], '1038': ['1038', '1048', '1068', '1034', '1067'], '1039': ['1039'], '1097': ['1097'], '1098': ['1098'], '1099': ['1099'], '1112': ['1112'], '1100': ['1100'], '1035': ['1035'], '1111': ['1111'], '1058': ['1058'], '1059': ['1059'], '1086': ['1086'], '1089': ['1089'], '1043': ['1043'], '1121': ['1121'], '1122': ['1122'], '1123': ['1123'], '1124': ['1124'], '1036': ['1036'], '1092': ['1092'], '1150': ['1150'], '1093': ['1093'], '1094': ['1094'], '1145': ['1145'], '1151': ['1151'], '1144': ['1144'], '1149': ['1149'], '1037': ['1037'], '1044': ['1044'], '1087': ['1087'], '1088': ['1088'], '1090': ['1090'], '1142': ['1142'], '1141': ['1141'], '1091': ['1091'], '1143': ['1143'], '1045': ['1045'], '1115': ['1115', '1116', '1119', '1120'], '1077': ['1077'], '1146': ['1146'], '1152': ['1152'], '1076': ['1076'], '1078': ['1078'], '1135': ['1135'], '1137': ['1137'], '1140': ['1140'], '1139': ['1139'], '1132': ['1132'], '1130': ['1130'], '1134': ['1134'], '1133': ['1133']})"
98,"defaultdict(<class 'list'>, {'1040': ['1040'], '1080': ['1080'], '1079': ['1079'], '1081': ['1081'], '1095': ['1095'], '1082': ['1082'], '1084': ['1084'], '1096': ['1096'], '1136': ['1136'], '1138': ['1138'], '1041': ['1041'], '1126': ['1126'], '1125': ['1125'], '1127': ['1127'], '1128': ['1128', '1131', '1132', '1130', '1133', '1129', '1120', '1134'], '1032': ['1032', '1052', '1053', '1038', '1048', '1054', '1034', '1049', '1050'], '1063': ['1063'], '1160': ['1160'], '1051': ['1051'], '1055': ['1055'], '1057': ['1057'], '1060': ['1060'], '1071': ['1071'], '1147': ['1147'], '1148': ['1148', '1158', '1157', '1159', '1156'], '1161': ['1161'], '1066': ['1066', '1067', '1064', '1065', '1031'], '1056': ['1056'], '1061': ['1061', '1062', '1075', '1073', '1074'], '1072': ['1072'], '1162': ['1162'], '1033': ['1033'], '1101': ['1101'], '1109': ['1109'], '1153': ['1153'], '1102': ['1102'], '1103': ['1103'], '1105': ['1105'], '1106': ['1106'], '1113': ['1113'], '1154': ['1154'], '1155': ['1155'], '1108': ['1108'], '1110': ['1110'], '1104': ['1104'], '1107': ['1107'], '1114': ['1114'], '1068': ['1068'], '1039': ['1039'], '1097': ['1097'], '1098': ['1098'], '1099': ['1099'], '1112': ['1112'], '1100': ['1100'], '1035': ['1035'], '1111': ['1111'], '1030': ['1030'], '1046': ['1046'], '1069': ['1069'], '1058': ['1058'], '1059': ['1059'], '1047': ['1047'], '1070': ['1070'], '1042': ['1042'], '1083': ['1083'], '1085': ['1085'], '1086': ['1086', '1089', '1044', '1087', '1090'], '1043': ['1043', '1121', '1122', '1123', '1045'], '1124': ['1124'], '1036': ['1036'], '1092': ['1092'], '1150': ['1150'], '1093': ['1093'], '1094': ['1094'], '1145': ['1145'], '1151': ['1151'], '1144': ['1144'], '1149': ['1149'], '1037': ['1037'], '1088': ['1088'], '1142': ['1142'], '1141': ['1141'], '1091': ['1091'], '1143': ['1143'], '1115': ['1115'], '1077': ['1077'], '1117': ['1117'], '1146': ['1146'], '1152': ['1152'], '1076': ['1076'], '1118': ['1118'], '1078': ['1078'], '1116': ['1116'], '1135': ['1135'], '1137': ['1137'], '1140': ['1140'], '1139': ['1139'], '1119': ['1119']})"
98,"defaultdict(<class 'list'>, {'1040': ['1040'], '1080': ['1080'], '1079': ['1079'], '1081': ['1081'], '1095': ['1095'], '1082': ['1082'], '1084': ['1084'], '1096': ['1096'], '1136': ['1136'], '1138': ['1138'], '1041': ['1041', '1126', '1125', '1127', '1043', '1121', '1122', '1123', '1045', '1124', '1128', '1132'], '1129': ['1129'], '1131': ['1131'], '1032': ['1032'], '1052': ['1052'], '1063': ['1063'], '1160': ['1160'], '1051': ['1051'], '1055': ['1055'], '1057': ['1057'], '1060': ['1060'], '1071': ['1071'], '1147': ['1147', '1148', '1158', '1157', '1159'], '1161': ['1161'], '1053': ['1053'], '1066': ['1066'], '1056': ['1056'], '1061': ['1061'], '1072': ['1072'], '1162': ['1162'], '1033': ['1033'], '1101': ['1101'], '1109': ['1109'], '1153': ['1153'], '1102': ['1102'], '1103': ['1103'], '1105': ['1105'], '1106': ['1106'], '1113': ['1113'], '1154': ['1154'], '1155': ['1155'], '1108': ['1108'], '1110': ['1110'], '1104': ['1104'], '1107': ['1107'], '1114': ['1114'], '1156': ['1156'], '1038': ['1038', '1048', '1068', '1034', '1067'], '1049': ['1049'], '1050': ['1050'], '1054': ['1054'], '1039': ['1039', '1097', '1098', '1099', '1035'], '1112': ['1112'], '1100': ['1100'], '1111': ['1111'], '1030': ['1030', '1046', '1069', '1047', '1070'], '1058': ['1058'], '1059': ['1059'], '1064': ['1064'], '1065': ['1065'], '1031': ['1031'], '1042': ['1042'], '1083': ['1083'], '1085': ['1085'], '1086': ['1086', '1089', '1087', '1090', '1091'], '1036': ['1036'], '1092': ['1092'], '1150': ['1150'], '1093': ['1093', '1094', '1151', '1149', '1037'], '1145': ['1145'], '1144': ['1144'], '1044': ['1044'], '1088': ['1088'], '1142': ['1142'], '1141': ['1141'], '1143': ['1143'], '1115': ['1115'], '1062': ['1062'], '1077': ['1077'], '1117': ['1117'], '1146': ['1146'], '1152': ['1152'], '1075': ['1075'], '1076': ['1076'], '1118': ['1118'], '1073': ['1073'], '1078': ['1078'], '1074': ['1074'], '1116': ['1116'], '1135': ['1135'], '1137': ['1137'], '1140': ['1140'], '1139': ['1139'], '1119': ['1119'], '1120': ['1120'], '1130': ['1130'], '1134': ['1134'], '1133': ['1133']})"
98,"defaultdict(<class 'list'>, {'1040': ['1040', '1080', '1079', '1077', '1076', '1078', '1081', '1082', '1083'], '1095': ['1095'], '1084': ['1084'], '1096': ['1096', '1138', '1135', '1137', '1139'], '1136': ['1136'], '1041': ['1041'], '1126': ['1126'], '1125': ['1125'], '1127': ['1127'], '1128': ['1128'], '1129': ['1129'], '1131': ['1131'], '1032': ['1032'], '1052': ['1052'], '1063': ['1063'], '1160': ['1160'], '1051': ['1051'], '1055': ['1055'], '1057': ['1057'], '1060': ['1060'], '1071': ['1071'], '1147': ['1147'], '1148': ['1148'], '1158': ['1158'], '1161': ['1161'], '1053': ['1053'], '1066': ['1066'], '1056': ['1056'], '1061': ['1061'], '1072': ['1072'], '1157': ['1157'], '1159': ['1159'], '1162': ['1162'], '1033': ['1033', '1101', '1109', '1153', '1100', '1154', '1155', '1152'], '1102': ['1102'], '1103': ['1103'], '1105': ['1105'], '1106': ['1106'], '1113': ['1113'], '1108': ['1108'], '1110': ['1110'], '1104': ['1104'], '1107': ['1107'], '1114': ['1114'], '1156': ['1156'], '1038': ['1038'], '1048': ['1048'], '1049': ['1049'], '1050': ['1050'], '1054': ['1054'], '1068': ['1068'], '1039': ['1039'], '1097': ['1097'], '1098': ['1098'], '1099': ['1099'], '1112': ['1112'], '1034': ['1034'], '1067': ['1067'], '1035': ['1035'], '1111': ['1111'], '1030': ['1030', '1046', '1069', '1047', '1070'], '1058': ['1058'], '1059': ['1059'], '1064': ['1064'], '1065': ['1065'], '1031': ['1031'], '1042': ['1042'], '1085': ['1085'], '1086': ['1086', '1089', '1044', '1087', '1090'], '1043': ['1043'], '1121': ['1121'], '1122': ['1122'], '1123': ['1123'], '1124': ['1124'], '1036': ['1036'], '1092': ['1092'], '1150': ['1150'], '1093': ['1093', '1094', '1151', '1149', '1037'], '1145': ['1145'], '1144': ['1144'], '1088': ['1088', '1142', '1141', '1143', '1140'], '1091': ['1091'], '1045': ['1045'], '1115': ['1115'], '1062': ['1062'], '1117': ['1117'], '1146': ['1146'], '1075': ['1075'], '1118': ['1118'], '1073': ['1073'], '1074': ['1074'], '1116': ['1116'], '1119': ['1119'], '1120': ['1120'], '1132': ['1132'], '1130': ['1130'], '1134': ['1134'], '1133': ['1133']})"
98,"defaultdict(<class 'list'>, {'1040': ['1040'], '1080': ['1080'], '1079': ['1079'], '1081': ['1081'], '1095': ['1095'], '1082': ['1082'], '1084': ['1084'], '1096': ['1096'], '1136': ['1136'], '1138': ['1138'], '1041': ['1041', '1126', '1125', '1127', '1124', '1129', '1122', '1123', '1045', '1043', '1121', '1134'], '1128': ['1128'], '1131': ['1131'], '1032': ['1032'], '1052': ['1052', '1051', '1053', '1049', '1050'], '1063': ['1063'], '1160': ['1160', '1147', '1161', '1145', '1146'], '1055': ['1055'], '1057': ['1057'], '1060': ['1060'], '1071': ['1071'], '1148': ['1148', '1158', '1157', '1159', '1156'], '1066': ['1066'], '1056': ['1056'], '1061': ['1061'], '1072': ['1072'], '1162': ['1162'], '1033': ['1033', '1153', '1154', '1155', '1152'], '1101': ['1101'], '1109': ['1109'], '1102': ['1102'], '1103': ['1103'], '1105': ['1105'], '1106': ['1106'], '1113': ['1113'], '1108': ['1108'], '1110': ['1110'], '1104': ['1104'], '1107': ['1107'], '1114': ['1114'], '1038': ['1038'], '1048': ['1048'], '1054': ['1054'], '1068': ['1068'], '1039': ['1039', '1097', '1098', '1099', '1035'], '1112': ['1112'], '1100': ['1100'], '1034': ['1034'], '1067': ['1067'], '1111': ['1111'], '1030': ['1030'], '1046': ['1046'], '1069': ['1069'], '1058': ['1058'], '1059': ['1059'], '1064': ['1064'], '1065': ['1065'], '1047': ['1047'], '1070': ['1070'], '1031': ['1031'], '1042': ['1042'], '1083': ['1083'], '1085': ['1085'], '1086': ['1086'], '1089': ['1089'], '1036': ['1036'], '1092': ['1092'], '1150': ['1150'], '1093': ['1093'], '1094': ['1094'], '1151': ['1151'], '1144': ['1144'], '1149': ['1149'], '1037': ['1037'], '1044': ['1044'], '1087': ['1087'], '1088': ['1088'], '1090': ['1090'], '1142': ['1142'], '1141': ['1141'], '1091': ['1091'], '1143': ['1143'], '1115': ['1115'], '1062': ['1062'], '1077': ['1077'], '1117': ['1117', '1118', '1116', '1119', '1120'], '1075': ['1075'], '1076': ['1076'], '1073': ['1073'], '1078': ['1078'], '1074': ['1074'], '1135': ['1135'], '1137': ['1137'], '1140': ['1140'], '1139': ['1139'], '1132': ['1132'], '1130': ['1130'], '1133': ['1133']})"
98,"defaultdict(<class 'list'>, {'1040': ['1040'], '1080': ['1080'], '1079': ['1079'], '1081': ['1081'], '1095': ['1095'], '1082': ['1082', '1084', '1042', '1083', '1085'], '1096': ['1096'], '1136': ['1136'], '1138': ['1138'], '1041': ['1041', '1126', '1125', '1127', '1124'], '1128': ['1128'], '1129': ['1129'], '1131': ['1131'], '1032': ['1032'], '1052': ['1052'], '1063': ['1063'], '1160': ['1160'], '1051': ['1051'], '1055': ['1055'], '1057': ['1057'], '1060': ['1060'], '1071': ['1071'], '1147': ['1147'], '1148': ['1148', '1158', '1157', '1159', '1156'], '1161': ['1161'], '1053': ['1053'], '1066': ['1066'], '1056': ['1056'], '1061': ['1061'], '1072': ['1072'], '1162': ['1162'], '1033': ['1033'], '1101': ['1101', '1102', '1098', '1099', '1100'], '1109': ['1109'], '1153': ['1153'], '1103': ['1103'], '1105': ['1105', '1106', '1107', '1058', '1059'], '1113': ['1113'], '1154': ['1154'], '1155': ['1155'], '1108': ['1108'], '1110': ['1110'], '1104': ['1104', '1112', '1111', '1117'], '1114': ['1114', '1115', '1118', '1116', '1119'], '1038': ['1038'], '1048': ['1048'], '1049': ['1049'], '1050': ['1050'], '1054': ['1054'], '1068': ['1068'], '1039': ['1039'], '1097': ['1097'], '1034': ['1034'], '1067': ['1067'], '1035': ['1035'], '1030': ['1030', '1046', '1069', '1047', '1070'], '1064': ['1064'], '1065': ['1065'], '1031': ['1031'], '1086': ['1086', '1089', '1044', '1087', '1090'], '1043': ['1043'], '1121': ['1121'], '1122': ['1122'], '1123': ['1123'], '1036': ['1036'], '1092': ['1092'], '1150': ['1150'], '1093': ['1093'], '1094': ['1094'], '1145': ['1145'], '1151': ['1151'], '1144': ['1144'], '1149': ['1149'], '1037': ['1037'], '1088': ['1088'], '1142': ['1142'], '1141': ['1141'], '1091': ['1091'], '1143': ['1143'], '1045': ['1045'], '1062': ['1062'], '1077': ['1077'], '1146': ['1146'], '1152': ['1152'], '1075': ['1075'], '1076': ['1076'], '1073': ['1073'], '1078': ['1078'], '1074': ['1074'], '1135': ['1135'], '1137': ['1137'], '1140': ['1140'], '1139': ['1139'], '1120': ['1120'], '1132': ['1132'], '1130': ['1130'], '1134': ['1134'], '1133': ['1133']})"
99,"defaultdict(<class 'list'>, {'1040': ['1040'], '1080': ['1080'], '1079': ['1079', '1077', '1075', '1076', '1074'], '1081': ['1081'], '1095': ['1095'], '1082': ['1082'], '1084': ['1084'], '1096': ['1096'], '1136': ['1136'], '1138': ['1138'], '1041': ['1041'], '1126': ['1126'], '1125': ['1125'], '1127': ['1127'], '1128': ['1128', '1131', '1132', '1130', '1133'], '1129': ['1129'], '1032': ['1032'], '1052': ['1052'], '1063': ['1063'], '1160': ['1160'], '1051': ['1051'], '1055': ['1055'], '1057': ['1057', '1060', '1061', '1105', '1106', '1107', '1058', '1059', '1062'], '1071': ['1071'], '1147': ['1147'], '1148': ['1148', '1158', '1157', '1159'], '1161': ['1161'], '1053': ['1053'], '1066': ['1066'], '1056': ['1056'], '1072': ['1072'], '1162': ['1162'], '1033': ['1033', '1153', '1155', '1156'], '1101': ['1101'], '1109': ['1109'], '1102': ['1102'], '1103': ['1103'], '1113': ['1113'], '1154': ['1154', '1036', '1150', '1151', '1152'], '1108': ['1108'], '1110': ['1110'], '1104': ['1104'], '1114': ['1114'], '1038': ['1038'], '1048': ['1048'], '1049': ['1049'], '1050': ['1050'], '1054': ['1054'], '1068': ['1068'], '1039': ['1039', '1097', '1098', '1099', '1035'], '1112': ['1112'], '1100': ['1100'], '1034': ['1034'], '1067': ['1067'], '1111': ['1111'], '1030': ['1030'], '1046': ['1046'], '1069': ['1069'], '1064': ['1064'], '1065': ['1065'], '1047': ['1047'], '1070': ['1070'], '1031': ['1031'], '1042': ['1042'], '1083': ['1083'], '1085': ['1085'], '1086': ['1086', '1089', '1044', '1087', '1090'], '1043': ['1043'], '1121': ['1121'], '1122': ['1122'], '1123': ['1123'], '1124': ['1124'], '1092': ['1092'], '1093': ['1093'], '1094': ['1094'], '1145': ['1145'], '1144': ['1144'], '1149': ['1149'], '1037': ['1037'], '1088': ['1088'], '1142': ['1142'], '1141': ['1141'], '1091': ['1091'], '1143': ['1143'], '1045': ['1045'], '1115': ['1115'], '1117': ['1117'], '1146': ['1146'], '1118': ['1118'], '1073': ['1073'], '1078': ['1078'], '1116': ['1116'], '1135': ['1135'], '1137': ['1137'], '1140': ['1140'], '1139': ['1139'], '1119': ['1119'], '1120': ['1120'], '1134': ['1134']})"
99,"defaultdict(<class 'list'>, {'1040': ['1040', '1080', '1079', '1081', '1078'], '1095': ['1095'], '1082': ['1082'], '1084': ['1084'], '1096': ['1096'], '1136': ['1136'], '1138': ['1138'], '1041': ['1041'], '1126': ['1126'], '1125': ['1125'], '1127': ['1127'], '1128': ['1128', '1131', '1132', '1130', '1133'], '1129': ['1129'], '1032': ['1032', '1160', '1147', '1161', '1145', '1146', '1162'], '1052': ['1052', '1051', '1053', '1049', '1050'], '1063': ['1063'], '1055': ['1055'], '1057': ['1057'], '1060': ['1060'], '1071': ['1071'], '1148': ['1148'], '1158': ['1158'], '1066': ['1066'], '1056': ['1056'], '1061': ['1061'], '1072': ['1072'], '1157': ['1157'], '1159': ['1159'], '1033': ['1033'], '1101': ['1101'], '1109': ['1109'], '1153': ['1153'], '1102': ['1102'], '1103': ['1103'], '1105': ['1105'], '1106': ['1106'], '1113': ['1113'], '1154': ['1154', '1036', '1150', '1151', '1152'], '1155': ['1155'], '1108': ['1108'], '1110': ['1110'], '1104': ['1104'], '1107': ['1107'], '1114': ['1114'], '1156': ['1156'], '1038': ['1038'], '1048': ['1048'], '1054': ['1054'], '1068': ['1068'], '1039': ['1039', '1097', '1098', '1099', '1035'], '1112': ['1112'], '1100': ['1100'], '1034': ['1034'], '1067': ['1067'], '1111': ['1111'], '1030': ['1030', '1046', '1069', '1047', '1070'], '1058': ['1058'], '1059': ['1059'], '1064': ['1064'], '1065': ['1065'], '1031': ['1031'], '1042': ['1042'], '1083': ['1083'], '1085': ['1085'], '1086': ['1086'], '1089': ['1089'], '1043': ['1043', '1121', '1122', '1123', '1045'], '1124': ['1124'], '1092': ['1092'], '1093': ['1093'], '1094': ['1094'], '1144': ['1144'], '1149': ['1149'], '1037': ['1037'], '1044': ['1044'], '1087': ['1087'], '1088': ['1088'], '1090': ['1090'], '1142': ['1142'], '1141': ['1141'], '1091': ['1091'], '1143': ['1143'], '1115': ['1115'], '1062': ['1062'], '1077': ['1077'], '1117': ['1117'], '1075': ['1075'], '1076': ['1076'], '1118': ['1118'], '1073': ['1073'], '1074': ['1074'], '1116': ['1116'], '1135': ['1135'], '1137': ['1137'], '1140': ['1140'], '1139': ['1139'], '1119': ['1119'], '1120': ['1120'], '1134': ['1134']})"
99,"defaultdict(<class 'list'>, {'1040': ['1040', '1080', '1081', '1082', '1078'], '1079': ['1079'], '1095': ['1095'], '1084': ['1084'], '1096': ['1096', '1138', '1135', '1137', '1139'], '1136': ['1136'], '1041': ['1041'], '1126': ['1126'], '1125': ['1125'], '1127': ['1127'], '1128': ['1128', '1131', '1132', '1130', '1133', '1129', '1120', '1134'], '1032': ['1032'], '1052': ['1052'], '1063': ['1063'], '1160': ['1160'], '1051': ['1051'], '1055': ['1055'], '1057': ['1057', '1060', '1061', '1058', '1059'], '1071': ['1071'], '1147': ['1147'], '1148': ['1148'], '1158': ['1158'], '1161': ['1161'], '1053': ['1053'], '1066': ['1066'], '1056': ['1056'], '1072': ['1072'], '1157': ['1157'], '1159': ['1159'], '1162': ['1162'], '1033': ['1033'], '1101': ['1101'], '1109': ['1109'], '1153': ['1153'], '1102': ['1102'], '1103': ['1103'], '1105': ['1105', '1106', '1113', '1107', '1114'], '1154': ['1154'], '1155': ['1155'], '1108': ['1108'], '1110': ['1110'], '1104': ['1104'], '1156': ['1156'], '1038': ['1038'], '1048': ['1048'], '1049': ['1049'], '1050': ['1050'], '1054': ['1054'], '1068': ['1068'], '1039': ['1039', '1097', '1098', '1099', '1035'], '1112': ['1112'], '1100': ['1100'], '1034': ['1034'], '1067': ['1067'], '1111': ['1111'], '1030': ['1030'], '1046': ['1046'], '1069': ['1069'], '1064': ['1064'], '1065': ['1065'], '1047': ['1047'], '1070': ['1070'], '1031': ['1031'], '1042': ['1042'], '1083': ['1083'], '1085': ['1085'], '1086': ['1086'], '1089': ['1089'], '1043': ['1043'], '1121': ['1121'], '1122': ['1122'], '1123': ['1123'], '1124': ['1124'], '1036': ['1036', '1092', '1150', '1151', '1149'], '1093': ['1093'], '1094': ['1094'], '1145': ['1145'], '1144': ['1144'], '1037': ['1037'], '1044': ['1044'], '1087': ['1087'], '1088': ['1088', '1142', '1141', '1143'], '1090': ['1090'], '1091': ['1091'], '1045': ['1045'], '1115': ['1115'], '1062': ['1062'], '1077': ['1077'], '1117': ['1117'], '1146': ['1146'], '1152': ['1152'], '1075': ['1075'], '1076': ['1076'], '1118': ['1118'], '1073': ['1073'], '1074': ['1074'], '1116': ['1116'], '1140': ['1140'], '1119': ['1119']})"
99,"defaultdict(<class 'list'>, {'1040': ['1040'], '1080': ['1080'], '1079': ['1079'], '1081': ['1081'], '1095': ['1095'], '1082': ['1082'], '1084': ['1084'], '1096': ['1096', '1138', '1135', '1137', '1139', '1136', '1140'], '1041': ['1041', '1126', '1125', '1127', '1124'], '1128': ['1128'], '1129': ['1129'], '1131': ['1131'], '1032': ['1032'], '1052': ['1052'], '1063': ['1063'], '1160': ['1160'], '1051': ['1051'], '1055': ['1055'], '1057': ['1057', '1060', '1061', '1058', '1059', '1071', '1072', '1062', '1073'], '1147': ['1147'], '1148': ['1148'], '1158': ['1158'], '1161': ['1161'], '1053': ['1053'], '1066': ['1066'], '1056': ['1056', '1077', '1075', '1076', '1074'], '1157': ['1157'], '1159': ['1159'], '1162': ['1162'], '1033': ['1033'], '1101': ['1101'], '1109': ['1109'], '1153': ['1153'], '1102': ['1102'], '1103': ['1103'], '1105': ['1105'], '1106': ['1106'], '1113': ['1113'], '1154': ['1154'], '1155': ['1155'], '1108': ['1108'], '1110': ['1110'], '1104': ['1104'], '1107': ['1107'], '1114': ['1114'], '1156': ['1156'], '1038': ['1038'], '1048': ['1048'], '1049': ['1049'], '1050': ['1050'], '1054': ['1054'], '1068': ['1068'], '1039': ['1039'], '1097': ['1097'], '1098': ['1098'], '1099': ['1099'], '1112': ['1112'], '1100': ['1100'], '1034': ['1034'], '1067': ['1067'], '1035': ['1035'], '1111': ['1111'], '1030': ['1030'], '1046': ['1046'], '1069': ['1069'], '1064': ['1064'], '1065': ['1065'], '1047': ['1047'], '1070': ['1070'], '1031': ['1031'], '1042': ['1042'], '1083': ['1083'], '1085': ['1085'], '1086': ['1086', '1087', '1088', '1141', '1143'], '1089': ['1089', '1149', '1044', '1090', '1091'], '1043': ['1043'], '1121': ['1121'], '1122': ['1122'], '1123': ['1123'], '1036': ['1036'], '1092': ['1092'], '1150': ['1150'], '1093': ['1093'], '1094': ['1094'], '1145': ['1145'], '1151': ['1151'], '1144': ['1144'], '1037': ['1037'], '1142': ['1142'], '1045': ['1045'], '1115': ['1115', '1118', '1116', '1119', '1120'], '1117': ['1117'], '1146': ['1146'], '1152': ['1152'], '1078': ['1078'], '1132': ['1132'], '1130': ['1130'], '1134': ['1134'], '1133': ['1133']})"
100,"defaultdict(<class 'list'>, {'1040': ['1040'], '1080': ['1080'], '1079': ['1079'], '1081': ['1081'], '1095': ['1095'], '1082': ['1082'], '1084': ['1084'], '1096': ['1096', '1138', '1135', '1137', '1139'], '1136': ['1136'], '1041': ['1041'], '1126': ['1126'], '1125': ['1125'], '1127': ['1127'], '1128': ['1128', '1129', '1132', '1130', '1134'], '1131': ['1131'], '1032': ['1032', '1052', '1063', '1053', '1049'], '1160': ['1160', '1147', '1161', '1145', '1146', '1162'], '1051': ['1051'], '1055': ['1055'], '1057': ['1057', '1060', '1061', '1058', '1059'], '1071': ['1071'], '1148': ['1148'], '1158': ['1158'], '1066': ['1066'], '1056': ['1056'], '1072': ['1072'], '1157': ['1157'], '1159': ['1159'], '1033': ['1033'], '1101': ['1101'], '1109': ['1109'], '1153': ['1153'], '1102': ['1102'], '1103': ['1103'], '1105': ['1105', '1106', '1113', '1107', '1114'], '1154': ['1154'], '1155': ['1155'], '1108': ['1108'], '1110': ['1110'], '1104': ['1104'], '1156': ['1156'], '1038': ['1038'], '1048': ['1048'], '1050': ['1050'], '1054': ['1054'], '1068': ['1068'], '1039': ['1039'], '1097': ['1097'], '1098': ['1098'], '1099': ['1099'], '1112': ['1112'], '1100': ['1100'], '1034': ['1034'], '1067': ['1067'], '1035': ['1035'], '1111': ['1111'], '1030': ['1030'], '1046': ['1046'], '1069': ['1069', '1064', '1065', '1070', '1031'], '1047': ['1047'], '1042': ['1042'], '1083': ['1083'], '1085': ['1085'], '1086': ['1086'], '1089': ['1089'], '1043': ['1043'], '1121': ['1121'], '1122': ['1122'], '1123': ['1123'], '1124': ['1124'], '1036': ['1036'], '1092': ['1092'], '1150': ['1150'], '1093': ['1093', '1094', '1144', '1149', '1037'], '1151': ['1151'], '1044': ['1044'], '1087': ['1087'], '1088': ['1088'], '1090': ['1090'], '1142': ['1142'], '1141': ['1141'], '1091': ['1091'], '1143': ['1143'], '1045': ['1045'], '1115': ['1115'], '1062': ['1062'], '1077': ['1077'], '1117': ['1117'], '1152': ['1152'], '1075': ['1075'], '1076': ['1076'], '1118': ['1118'], '1073': ['1073'], '1078': ['1078'], '1074': ['1074'], '1116': ['1116'], '1140': ['1140'], '1119': ['1119'], '1120': ['1120'], '1133': ['1133']})"
100,"defaultdict(<class 'list'>, {'1040': ['1040'], '1080': ['1080', '1079', '1077', '1076', '1078'], '1081': ['1081'], '1095': ['1095'], '1082': ['1082'], '1084': ['1084'], '1096': ['1096', '1138', '1135', '1137', '1139'], '1136': ['1136'], '1041': ['1041'], '1126': ['1126'], '1125': ['1125'], '1127': ['1127'], '1128': ['1128', '1131', '1132', '1130', '1133'], '1129': ['1129'], '1032': ['1032'], '1052': ['1052'], '1063': ['1063'], '1160': ['1160'], '1051': ['1051'], '1055': ['1055'], '1057': ['1057'], '1060': ['1060'], '1071': ['1071'], '1147': ['1147'], '1148': ['1148'], '1158': ['1158'], '1161': ['1161'], '1053': ['1053'], '1066': ['1066'], '1056': ['1056'], '1061': ['1061'], '1072': ['1072'], '1157': ['1157'], '1159': ['1159'], '1162': ['1162'], '1033': ['1033', '1101', '1109', '1153', '1100'], '1102': ['1102', '1103', '1104', '1117', '1118'], '1105': ['1105'], '1106': ['1106'], '1113': ['1113'], '1154': ['1154', '1151', '1152'], '1155': ['1155'], '1108': ['1108'], '1110': ['1110'], '1107': ['1107'], '1114': ['1114'], '1156': ['1156'], '1038': ['1038'], '1048': ['1048'], '1049': ['1049'], '1050': ['1050'], '1054': ['1054'], '1068': ['1068'], '1039': ['1039', '1097', '1112', '1035', '1111'], '1098': ['1098'], '1099': ['1099'], '1034': ['1034'], '1067': ['1067'], '1030': ['1030'], '1046': ['1046'], '1069': ['1069'], '1058': ['1058'], '1059': ['1059'], '1064': ['1064'], '1065': ['1065'], '1047': ['1047'], '1070': ['1070'], '1031': ['1031'], '1042': ['1042'], '1083': ['1083'], '1085': ['1085'], '1086': ['1086', '1089', '1044', '1087', '1090'], '1043': ['1043'], '1121': ['1121'], '1122': ['1122'], '1123': ['1123'], '1124': ['1124'], '1036': ['1036'], '1092': ['1092'], '1150': ['1150'], '1093': ['1093'], '1094': ['1094'], '1145': ['1145'], '1144': ['1144'], '1149': ['1149'], '1037': ['1037'], '1088': ['1088', '1142', '1141', '1143'], '1091': ['1091'], '1045': ['1045'], '1115': ['1115'], '1062': ['1062'], '1146': ['1146'], '1075': ['1075'], '1073': ['1073'], '1074': ['1074'], '1116': ['1116'], '1140': ['1140'], '1119': ['1119'], '1120': ['1120'], '1134': ['1134']})"
101,"defaultdict(<class 'list'>, {'1040': ['1040', '1080', '1079', '1081', '1078'], '1095': ['1095', '1082', '1084', '1083', '1085'], '1096': ['1096'], '1136': ['1136'], '1138': ['1138'], '1041': ['1041'], '1126': ['1126'], '1125': ['1125'], '1127': ['1127'], '1128': ['1128'], '1129': ['1129'], '1131': ['1131'], '1032': ['1032'], '1052': ['1052', '1053', '1049', '1050', '1054'], '1063': ['1063'], '1160': ['1160'], '1051': ['1051'], '1055': ['1055'], '1057': ['1057'], '1060': ['1060'], '1071': ['1071'], '1147': ['1147'], '1148': ['1148'], '1158': ['1158'], '1161': ['1161'], '1066': ['1066'], '1056': ['1056'], '1061': ['1061'], '1072': ['1072'], '1157': ['1157'], '1159': ['1159'], '1162': ['1162'], '1033': ['1033', '1101', '1109', '1153', '1100'], '1102': ['1102'], '1103': ['1103'], '1105': ['1105'], '1106': ['1106'], '1113': ['1113'], '1154': ['1154'], '1155': ['1155'], '1108': ['1108'], '1110': ['1110'], '1104': ['1104'], '1107': ['1107'], '1114': ['1114'], '1156': ['1156'], '1038': ['1038', '1048', '1068', '1034', '1067'], '1039': ['1039'], '1097': ['1097'], '1098': ['1098'], '1099': ['1099'], '1112': ['1112'], '1035': ['1035'], '1111': ['1111'], '1030': ['1030', '1046', '1069', '1047', '1070'], '1058': ['1058'], '1059': ['1059'], '1064': ['1064'], '1065': ['1065'], '1031': ['1031'], '1042': ['1042'], '1086': ['1086'], '1089': ['1089'], '1043': ['1043', '1121', '1122', '1123', '1045'], '1124': ['1124'], '1036': ['1036'], '1092': ['1092'], '1150': ['1150'], '1093': ['1093', '1094', '1144', '1149', '1037'], '1145': ['1145'], '1151': ['1151'], '1044': ['1044'], '1087': ['1087'], '1088': ['1088'], '1090': ['1090'], '1142': ['1142'], '1141': ['1141'], '1091': ['1091'], '1143': ['1143'], '1115': ['1115'], '1062': ['1062'], '1077': ['1077'], '1117': ['1117'], '1146': ['1146'], '1152': ['1152'], '1075': ['1075'], '1076': ['1076'], '1118': ['1118'], '1073': ['1073'], '1074': ['1074'], '1116': ['1116'], '1135': ['1135'], '1137': ['1137'], '1140': ['1140'], '1139': ['1139'], '1119': ['1119'], '1120': ['1120'], '1132': ['1132'], '1130': ['1130'], '1134': ['1134'], '1133': ['1133']})"
101,"defaultdict(<class 'list'>, {'1040': ['1040', '1080', '1079', '1081', '1078'], '1095': ['1095'], '1082': ['1082'], '1084': ['1084'], '1096': ['1096'], '1136': ['1136'], '1138': ['1138'], '1041': ['1041'], '1126': ['1126'], '1125': ['1125'], '1127': ['1127'], '1128': ['1128'], '1129': ['1129'], '1131': ['1131'], '1032': ['1032', '1052', '1063', '1053', '1049'], '1160': ['1160'], '1051': ['1051'], '1055': ['1055'], '1057': ['1057', '1060', '1071', '1061', '1072'], '1147': ['1147'], '1148': ['1148', '1158', '1157', '1159', '1156', '1153', '1154', '1155', '1152'], '1161': ['1161'], '1066': ['1066'], '1056': ['1056'], '1162': ['1162'], '1033': ['1033'], '1101': ['1101'], '1109': ['1109'], '1102': ['1102'], '1103': ['1103'], '1105': ['1105'], '1106': ['1106'], '1113': ['1113'], '1108': ['1108'], '1110': ['1110'], '1104': ['1104'], '1107': ['1107'], '1114': ['1114'], '1038': ['1038'], '1048': ['1048'], '1050': ['1050'], '1054': ['1054'], '1068': ['1068'], '1039': ['1039', '1097', '1098', '1099', '1035'], '1112': ['1112'], '1100': ['1100'], '1034': ['1034'], '1067': ['1067'], '1111': ['1111'], '1030': ['1030'], '1046': ['1046'], '1069': ['1069'], '1058': ['1058'], '1059': ['1059'], '1064': ['1064'], '1065': ['1065'], '1047': ['1047'], '1070': ['1070'], '1031': ['1031'], '1042': ['1042'], '1083': ['1083'], '1085': ['1085'], '1086': ['1086'], '1089': ['1089'], '1043': ['1043'], '1121': ['1121'], '1122': ['1122'], '1123': ['1123'], '1124': ['1124'], '1036': ['1036'], '1092': ['1092'], '1150': ['1150'], '1093': ['1093'], '1094': ['1094'], '1145': ['1145'], '1151': ['1151'], '1144': ['1144'], '1149': ['1149'], '1037': ['1037'], '1044': ['1044'], '1087': ['1087'], '1088': ['1088', '1142', '1141', '1143', '1140'], '1090': ['1090'], '1091': ['1091'], '1045': ['1045'], '1115': ['1115'], '1062': ['1062'], '1077': ['1077', '1075', '1076', '1073', '1074'], '1117': ['1117'], '1146': ['1146'], '1118': ['1118'], '1116': ['1116'], '1135': ['1135'], '1137': ['1137'], '1139': ['1139'], '1119': ['1119'], '1120': ['1120'], '1132': ['1132'], '1130': ['1130'], '1134': ['1134'], '1133': ['1133']})"
101,"defaultdict(<class 'list'>, {'1040': ['1040'], '1080': ['1080'], '1079': ['1079'], '1081': ['1081'], '1095': ['1095'], '1082': ['1082'], '1084': ['1084', '1042', '1085', '1086', '1087'], '1096': ['1096'], '1136': ['1136'], '1138': ['1138'], '1041': ['1041', '1126', '1125', '1127', '1124'], '1128': ['1128', '1131', '1132', '1130', '1133'], '1129': ['1129'], '1032': ['1032', '1160', '1161', '1162', '1146'], '1052': ['1052'], '1063': ['1063'], '1051': ['1051'], '1055': ['1055'], '1057': ['1057'], '1060': ['1060'], '1071': ['1071'], '1147': ['1147'], '1148': ['1148'], '1158': ['1158'], '1053': ['1053'], '1066': ['1066'], '1056': ['1056'], '1061': ['1061'], '1072': ['1072'], '1157': ['1157'], '1159': ['1159'], '1033': ['1033'], '1101': ['1101', '1102', '1098', '1099', '1100'], '1109': ['1109'], '1153': ['1153'], '1103': ['1103'], '1105': ['1105'], '1106': ['1106'], '1113': ['1113'], '1154': ['1154'], '1155': ['1155'], '1108': ['1108'], '1110': ['1110', '1111', '1064', '1065', '1031'], '1104': ['1104'], '1107': ['1107'], '1114': ['1114'], '1156': ['1156'], '1038': ['1038', '1048', '1068', '1034', '1067'], '1049': ['1049'], '1050': ['1050'], '1054': ['1054'], '1039': ['1039'], '1097': ['1097'], '1112': ['1112'], '1035': ['1035'], '1030': ['1030'], '1046': ['1046'], '1069': ['1069'], '1058': ['1058'], '1059': ['1059'], '1047': ['1047'], '1070': ['1070'], '1083': ['1083'], '1089': ['1089'], '1043': ['1043'], '1121': ['1121'], '1122': ['1122'], '1123': ['1123'], '1036': ['1036'], '1092': ['1092'], '1150': ['1150'], '1093': ['1093', '1094', '1151', '1149', '1037'], '1145': ['1145'], '1144': ['1144'], '1044': ['1044'], '1088': ['1088'], '1090': ['1090'], '1142': ['1142'], '1141': ['1141'], '1091': ['1091'], '1143': ['1143'], '1045': ['1045'], '1115': ['1115'], '1062': ['1062'], '1077': ['1077'], '1117': ['1117'], '1152': ['1152'], '1075': ['1075'], '1076': ['1076'], '1118': ['1118'], '1073': ['1073'], '1078': ['1078'], '1074': ['1074'], '1116': ['1116'], '1135': ['1135'], '1137': ['1137'], '1140': ['1140'], '1139': ['1139'], '1119': ['1119'], '1120': ['1120'], '1134': ['1134']})"
101,"defaultdict(<class 'list'>, {'1040': ['1040'], '1080': ['1080'], '1079': ['1079'], '1081': ['1081'], '1095': ['1095'], '1082': ['1082'], '1084': ['1084', '1042', '1085', '1086', '1087'], '1096': ['1096'], '1136': ['1136'], '1138': ['1138'], '1041': ['1041'], '1126': ['1126'], '1125': ['1125'], '1127': ['1127'], '1128': ['1128'], '1129': ['1129'], '1131': ['1131'], '1032': ['1032', '1063', '1160', '1161', '1162'], '1052': ['1052'], '1051': ['1051', '1055', '1056', '1049', '1050'], '1057': ['1057'], '1060': ['1060'], '1071': ['1071'], '1147': ['1147'], '1148': ['1148'], '1158': ['1158'], '1053': ['1053'], '1066': ['1066'], '1061': ['1061'], '1072': ['1072'], '1157': ['1157'], '1159': ['1159'], '1033': ['1033'], '1101': ['1101', '1102', '1098', '1099', '1100', '1103', '1039', '1097', '1035'], '1109': ['1109'], '1153': ['1153'], '1105': ['1105'], '1106': ['1106'], '1113': ['1113'], '1154': ['1154'], '1155': ['1155'], '1108': ['1108'], '1110': ['1110'], '1104': ['1104'], '1107': ['1107'], '1114': ['1114'], '1156': ['1156'], '1038': ['1038'], '1048': ['1048'], '1054': ['1054'], '1068': ['1068'], '1112': ['1112'], '1034': ['1034'], '1067': ['1067'], '1111': ['1111'], '1030': ['1030'], '1046': ['1046'], '1069': ['1069', '1064', '1065', '1070', '1031'], '1058': ['1058'], '1059': ['1059'], '1047': ['1047'], '1083': ['1083'], '1089': ['1089'], '1043': ['1043'], '1121': ['1121'], '1122': ['1122'], '1123': ['1123'], '1124': ['1124'], '1036': ['1036'], '1092': ['1092'], '1150': ['1150'], '1093': ['1093', '1094', '1144', '1149', '1037'], '1145': ['1145'], '1151': ['1151'], '1044': ['1044'], '1088': ['1088'], '1090': ['1090'], '1142': ['1142'], '1141': ['1141'], '1091': ['1091'], '1143': ['1143'], '1045': ['1045'], '1115': ['1115'], '1062': ['1062'], '1077': ['1077'], '1117': ['1117', '1118', '1116', '1119', '1120'], '1146': ['1146'], '1152': ['1152'], '1075': ['1075'], '1076': ['1076'], '1073': ['1073'], '1078': ['1078'], '1074': ['1074'], '1135': ['1135'], '1137': ['1137'], '1140': ['1140'], '1139': ['1139'], '1132': ['1132'], '1130': ['1130'], '1134': ['1134'], '1133': ['1133']})"
101,"defaultdict(<class 'list'>, {'1040': ['1040'], '1080': ['1080'], '1079': ['1079'], '1081': ['1081'], '1095': ['1095'], '1082': ['1082', '1084', '1042', '1083', '1085'], '1096': ['1096', '1138', '1135', '1137', '1139'], '1136': ['1136'], '1041': ['1041'], '1126': ['1126'], '1125': ['1125'], '1127': ['1127'], '1128': ['1128'], '1129': ['1129'], '1131': ['1131'], '1032': ['1032'], '1052': ['1052'], '1063': ['1063'], '1160': ['1160'], '1051': ['1051'], '1055': ['1055'], '1057': ['1057'], '1060': ['1060'], '1071': ['1071'], '1147': ['1147'], '1148': ['1148'], '1158': ['1158'], '1161': ['1161'], '1053': ['1053'], '1066': ['1066'], '1056': ['1056', '1077', '1075', '1076', '1074'], '1061': ['1061'], '1072': ['1072'], '1157': ['1157'], '1159': ['1159'], '1162': ['1162'], '1033': ['1033'], '1101': ['1101'], '1109': ['1109'], '1153': ['1153'], '1102': ['1102'], '1103': ['1103'], '1105': ['1105', '1106', '1107', '1058', '1059'], '1113': ['1113'], '1154': ['1154'], '1155': ['1155'], '1108': ['1108'], '1110': ['1110'], '1104': ['1104'], '1114': ['1114'], '1156': ['1156'], '1038': ['1038'], '1048': ['1048'], '1049': ['1049'], '1050': ['1050'], '1054': ['1054'], '1068': ['1068'], '1039': ['1039', '1097', '1098', '1099', '1035'], '1112': ['1112'], '1100': ['1100'], '1034': ['1034'], '1067': ['1067'], '1111': ['1111'], '1030': ['1030', '1046', '1069', '1047', '1070'], '1064': ['1064'], '1065': ['1065'], '1031': ['1031'], '1086': ['1086'], '1089': ['1089'], '1043': ['1043', '1121', '1122', '1123', '1045'], '1124': ['1124'], '1036': ['1036'], '1092': ['1092'], '1150': ['1150'], '1093': ['1093'], '1094': ['1094'], '1145': ['1145'], '1151': ['1151'], '1144': ['1144'], '1149': ['1149'], '1037': ['1037'], '1044': ['1044'], '1087': ['1087'], '1088': ['1088'], '1090': ['1090'], '1142': ['1142'], '1141': ['1141'], '1091': ['1091'], '1143': ['1143'], '1115': ['1115'], '1062': ['1062'], '1117': ['1117', '1118', '1116', '1119', '1120'], '1146': ['1146'], '1152': ['1152'], '1073': ['1073'], '1078': ['1078'], '1140': ['1140'], '1132': ['1132'], '1130': ['1130'], '1134': ['1134'], '1133': ['1133']})"
101,"defaultdict(<class 'list'>, {'1040': ['1040'], '1080': ['1080', '1079', '1077', '1076', '1078'], '1081': ['1081', '1082', '1084', '1042', '1083'], '1095': ['1095'], '1096': ['1096'], '1136': ['1136'], '1138': ['1138'], '1041': ['1041'], '1126': ['1126'], '1125': ['1125'], '1127': ['1127'], '1128': ['1128', '1131', '1132', '1130', '1133'], '1129': ['1129'], '1032': ['1032', '1160', '1161', '1162', '1146'], '1052': ['1052'], '1063': ['1063'], '1051': ['1051'], '1055': ['1055'], '1057': ['1057'], '1060': ['1060'], '1071': ['1071'], '1147': ['1147'], '1148': ['1148', '1158', '1157', '1159', '1156', '1153', '1154', '1155', '1152'], '1053': ['1053'], '1066': ['1066'], '1056': ['1056'], '1061': ['1061'], '1072': ['1072'], '1033': ['1033'], '1101': ['1101'], '1109': ['1109'], '1102': ['1102'], '1103': ['1103'], '1105': ['1105'], '1106': ['1106'], '1113': ['1113'], '1108': ['1108'], '1110': ['1110'], '1104': ['1104'], '1107': ['1107'], '1114': ['1114'], '1038': ['1038'], '1048': ['1048'], '1049': ['1049'], '1050': ['1050'], '1054': ['1054'], '1068': ['1068'], '1039': ['1039'], '1097': ['1097'], '1098': ['1098'], '1099': ['1099'], '1112': ['1112'], '1100': ['1100'], '1034': ['1034'], '1067': ['1067'], '1035': ['1035'], '1111': ['1111'], '1030': ['1030'], '1046': ['1046'], '1069': ['1069', '1064', '1065', '1070', '1031'], '1058': ['1058'], '1059': ['1059'], '1047': ['1047'], '1085': ['1085'], '1086': ['1086'], '1089': ['1089'], '1043': ['1043'], '1121': ['1121'], '1122': ['1122'], '1123': ['1123'], '1124': ['1124'], '1036': ['1036', '1092', '1150', '1151', '1149'], '1093': ['1093'], '1094': ['1094'], '1145': ['1145'], '1144': ['1144'], '1037': ['1037'], '1044': ['1044'], '1087': ['1087'], '1088': ['1088'], '1090': ['1090'], '1142': ['1142'], '1141': ['1141'], '1091': ['1091'], '1143': ['1143'], '1045': ['1045'], '1115': ['1115'], '1062': ['1062'], '1117': ['1117'], '1075': ['1075'], '1118': ['1118'], '1073': ['1073'], '1074': ['1074'], '1116': ['1116'], '1135': ['1135'], '1137': ['1137'], '1140': ['1140'], '1139': ['1139'], '1119': ['1119'], '1120': ['1120'], '1134': ['1134']})"
101,"defaultdict(<class 'list'>, {'1040': ['1040'], '1080': ['1080'], '1079': ['1079'], '1081': ['1081'], '1095': ['1095'], '1082': ['1082', '1084', '1042', '1083', '1085'], '1096': ['1096', '1136', '1135', '1137', '1140'], '1138': ['1138'], '1041': ['1041'], '1126': ['1126'], '1125': ['1125'], '1127': ['1127'], '1128': ['1128'], '1129': ['1129'], '1131': ['1131'], '1032': ['1032'], '1052': ['1052'], '1063': ['1063'], '1160': ['1160'], '1051': ['1051', '1055', '1056', '1049', '1050'], '1057': ['1057'], '1060': ['1060'], '1071': ['1071'], '1147': ['1147'], '1148': ['1148'], '1158': ['1158'], '1161': ['1161'], '1053': ['1053'], '1066': ['1066'], '1061': ['1061'], '1072': ['1072', '1075', '1076', '1073', '1074'], '1157': ['1157'], '1159': ['1159'], '1162': ['1162'], '1033': ['1033'], '1101': ['1101'], '1109': ['1109'], '1153': ['1153'], '1102': ['1102'], '1103': ['1103'], '1105': ['1105'], '1106': ['1106'], '1113': ['1113'], '1154': ['1154', '1036', '1150', '1151', '1152'], '1155': ['1155'], '1108': ['1108', '1107', '1115', '1116', '1119'], '1110': ['1110'], '1104': ['1104'], '1114': ['1114'], '1156': ['1156'], '1038': ['1038'], '1048': ['1048'], '1054': ['1054'], '1068': ['1068'], '1039': ['1039'], '1097': ['1097'], '1098': ['1098'], '1099': ['1099'], '1112': ['1112'], '1100': ['1100'], '1034': ['1034'], '1067': ['1067'], '1035': ['1035'], '1111': ['1111'], '1030': ['1030'], '1046': ['1046'], '1069': ['1069'], '1058': ['1058'], '1059': ['1059'], '1064': ['1064'], '1065': ['1065'], '1047': ['1047'], '1070': ['1070'], '1031': ['1031'], '1086': ['1086'], '1089': ['1089'], '1043': ['1043'], '1121': ['1121'], '1122': ['1122'], '1123': ['1123'], '1124': ['1124'], '1092': ['1092'], '1093': ['1093', '1094', '1144', '1149', '1037'], '1145': ['1145'], '1044': ['1044'], '1087': ['1087'], '1088': ['1088', '1142', '1141', '1143', '1139'], '1090': ['1090'], '1091': ['1091'], '1045': ['1045'], '1062': ['1062'], '1077': ['1077'], '1117': ['1117'], '1146': ['1146'], '1118': ['1118'], '1078': ['1078'], '1120': ['1120'], '1132': ['1132'], '1130': ['1130'], '1134': ['1134'], '1133': ['1133']})"
101,"defaultdict(<class 'list'>, {'1040': ['1040'], '1080': ['1080'], '1079': ['1079'], '1081': ['1081'], '1095': ['1095'], '1082': ['1082'], '1084': ['1084'], '1096': ['1096', '1138', '1135', '1137', '1139'], '1136': ['1136'], '1041': ['1041'], '1126': ['1126'], '1125': ['1125'], '1127': ['1127'], '1128': ['1128', '1129', '1132', '1130', '1134'], '1131': ['1131'], '1032': ['1032', '1052', '1063', '1053', '1049'], '1160': ['1160', '1147', '1161', '1145', '1146'], '1051': ['1051'], '1055': ['1055'], '1057': ['1057', '1060', '1061', '1058', '1059'], '1071': ['1071'], '1148': ['1148'], '1158': ['1158'], '1066': ['1066'], '1056': ['1056'], '1072': ['1072'], '1157': ['1157'], '1159': ['1159'], '1162': ['1162'], '1033': ['1033'], '1101': ['1101'], '1109': ['1109'], '1153': ['1153'], '1102': ['1102'], '1103': ['1103'], '1105': ['1105', '1106', '1113', '1107', '1114'], '1154': ['1154'], '1155': ['1155'], '1108': ['1108'], '1110': ['1110'], '1104': ['1104'], '1156': ['1156'], '1038': ['1038'], '1048': ['1048'], '1050': ['1050'], '1054': ['1054'], '1068': ['1068'], '1039': ['1039'], '1097': ['1097'], '1098': ['1098'], '1099': ['1099'], '1112': ['1112'], '1100': ['1100'], '1034': ['1034'], '1067': ['1067'], '1035': ['1035'], '1111': ['1111'], '1030': ['1030'], '1046': ['1046'], '1069': ['1069', '1064', '1065', '1070', '1031'], '1047': ['1047'], '1042': ['1042'], '1083': ['1083'], '1085': ['1085'], '1086': ['1086'], '1089': ['1089'], '1043': ['1043'], '1121': ['1121'], '1122': ['1122'], '1123': ['1123'], '1124': ['1124'], '1036': ['1036'], '1092': ['1092'], '1150': ['1150'], '1093': ['1093', '1094', '1144', '1149', '1037'], '1151': ['1151'], '1044': ['1044'], '1087': ['1087'], '1088': ['1088'], '1090': ['1090'], '1142': ['1142'], '1141': ['1141'], '1091': ['1091'], '1143': ['1143'], '1045': ['1045'], '1115': ['1115'], '1062': ['1062'], '1077': ['1077'], '1117': ['1117'], '1152': ['1152'], '1075': ['1075'], '1076': ['1076'], '1118': ['1118'], '1073': ['1073'], '1078': ['1078'], '1074': ['1074'], '1116': ['1116'], '1140': ['1140'], '1119': ['1119'], '1120': ['1120'], '1133': ['1133']})"
101,"defaultdict(<class 'list'>, {'1040': ['1040'], '1080': ['1080'], '1079': ['1079'], '1081': ['1081'], '1095': ['1095'], '1082': ['1082'], '1084': ['1084'], '1096': ['1096', '1138', '1135', '1137', '1139'], '1136': ['1136'], '1041': ['1041'], '1126': ['1126'], '1125': ['1125'], '1127': ['1127'], '1128': ['1128'], '1129': ['1129'], '1131': ['1131'], '1032': ['1032'], '1052': ['1052'], '1063': ['1063'], '1160': ['1160'], '1051': ['1051'], '1055': ['1055'], '1057': ['1057'], '1060': ['1060'], '1071': ['1071'], '1147': ['1147'], '1148': ['1148', '1158', '1157', '1159', '1156'], '1161': ['1161'], '1053': ['1053'], '1066': ['1066'], '1056': ['1056', '1077', '1075', '1076', '1074'], '1061': ['1061'], '1072': ['1072'], '1162': ['1162'], '1033': ['1033', '1153', '1154', '1155', '1152'], '1101': ['1101'], '1109': ['1109'], '1102': ['1102'], '1103': ['1103'], '1105': ['1105'], '1106': ['1106'], '1113': ['1113'], '1108': ['1108'], '1110': ['1110', '1111', '1064', '1065', '1031'], '1104': ['1104'], '1107': ['1107'], '1114': ['1114'], '1038': ['1038'], '1048': ['1048'], '1049': ['1049'], '1050': ['1050'], '1054': ['1054'], '1068': ['1068'], '1039': ['1039'], '1097': ['1097'], '1098': ['1098'], '1099': ['1099'], '1112': ['1112'], '1100': ['1100'], '1034': ['1034'], '1067': ['1067'], '1035': ['1035'], '1030': ['1030'], '1046': ['1046'], '1069': ['1069'], '1058': ['1058'], '1059': ['1059'], '1047': ['1047'], '1070': ['1070'], '1042': ['1042'], '1083': ['1083'], '1085': ['1085'], '1086': ['1086', '1089', '1044', '1087', '1090'], '1043': ['1043', '1121', '1122', '1123', '1045'], '1124': ['1124'], '1036': ['1036'], '1092': ['1092'], '1150': ['1150'], '1093': ['1093'], '1094': ['1094'], '1145': ['1145'], '1151': ['1151'], '1144': ['1144'], '1149': ['1149'], '1037': ['1037'], '1088': ['1088', '1142', '1141', '1143', '1140'], '1091': ['1091'], '1115': ['1115'], '1062': ['1062'], '1117': ['1117'], '1146': ['1146'], '1118': ['1118'], '1073': ['1073'], '1078': ['1078'], '1116': ['1116'], '1119': ['1119'], '1120': ['1120'], '1132': ['1132'], '1130': ['1130'], '1134': ['1134'], '1133': ['1133']})"
101,"defaultdict(<class 'list'>, {'1040': ['1040'], '1080': ['1080'], '1079': ['1079'], '1081': ['1081'], '1095': ['1095'], '1082': ['1082', '1084', '1042', '1083', '1085'], '1096': ['1096'], '1136': ['1136'], '1138': ['1138'], '1041': ['1041'], '1126': ['1126'], '1125': ['1125'], '1127': ['1127'], '1128': ['1128'], '1129': ['1129'], '1131': ['1131'], '1032': ['1032', '1052', '1063', '1053', '1049'], '1160': ['1160'], '1051': ['1051'], '1055': ['1055'], '1057': ['1057'], '1060': ['1060'], '1071': ['1071'], '1147': ['1147'], '1148': ['1148', '1158', '1157', '1159', '1156'], '1161': ['1161'], '1066': ['1066'], '1056': ['1056'], '1061': ['1061'], '1072': ['1072'], '1162': ['1162'], '1033': ['1033', '1153', '1154', '1155', '1152'], '1101': ['1101'], '1109': ['1109'], '1102': ['1102', '1103', '1104', '1098', '1099'], '1105': ['1105', '1106', '1107', '1058', '1059'], '1113': ['1113'], '1108': ['1108'], '1110': ['1110'], '1114': ['1114'], '1038': ['1038'], '1048': ['1048'], '1050': ['1050'], '1054': ['1054'], '1068': ['1068'], '1039': ['1039'], '1097': ['1097'], '1112': ['1112'], '1100': ['1100'], '1034': ['1034'], '1067': ['1067'], '1035': ['1035'], '1111': ['1111'], '1030': ['1030'], '1046': ['1046'], '1069': ['1069'], '1064': ['1064'], '1065': ['1065'], '1047': ['1047'], '1070': ['1070'], '1031': ['1031'], '1086': ['1086'], '1089': ['1089'], '1043': ['1043', '1121', '1122', '1123', '1045'], '1124': ['1124'], '1036': ['1036'], '1092': ['1092'], '1150': ['1150'], '1093': ['1093'], '1094': ['1094'], '1145': ['1145'], '1151': ['1151'], '1144': ['1144'], '1149': ['1149'], '1037': ['1037'], '1044': ['1044'], '1087': ['1087'], '1088': ['1088'], '1090': ['1090'], '1142': ['1142'], '1141': ['1141'], '1091': ['1091'], '1143': ['1143'], '1115': ['1115'], '1062': ['1062'], '1077': ['1077'], '1117': ['1117', '1118', '1116', '1119', '1120'], '1146': ['1146'], '1075': ['1075'], '1076': ['1076'], '1073': ['1073'], '1078': ['1078'], '1074': ['1074'], '1135': ['1135'], '1137': ['1137'], '1140': ['1140'], '1139': ['1139'], '1132': ['1132'], '1130': ['1130'], '1134': ['1134'], '1133': ['1133']})"
101,"defaultdict(<class 'list'>, {'1040': ['1040'], '1080': ['1080'], '1079': ['1079'], '1081': ['1081'], '1095': ['1095'], '1082': ['1082'], '1084': ['1084'], '1096': ['1096'], '1136': ['1136'], '1138': ['1138'], '1041': ['1041'], '1126': ['1126'], '1125': ['1125'], '1127': ['1127'], '1128': ['1128'], '1129': ['1129'], '1131': ['1131'], '1032': ['1032'], '1052': ['1052', '1053', '1049', '1050', '1054'], '1063': ['1063'], '1160': ['1160'], '1051': ['1051'], '1055': ['1055'], '1057': ['1057', '1060', '1061', '1058', '1059'], '1071': ['1071'], '1147': ['1147'], '1148': ['1148'], '1158': ['1158'], '1161': ['1161'], '1066': ['1066'], '1056': ['1056'], '1072': ['1072'], '1157': ['1157'], '1159': ['1159'], '1162': ['1162'], '1033': ['1033'], '1101': ['1101'], '1109': ['1109'], '1153': ['1153'], '1102': ['1102'], '1103': ['1103'], '1105': ['1105', '1106', '1113', '1107', '1114'], '1154': ['1154'], '1155': ['1155'], '1108': ['1108'], '1110': ['1110', '1111', '1064', '1065', '1031'], '1104': ['1104'], '1156': ['1156'], '1038': ['1038', '1048', '1068', '1034', '1067'], '1039': ['1039'], '1097': ['1097'], '1098': ['1098'], '1099': ['1099'], '1112': ['1112'], '1100': ['1100'], '1035': ['1035'], '1030': ['1030', '1046', '1069', '1047', '1070'], '1042': ['1042'], '1083': ['1083'], '1085': ['1085'], '1086': ['1086', '1089', '1044', '1087', '1090'], '1043': ['1043'], '1121': ['1121'], '1122': ['1122'], '1123': ['1123'], '1124': ['1124'], '1036': ['1036'], '1092': ['1092'], '1150': ['1150'], '1093': ['1093'], '1094': ['1094'], '1145': ['1145'], '1151': ['1151'], '1144': ['1144'], '1149': ['1149'], '1037': ['1037'], '1088': ['1088'], '1142': ['1142'], '1141': ['1141'], '1091': ['1091'], '1143': ['1143'], '1045': ['1045'], '1115': ['1115', '1118', '1116', '1119', '1120'], '1062': ['1062'], '1077': ['1077'], '1117': ['1117'], '1146': ['1146'], '1152': ['1152'], '1075': ['1075'], '1076': ['1076'], '1073': ['1073'], '1078': ['1078'], '1074': ['1074'], '1135': ['1135'], '1137': ['1137'], '1140': ['1140'], '1139': ['1139'], '1132': ['1132'], '1130': ['1130'], '1134': ['1134'], '1133': ['1133']})"
101,"defaultdict(<class 'list'>, {'1040': ['1040', '1080', '1079', '1081', '1078'], '1095': ['1095'], '1082': ['1082'], '1084': ['1084'], '1096': ['1096'], '1136': ['1136'], '1138': ['1138'], '1041': ['1041'], '1126': ['1126'], '1125': ['1125'], '1127': ['1127'], '1128': ['1128', '1129', '1132', '1130', '1134'], '1131': ['1131'], '1032': ['1032'], '1052': ['1052'], '1063': ['1063'], '1160': ['1160'], '1051': ['1051'], '1055': ['1055'], '1057': ['1057', '1060', '1071', '1061', '1105', '1106', '1107', '1058', '1059'], '1147': ['1147', '1148', '1158', '1157', '1159'], '1161': ['1161'], '1053': ['1053'], '1066': ['1066'], '1056': ['1056'], '1072': ['1072'], '1162': ['1162'], '1033': ['1033'], '1101': ['1101'], '1109': ['1109'], '1153': ['1153'], '1102': ['1102'], '1103': ['1103'], '1113': ['1113'], '1154': ['1154'], '1155': ['1155'], '1108': ['1108'], '1110': ['1110'], '1104': ['1104'], '1114': ['1114'], '1156': ['1156'], '1038': ['1038', '1048', '1068', '1034', '1067'], '1049': ['1049'], '1050': ['1050'], '1054': ['1054'], '1039': ['1039'], '1097': ['1097'], '1098': ['1098'], '1099': ['1099'], '1112': ['1112'], '1100': ['1100'], '1035': ['1035'], '1111': ['1111'], '1030': ['1030'], '1046': ['1046'], '1069': ['1069'], '1064': ['1064'], '1065': ['1065'], '1047': ['1047'], '1070': ['1070'], '1031': ['1031'], '1042': ['1042'], '1083': ['1083'], '1085': ['1085'], '1086': ['1086'], '1089': ['1089'], '1043': ['1043'], '1121': ['1121'], '1122': ['1122'], '1123': ['1123'], '1124': ['1124'], '1036': ['1036'], '1092': ['1092'], '1150': ['1150'], '1093': ['1093'], '1094': ['1094'], '1145': ['1145'], '1151': ['1151'], '1144': ['1144'], '1149': ['1149'], '1037': ['1037'], '1044': ['1044'], '1087': ['1087'], '1088': ['1088', '1142', '1141', '1143', '1140'], '1090': ['1090'], '1091': ['1091'], '1045': ['1045'], '1115': ['1115'], '1062': ['1062'], '1077': ['1077'], '1117': ['1117', '1118', '1116', '1119', '1120'], '1146': ['1146'], '1152': ['1152'], '1075': ['1075'], '1076': ['1076'], '1073': ['1073'], '1074': ['1074'], '1135': ['1135'], '1137': ['1137'], '1139': ['1139'], '1133': ['1133']})"
101,"defaultdict(<class 'list'>, {'1040': ['1040', '1080', '1081', '1082', '1078'], '1079': ['1079'], '1095': ['1095'], '1084': ['1084'], '1096': ['1096'], '1136': ['1136'], '1138': ['1138'], '1041': ['1041', '1126', '1125', '1127', '1124'], '1128': ['1128'], '1129': ['1129'], '1131': ['1131'], '1032': ['1032'], '1052': ['1052'], '1063': ['1063'], '1160': ['1160'], '1051': ['1051'], '1055': ['1055'], '1057': ['1057', '1060', '1071', '1061', '1072'], '1147': ['1147'], '1148': ['1148'], '1158': ['1158'], '1161': ['1161'], '1053': ['1053'], '1066': ['1066'], '1056': ['1056', '1077', '1075', '1076', '1074'], '1157': ['1157'], '1159': ['1159'], '1162': ['1162'], '1033': ['1033'], '1101': ['1101'], '1109': ['1109'], '1153': ['1153', '1154', '1155', '1156', '1152'], '1102': ['1102'], '1103': ['1103'], '1105': ['1105', '1106', '1107', '1058', '1059'], '1113': ['1113'], '1108': ['1108'], '1110': ['1110'], '1104': ['1104'], '1114': ['1114'], '1038': ['1038', '1048', '1068', '1034', '1067'], '1049': ['1049'], '1050': ['1050'], '1054': ['1054'], '1039': ['1039'], '1097': ['1097'], '1098': ['1098'], '1099': ['1099'], '1112': ['1112'], '1100': ['1100'], '1035': ['1035'], '1111': ['1111'], '1030': ['1030'], '1046': ['1046'], '1069': ['1069'], '1064': ['1064'], '1065': ['1065'], '1047': ['1047'], '1070': ['1070'], '1031': ['1031'], '1042': ['1042'], '1083': ['1083'], '1085': ['1085'], '1086': ['1086', '1089', '1044', '1087', '1090'], '1043': ['1043'], '1121': ['1121'], '1122': ['1122'], '1123': ['1123'], '1036': ['1036'], '1092': ['1092'], '1150': ['1150'], '1093': ['1093'], '1094': ['1094'], '1145': ['1145'], '1151': ['1151'], '1144': ['1144'], '1149': ['1149'], '1037': ['1037'], '1088': ['1088'], '1142': ['1142'], '1141': ['1141'], '1091': ['1091'], '1143': ['1143'], '1045': ['1045'], '1115': ['1115'], '1062': ['1062'], '1117': ['1117'], '1146': ['1146'], '1118': ['1118'], '1073': ['1073'], '1116': ['1116'], '1135': ['1135'], '1137': ['1137'], '1140': ['1140'], '1139': ['1139'], '1119': ['1119'], '1120': ['1120'], '1132': ['1132'], '1130': ['1130'], '1134': ['1134'], '1133': ['1133']})"
101,"defaultdict(<class 'list'>, {'1040': ['1040'], '1080': ['1080', '1079', '1077', '1076', '1078'], '1081': ['1081'], '1095': ['1095'], '1082': ['1082'], '1084': ['1084'], '1096': ['1096', '1138', '1135', '1137', '1139'], '1136': ['1136'], '1041': ['1041'], '1126': ['1126'], '1125': ['1125'], '1127': ['1127'], '1128': ['1128'], '1129': ['1129'], '1131': ['1131'], '1032': ['1032'], '1052': ['1052', '1053', '1049', '1050', '1054'], '1063': ['1063'], '1160': ['1160'], '1051': ['1051'], '1055': ['1055'], '1057': ['1057'], '1060': ['1060'], '1071': ['1071'], '1147': ['1147'], '1148': ['1148'], '1158': ['1158', '1157', '1159', '1033', '1153', '1154', '1155', '1152', '1156'], '1161': ['1161'], '1066': ['1066'], '1056': ['1056', '1104', '1030', '1046', '1047'], '1061': ['1061'], '1072': ['1072'], '1162': ['1162'], '1101': ['1101', '1102', '1098', '1099', '1100'], '1109': ['1109'], '1103': ['1103'], '1105': ['1105'], '1106': ['1106'], '1113': ['1113'], '1108': ['1108'], '1110': ['1110'], '1107': ['1107'], '1114': ['1114'], '1038': ['1038'], '1048': ['1048'], '1068': ['1068'], '1039': ['1039'], '1097': ['1097'], '1112': ['1112'], '1034': ['1034'], '1067': ['1067'], '1035': ['1035'], '1111': ['1111'], '1069': ['1069'], '1058': ['1058'], '1059': ['1059'], '1064': ['1064'], '1065': ['1065'], '1070': ['1070'], '1031': ['1031'], '1042': ['1042'], '1083': ['1083'], '1085': ['1085'], '1086': ['1086'], '1089': ['1089'], '1043': ['1043'], '1121': ['1121'], '1122': ['1122'], '1123': ['1123'], '1124': ['1124'], '1036': ['1036'], '1092': ['1092'], '1150': ['1150'], '1093': ['1093', '1094', '1151', '1149', '1037'], '1145': ['1145'], '1144': ['1144'], '1044': ['1044'], '1087': ['1087'], '1088': ['1088'], '1090': ['1090'], '1142': ['1142'], '1141': ['1141'], '1091': ['1091'], '1143': ['1143'], '1045': ['1045'], '1115': ['1115'], '1062': ['1062'], '1117': ['1117'], '1146': ['1146'], '1075': ['1075'], '1118': ['1118'], '1073': ['1073'], '1074': ['1074'], '1116': ['1116'], '1140': ['1140'], '1119': ['1119'], '1120': ['1120'], '1132': ['1132'], '1130': ['1130'], '1134': ['1134'], '1133': ['1133']})"
101,"defaultdict(<class 'list'>, {'1040': ['1040', '1080', '1081', '1082', '1078'], '1079': ['1079'], '1095': ['1095'], '1084': ['1084'], '1096': ['1096'], '1136': ['1136'], '1138': ['1138'], '1041': ['1041'], '1126': ['1126'], '1125': ['1125'], '1127': ['1127'], '1128': ['1128'], '1129': ['1129'], '1131': ['1131'], '1032': ['1032'], '1052': ['1052'], '1063': ['1063'], '1160': ['1160'], '1051': ['1051'], '1055': ['1055'], '1057': ['1057'], '1060': ['1060'], '1071': ['1071'], '1147': ['1147'], '1148': ['1148'], '1158': ['1158'], '1161': ['1161'], '1053': ['1053'], '1066': ['1066', '1038', '1048', '1068', '1067'], '1056': ['1056', '1077', '1075', '1076', '1074'], '1061': ['1061'], '1072': ['1072'], '1157': ['1157'], '1159': ['1159'], '1162': ['1162'], '1033': ['1033'], '1101': ['1101'], '1109': ['1109'], '1153': ['1153', '1154', '1155', '1156', '1152'], '1102': ['1102', '1103', '1104', '1117', '1118'], '1105': ['1105'], '1106': ['1106'], '1113': ['1113'], '1108': ['1108'], '1110': ['1110'], '1107': ['1107'], '1114': ['1114'], '1049': ['1049'], '1050': ['1050'], '1054': ['1054'], '1039': ['1039'], '1097': ['1097'], '1098': ['1098'], '1099': ['1099'], '1112': ['1112'], '1100': ['1100'], '1034': ['1034'], '1035': ['1035'], '1111': ['1111'], '1030': ['1030'], '1046': ['1046'], '1069': ['1069', '1064', '1065', '1070', '1031'], '1058': ['1058'], '1059': ['1059'], '1047': ['1047'], '1042': ['1042'], '1083': ['1083'], '1085': ['1085'], '1086': ['1086', '1089', '1087', '1090', '1091'], '1043': ['1043'], '1121': ['1121'], '1122': ['1122'], '1123': ['1123'], '1124': ['1124'], '1036': ['1036'], '1092': ['1092'], '1150': ['1150'], '1093': ['1093'], '1094': ['1094'], '1145': ['1145'], '1151': ['1151'], '1144': ['1144'], '1149': ['1149'], '1037': ['1037'], '1044': ['1044'], '1088': ['1088', '1142', '1141', '1143', '1139'], '1045': ['1045'], '1115': ['1115'], '1062': ['1062'], '1146': ['1146'], '1073': ['1073'], '1116': ['1116'], '1135': ['1135'], '1137': ['1137'], '1140': ['1140'], '1119': ['1119'], '1120': ['1120'], '1132': ['1132'], '1130': ['1130'], '1134': ['1134'], '1133': ['1133']})"
101,"defaultdict(<class 'list'>, {'1040': ['1040'], '1080': ['1080'], '1079': ['1079'], '1081': ['1081'], '1095': ['1095'], '1082': ['1082', '1084', '1042', '1083', '1085'], '1096': ['1096'], '1136': ['1136'], '1138': ['1138'], '1041': ['1041'], '1126': ['1126'], '1125': ['1125'], '1127': ['1127'], '1128': ['1128'], '1129': ['1129'], '1131': ['1131'], '1032': ['1032', '1052', '1063', '1053', '1049'], '1160': ['1160'], '1051': ['1051'], '1055': ['1055'], '1057': ['1057'], '1060': ['1060'], '1071': ['1071'], '1147': ['1147'], '1148': ['1148', '1158', '1157', '1159', '1156'], '1161': ['1161'], '1066': ['1066'], '1056': ['1056'], '1061': ['1061'], '1072': ['1072'], '1162': ['1162'], '1033': ['1033'], '1101': ['1101'], '1109': ['1109'], '1153': ['1153'], '1102': ['1102'], '1103': ['1103'], '1105': ['1105'], '1106': ['1106'], '1113': ['1113'], '1154': ['1154'], '1155': ['1155'], '1108': ['1108'], '1110': ['1110', '1111', '1064', '1065', '1031'], '1104': ['1104'], '1107': ['1107'], '1114': ['1114'], '1038': ['1038', '1048', '1068', '1034', '1067'], '1050': ['1050'], '1054': ['1054'], '1039': ['1039'], '1097': ['1097'], '1098': ['1098'], '1099': ['1099'], '1112': ['1112'], '1100': ['1100'], '1035': ['1035'], '1030': ['1030', '1046', '1069', '1047', '1070'], '1058': ['1058'], '1059': ['1059'], '1086': ['1086', '1089', '1044', '1087', '1090'], '1043': ['1043'], '1121': ['1121'], '1122': ['1122'], '1123': ['1123'], '1124': ['1124'], '1036': ['1036'], '1092': ['1092'], '1150': ['1150'], '1093': ['1093', '1094', '1151', '1149', '1037'], '1145': ['1145'], '1144': ['1144'], '1088': ['1088'], '1142': ['1142'], '1141': ['1141'], '1091': ['1091'], '1143': ['1143'], '1045': ['1045'], '1115': ['1115'], '1062': ['1062'], '1077': ['1077'], '1117': ['1117'], '1146': ['1146'], '1152': ['1152'], '1075': ['1075'], '1076': ['1076'], '1118': ['1118'], '1073': ['1073'], '1078': ['1078'], '1074': ['1074'], '1116': ['1116'], '1135': ['1135'], '1137': ['1137'], '1140': ['1140'], '1139': ['1139'], '1119': ['1119'], '1120': ['1120'], '1132': ['1132'], '1130': ['1130'], '1134': ['1134'], '1133': ['1133']})"
101,"defaultdict(<class 'list'>, {'1040': ['1040'], '1080': ['1080'], '1079': ['1079'], '1081': ['1081'], '1095': ['1095'], '1082': ['1082'], '1084': ['1084'], '1096': ['1096'], '1136': ['1136'], '1138': ['1138'], '1041': ['1041'], '1126': ['1126', '1125', '1127', '1043', '1121', '1122', '1123', '1045', '1124'], '1128': ['1128'], '1129': ['1129'], '1131': ['1131'], '1032': ['1032', '1160', '1161', '1162', '1146'], '1052': ['1052', '1051', '1053', '1049', '1050'], '1063': ['1063'], '1055': ['1055'], '1057': ['1057', '1060', '1061', '1105', '1106', '1107', '1058', '1059', '1113'], '1071': ['1071'], '1147': ['1147'], '1148': ['1148'], '1158': ['1158'], '1066': ['1066'], '1056': ['1056'], '1072': ['1072'], '1157': ['1157'], '1159': ['1159'], '1033': ['1033'], '1101': ['1101'], '1109': ['1109'], '1153': ['1153'], '1102': ['1102'], '1103': ['1103'], '1154': ['1154'], '1155': ['1155'], '1108': ['1108'], '1110': ['1110'], '1104': ['1104'], '1114': ['1114'], '1156': ['1156'], '1038': ['1038'], '1048': ['1048'], '1054': ['1054'], '1068': ['1068'], '1039': ['1039', '1097', '1098', '1099', '1035'], '1112': ['1112'], '1100': ['1100'], '1034': ['1034'], '1067': ['1067'], '1111': ['1111'], '1030': ['1030'], '1046': ['1046'], '1069': ['1069'], '1064': ['1064'], '1065': ['1065'], '1047': ['1047'], '1070': ['1070'], '1031': ['1031'], '1042': ['1042'], '1083': ['1083'], '1085': ['1085'], '1086': ['1086', '1089', '1044', '1087', '1090'], '1036': ['1036'], '1092': ['1092'], '1150': ['1150'], '1093': ['1093'], '1094': ['1094'], '1145': ['1145'], '1151': ['1151'], '1144': ['1144'], '1149': ['1149'], '1037': ['1037'], '1088': ['1088'], '1142': ['1142'], '1141': ['1141'], '1091': ['1091'], '1143': ['1143'], '1115': ['1115'], '1062': ['1062'], '1077': ['1077'], '1117': ['1117'], '1152': ['1152'], '1075': ['1075'], '1076': ['1076'], '1118': ['1118'], '1073': ['1073'], '1078': ['1078'], '1074': ['1074'], '1116': ['1116'], '1135': ['1135'], '1137': ['1137'], '1140': ['1140'], '1139': ['1139'], '1119': ['1119'], '1120': ['1120'], '1132': ['1132'], '1130': ['1130'], '1134': ['1134'], '1133': ['1133']})"
101,"defaultdict(<class 'list'>, {'1040': ['1040', '1080', '1079', '1081', '1078'], '1095': ['1095'], '1082': ['1082', '1084', '1042', '1083', '1085'], '1096': ['1096', '1136', '1135', '1137', '1140'], '1138': ['1138'], '1041': ['1041'], '1126': ['1126'], '1125': ['1125'], '1127': ['1127'], '1128': ['1128'], '1129': ['1129'], '1131': ['1131'], '1032': ['1032', '1052', '1063', '1053', '1049'], '1160': ['1160'], '1051': ['1051'], '1055': ['1055'], '1057': ['1057'], '1060': ['1060'], '1071': ['1071'], '1147': ['1147'], '1148': ['1148'], '1158': ['1158'], '1161': ['1161'], '1066': ['1066'], '1056': ['1056'], '1061': ['1061'], '1072': ['1072'], '1157': ['1157'], '1159': ['1159'], '1162': ['1162'], '1033': ['1033'], '1101': ['1101'], '1109': ['1109'], '1153': ['1153'], '1102': ['1102'], '1103': ['1103'], '1105': ['1105'], '1106': ['1106'], '1113': ['1113'], '1154': ['1154', '1036', '1150', '1151', '1152'], '1155': ['1155'], '1108': ['1108'], '1110': ['1110'], '1104': ['1104'], '1107': ['1107'], '1114': ['1114', '1115', '1118', '1116', '1119'], '1156': ['1156'], '1038': ['1038'], '1048': ['1048'], '1050': ['1050'], '1054': ['1054'], '1068': ['1068', '1077', '1075', '1076', '1074'], '1039': ['1039', '1097', '1098', '1099', '1035'], '1112': ['1112'], '1100': ['1100'], '1034': ['1034'], '1067': ['1067'], '1111': ['1111'], '1030': ['1030'], '1046': ['1046'], '1069': ['1069'], '1058': ['1058'], '1059': ['1059'], '1064': ['1064'], '1065': ['1065'], '1047': ['1047'], '1070': ['1070'], '1031': ['1031'], '1086': ['1086'], '1089': ['1089'], '1043': ['1043'], '1121': ['1121'], '1122': ['1122'], '1123': ['1123'], '1124': ['1124'], '1092': ['1092'], '1093': ['1093'], '1094': ['1094'], '1145': ['1145'], '1144': ['1144'], '1149': ['1149'], '1037': ['1037'], '1044': ['1044'], '1087': ['1087'], '1088': ['1088'], '1090': ['1090'], '1142': ['1142'], '1141': ['1141'], '1091': ['1091'], '1143': ['1143'], '1045': ['1045'], '1062': ['1062'], '1117': ['1117'], '1146': ['1146'], '1073': ['1073'], '1139': ['1139'], '1120': ['1120'], '1132': ['1132'], '1130': ['1130'], '1134': ['1134'], '1133': ['1133']})"
101,"defaultdict(<class 'list'>, {'1040': ['1040'], '1080': ['1080'], '1079': ['1079'], '1081': ['1081'], '1095': ['1095'], '1082': ['1082', '1084', '1042', '1083', '1085'], '1096': ['1096', '1138', '1135', '1137', '1139'], '1136': ['1136'], '1041': ['1041'], '1126': ['1126'], '1125': ['1125'], '1127': ['1127'], '1128': ['1128', '1131', '1132', '1130', '1133'], '1129': ['1129'], '1032': ['1032'], '1052': ['1052'], '1063': ['1063'], '1160': ['1160'], '1051': ['1051'], '1055': ['1055'], '1057': ['1057'], '1060': ['1060'], '1071': ['1071'], '1147': ['1147'], '1148': ['1148'], '1158': ['1158'], '1161': ['1161'], '1053': ['1053'], '1066': ['1066'], '1056': ['1056'], '1061': ['1061'], '1072': ['1072'], '1157': ['1157'], '1159': ['1159'], '1162': ['1162'], '1033': ['1033'], '1101': ['1101'], '1109': ['1109'], '1153': ['1153'], '1102': ['1102'], '1103': ['1103'], '1105': ['1105'], '1106': ['1106'], '1113': ['1113'], '1154': ['1154'], '1155': ['1155'], '1108': ['1108'], '1110': ['1110', '1111', '1064', '1065', '1031'], '1104': ['1104'], '1107': ['1107'], '1114': ['1114'], '1156': ['1156'], '1038': ['1038'], '1048': ['1048'], '1049': ['1049'], '1050': ['1050'], '1054': ['1054'], '1068': ['1068'], '1039': ['1039', '1097', '1098', '1099', '1035'], '1112': ['1112'], '1100': ['1100'], '1034': ['1034'], '1067': ['1067'], '1030': ['1030', '1046', '1069', '1047', '1070'], '1058': ['1058'], '1059': ['1059'], '1086': ['1086'], '1089': ['1089'], '1043': ['1043'], '1121': ['1121'], '1122': ['1122'], '1123': ['1123'], '1124': ['1124'], '1036': ['1036'], '1092': ['1092'], '1150': ['1150'], '1093': ['1093', '1094', '1151', '1149', '1037'], '1145': ['1145'], '1144': ['1144'], '1044': ['1044'], '1087': ['1087'], '1088': ['1088'], '1090': ['1090'], '1142': ['1142'], '1141': ['1141'], '1091': ['1091'], '1143': ['1143'], '1045': ['1045'], '1115': ['1115'], '1062': ['1062'], '1077': ['1077'], '1117': ['1117', '1118', '1116', '1119', '1120'], '1146': ['1146'], '1152': ['1152'], '1075': ['1075'], '1076': ['1076'], '1073': ['1073'], '1078': ['1078'], '1074': ['1074'], '1140': ['1140'], '1134': ['1134']})"
101,"defaultdict(<class 'list'>, {'1040': ['1040'], '1080': ['1080'], '1079': ['1079'], '1081': ['1081'], '1095': ['1095'], '1082': ['1082'], '1084': ['1084', '1042', '1085', '1086', '1089', '1044', '1087', '1090', '1091'], '1096': ['1096', '1138', '1135', '1137', '1139'], '1136': ['1136'], '1041': ['1041'], '1126': ['1126'], '1125': ['1125'], '1127': ['1127'], '1128': ['1128'], '1129': ['1129'], '1131': ['1131'], '1032': ['1032', '1052', '1063', '1053', '1049'], '1160': ['1160'], '1051': ['1051'], '1055': ['1055'], '1057': ['1057'], '1060': ['1060'], '1071': ['1071'], '1147': ['1147'], '1148': ['1148'], '1158': ['1158'], '1161': ['1161'], '1066': ['1066'], '1056': ['1056'], '1061': ['1061'], '1072': ['1072'], '1157': ['1157'], '1159': ['1159'], '1162': ['1162'], '1033': ['1033'], '1101': ['1101'], '1109': ['1109'], '1153': ['1153'], '1102': ['1102'], '1103': ['1103'], '1105': ['1105', '1106', '1113', '1107', '1114'], '1154': ['1154'], '1155': ['1155'], '1108': ['1108'], '1110': ['1110'], '1104': ['1104'], '1156': ['1156'], '1038': ['1038', '1048', '1068', '1034', '1067'], '1050': ['1050'], '1054': ['1054'], '1039': ['1039'], '1097': ['1097'], '1098': ['1098'], '1099': ['1099'], '1112': ['1112'], '1100': ['1100'], '1035': ['1035'], '1111': ['1111'], '1030': ['1030'], '1046': ['1046'], '1069': ['1069', '1064', '1065', '1070', '1031'], '1058': ['1058'], '1059': ['1059'], '1047': ['1047'], '1083': ['1083'], '1043': ['1043', '1121', '1122', '1123', '1045'], '1124': ['1124'], '1036': ['1036'], '1092': ['1092'], '1150': ['1150'], '1093': ['1093'], '1094': ['1094'], '1145': ['1145'], '1151': ['1151'], '1144': ['1144'], '1149': ['1149'], '1037': ['1037'], '1088': ['1088'], '1142': ['1142'], '1141': ['1141'], '1143': ['1143'], '1115': ['1115'], '1062': ['1062'], '1077': ['1077'], '1117': ['1117'], '1146': ['1146'], '1152': ['1152'], '1075': ['1075'], '1076': ['1076'], '1118': ['1118'], '1073': ['1073'], '1078': ['1078'], '1074': ['1074'], '1116': ['1116'], '1140': ['1140'], '1119': ['1119'], '1120': ['1120'], '1132': ['1132'], '1130': ['1130'], '1134': ['1134'], '1133': ['1133']})"
101,"defaultdict(<class 'list'>, {'1040': ['1040', '1080', '1079', '1081', '1078'], '1095': ['1095'], '1082': ['1082'], '1084': ['1084'], '1096': ['1096'], '1136': ['1136'], '1138': ['1138'], '1041': ['1041'], '1126': ['1126', '1125', '1127', '1128', '1124'], '1129': ['1129', '1131', '1120', '1130', '1134'], '1032': ['1032', '1160', '1161', '1162', '1146'], '1052': ['1052', '1053', '1049', '1050', '1054'], '1063': ['1063'], '1051': ['1051'], '1055': ['1055'], '1057': ['1057'], '1060': ['1060'], '1071': ['1071'], '1147': ['1147'], '1148': ['1148'], '1158': ['1158'], '1066': ['1066'], '1056': ['1056'], '1061': ['1061'], '1072': ['1072'], '1157': ['1157'], '1159': ['1159'], '1033': ['1033'], '1101': ['1101'], '1109': ['1109'], '1153': ['1153'], '1102': ['1102'], '1103': ['1103'], '1105': ['1105'], '1106': ['1106'], '1113': ['1113'], '1154': ['1154'], '1155': ['1155'], '1108': ['1108'], '1110': ['1110'], '1104': ['1104'], '1107': ['1107'], '1114': ['1114'], '1156': ['1156'], '1038': ['1038'], '1048': ['1048'], '1068': ['1068'], '1039': ['1039', '1097', '1098', '1099', '1035'], '1112': ['1112'], '1100': ['1100'], '1034': ['1034'], '1067': ['1067'], '1111': ['1111'], '1030': ['1030'], '1046': ['1046'], '1069': ['1069'], '1058': ['1058'], '1059': ['1059'], '1064': ['1064'], '1065': ['1065'], '1047': ['1047'], '1070': ['1070'], '1031': ['1031'], '1042': ['1042'], '1083': ['1083'], '1085': ['1085'], '1086': ['1086'], '1089': ['1089'], '1043': ['1043'], '1121': ['1121'], '1122': ['1122'], '1123': ['1123'], '1036': ['1036'], '1092': ['1092'], '1150': ['1150'], '1093': ['1093', '1094', '1151', '1149', '1037'], '1145': ['1145'], '1144': ['1144'], '1044': ['1044'], '1087': ['1087'], '1088': ['1088'], '1090': ['1090'], '1142': ['1142'], '1141': ['1141'], '1091': ['1091'], '1143': ['1143'], '1045': ['1045'], '1115': ['1115'], '1062': ['1062'], '1077': ['1077', '1075', '1076', '1073', '1074'], '1117': ['1117'], '1152': ['1152'], '1118': ['1118'], '1116': ['1116'], '1135': ['1135'], '1137': ['1137'], '1140': ['1140'], '1139': ['1139'], '1119': ['1119'], '1132': ['1132'], '1133': ['1133']})"
101,"defaultdict(<class 'list'>, {'1040': ['1040', '1080', '1079', '1081', '1078'], '1095': ['1095'], '1082': ['1082', '1084', '1042', '1083', '1085'], '1096': ['1096'], '1136': ['1136'], '1138': ['1138'], '1041': ['1041', '1126', '1125', '1127', '1124'], '1128': ['1128'], '1129': ['1129'], '1131': ['1131'], '1032': ['1032'], '1052': ['1052'], '1063': ['1063'], '1160': ['1160'], '1051': ['1051'], '1055': ['1055'], '1057': ['1057'], '1060': ['1060'], '1071': ['1071'], '1147': ['1147'], '1148': ['1148'], '1158': ['1158'], '1161': ['1161'], '1053': ['1053'], '1066': ['1066'], '1056': ['1056'], '1061': ['1061'], '1072': ['1072'], '1157': ['1157'], '1159': ['1159'], '1162': ['1162'], '1033': ['1033', '1109', '1153', '1155', '1152'], '1101': ['1101'], '1102': ['1102'], '1103': ['1103'], '1105': ['1105'], '1106': ['1106'], '1113': ['1113'], '1154': ['1154'], '1108': ['1108'], '1110': ['1110'], '1104': ['1104'], '1107': ['1107'], '1114': ['1114'], '1156': ['1156'], '1038': ['1038', '1048', '1068', '1034', '1067'], '1049': ['1049'], '1050': ['1050'], '1054': ['1054'], '1039': ['1039'], '1097': ['1097'], '1098': ['1098'], '1099': ['1099'], '1112': ['1112'], '1100': ['1100'], '1035': ['1035'], '1111': ['1111'], '1030': ['1030'], '1046': ['1046'], '1069': ['1069'], '1058': ['1058'], '1059': ['1059'], '1064': ['1064'], '1065': ['1065'], '1047': ['1047'], '1070': ['1070'], '1031': ['1031'], '1086': ['1086'], '1089': ['1089'], '1043': ['1043'], '1121': ['1121'], '1122': ['1122'], '1123': ['1123'], '1036': ['1036'], '1092': ['1092'], '1150': ['1150'], '1093': ['1093', '1094', '1151', '1149', '1037'], '1145': ['1145'], '1144': ['1144'], '1044': ['1044'], '1087': ['1087'], '1088': ['1088', '1142', '1141', '1143', '1139'], '1090': ['1090'], '1091': ['1091'], '1045': ['1045'], '1115': ['1115'], '1062': ['1062'], '1077': ['1077'], '1117': ['1117', '1118', '1116', '1119', '1120'], '1146': ['1146'], '1075': ['1075'], '1076': ['1076'], '1073': ['1073'], '1074': ['1074'], '1135': ['1135'], '1137': ['1137'], '1140': ['1140'], '1132': ['1132'], '1130': ['1130'], '1134': ['1134'], '1133': ['1133']})"
101,"defaultdict(<class 'list'>, {'1040': ['1040'], '1080': ['1080'], '1079': ['1079'], '1081': ['1081'], '1095': ['1095'], '1082': ['1082'], '1084': ['1084'], '1096': ['1096'], '1136': ['1136'], '1138': ['1138'], '1041': ['1041'], '1126': ['1126'], '1125': ['1125'], '1127': ['1127'], '1128': ['1128', '1131', '1132', '1130', '1133'], '1129': ['1129'], '1032': ['1032', '1052', '1053', '1038', '1048', '1054', '1034', '1049', '1050'], '1063': ['1063'], '1160': ['1160'], '1051': ['1051'], '1055': ['1055'], '1057': ['1057'], '1060': ['1060'], '1071': ['1071'], '1147': ['1147'], '1148': ['1148', '1158', '1157', '1159', '1156'], '1161': ['1161'], '1066': ['1066', '1067', '1064', '1065', '1031'], '1056': ['1056'], '1061': ['1061', '1062', '1075', '1073', '1074'], '1072': ['1072'], '1162': ['1162'], '1033': ['1033'], '1101': ['1101'], '1109': ['1109'], '1153': ['1153'], '1102': ['1102'], '1103': ['1103'], '1105': ['1105'], '1106': ['1106'], '1113': ['1113'], '1154': ['1154'], '1155': ['1155'], '1108': ['1108'], '1110': ['1110'], '1104': ['1104'], '1107': ['1107'], '1114': ['1114'], '1068': ['1068'], '1039': ['1039'], '1097': ['1097'], '1098': ['1098'], '1099': ['1099'], '1112': ['1112'], '1100': ['1100'], '1035': ['1035'], '1111': ['1111'], '1030': ['1030'], '1046': ['1046'], '1069': ['1069'], '1058': ['1058'], '1059': ['1059'], '1047': ['1047'], '1070': ['1070'], '1042': ['1042'], '1083': ['1083'], '1085': ['1085'], '1086': ['1086', '1089', '1044', '1087', '1090'], '1043': ['1043', '1121', '1122', '1123', '1045'], '1124': ['1124'], '1036': ['1036'], '1092': ['1092'], '1150': ['1150'], '1093': ['1093'], '1094': ['1094'], '1145': ['1145'], '1151': ['1151'], '1144': ['1144'], '1149': ['1149'], '1037': ['1037'], '1088': ['1088'], '1142': ['1142'], '1141': ['1141'], '1091': ['1091'], '1143': ['1143'], '1115': ['1115'], '1077': ['1077'], '1117': ['1117'], '1146': ['1146'], '1152': ['1152'], '1076': ['1076'], '1118': ['1118'], '1078': ['1078'], '1116': ['1116'], '1135': ['1135'], '1137': ['1137'], '1140': ['1140'], '1139': ['1139'], '1119': ['1119'], '1120': ['1120'], '1134': ['1134']})"
101,"defaultdict(<class 'list'>, {'1040': ['1040'], '1080': ['1080'], '1079': ['1079'], '1081': ['1081'], '1095': ['1095'], '1082': ['1082'], '1084': ['1084'], '1096': ['1096'], '1136': ['1136'], '1138': ['1138'], '1041': ['1041'], '1126': ['1126'], '1125': ['1125'], '1127': ['1127'], '1128': ['1128'], '1129': ['1129'], '1131': ['1131'], '1032': ['1032', '1052', '1063', '1053', '1049'], '1160': ['1160', '1147', '1161', '1145', '1146'], '1051': ['1051'], '1055': ['1055'], '1057': ['1057'], '1060': ['1060'], '1071': ['1071'], '1148': ['1148', '1158', '1157', '1159', '1156'], '1066': ['1066'], '1056': ['1056'], '1061': ['1061'], '1072': ['1072'], '1162': ['1162'], '1033': ['1033', '1101', '1109', '1153', '1100'], '1102': ['1102'], '1103': ['1103'], '1105': ['1105', '1106', '1107', '1058', '1059'], '1113': ['1113'], '1154': ['1154'], '1155': ['1155'], '1108': ['1108'], '1110': ['1110'], '1104': ['1104'], '1114': ['1114'], '1038': ['1038'], '1048': ['1048'], '1050': ['1050'], '1054': ['1054'], '1068': ['1068'], '1039': ['1039', '1097', '1098', '1099', '1035'], '1112': ['1112'], '1034': ['1034'], '1067': ['1067'], '1111': ['1111'], '1030': ['1030'], '1046': ['1046'], '1069': ['1069', '1064', '1065', '1070', '1031'], '1047': ['1047'], '1042': ['1042'], '1083': ['1083'], '1085': ['1085'], '1086': ['1086'], '1089': ['1089'], '1043': ['1043'], '1121': ['1121'], '1122': ['1122'], '1123': ['1123'], '1124': ['1124'], '1036': ['1036'], '1092': ['1092'], '1150': ['1150'], '1093': ['1093', '1094', '1151', '1149', '1037'], '1144': ['1144'], '1044': ['1044'], '1087': ['1087'], '1088': ['1088'], '1090': ['1090'], '1142': ['1142'], '1141': ['1141'], '1091': ['1091'], '1143': ['1143'], '1045': ['1045'], '1115': ['1115'], '1062': ['1062'], '1077': ['1077'], '1117': ['1117'], '1152': ['1152'], '1075': ['1075'], '1076': ['1076'], '1118': ['1118'], '1073': ['1073'], '1078': ['1078'], '1074': ['1074'], '1116': ['1116'], '1135': ['1135'], '1137': ['1137'], '1140': ['1140'], '1139': ['1139'], '1119': ['1119'], '1120': ['1120'], '1132': ['1132'], '1130': ['1130'], '1134': ['1134'], '1133': ['1133']})"
101,"defaultdict(<class 'list'>, {'1040': ['1040'], '1080': ['1080'], '1079': ['1079'], '1081': ['1081'], '1095': ['1095'], '1082': ['1082'], '1084': ['1084'], '1096': ['1096'], '1136': ['1136'], '1138': ['1138'], '1041': ['1041'], '1126': ['1126'], '1125': ['1125'], '1127': ['1127'], '1128': ['1128'], '1129': ['1129'], '1131': ['1131'], '1032': ['1032', '1160', '1161', '1162', '1146'], '1052': ['1052'], '1063': ['1063'], '1051': ['1051'], '1055': ['1055'], '1057': ['1057'], '1060': ['1060'], '1071': ['1071'], '1147': ['1147'], '1148': ['1148'], '1158': ['1158'], '1053': ['1053'], '1066': ['1066'], '1056': ['1056'], '1061': ['1061'], '1072': ['1072'], '1157': ['1157'], '1159': ['1159'], '1033': ['1033'], '1101': ['1101', '1102', '1098', '1099', '1100'], '1109': ['1109'], '1153': ['1153'], '1103': ['1103'], '1105': ['1105'], '1106': ['1106'], '1113': ['1113'], '1154': ['1154'], '1155': ['1155'], '1108': ['1108'], '1110': ['1110'], '1104': ['1104'], '1107': ['1107'], '1114': ['1114'], '1156': ['1156'], '1038': ['1038'], '1048': ['1048'], '1049': ['1049'], '1050': ['1050'], '1054': ['1054'], '1068': ['1068'], '1039': ['1039', '1097', '1112', '1035', '1111'], '1034': ['1034'], '1067': ['1067'], '1030': ['1030'], '1046': ['1046'], '1069': ['1069', '1064', '1065', '1070', '1031'], '1058': ['1058'], '1059': ['1059'], '1047': ['1047'], '1042': ['1042'], '1083': ['1083'], '1085': ['1085'], '1086': ['1086'], '1089': ['1089'], '1043': ['1043', '1121', '1122', '1123', '1045'], '1124': ['1124'], '1036': ['1036', '1092', '1150', '1093', '1094', '1151', '1149', '1037', '1144'], '1145': ['1145'], '1044': ['1044'], '1087': ['1087'], '1088': ['1088', '1142', '1141', '1143', '1140'], '1090': ['1090'], '1091': ['1091'], '1115': ['1115'], '1062': ['1062'], '1077': ['1077'], '1117': ['1117'], '1152': ['1152'], '1075': ['1075'], '1076': ['1076'], '1118': ['1118'], '1073': ['1073'], '1078': ['1078'], '1074': ['1074'], '1116': ['1116'], '1135': ['1135'], '1137': ['1137'], '1139': ['1139'], '1119': ['1119'], '1120': ['1120'], '1132': ['1132'], '1130': ['1130'], '1134': ['1134'], '1133': ['1133']})"
101,"defaultdict(<class 'list'>, {'1040': ['1040'], '1080': ['1080'], '1079': ['1079'], '1081': ['1081'], '1095': ['1095'], '1082': ['1082'], '1084': ['1084'], '1096': ['1096', '1138', '1135', '1137', '1139'], '1136': ['1136'], '1041': ['1041'], '1126': ['1126'], '1125': ['1125'], '1127': ['1127'], '1128': ['1128'], '1129': ['1129'], '1131': ['1131'], '1032': ['1032'], '1052': ['1052'], '1063': ['1063'], '1160': ['1160'], '1051': ['1051'], '1055': ['1055'], '1057': ['1057'], '1060': ['1060'], '1071': ['1071'], '1147': ['1147'], '1148': ['1148'], '1158': ['1158'], '1161': ['1161'], '1053': ['1053'], '1066': ['1066'], '1056': ['1056', '1077', '1075', '1076', '1074'], '1061': ['1061'], '1072': ['1072'], '1157': ['1157'], '1159': ['1159'], '1162': ['1162'], '1033': ['1033'], '1101': ['1101', '1102', '1098', '1099', '1100'], '1109': ['1109'], '1153': ['1153'], '1103': ['1103'], '1105': ['1105', '1106', '1107', '1058', '1059', '1113', '1108', '1114', '1115'], '1154': ['1154'], '1155': ['1155'], '1110': ['1110', '1111', '1064', '1065', '1031'], '1104': ['1104'], '1156': ['1156'], '1038': ['1038'], '1048': ['1048'], '1049': ['1049'], '1050': ['1050'], '1054': ['1054'], '1068': ['1068'], '1039': ['1039'], '1097': ['1097'], '1112': ['1112'], '1034': ['1034'], '1067': ['1067'], '1035': ['1035'], '1030': ['1030'], '1046': ['1046'], '1069': ['1069'], '1047': ['1047'], '1070': ['1070'], '1042': ['1042'], '1083': ['1083'], '1085': ['1085'], '1086': ['1086'], '1089': ['1089'], '1043': ['1043'], '1121': ['1121'], '1122': ['1122'], '1123': ['1123'], '1124': ['1124'], '1036': ['1036'], '1092': ['1092'], '1150': ['1150'], '1093': ['1093'], '1094': ['1094'], '1145': ['1145'], '1151': ['1151'], '1144': ['1144'], '1149': ['1149'], '1037': ['1037'], '1044': ['1044'], '1087': ['1087'], '1088': ['1088', '1142', '1141', '1143', '1140'], '1090': ['1090'], '1091': ['1091'], '1045': ['1045'], '1062': ['1062'], '1117': ['1117', '1118', '1116', '1119', '1120'], '1146': ['1146'], '1152': ['1152'], '1073': ['1073'], '1078': ['1078'], '1132': ['1132'], '1130': ['1130'], '1134': ['1134'], '1133': ['1133']})"
101,"defaultdict(<class 'list'>, {'1040': ['1040', '1080', '1081', '1082', '1078'], '1079': ['1079'], '1095': ['1095'], '1084': ['1084'], '1096': ['1096'], '1136': ['1136'], '1138': ['1138'], '1041': ['1041'], '1126': ['1126'], '1125': ['1125'], '1127': ['1127'], '1128': ['1128'], '1129': ['1129'], '1131': ['1131'], '1032': ['1032', '1160', '1161', '1162', '1146'], '1052': ['1052', '1051', '1053', '1049', '1050'], '1063': ['1063'], '1055': ['1055', '1056', '1075', '1076', '1074'], '1057': ['1057'], '1060': ['1060'], '1071': ['1071'], '1147': ['1147'], '1148': ['1148'], '1158': ['1158'], '1066': ['1066'], '1061': ['1061'], '1072': ['1072'], '1157': ['1157'], '1159': ['1159'], '1033': ['1033'], '1101': ['1101', '1102', '1098', '1099', '1100'], '1109': ['1109'], '1153': ['1153'], '1103': ['1103'], '1105': ['1105'], '1106': ['1106'], '1113': ['1113'], '1154': ['1154'], '1155': ['1155'], '1108': ['1108'], '1110': ['1110'], '1104': ['1104'], '1107': ['1107'], '1114': ['1114'], '1156': ['1156'], '1038': ['1038', '1048', '1068', '1034', '1067'], '1054': ['1054'], '1039': ['1039'], '1097': ['1097'], '1112': ['1112'], '1035': ['1035'], '1111': ['1111'], '1030': ['1030'], '1046': ['1046'], '1069': ['1069'], '1058': ['1058'], '1059': ['1059'], '1064': ['1064'], '1065': ['1065'], '1047': ['1047'], '1070': ['1070'], '1031': ['1031'], '1042': ['1042'], '1083': ['1083'], '1085': ['1085'], '1086': ['1086'], '1089': ['1089'], '1043': ['1043', '1121', '1122', '1123', '1045'], '1124': ['1124'], '1036': ['1036'], '1092': ['1092'], '1150': ['1150'], '1093': ['1093'], '1094': ['1094'], '1145': ['1145'], '1151': ['1151'], '1144': ['1144'], '1149': ['1149'], '1037': ['1037'], '1044': ['1044'], '1087': ['1087'], '1088': ['1088', '1142', '1141', '1143', '1140'], '1090': ['1090'], '1091': ['1091'], '1115': ['1115'], '1062': ['1062'], '1077': ['1077'], '1117': ['1117'], '1152': ['1152'], '1118': ['1118'], '1073': ['1073'], '1116': ['1116'], '1135': ['1135'], '1137': ['1137'], '1139': ['1139'], '1119': ['1119'], '1120': ['1120'], '1132': ['1132'], '1130': ['1130'], '1134': ['1134'], '1133': ['1133']})"
101,"defaultdict(<class 'list'>, {'1040': ['1040'], '1080': ['1080'], '1079': ['1079', '1077', '1075', '1076', '1074'], '1081': ['1081'], '1095': ['1095'], '1082': ['1082', '1084', '1042', '1083', '1085'], '1096': ['1096', '1138', '1135', '1137', '1139'], '1136': ['1136'], '1041': ['1041'], '1126': ['1126'], '1125': ['1125'], '1127': ['1127'], '1128': ['1128'], '1129': ['1129'], '1131': ['1131'], '1032': ['1032'], '1052': ['1052'], '1063': ['1063'], '1160': ['1160'], '1051': ['1051', '1055', '1056', '1049', '1050'], '1057': ['1057'], '1060': ['1060'], '1071': ['1071'], '1147': ['1147'], '1148': ['1148', '1158', '1157', '1159', '1156'], '1161': ['1161'], '1053': ['1053'], '1066': ['1066'], '1061': ['1061'], '1072': ['1072'], '1162': ['1162'], '1033': ['1033', '1153', '1154', '1155', '1152'], '1101': ['1101'], '1109': ['1109'], '1102': ['1102'], '1103': ['1103'], '1105': ['1105', '1106', '1107', '1058', '1059'], '1113': ['1113'], '1108': ['1108'], '1110': ['1110'], '1104': ['1104'], '1114': ['1114'], '1038': ['1038', '1048', '1068', '1034', '1067'], '1054': ['1054'], '1039': ['1039'], '1097': ['1097'], '1098': ['1098'], '1099': ['1099'], '1112': ['1112'], '1100': ['1100'], '1035': ['1035'], '1111': ['1111'], '1030': ['1030'], '1046': ['1046'], '1069': ['1069'], '1064': ['1064'], '1065': ['1065'], '1047': ['1047'], '1070': ['1070'], '1031': ['1031'], '1086': ['1086'], '1089': ['1089'], '1043': ['1043'], '1121': ['1121'], '1122': ['1122'], '1123': ['1123'], '1124': ['1124'], '1036': ['1036'], '1092': ['1092'], '1150': ['1150'], '1093': ['1093'], '1094': ['1094'], '1145': ['1145'], '1151': ['1151'], '1144': ['1144'], '1149': ['1149'], '1037': ['1037'], '1044': ['1044'], '1087': ['1087'], '1088': ['1088'], '1090': ['1090'], '1142': ['1142'], '1141': ['1141'], '1091': ['1091'], '1143': ['1143'], '1045': ['1045'], '1115': ['1115'], '1062': ['1062'], '1117': ['1117'], '1146': ['1146'], '1118': ['1118'], '1073': ['1073'], '1078': ['1078'], '1116': ['1116'], '1140': ['1140'], '1119': ['1119'], '1120': ['1120'], '1132': ['1132'], '1130': ['1130'], '1134': ['1134'], '1133': ['1133']})"
101,"defaultdict(<class 'list'>, {'1040': ['1040'], '1080': ['1080'], '1079': ['1079'], '1081': ['1081'], '1095': ['1095'], '1082': ['1082'], '1084': ['1084'], '1096': ['1096', '1138', '1135', '1137', '1139'], '1136': ['1136'], '1041': ['1041'], '1126': ['1126'], '1125': ['1125'], '1127': ['1127'], '1128': ['1128'], '1129': ['1129'], '1131': ['1131'], '1032': ['1032', '1160', '1161', '1162', '1146'], '1052': ['1052'], '1063': ['1063', '1057', '1071', '1066', '1067'], '1051': ['1051'], '1055': ['1055'], '1060': ['1060'], '1147': ['1147'], '1148': ['1148', '1158', '1157', '1159', '1156'], '1053': ['1053'], '1056': ['1056'], '1061': ['1061', '1062', '1075', '1073', '1074'], '1072': ['1072'], '1033': ['1033'], '1101': ['1101'], '1109': ['1109'], '1153': ['1153'], '1102': ['1102'], '1103': ['1103'], '1105': ['1105', '1106', '1107', '1058', '1059'], '1113': ['1113'], '1154': ['1154'], '1155': ['1155'], '1108': ['1108'], '1110': ['1110'], '1104': ['1104'], '1114': ['1114'], '1038': ['1038'], '1048': ['1048'], '1049': ['1049'], '1050': ['1050'], '1054': ['1054'], '1068': ['1068'], '1039': ['1039'], '1097': ['1097'], '1098': ['1098'], '1099': ['1099'], '1112': ['1112'], '1100': ['1100'], '1034': ['1034'], '1035': ['1035'], '1111': ['1111'], '1030': ['1030'], '1046': ['1046'], '1069': ['1069'], '1064': ['1064'], '1065': ['1065'], '1047': ['1047'], '1070': ['1070'], '1031': ['1031'], '1042': ['1042'], '1083': ['1083'], '1085': ['1085'], '1086': ['1086', '1089', '1044', '1087', '1090'], '1043': ['1043'], '1121': ['1121'], '1122': ['1122'], '1123': ['1123'], '1124': ['1124'], '1036': ['1036'], '1092': ['1092'], '1150': ['1150'], '1093': ['1093'], '1094': ['1094'], '1145': ['1145'], '1151': ['1151'], '1144': ['1144'], '1149': ['1149'], '1037': ['1037'], '1088': ['1088', '1142', '1141', '1143', '1140'], '1091': ['1091'], '1045': ['1045'], '1115': ['1115'], '1077': ['1077'], '1117': ['1117'], '1152': ['1152'], '1076': ['1076'], '1118': ['1118'], '1078': ['1078'], '1116': ['1116'], '1119': ['1119'], '1120': ['1120'], '1132': ['1132'], '1130': ['1130'], '1134': ['1134'], '1133': ['1133']})"
101,"defaultdict(<class 'list'>, {'1040': ['1040'], '1080': ['1080'], '1079': ['1079'], '1081': ['1081'], '1095': ['1095'], '1082': ['1082', '1084', '1042', '1083', '1085'], '1096': ['1096', '1138', '1135', '1137', '1139'], '1136': ['1136'], '1041': ['1041'], '1126': ['1126'], '1125': ['1125'], '1127': ['1127'], '1128': ['1128'], '1129': ['1129'], '1131': ['1131'], '1032': ['1032', '1160', '1161', '1162', '1146'], '1052': ['1052'], '1063': ['1063'], '1051': ['1051'], '1055': ['1055'], '1057': ['1057'], '1060': ['1060'], '1071': ['1071'], '1147': ['1147'], '1148': ['1148'], '1158': ['1158'], '1053': ['1053'], '1066': ['1066'], '1056': ['1056'], '1061': ['1061'], '1072': ['1072'], '1157': ['1157'], '1159': ['1159'], '1033': ['1033'], '1101': ['1101'], '1109': ['1109'], '1153': ['1153'], '1102': ['1102'], '1103': ['1103'], '1105': ['1105'], '1106': ['1106'], '1113': ['1113'], '1154': ['1154'], '1155': ['1155'], '1108': ['1108'], '1110': ['1110'], '1104': ['1104'], '1107': ['1107'], '1114': ['1114'], '1156': ['1156'], '1038': ['1038', '1048', '1068', '1034', '1067'], '1049': ['1049'], '1050': ['1050'], '1054': ['1054'], '1039': ['1039', '1097', '1098', '1099', '1035'], '1112': ['1112'], '1100': ['1100'], '1111': ['1111'], '1030': ['1030'], '1046': ['1046'], '1069': ['1069'], '1058': ['1058'], '1059': ['1059'], '1064': ['1064'], '1065': ['1065'], '1047': ['1047'], '1070': ['1070'], '1031': ['1031'], '1086': ['1086', '1087', '1088', '1141', '1143'], '1089': ['1089'], '1043': ['1043', '1121', '1122', '1123', '1045'], '1124': ['1124'], '1036': ['1036'], '1092': ['1092'], '1150': ['1150'], '1093': ['1093', '1094', '1151', '1149', '1037'], '1145': ['1145'], '1144': ['1144'], '1044': ['1044'], '1090': ['1090'], '1142': ['1142'], '1091': ['1091'], '1115': ['1115'], '1062': ['1062'], '1077': ['1077'], '1117': ['1117'], '1152': ['1152'], '1075': ['1075'], '1076': ['1076'], '1118': ['1118'], '1073': ['1073'], '1078': ['1078'], '1074': ['1074'], '1116': ['1116'], '1140': ['1140'], '1119': ['1119'], '1120': ['1120'], '1132': ['1132'], '1130': ['1130'], '1134': ['1134'], '1133': ['1133']})"
101,"defaultdict(<class 'list'>, {'1040': ['1040'], '1080': ['1080'], '1079': ['1079'], '1081': ['1081'], '1095': ['1095'], '1082': ['1082'], '1084': ['1084'], '1096': ['1096', '1138', '1135', '1137', '1139'], '1136': ['1136'], '1041': ['1041'], '1126': ['1126'], '1125': ['1125'], '1127': ['1127'], '1128': ['1128', '1131', '1132', '1130', '1133'], '1129': ['1129'], '1032': ['1032', '1160', '1161', '1162', '1146'], '1052': ['1052'], '1063': ['1063'], '1051': ['1051'], '1055': ['1055'], '1057': ['1057'], '1060': ['1060'], '1071': ['1071'], '1147': ['1147'], '1148': ['1148'], '1158': ['1158'], '1053': ['1053'], '1066': ['1066'], '1056': ['1056'], '1061': ['1061'], '1072': ['1072'], '1157': ['1157'], '1159': ['1159'], '1033': ['1033', '1153', '1154', '1155', '1152'], '1101': ['1101'], '1109': ['1109'], '1102': ['1102'], '1103': ['1103'], '1105': ['1105'], '1106': ['1106'], '1113': ['1113'], '1108': ['1108'], '1110': ['1110'], '1104': ['1104'], '1107': ['1107'], '1114': ['1114', '1115', '1118', '1116', '1119'], '1156': ['1156'], '1038': ['1038'], '1048': ['1048'], '1049': ['1049'], '1050': ['1050'], '1054': ['1054'], '1068': ['1068'], '1039': ['1039', '1097', '1098', '1099', '1035'], '1112': ['1112'], '1100': ['1100'], '1034': ['1034'], '1067': ['1067'], '1111': ['1111'], '1030': ['1030'], '1046': ['1046'], '1069': ['1069'], '1058': ['1058'], '1059': ['1059'], '1064': ['1064'], '1065': ['1065'], '1047': ['1047'], '1070': ['1070'], '1031': ['1031'], '1042': ['1042'], '1083': ['1083'], '1085': ['1085'], '1086': ['1086', '1089', '1044', '1087', '1090'], '1043': ['1043'], '1121': ['1121'], '1122': ['1122'], '1123': ['1123'], '1124': ['1124'], '1036': ['1036'], '1092': ['1092'], '1150': ['1150'], '1093': ['1093', '1094', '1151', '1149', '1037'], '1145': ['1145'], '1144': ['1144'], '1088': ['1088'], '1142': ['1142'], '1141': ['1141'], '1091': ['1091'], '1143': ['1143'], '1045': ['1045'], '1062': ['1062'], '1077': ['1077'], '1117': ['1117'], '1075': ['1075'], '1076': ['1076'], '1073': ['1073'], '1078': ['1078'], '1074': ['1074'], '1140': ['1140'], '1120': ['1120'], '1134': ['1134']})"
101,"defaultdict(<class 'list'>, {'1040': ['1040'], '1080': ['1080'], '1079': ['1079'], '1081': ['1081'], '1095': ['1095'], '1082': ['1082', '1084', '1042', '1083', '1085'], '1096': ['1096', '1138', '1135', '1137', '1139'], '1136': ['1136'], '1041': ['1041'], '1126': ['1126'], '1125': ['1125'], '1127': ['1127'], '1128': ['1128', '1129', '1132', '1130', '1134'], '1131': ['1131'], '1032': ['1032', '1052', '1051', '1053', '1049', '1050', '1063', '1055', '1054'], '1160': ['1160'], '1057': ['1057'], '1060': ['1060'], '1071': ['1071'], '1147': ['1147'], '1148': ['1148', '1158', '1157', '1159', '1156'], '1161': ['1161'], '1066': ['1066'], '1056': ['1056'], '1061': ['1061'], '1072': ['1072'], '1162': ['1162'], '1033': ['1033'], '1101': ['1101'], '1109': ['1109'], '1153': ['1153'], '1102': ['1102'], '1103': ['1103'], '1105': ['1105'], '1106': ['1106'], '1113': ['1113'], '1154': ['1154'], '1155': ['1155'], '1108': ['1108'], '1110': ['1110'], '1104': ['1104'], '1107': ['1107'], '1114': ['1114'], '1038': ['1038', '1048', '1068', '1034', '1067'], '1039': ['1039'], '1097': ['1097'], '1098': ['1098'], '1099': ['1099'], '1112': ['1112'], '1100': ['1100'], '1035': ['1035'], '1111': ['1111'], '1030': ['1030'], '1046': ['1046'], '1069': ['1069'], '1058': ['1058'], '1059': ['1059'], '1064': ['1064'], '1065': ['1065'], '1047': ['1047'], '1070': ['1070'], '1031': ['1031'], '1086': ['1086', '1089', '1044', '1087', '1090'], '1043': ['1043'], '1121': ['1121'], '1122': ['1122'], '1123': ['1123'], '1124': ['1124'], '1036': ['1036'], '1092': ['1092'], '1150': ['1150'], '1093': ['1093'], '1094': ['1094'], '1145': ['1145'], '1151': ['1151'], '1144': ['1144'], '1149': ['1149'], '1037': ['1037'], '1088': ['1088'], '1142': ['1142'], '1141': ['1141'], '1091': ['1091'], '1143': ['1143'], '1045': ['1045'], '1115': ['1115'], '1062': ['1062'], '1077': ['1077'], '1117': ['1117'], '1146': ['1146'], '1152': ['1152'], '1075': ['1075'], '1076': ['1076'], '1118': ['1118'], '1073': ['1073'], '1078': ['1078'], '1074': ['1074'], '1116': ['1116'], '1140': ['1140'], '1119': ['1119'], '1120': ['1120'], '1133': ['1133']})"
101,"defaultdict(<class 'list'>, {'1040': ['1040'], '1080': ['1080'], '1079': ['1079'], '1081': ['1081'], '1095': ['1095'], '1082': ['1082'], '1084': ['1084'], '1096': ['1096'], '1136': ['1136'], '1138': ['1138'], '1041': ['1041', '1126', '1125', '1127', '1124'], '1128': ['1128'], '1129': ['1129'], '1131': ['1131'], '1032': ['1032', '1160', '1161', '1162', '1146'], '1052': ['1052'], '1063': ['1063'], '1051': ['1051'], '1055': ['1055'], '1057': ['1057'], '1060': ['1060'], '1071': ['1071'], '1147': ['1147', '1148', '1158', '1157', '1159'], '1053': ['1053'], '1066': ['1066', '1110', '1064', '1065', '1031'], '1056': ['1056'], '1061': ['1061', '1062', '1075', '1073', '1074'], '1072': ['1072'], '1033': ['1033'], '1101': ['1101'], '1109': ['1109'], '1153': ['1153'], '1102': ['1102', '1103', '1104', '1098', '1099'], '1105': ['1105'], '1106': ['1106'], '1113': ['1113'], '1154': ['1154'], '1155': ['1155'], '1108': ['1108'], '1107': ['1107'], '1114': ['1114', '1115', '1118', '1116', '1119'], '1156': ['1156'], '1038': ['1038', '1048', '1068', '1034', '1067'], '1049': ['1049'], '1050': ['1050'], '1054': ['1054'], '1039': ['1039'], '1097': ['1097'], '1112': ['1112'], '1100': ['1100'], '1035': ['1035'], '1111': ['1111'], '1030': ['1030'], '1046': ['1046'], '1069': ['1069'], '1058': ['1058'], '1059': ['1059'], '1047': ['1047'], '1070': ['1070'], '1042': ['1042'], '1083': ['1083'], '1085': ['1085'], '1086': ['1086'], '1089': ['1089'], '1043': ['1043'], '1121': ['1121'], '1122': ['1122'], '1123': ['1123'], '1036': ['1036'], '1092': ['1092'], '1150': ['1150'], '1093': ['1093'], '1094': ['1094'], '1145': ['1145'], '1151': ['1151'], '1144': ['1144'], '1149': ['1149'], '1037': ['1037'], '1044': ['1044'], '1087': ['1087'], '1088': ['1088'], '1090': ['1090'], '1142': ['1142'], '1141': ['1141'], '1091': ['1091'], '1143': ['1143'], '1045': ['1045'], '1077': ['1077'], '1117': ['1117'], '1152': ['1152'], '1076': ['1076'], '1078': ['1078'], '1135': ['1135'], '1137': ['1137'], '1140': ['1140'], '1139': ['1139'], '1120': ['1120'], '1132': ['1132'], '1130': ['1130'], '1134': ['1134'], '1133': ['1133']})"
101,"defaultdict(<class 'list'>, {'1040': ['1040'], '1080': ['1080'], '1079': ['1079'], '1081': ['1081'], '1095': ['1095'], '1082': ['1082'], '1084': ['1084'], '1096': ['1096'], '1136': ['1136'], '1138': ['1138'], '1041': ['1041'], '1126': ['1126'], '1125': ['1125'], '1127': ['1127'], '1128': ['1128', '1131', '1132', '1130', '1133'], '1129': ['1129'], '1032': ['1032'], '1052': ['1052'], '1063': ['1063'], '1160': ['1160'], '1051': ['1051'], '1055': ['1055'], '1057': ['1057'], '1060': ['1060'], '1071': ['1071'], '1147': ['1147'], '1148': ['1148'], '1158': ['1158'], '1161': ['1161'], '1053': ['1053'], '1066': ['1066', '1038', '1048', '1068', '1034', '1067', '1064', '1065', '1031'], '1056': ['1056'], '1061': ['1061'], '1072': ['1072'], '1157': ['1157'], '1159': ['1159'], '1162': ['1162'], '1033': ['1033'], '1101': ['1101', '1102', '1098', '1099', '1100'], '1109': ['1109'], '1153': ['1153', '1154', '1155', '1151', '1152'], '1103': ['1103'], '1105': ['1105'], '1106': ['1106'], '1113': ['1113'], '1108': ['1108'], '1110': ['1110'], '1104': ['1104', '1030', '1046', '1047', '1117'], '1107': ['1107'], '1114': ['1114'], '1156': ['1156'], '1049': ['1049'], '1050': ['1050'], '1054': ['1054'], '1039': ['1039'], '1097': ['1097'], '1112': ['1112'], '1035': ['1035'], '1111': ['1111'], '1069': ['1069'], '1058': ['1058'], '1059': ['1059'], '1070': ['1070'], '1042': ['1042'], '1083': ['1083'], '1085': ['1085'], '1086': ['1086', '1087', '1088', '1141', '1143'], '1089': ['1089'], '1043': ['1043'], '1121': ['1121'], '1122': ['1122'], '1123': ['1123'], '1124': ['1124'], '1036': ['1036'], '1092': ['1092'], '1150': ['1150'], '1093': ['1093'], '1094': ['1094'], '1145': ['1145'], '1144': ['1144'], '1149': ['1149'], '1037': ['1037'], '1044': ['1044'], '1090': ['1090'], '1142': ['1142'], '1091': ['1091'], '1045': ['1045'], '1115': ['1115'], '1062': ['1062'], '1077': ['1077', '1075', '1076', '1073', '1074'], '1146': ['1146'], '1118': ['1118'], '1078': ['1078'], '1116': ['1116'], '1135': ['1135'], '1137': ['1137'], '1140': ['1140'], '1139': ['1139'], '1119': ['1119'], '1120': ['1120'], '1134': ['1134']})"
101,"defaultdict(<class 'list'>, {'1040': ['1040'], '1080': ['1080'], '1079': ['1079'], '1081': ['1081'], '1095': ['1095'], '1082': ['1082'], '1084': ['1084', '1042', '1085', '1086', '1087'], '1096': ['1096'], '1136': ['1136'], '1138': ['1138'], '1041': ['1041'], '1126': ['1126'], '1125': ['1125'], '1127': ['1127'], '1128': ['1128'], '1129': ['1129'], '1131': ['1131'], '1032': ['1032'], '1052': ['1052'], '1063': ['1063'], '1160': ['1160'], '1051': ['1051'], '1055': ['1055'], '1057': ['1057'], '1060': ['1060'], '1071': ['1071'], '1147': ['1147'], '1148': ['1148'], '1158': ['1158'], '1161': ['1161'], '1053': ['1053'], '1066': ['1066'], '1056': ['1056'], '1061': ['1061'], '1072': ['1072'], '1157': ['1157'], '1159': ['1159'], '1162': ['1162'], '1033': ['1033', '1101', '1102', '1098', '1099', '1100', '1103', '1108', '1107'], '1109': ['1109'], '1153': ['1153', '1154', '1155', '1156', '1152'], '1105': ['1105'], '1106': ['1106'], '1113': ['1113'], '1110': ['1110'], '1104': ['1104'], '1114': ['1114'], '1038': ['1038'], '1048': ['1048'], '1049': ['1049'], '1050': ['1050'], '1054': ['1054'], '1068': ['1068'], '1039': ['1039', '1097', '1112', '1035', '1111'], '1034': ['1034'], '1067': ['1067'], '1030': ['1030'], '1046': ['1046'], '1069': ['1069'], '1058': ['1058'], '1059': ['1059'], '1064': ['1064'], '1065': ['1065'], '1047': ['1047'], '1070': ['1070'], '1031': ['1031'], '1083': ['1083'], '1089': ['1089'], '1043': ['1043'], '1121': ['1121'], '1122': ['1122'], '1123': ['1123'], '1124': ['1124'], '1036': ['1036'], '1092': ['1092'], '1150': ['1150'], '1093': ['1093'], '1094': ['1094'], '1145': ['1145'], '1151': ['1151'], '1144': ['1144'], '1149': ['1149'], '1037': ['1037'], '1044': ['1044'], '1088': ['1088', '1142', '1141', '1143', '1139'], '1090': ['1090'], '1091': ['1091'], '1045': ['1045'], '1115': ['1115'], '1062': ['1062'], '1077': ['1077', '1075', '1076', '1073', '1074'], '1117': ['1117', '1118', '1116', '1119', '1120'], '1146': ['1146'], '1078': ['1078'], '1135': ['1135'], '1137': ['1137'], '1140': ['1140'], '1132': ['1132'], '1130': ['1130'], '1134': ['1134'], '1133': ['1133']})"
101,"defaultdict(<class 'list'>, {'1040': ['1040'], '1080': ['1080', '1079', '1077', '1076', '1078'], '1081': ['1081', '1082', '1084', '1042', '1083'], '1095': ['1095'], '1096': ['1096', '1138', '1135', '1137', '1139'], '1136': ['1136'], '1041': ['1041', '1126', '1125', '1127', '1124', '1129', '1122', '1123', '1045'], '1128': ['1128'], '1131': ['1131'], '1032': ['1032', '1052', '1063', '1053', '1049'], '1160': ['1160'], '1051': ['1051'], '1055': ['1055'], '1057': ['1057'], '1060': ['1060'], '1071': ['1071'], '1147': ['1147'], '1148': ['1148', '1158', '1157', '1159', '1156'], '1161': ['1161'], '1066': ['1066'], '1056': ['1056'], '1061': ['1061'], '1072': ['1072'], '1162': ['1162'], '1033': ['1033'], '1101': ['1101'], '1109': ['1109'], '1153': ['1153'], '1102': ['1102'], '1103': ['1103'], '1105': ['1105'], '1106': ['1106'], '1113': ['1113'], '1154': ['1154'], '1155': ['1155'], '1108': ['1108'], '1110': ['1110'], '1104': ['1104'], '1107': ['1107'], '1114': ['1114'], '1038': ['1038'], '1048': ['1048'], '1050': ['1050'], '1054': ['1054'], '1068': ['1068'], '1039': ['1039'], '1097': ['1097'], '1098': ['1098'], '1099': ['1099'], '1112': ['1112'], '1100': ['1100'], '1034': ['1034'], '1067': ['1067'], '1035': ['1035'], '1111': ['1111'], '1030': ['1030'], '1046': ['1046'], '1069': ['1069'], '1058': ['1058'], '1059': ['1059'], '1064': ['1064'], '1065': ['1065'], '1047': ['1047'], '1070': ['1070'], '1031': ['1031'], '1085': ['1085'], '1086': ['1086', '1089', '1044', '1087', '1090'], '1043': ['1043'], '1121': ['1121'], '1036': ['1036'], '1092': ['1092'], '1150': ['1150'], '1093': ['1093'], '1094': ['1094'], '1145': ['1145'], '1151': ['1151'], '1144': ['1144'], '1149': ['1149'], '1037': ['1037'], '1088': ['1088'], '1142': ['1142'], '1141': ['1141'], '1091': ['1091'], '1143': ['1143'], '1115': ['1115'], '1062': ['1062'], '1117': ['1117'], '1146': ['1146'], '1152': ['1152'], '1075': ['1075'], '1118': ['1118'], '1073': ['1073'], '1074': ['1074'], '1116': ['1116'], '1140': ['1140'], '1119': ['1119'], '1120': ['1120'], '1132': ['1132'], '1130': ['1130'], '1134': ['1134'], '1133': ['1133']})"
101,"defaultdict(<class 'list'>, {'1040': ['1040', '1080', '1079', '1081', '1078'], '1095': ['1095'], '1082': ['1082', '1084', '1042', '1083', '1085'], '1096': ['1096'], '1136': ['1136'], '1138': ['1138'], '1041': ['1041'], '1126': ['1126'], '1125': ['1125'], '1127': ['1127'], '1128': ['1128', '1131', '1132', '1130', '1133'], '1129': ['1129'], '1032': ['1032'], '1052': ['1052'], '1063': ['1063'], '1160': ['1160'], '1051': ['1051'], '1055': ['1055'], '1057': ['1057'], '1060': ['1060'], '1071': ['1071'], '1147': ['1147'], '1148': ['1148', '1158', '1157', '1159', '1156'], '1161': ['1161'], '1053': ['1053'], '1066': ['1066'], '1056': ['1056'], '1061': ['1061'], '1072': ['1072'], '1162': ['1162'], '1033': ['1033'], '1101': ['1101'], '1109': ['1109'], '1153': ['1153'], '1102': ['1102', '1103', '1104', '1117', '1118'], '1105': ['1105', '1106', '1107', '1058', '1059'], '1113': ['1113'], '1154': ['1154'], '1155': ['1155'], '1108': ['1108'], '1110': ['1110'], '1114': ['1114'], '1038': ['1038'], '1048': ['1048'], '1049': ['1049'], '1050': ['1050'], '1054': ['1054'], '1068': ['1068'], '1039': ['1039', '1097', '1098', '1099', '1035'], '1112': ['1112'], '1100': ['1100'], '1034': ['1034'], '1067': ['1067'], '1111': ['1111'], '1030': ['1030'], '1046': ['1046'], '1069': ['1069'], '1064': ['1064'], '1065': ['1065'], '1047': ['1047'], '1070': ['1070'], '1031': ['1031'], '1086': ['1086'], '1089': ['1089'], '1043': ['1043'], '1121': ['1121'], '1122': ['1122'], '1123': ['1123'], '1124': ['1124'], '1036': ['1036'], '1092': ['1092'], '1150': ['1150'], '1093': ['1093', '1094', '1151', '1149', '1037'], '1145': ['1145'], '1144': ['1144'], '1044': ['1044'], '1087': ['1087'], '1088': ['1088'], '1090': ['1090'], '1142': ['1142'], '1141': ['1141'], '1091': ['1091'], '1143': ['1143'], '1045': ['1045'], '1115': ['1115'], '1062': ['1062'], '1077': ['1077'], '1146': ['1146'], '1152': ['1152'], '1075': ['1075'], '1076': ['1076'], '1073': ['1073'], '1074': ['1074'], '1116': ['1116'], '1135': ['1135'], '1137': ['1137'], '1140': ['1140'], '1139': ['1139'], '1119': ['1119'], '1120': ['1120'], '1134': ['1134']})"
101,"defaultdict(<class 'list'>, {'1040': ['1040'], '1080': ['1080'], '1079': ['1079'], '1081': ['1081'], '1095': ['1095'], '1082': ['1082'], '1084': ['1084'], '1096': ['1096'], '1136': ['1136'], '1138': ['1138'], '1041': ['1041'], '1126': ['1126'], '1125': ['1125'], '1127': ['1127'], '1128': ['1128'], '1129': ['1129'], '1131': ['1131'], '1032': ['1032', '1160', '1161', '1162', '1146'], '1052': ['1052', '1051', '1053', '1049', '1050'], '1063': ['1063'], '1055': ['1055'], '1057': ['1057'], '1060': ['1060'], '1071': ['1071'], '1147': ['1147'], '1148': ['1148'], '1158': ['1158'], '1066': ['1066'], '1056': ['1056'], '1061': ['1061'], '1072': ['1072'], '1157': ['1157'], '1159': ['1159'], '1033': ['1033'], '1101': ['1101'], '1109': ['1109'], '1153': ['1153', '1154', '1155', '1156', '1152'], '1102': ['1102'], '1103': ['1103'], '1105': ['1105'], '1106': ['1106'], '1113': ['1113'], '1108': ['1108'], '1110': ['1110'], '1104': ['1104'], '1107': ['1107'], '1114': ['1114'], '1038': ['1038', '1048', '1068', '1034', '1067'], '1054': ['1054'], '1039': ['1039', '1097', '1112', '1035', '1111', '1098', '1099', '1117', '1118'], '1100': ['1100'], '1030': ['1030'], '1046': ['1046'], '1069': ['1069'], '1058': ['1058'], '1059': ['1059'], '1064': ['1064'], '1065': ['1065'], '1047': ['1047'], '1070': ['1070'], '1031': ['1031'], '1042': ['1042'], '1083': ['1083'], '1085': ['1085'], '1086': ['1086'], '1089': ['1089'], '1043': ['1043'], '1121': ['1121'], '1122': ['1122'], '1123': ['1123'], '1124': ['1124'], '1036': ['1036'], '1092': ['1092'], '1150': ['1150'], '1093': ['1093', '1094', '1151', '1149', '1037'], '1145': ['1145'], '1144': ['1144'], '1044': ['1044'], '1087': ['1087'], '1088': ['1088', '1142', '1141', '1143', '1139'], '1090': ['1090'], '1091': ['1091'], '1045': ['1045'], '1115': ['1115'], '1062': ['1062'], '1077': ['1077'], '1075': ['1075'], '1076': ['1076'], '1073': ['1073'], '1078': ['1078'], '1074': ['1074'], '1116': ['1116'], '1135': ['1135'], '1137': ['1137'], '1140': ['1140'], '1119': ['1119'], '1120': ['1120'], '1132': ['1132'], '1130': ['1130'], '1134': ['1134'], '1133': ['1133']})"
101,"defaultdict(<class 'list'>, {'1040': ['1040', '1080', '1079', '1081', '1078'], '1095': ['1095'], '1082': ['1082'], '1084': ['1084'], '1096': ['1096'], '1136': ['1136'], '1138': ['1138'], '1041': ['1041'], '1126': ['1126'], '1125': ['1125'], '1127': ['1127'], '1128': ['1128'], '1129': ['1129'], '1131': ['1131'], '1032': ['1032'], '1052': ['1052'], '1063': ['1063'], '1160': ['1160'], '1051': ['1051'], '1055': ['1055'], '1057': ['1057'], '1060': ['1060'], '1071': ['1071'], '1147': ['1147'], '1148': ['1148', '1158', '1157', '1159', '1156'], '1161': ['1161'], '1053': ['1053'], '1066': ['1066'], '1056': ['1056'], '1061': ['1061'], '1072': ['1072'], '1162': ['1162'], '1033': ['1033', '1153', '1154', '1155', '1152'], '1101': ['1101', '1102', '1098', '1099', '1100'], '1109': ['1109'], '1103': ['1103'], '1105': ['1105'], '1106': ['1106'], '1113': ['1113'], '1108': ['1108'], '1110': ['1110'], '1104': ['1104'], '1107': ['1107'], '1114': ['1114', '1030', '1046', '1069', '1064', '1065', '1070', '1031', '1047'], '1038': ['1038'], '1048': ['1048'], '1049': ['1049'], '1050': ['1050'], '1054': ['1054'], '1068': ['1068'], '1039': ['1039'], '1097': ['1097'], '1112': ['1112'], '1034': ['1034'], '1067': ['1067'], '1035': ['1035'], '1111': ['1111'], '1058': ['1058'], '1059': ['1059'], '1042': ['1042'], '1083': ['1083'], '1085': ['1085'], '1086': ['1086'], '1089': ['1089'], '1043': ['1043'], '1121': ['1121'], '1122': ['1122'], '1123': ['1123'], '1124': ['1124'], '1036': ['1036'], '1092': ['1092'], '1150': ['1150'], '1093': ['1093', '1094', '1151', '1149', '1037'], '1145': ['1145'], '1144': ['1144'], '1044': ['1044'], '1087': ['1087'], '1088': ['1088', '1142', '1141', '1143', '1140'], '1090': ['1090'], '1091': ['1091'], '1045': ['1045'], '1115': ['1115'], '1062': ['1062'], '1077': ['1077'], '1117': ['1117'], '1146': ['1146'], '1075': ['1075'], '1076': ['1076'], '1118': ['1118'], '1073': ['1073'], '1074': ['1074'], '1116': ['1116'], '1135': ['1135'], '1137': ['1137'], '1139': ['1139'], '1119': ['1119'], '1120': ['1120'], '1132': ['1132'], '1130': ['1130'], '1134': ['1134'], '1133': ['1133']})"
101,"defaultdict(<class 'list'>, {'1040': ['1040'], '1080': ['1080'], '1079': ['1079'], '1081': ['1081'], '1095': ['1095'], '1082': ['1082', '1084', '1042', '1083', '1085'], '1096': ['1096'], '1136': ['1136'], '1138': ['1138'], '1041': ['1041'], '1126': ['1126'], '1125': ['1125'], '1127': ['1127'], '1128': ['1128', '1131', '1132', '1130', '1133'], '1129': ['1129'], '1032': ['1032'], '1052': ['1052'], '1063': ['1063'], '1160': ['1160'], '1051': ['1051'], '1055': ['1055'], '1057': ['1057'], '1060': ['1060'], '1071': ['1071'], '1147': ['1147'], '1148': ['1148', '1158', '1157', '1159', '1156'], '1161': ['1161'], '1053': ['1053'], '1066': ['1066'], '1056': ['1056'], '1061': ['1061'], '1072': ['1072'], '1162': ['1162'], '1033': ['1033', '1153', '1154', '1155', '1152'], '1101': ['1101'], '1109': ['1109'], '1102': ['1102'], '1103': ['1103'], '1105': ['1105', '1106', '1107', '1058', '1059'], '1113': ['1113'], '1108': ['1108'], '1110': ['1110'], '1104': ['1104'], '1114': ['1114'], '1038': ['1038', '1048', '1068', '1034', '1067'], '1049': ['1049'], '1050': ['1050'], '1054': ['1054'], '1039': ['1039', '1097', '1098', '1099', '1035'], '1112': ['1112'], '1100': ['1100'], '1111': ['1111'], '1030': ['1030'], '1046': ['1046'], '1069': ['1069'], '1064': ['1064'], '1065': ['1065'], '1047': ['1047'], '1070': ['1070'], '1031': ['1031'], '1086': ['1086'], '1089': ['1089'], '1043': ['1043'], '1121': ['1121'], '1122': ['1122'], '1123': ['1123'], '1124': ['1124'], '1036': ['1036', '1092', '1150', '1151', '1149'], '1093': ['1093'], '1094': ['1094'], '1145': ['1145'], '1144': ['1144'], '1037': ['1037'], '1044': ['1044'], '1087': ['1087'], '1088': ['1088'], '1090': ['1090'], '1142': ['1142'], '1141': ['1141'], '1091': ['1091'], '1143': ['1143'], '1045': ['1045'], '1115': ['1115'], '1062': ['1062'], '1077': ['1077'], '1117': ['1117'], '1146': ['1146'], '1075': ['1075'], '1076': ['1076'], '1118': ['1118'], '1073': ['1073'], '1078': ['1078'], '1074': ['1074'], '1116': ['1116'], '1135': ['1135'], '1137': ['1137'], '1140': ['1140'], '1139': ['1139'], '1119': ['1119'], '1120': ['1120'], '1134': ['1134']})"
101,"defaultdict(<class 'list'>, {'1040': ['1040'], '1080': ['1080'], '1079': ['1079'], '1081': ['1081'], '1095': ['1095'], '1082': ['1082'], '1084': ['1084'], '1096': ['1096', '1138', '1135', '1137', '1139'], '1136': ['1136'], '1041': ['1041', '1126', '1125', '1127', '1124'], '1128': ['1128'], '1129': ['1129'], '1131': ['1131'], '1032': ['1032'], '1052': ['1052'], '1063': ['1063'], '1160': ['1160'], '1051': ['1051'], '1055': ['1055'], '1057': ['1057', '1060', '1061', '1058', '1059', '1071', '1072', '1062', '1073'], '1147': ['1147'], '1148': ['1148'], '1158': ['1158'], '1161': ['1161'], '1053': ['1053'], '1066': ['1066'], '1056': ['1056', '1077', '1075', '1076', '1074'], '1157': ['1157'], '1159': ['1159'], '1162': ['1162'], '1033': ['1033'], '1101': ['1101'], '1109': ['1109'], '1153': ['1153'], '1102': ['1102'], '1103': ['1103'], '1105': ['1105'], '1106': ['1106'], '1113': ['1113'], '1154': ['1154'], '1155': ['1155'], '1108': ['1108'], '1110': ['1110'], '1104': ['1104'], '1107': ['1107'], '1114': ['1114'], '1156': ['1156'], '1038': ['1038'], '1048': ['1048'], '1049': ['1049'], '1050': ['1050'], '1054': ['1054'], '1068': ['1068'], '1039': ['1039'], '1097': ['1097'], '1098': ['1098'], '1099': ['1099'], '1112': ['1112'], '1100': ['1100'], '1034': ['1034'], '1067': ['1067'], '1035': ['1035'], '1111': ['1111'], '1030': ['1030'], '1046': ['1046'], '1069': ['1069'], '1064': ['1064'], '1065': ['1065'], '1047': ['1047'], '1070': ['1070'], '1031': ['1031'], '1042': ['1042'], '1083': ['1083'], '1085': ['1085'], '1086': ['1086', '1087', '1088', '1141', '1143'], '1089': ['1089', '1149', '1044', '1090', '1091'], '1043': ['1043'], '1121': ['1121'], '1122': ['1122'], '1123': ['1123'], '1036': ['1036'], '1092': ['1092'], '1150': ['1150'], '1093': ['1093'], '1094': ['1094'], '1145': ['1145'], '1151': ['1151'], '1144': ['1144'], '1037': ['1037'], '1142': ['1142'], '1045': ['1045'], '1115': ['1115', '1118', '1116', '1119', '1120'], '1117': ['1117'], '1146': ['1146'], '1152': ['1152'], '1078': ['1078'], '1140': ['1140'], '1132': ['1132'], '1130': ['1130'], '1134': ['1134'], '1133': ['1133']})"
102,"defaultdict(<class 'list'>, {'1040': ['1040', '1080', '1079', '1077', '1076', '1078', '1081', '1082', '1083'], '1095': ['1095'], '1084': ['1084'], '1096': ['1096', '1138', '1135', '1137', '1139'], '1136': ['1136'], '1041': ['1041'], '1126': ['1126'], '1125': ['1125'], '1127': ['1127'], '1128': ['1128'], '1129': ['1129'], '1131': ['1131'], '1032': ['1032'], '1052': ['1052'], '1063': ['1063'], '1160': ['1160'], '1051': ['1051'], '1055': ['1055'], '1057': ['1057'], '1060': ['1060'], '1071': ['1071'], '1147': ['1147'], '1148': ['1148'], '1158': ['1158'], '1161': ['1161'], '1053': ['1053'], '1066': ['1066'], '1056': ['1056'], '1061': ['1061'], '1072': ['1072'], '1157': ['1157'], '1159': ['1159'], '1162': ['1162'], '1033': ['1033', '1101', '1109', '1153', '1100', '1154', '1155', '1152'], '1102': ['1102'], '1103': ['1103'], '1105': ['1105'], '1106': ['1106'], '1113': ['1113'], '1108': ['1108'], '1110': ['1110'], '1104': ['1104'], '1107': ['1107'], '1114': ['1114'], '1156': ['1156'], '1038': ['1038'], '1048': ['1048'], '1049': ['1049'], '1050': ['1050'], '1054': ['1054'], '1068': ['1068'], '1039': ['1039'], '1097': ['1097'], '1098': ['1098'], '1099': ['1099'], '1112': ['1112'], '1034': ['1034'], '1067': ['1067'], '1035': ['1035'], '1111': ['1111'], '1030': ['1030'], '1046': ['1046'], '1069': ['1069'], '1058': ['1058'], '1059': ['1059'], '1064': ['1064'], '1065': ['1065'], '1047': ['1047'], '1070': ['1070'], '1031': ['1031'], '1042': ['1042'], '1085': ['1085'], '1086': ['1086', '1089', '1044', '1087', '1090'], '1043': ['1043'], '1121': ['1121'], '1122': ['1122'], '1123': ['1123'], '1124': ['1124'], '1036': ['1036'], '1092': ['1092'], '1150': ['1150'], '1093': ['1093', '1094', '1151', '1149', '1037'], '1145': ['1145'], '1144': ['1144'], '1088': ['1088', '1142', '1141', '1143', '1140'], '1091': ['1091'], '1045': ['1045'], '1115': ['1115'], '1062': ['1062'], '1117': ['1117'], '1146': ['1146'], '1075': ['1075'], '1118': ['1118'], '1073': ['1073'], '1074': ['1074'], '1116': ['1116'], '1119': ['1119'], '1120': ['1120'], '1132': ['1132'], '1130': ['1130'], '1134': ['1134'], '1133': ['1133']})"
102,"defaultdict(<class 'list'>, {'1040': ['1040'], '1080': ['1080'], '1079': ['1079'], '1081': ['1081'], '1095': ['1095'], '1082': ['1082'], '1084': ['1084'], '1096': ['1096'], '1136': ['1136'], '1138': ['1138'], '1041': ['1041', '1126', '1125', '1127', '1043', '1121', '1122', '1123', '1045', '1124', '1128', '1132'], '1129': ['1129'], '1131': ['1131'], '1032': ['1032'], '1052': ['1052'], '1063': ['1063'], '1160': ['1160'], '1051': ['1051'], '1055': ['1055'], '1057': ['1057'], '1060': ['1060'], '1071': ['1071'], '1147': ['1147'], '1148': ['1148'], '1158': ['1158'], '1161': ['1161'], '1053': ['1053'], '1066': ['1066'], '1056': ['1056'], '1061': ['1061'], '1072': ['1072'], '1157': ['1157'], '1159': ['1159'], '1162': ['1162'], '1033': ['1033'], '1101': ['1101'], '1109': ['1109'], '1153': ['1153'], '1102': ['1102'], '1103': ['1103'], '1105': ['1105'], '1106': ['1106'], '1113': ['1113'], '1154': ['1154'], '1155': ['1155'], '1108': ['1108'], '1110': ['1110'], '1104': ['1104'], '1107': ['1107'], '1114': ['1114'], '1156': ['1156'], '1038': ['1038', '1048', '1068', '1034', '1067'], '1049': ['1049'], '1050': ['1050'], '1054': ['1054'], '1039': ['1039', '1097', '1098', '1099', '1035'], '1112': ['1112'], '1100': ['1100'], '1111': ['1111'], '1030': ['1030', '1046', '1069', '1047', '1070'], '1058': ['1058'], '1059': ['1059'], '1064': ['1064'], '1065': ['1065'], '1031': ['1031'], '1042': ['1042'], '1083': ['1083'], '1085': ['1085'], '1086': ['1086', '1089', '1087', '1090', '1091'], '1036': ['1036'], '1092': ['1092'], '1150': ['1150'], '1093': ['1093', '1094', '1151', '1149', '1037'], '1145': ['1145'], '1144': ['1144'], '1044': ['1044'], '1088': ['1088'], '1142': ['1142'], '1141': ['1141'], '1143': ['1143'], '1115': ['1115'], '1062': ['1062'], '1077': ['1077'], '1117': ['1117'], '1146': ['1146'], '1152': ['1152'], '1075': ['1075'], '1076': ['1076'], '1118': ['1118'], '1073': ['1073'], '1078': ['1078'], '1074': ['1074'], '1116': ['1116'], '1135': ['1135'], '1137': ['1137'], '1140': ['1140'], '1139': ['1139'], '1119': ['1119'], '1120': ['1120'], '1130': ['1130'], '1134': ['1134'], '1133': ['1133']})"
102,"defaultdict(<class 'list'>, {'1040': ['1040'], '1080': ['1080'], '1079': ['1079'], '1081': ['1081'], '1095': ['1095'], '1082': ['1082', '1084', '1042', '1083', '1085'], '1096': ['1096'], '1136': ['1136'], '1138': ['1138'], '1041': ['1041'], '1126': ['1126'], '1125': ['1125'], '1127': ['1127'], '1128': ['1128'], '1129': ['1129'], '1131': ['1131'], '1032': ['1032'], '1052': ['1052', '1053', '1049', '1050', '1054'], '1063': ['1063'], '1160': ['1160'], '1051': ['1051'], '1055': ['1055'], '1057': ['1057'], '1060': ['1060'], '1071': ['1071'], '1147': ['1147'], '1148': ['1148', '1158', '1157', '1159', '1156'], '1161': ['1161'], '1066': ['1066'], '1056': ['1056'], '1061': ['1061', '1062', '1075', '1073', '1074'], '1072': ['1072'], '1162': ['1162'], '1033': ['1033'], '1101': ['1101'], '1109': ['1109'], '1153': ['1153'], '1102': ['1102', '1103', '1104', '1117', '1118'], '1105': ['1105'], '1106': ['1106'], '1113': ['1113'], '1154': ['1154'], '1155': ['1155'], '1108': ['1108'], '1110': ['1110'], '1107': ['1107'], '1114': ['1114'], '1038': ['1038', '1048', '1068', '1034', '1067'], '1039': ['1039'], '1097': ['1097'], '1098': ['1098'], '1099': ['1099'], '1112': ['1112'], '1100': ['1100'], '1035': ['1035'], '1111': ['1111'], '1030': ['1030'], '1046': ['1046'], '1069': ['1069', '1064', '1065', '1070', '1031'], '1058': ['1058'], '1059': ['1059'], '1047': ['1047'], '1086': ['1086'], '1089': ['1089'], '1043': ['1043'], '1121': ['1121'], '1122': ['1122'], '1123': ['1123'], '1124': ['1124'], '1036': ['1036'], '1092': ['1092'], '1150': ['1150'], '1093': ['1093'], '1094': ['1094'], '1145': ['1145'], '1151': ['1151'], '1144': ['1144'], '1149': ['1149'], '1037': ['1037'], '1044': ['1044'], '1087': ['1087'], '1088': ['1088'], '1090': ['1090'], '1142': ['1142'], '1141': ['1141'], '1091': ['1091'], '1143': ['1143'], '1045': ['1045'], '1115': ['1115', '1116', '1119', '1120'], '1077': ['1077'], '1146': ['1146'], '1152': ['1152'], '1076': ['1076'], '1078': ['1078'], '1135': ['1135'], '1137': ['1137'], '1140': ['1140'], '1139': ['1139'], '1132': ['1132'], '1130': ['1130'], '1134': ['1134'], '1133': ['1133']})"
102,"defaultdict(<class 'list'>, {'1040': ['1040'], '1080': ['1080'], '1079': ['1079'], '1081': ['1081'], '1095': ['1095'], '1082': ['1082', '1084', '1042', '1083', '1085'], '1096': ['1096'], '1136': ['1136'], '1138': ['1138'], '1041': ['1041'], '1126': ['1126'], '1125': ['1125'], '1127': ['1127'], '1128': ['1128'], '1129': ['1129'], '1131': ['1131'], '1032': ['1032'], '1052': ['1052'], '1063': ['1063'], '1160': ['1160'], '1051': ['1051'], '1055': ['1055'], '1057': ['1057'], '1060': ['1060'], '1071': ['1071'], '1147': ['1147'], '1148': ['1148', '1158', '1157', '1159', '1156'], '1161': ['1161'], '1053': ['1053'], '1066': ['1066'], '1056': ['1056'], '1061': ['1061'], '1072': ['1072'], '1162': ['1162'], '1033': ['1033'], '1101': ['1101', '1102', '1098', '1099', '1100'], '1109': ['1109'], '1153': ['1153'], '1103': ['1103'], '1105': ['1105', '1106', '1107', '1058', '1059'], '1113': ['1113'], '1154': ['1154'], '1155': ['1155'], '1108': ['1108'], '1110': ['1110'], '1104': ['1104', '1112', '1111', '1117'], '1114': ['1114', '1115', '1118', '1116', '1119'], '1038': ['1038'], '1048': ['1048'], '1049': ['1049'], '1050': ['1050'], '1054': ['1054'], '1068': ['1068'], '1039': ['1039'], '1097': ['1097'], '1034': ['1034'], '1067': ['1067'], '1035': ['1035'], '1030': ['1030', '1046', '1069', '1047', '1070'], '1064': ['1064'], '1065': ['1065'], '1031': ['1031'], '1086': ['1086', '1089', '1044', '1087', '1090'], '1043': ['1043'], '1121': ['1121'], '1122': ['1122'], '1123': ['1123'], '1124': ['1124'], '1036': ['1036'], '1092': ['1092'], '1150': ['1150'], '1093': ['1093'], '1094': ['1094'], '1145': ['1145'], '1151': ['1151'], '1144': ['1144'], '1149': ['1149'], '1037': ['1037'], '1088': ['1088'], '1142': ['1142'], '1141': ['1141'], '1091': ['1091'], '1143': ['1143'], '1045': ['1045'], '1062': ['1062'], '1077': ['1077'], '1146': ['1146'], '1152': ['1152'], '1075': ['1075'], '1076': ['1076'], '1073': ['1073'], '1078': ['1078'], '1074': ['1074'], '1135': ['1135'], '1137': ['1137'], '1140': ['1140'], '1139': ['1139'], '1120': ['1120'], '1132': ['1132'], '1130': ['1130'], '1134': ['1134'], '1133': ['1133']})"
102,"defaultdict(<class 'list'>, {'1040': ['1040'], '1080': ['1080'], '1079': ['1079'], '1081': ['1081'], '1095': ['1095'], '1082': ['1082'], '1084': ['1084'], '1096': ['1096'], '1136': ['1136'], '1138': ['1138'], '1041': ['1041', '1126', '1125', '1127', '1124', '1129', '1122', '1123', '1045', '1043', '1121', '1134'], '1128': ['1128'], '1131': ['1131'], '1032': ['1032'], '1052': ['1052'], '1063': ['1063'], '1160': ['1160', '1147', '1161', '1145', '1146'], '1051': ['1051'], '1055': ['1055'], '1057': ['1057'], '1060': ['1060'], '1071': ['1071'], '1148': ['1148', '1158', '1157', '1159', '1156'], '1053': ['1053'], '1066': ['1066'], '1056': ['1056'], '1061': ['1061'], '1072': ['1072'], '1162': ['1162'], '1033': ['1033', '1153', '1154', '1155', '1152'], '1101': ['1101'], '1109': ['1109'], '1102': ['1102'], '1103': ['1103'], '1105': ['1105'], '1106': ['1106'], '1113': ['1113'], '1108': ['1108'], '1110': ['1110'], '1104': ['1104'], '1107': ['1107'], '1114': ['1114'], '1038': ['1038'], '1048': ['1048'], '1049': ['1049'], '1050': ['1050'], '1054': ['1054'], '1068': ['1068'], '1039': ['1039', '1097', '1098', '1099', '1035'], '1112': ['1112'], '1100': ['1100'], '1034': ['1034'], '1067': ['1067'], '1111': ['1111'], '1030': ['1030'], '1046': ['1046'], '1069': ['1069'], '1058': ['1058'], '1059': ['1059'], '1064': ['1064'], '1065': ['1065'], '1047': ['1047'], '1070': ['1070'], '1031': ['1031'], '1042': ['1042'], '1083': ['1083'], '1085': ['1085'], '1086': ['1086'], '1089': ['1089'], '1036': ['1036'], '1092': ['1092'], '1150': ['1150'], '1093': ['1093'], '1094': ['1094'], '1151': ['1151'], '1144': ['1144'], '1149': ['1149'], '1037': ['1037'], '1044': ['1044'], '1087': ['1087'], '1088': ['1088'], '1090': ['1090'], '1142': ['1142'], '1141': ['1141'], '1091': ['1091'], '1143': ['1143'], '1115': ['1115'], '1062': ['1062'], '1077': ['1077'], '1117': ['1117', '1118', '1116', '1119', '1120'], '1075': ['1075'], '1076': ['1076'], '1073': ['1073'], '1078': ['1078'], '1074': ['1074'], '1135': ['1135'], '1137': ['1137'], '1140': ['1140'], '1139': ['1139'], '1132': ['1132'], '1130': ['1130'], '1133': ['1133']})"
103,"defaultdict(<class 'list'>, {'1040': ['1040'], '1080': ['1080'], '1079': ['1079', '1077', '1075', '1076', '1074'], '1081': ['1081'], '1095': ['1095'], '1082': ['1082'], '1084': ['1084'], '1096': ['1096'], '1136': ['1136'], '1138': ['1138'], '1041': ['1041'], '1126': ['1126'], '1125': ['1125'], '1127': ['1127'], '1128': ['1128'], '1129': ['1129'], '1131': ['1131'], '1032': ['1032'], '1052': ['1052'], '1063': ['1063'], '1160': ['1160'], '1051': ['1051'], '1055': ['1055'], '1057': ['1057', '1060', '1061', '1105', '1106', '1107', '1058', '1059', '1062'], '1071': ['1071'], '1147': ['1147'], '1148': ['1148', '1158', '1157', '1159'], '1161': ['1161'], '1053': ['1053'], '1066': ['1066'], '1056': ['1056'], '1072': ['1072'], '1162': ['1162'], '1033': ['1033', '1153', '1155', '1156'], '1101': ['1101'], '1109': ['1109'], '1102': ['1102'], '1103': ['1103'], '1113': ['1113'], '1154': ['1154', '1036', '1150', '1151', '1152'], '1108': ['1108'], '1110': ['1110'], '1104': ['1104'], '1114': ['1114'], '1038': ['1038'], '1048': ['1048'], '1049': ['1049'], '1050': ['1050'], '1054': ['1054'], '1068': ['1068'], '1039': ['1039', '1097', '1098', '1099', '1035'], '1112': ['1112'], '1100': ['1100'], '1034': ['1034'], '1067': ['1067'], '1111': ['1111'], '1030': ['1030'], '1046': ['1046'], '1069': ['1069'], '1064': ['1064'], '1065': ['1065'], '1047': ['1047'], '1070': ['1070'], '1031': ['1031'], '1042': ['1042'], '1083': ['1083'], '1085': ['1085'], '1086': ['1086', '1089', '1044', '1087', '1090'], '1043': ['1043'], '1121': ['1121'], '1122': ['1122'], '1123': ['1123'], '1124': ['1124'], '1092': ['1092'], '1093': ['1093'], '1094': ['1094'], '1145': ['1145'], '1144': ['1144'], '1149': ['1149'], '1037': ['1037'], '1088': ['1088'], '1142': ['1142'], '1141': ['1141'], '1091': ['1091'], '1143': ['1143'], '1045': ['1045'], '1115': ['1115'], '1117': ['1117'], '1146': ['1146'], '1118': ['1118'], '1073': ['1073'], '1078': ['1078'], '1116': ['1116'], '1135': ['1135'], '1137': ['1137'], '1140': ['1140'], '1139': ['1139'], '1119': ['1119'], '1120': ['1120'], '1132': ['1132'], '1130': ['1130'], '1134': ['1134'], '1133': ['1133']})"
103,"defaultdict(<class 'list'>, {'1040': ['1040', '1080', '1079', '1081', '1078'], '1095': ['1095'], '1082': ['1082'], '1084': ['1084'], '1096': ['1096'], '1136': ['1136'], '1138': ['1138'], '1041': ['1041'], '1126': ['1126'], '1125': ['1125'], '1127': ['1127'], '1128': ['1128'], '1129': ['1129'], '1131': ['1131'], '1032': ['1032', '1160', '1147', '1161', '1145', '1146', '1162'], '1052': ['1052', '1051', '1053', '1049', '1050'], '1063': ['1063'], '1055': ['1055'], '1057': ['1057'], '1060': ['1060'], '1071': ['1071'], '1148': ['1148'], '1158': ['1158'], '1066': ['1066'], '1056': ['1056'], '1061': ['1061'], '1072': ['1072'], '1157': ['1157'], '1159': ['1159'], '1033': ['1033'], '1101': ['1101'], '1109': ['1109'], '1153': ['1153'], '1102': ['1102'], '1103': ['1103'], '1105': ['1105'], '1106': ['1106'], '1113': ['1113'], '1154': ['1154', '1036', '1150', '1151', '1152'], '1155': ['1155'], '1108': ['1108'], '1110': ['1110'], '1104': ['1104'], '1107': ['1107'], '1114': ['1114'], '1156': ['1156'], '1038': ['1038'], '1048': ['1048'], '1054': ['1054'], '1068': ['1068'], '1039': ['1039', '1097', '1098', '1099', '1035'], '1112': ['1112'], '1100': ['1100'], '1034': ['1034'], '1067': ['1067'], '1111': ['1111'], '1030': ['1030', '1046', '1069', '1047', '1070'], '1058': ['1058'], '1059': ['1059'], '1064': ['1064'], '1065': ['1065'], '1031': ['1031'], '1042': ['1042'], '1083': ['1083'], '1085': ['1085'], '1086': ['1086'], '1089': ['1089'], '1043': ['1043', '1121', '1122', '1123', '1045'], '1124': ['1124'], '1092': ['1092'], '1093': ['1093'], '1094': ['1094'], '1144': ['1144'], '1149': ['1149'], '1037': ['1037'], '1044': ['1044'], '1087': ['1087'], '1088': ['1088'], '1090': ['1090'], '1142': ['1142'], '1141': ['1141'], '1091': ['1091'], '1143': ['1143'], '1115': ['1115'], '1062': ['1062'], '1077': ['1077'], '1117': ['1117'], '1075': ['1075'], '1076': ['1076'], '1118': ['1118'], '1073': ['1073'], '1074': ['1074'], '1116': ['1116'], '1135': ['1135'], '1137': ['1137'], '1140': ['1140'], '1139': ['1139'], '1119': ['1119'], '1120': ['1120'], '1132': ['1132'], '1130': ['1130'], '1134': ['1134'], '1133': ['1133']})"
103,"defaultdict(<class 'list'>, {'1040': ['1040', '1080', '1081', '1082', '1078'], '1079': ['1079'], '1095': ['1095'], '1084': ['1084'], '1096': ['1096', '1138', '1135', '1137', '1139'], '1136': ['1136'], '1041': ['1041'], '1126': ['1126'], '1125': ['1125'], '1127': ['1127'], '1128': ['1128', '1131', '1132', '1130', '1133', '1129', '1120', '1134'], '1032': ['1032'], '1052': ['1052'], '1063': ['1063'], '1160': ['1160'], '1051': ['1051'], '1055': ['1055'], '1057': ['1057', '1060', '1061', '1058', '1059'], '1071': ['1071'], '1147': ['1147'], '1148': ['1148'], '1158': ['1158'], '1161': ['1161'], '1053': ['1053'], '1066': ['1066'], '1056': ['1056'], '1072': ['1072'], '1157': ['1157'], '1159': ['1159'], '1162': ['1162'], '1033': ['1033'], '1101': ['1101'], '1109': ['1109'], '1153': ['1153'], '1102': ['1102'], '1103': ['1103'], '1105': ['1105', '1106', '1113', '1107', '1114'], '1154': ['1154'], '1155': ['1155'], '1108': ['1108'], '1110': ['1110'], '1104': ['1104'], '1156': ['1156'], '1038': ['1038'], '1048': ['1048'], '1049': ['1049'], '1050': ['1050'], '1054': ['1054'], '1068': ['1068'], '1039': ['1039'], '1097': ['1097'], '1098': ['1098'], '1099': ['1099'], '1112': ['1112'], '1100': ['1100'], '1034': ['1034'], '1067': ['1067'], '1035': ['1035'], '1111': ['1111'], '1030': ['1030'], '1046': ['1046'], '1069': ['1069'], '1064': ['1064'], '1065': ['1065'], '1047': ['1047'], '1070': ['1070'], '1031': ['1031'], '1042': ['1042'], '1083': ['1083'], '1085': ['1085'], '1086': ['1086'], '1089': ['1089'], '1043': ['1043'], '1121': ['1121'], '1122': ['1122'], '1123': ['1123'], '1124': ['1124'], '1036': ['1036', '1092', '1150', '1151', '1149'], '1093': ['1093'], '1094': ['1094'], '1145': ['1145'], '1144': ['1144'], '1037': ['1037'], '1044': ['1044'], '1087': ['1087'], '1088': ['1088', '1142', '1141', '1143'], '1090': ['1090'], '1091': ['1091'], '1045': ['1045'], '1115': ['1115'], '1062': ['1062'], '1077': ['1077'], '1117': ['1117'], '1146': ['1146'], '1152': ['1152'], '1075': ['1075'], '1076': ['1076'], '1118': ['1118'], '1073': ['1073'], '1074': ['1074'], '1116': ['1116'], '1140': ['1140'], '1119': ['1119']})"
104,"defaultdict(<class 'list'>, {'1040': ['1040'], '1080': ['1080', '1079', '1077', '1076', '1078'], '1081': ['1081'], '1095': ['1095'], '1082': ['1082'], '1084': ['1084'], '1096': ['1096', '1138', '1135', '1137', '1139'], '1136': ['1136'], '1041': ['1041'], '1126': ['1126'], '1125': ['1125'], '1127': ['1127'], '1128': ['1128', '1131', '1132', '1130', '1133'], '1129': ['1129'], '1032': ['1032'], '1052': ['1052'], '1063': ['1063'], '1160': ['1160'], '1051': ['1051'], '1055': ['1055'], '1057': ['1057'], '1060': ['1060'], '1071': ['1071'], '1147': ['1147'], '1148': ['1148'], '1158': ['1158'], '1161': ['1161'], '1053': ['1053'], '1066': ['1066'], '1056': ['1056'], '1061': ['1061'], '1072': ['1072'], '1157': ['1157'], '1159': ['1159'], '1162': ['1162'], '1033': ['1033', '1101', '1109', '1153', '1100'], '1102': ['1102'], '1103': ['1103'], '1105': ['1105'], '1106': ['1106'], '1113': ['1113'], '1154': ['1154', '1151', '1152'], '1155': ['1155'], '1108': ['1108'], '1110': ['1110'], '1104': ['1104'], '1107': ['1107'], '1114': ['1114'], '1156': ['1156'], '1038': ['1038'], '1048': ['1048'], '1049': ['1049'], '1050': ['1050'], '1054': ['1054'], '1068': ['1068'], '1039': ['1039', '1097', '1112', '1035', '1111'], '1098': ['1098'], '1099': ['1099'], '1034': ['1034'], '1067': ['1067'], '1030': ['1030'], '1046': ['1046'], '1069': ['1069'], '1058': ['1058'], '1059': ['1059'], '1064': ['1064'], '1065': ['1065'], '1047': ['1047'], '1070': ['1070'], '1031': ['1031'], '1042': ['1042'], '1083': ['1083'], '1085': ['1085'], '1086': ['1086', '1089', '1044', '1087', '1090'], '1043': ['1043'], '1121': ['1121'], '1122': ['1122'], '1123': ['1123'], '1124': ['1124'], '1036': ['1036'], '1092': ['1092'], '1150': ['1150'], '1093': ['1093'], '1094': ['1094'], '1145': ['1145'], '1144': ['1144'], '1149': ['1149'], '1037': ['1037'], '1088': ['1088', '1142', '1141', '1143'], '1091': ['1091'], '1045': ['1045'], '1115': ['1115'], '1062': ['1062'], '1117': ['1117'], '1146': ['1146'], '1075': ['1075'], '1118': ['1118'], '1073': ['1073'], '1074': ['1074'], '1116': ['1116'], '1140': ['1140'], '1119': ['1119'], '1120': ['1120'], '1134': ['1134']})"
105,"defaultdict(<class 'list'>, {'1040': ['1040', '1080', '1079', '1081', '1078'], '1095': ['1095'], '1082': ['1082'], '1084': ['1084'], '1096': ['1096'], '1136': ['1136'], '1138': ['1138'], '1041': ['1041'], '1126': ['1126', '1125', '1127', '1128', '1124'], '1129': ['1129'], '1131': ['1131'], '1032': ['1032', '1160', '1161', '1162', '1146'], '1052': ['1052', '1053', '1049', '1050', '1054'], '1063': ['1063'], '1051': ['1051'], '1055': ['1055'], '1057': ['1057'], '1060': ['1060'], '1071': ['1071'], '1147': ['1147'], '1148': ['1148'], '1158': ['1158'], '1066': ['1066'], '1056': ['1056'], '1061': ['1061'], '1072': ['1072'], '1157': ['1157'], '1159': ['1159'], '1033': ['1033'], '1101': ['1101'], '1109': ['1109'], '1153': ['1153'], '1102': ['1102'], '1103': ['1103'], '1105': ['1105'], '1106': ['1106'], '1113': ['1113'], '1154': ['1154'], '1155': ['1155'], '1108': ['1108'], '1110': ['1110'], '1104': ['1104'], '1107': ['1107'], '1114': ['1114'], '1156': ['1156'], '1038': ['1038'], '1048': ['1048'], '1068': ['1068'], '1039': ['1039', '1097', '1098', '1099', '1035'], '1112': ['1112'], '1100': ['1100'], '1034': ['1034'], '1067': ['1067'], '1111': ['1111'], '1030': ['1030'], '1046': ['1046'], '1069': ['1069'], '1058': ['1058'], '1059': ['1059'], '1064': ['1064'], '1065': ['1065'], '1047': ['1047'], '1070': ['1070'], '1031': ['1031'], '1042': ['1042'], '1083': ['1083'], '1085': ['1085'], '1086': ['1086'], '1089': ['1089'], '1043': ['1043'], '1121': ['1121'], '1122': ['1122'], '1123': ['1123'], '1036': ['1036'], '1092': ['1092'], '1150': ['1150'], '1093': ['1093', '1094', '1151', '1149', '1037'], '1145': ['1145'], '1144': ['1144'], '1044': ['1044'], '1087': ['1087'], '1088': ['1088'], '1090': ['1090'], '1142': ['1142'], '1141': ['1141'], '1091': ['1091'], '1143': ['1143'], '1045': ['1045'], '1115': ['1115'], '1062': ['1062'], '1077': ['1077', '1075', '1076', '1073', '1074'], '1117': ['1117'], '1152': ['1152'], '1118': ['1118'], '1116': ['1116'], '1135': ['1135'], '1137': ['1137'], '1140': ['1140'], '1139': ['1139'], '1119': ['1119'], '1120': ['1120'], '1132': ['1132'], '1130': ['1130'], '1134': ['1134'], '1133': ['1133']})"
105,"defaultdict(<class 'list'>, {'1040': ['1040'], '1080': ['1080', '1079', '1077', '1076', '1078'], '1081': ['1081'], '1095': ['1095'], '1082': ['1082'], '1084': ['1084'], '1096': ['1096'], '1136': ['1136'], '1138': ['1138'], '1041': ['1041'], '1126': ['1126'], '1125': ['1125'], '1127': ['1127'], '1128': ['1128', '1131', '1132', '1130', '1133'], '1129': ['1129'], '1032': ['1032', '1160', '1161', '1162', '1146'], '1052': ['1052'], '1063': ['1063'], '1051': ['1051'], '1055': ['1055'], '1057': ['1057'], '1060': ['1060'], '1071': ['1071'], '1147': ['1147'], '1148': ['1148', '1158', '1157', '1159', '1156', '1153', '1154', '1155', '1152'], '1053': ['1053'], '1066': ['1066'], '1056': ['1056'], '1061': ['1061'], '1072': ['1072'], '1033': ['1033'], '1101': ['1101'], '1109': ['1109'], '1102': ['1102'], '1103': ['1103'], '1105': ['1105'], '1106': ['1106'], '1113': ['1113'], '1108': ['1108'], '1110': ['1110'], '1104': ['1104'], '1107': ['1107'], '1114': ['1114'], '1038': ['1038'], '1048': ['1048'], '1049': ['1049'], '1050': ['1050'], '1054': ['1054'], '1068': ['1068'], '1039': ['1039'], '1097': ['1097'], '1098': ['1098'], '1099': ['1099'], '1112': ['1112'], '1100': ['1100'], '1034': ['1034'], '1067': ['1067'], '1035': ['1035'], '1111': ['1111'], '1030': ['1030'], '1046': ['1046'], '1069': ['1069', '1064', '1065', '1070', '1031'], '1058': ['1058'], '1059': ['1059'], '1047': ['1047'], '1042': ['1042'], '1083': ['1083'], '1085': ['1085'], '1086': ['1086'], '1089': ['1089'], '1043': ['1043'], '1121': ['1121'], '1122': ['1122'], '1123': ['1123'], '1124': ['1124'], '1036': ['1036', '1092', '1150', '1151', '1149'], '1093': ['1093'], '1094': ['1094'], '1145': ['1145'], '1144': ['1144'], '1037': ['1037'], '1044': ['1044'], '1087': ['1087'], '1088': ['1088'], '1090': ['1090'], '1142': ['1142'], '1141': ['1141'], '1091': ['1091'], '1143': ['1143'], '1045': ['1045'], '1115': ['1115'], '1062': ['1062'], '1117': ['1117'], '1075': ['1075'], '1118': ['1118'], '1073': ['1073'], '1074': ['1074'], '1116': ['1116'], '1135': ['1135'], '1137': ['1137'], '1140': ['1140'], '1139': ['1139'], '1119': ['1119'], '1120': ['1120'], '1134': ['1134']})"
105,"defaultdict(<class 'list'>, {'1040': ['1040'], '1080': ['1080'], '1079': ['1079'], '1081': ['1081'], '1095': ['1095'], '1082': ['1082'], '1084': ['1084'], '1096': ['1096', '1138', '1135', '1137', '1139'], '1136': ['1136'], '1041': ['1041'], '1126': ['1126'], '1125': ['1125'], '1127': ['1127'], '1128': ['1128'], '1129': ['1129'], '1131': ['1131'], '1032': ['1032', '1052', '1063', '1053', '1049'], '1160': ['1160'], '1051': ['1051'], '1055': ['1055'], '1057': ['1057'], '1060': ['1060'], '1071': ['1071'], '1147': ['1147'], '1148': ['1148'], '1158': ['1158'], '1161': ['1161'], '1066': ['1066'], '1056': ['1056'], '1061': ['1061'], '1072': ['1072'], '1157': ['1157'], '1159': ['1159'], '1162': ['1162'], '1033': ['1033'], '1101': ['1101'], '1109': ['1109'], '1153': ['1153'], '1102': ['1102'], '1103': ['1103'], '1105': ['1105', '1106', '1113', '1107', '1114'], '1154': ['1154'], '1155': ['1155'], '1108': ['1108'], '1110': ['1110'], '1104': ['1104'], '1156': ['1156'], '1038': ['1038', '1048', '1068', '1034', '1067'], '1050': ['1050'], '1054': ['1054'], '1039': ['1039'], '1097': ['1097'], '1098': ['1098'], '1099': ['1099'], '1112': ['1112'], '1100': ['1100'], '1035': ['1035'], '1111': ['1111'], '1030': ['1030'], '1046': ['1046'], '1069': ['1069', '1064', '1065', '1070', '1031'], '1058': ['1058'], '1059': ['1059'], '1047': ['1047'], '1042': ['1042'], '1083': ['1083'], '1085': ['1085'], '1086': ['1086', '1089', '1044', '1087', '1090'], '1043': ['1043', '1121', '1122', '1123', '1045'], '1124': ['1124'], '1036': ['1036'], '1092': ['1092'], '1150': ['1150'], '1093': ['1093'], '1094': ['1094'], '1145': ['1145'], '1151': ['1151'], '1144': ['1144'], '1149': ['1149'], '1037': ['1037'], '1088': ['1088'], '1142': ['1142'], '1141': ['1141'], '1091': ['1091'], '1143': ['1143'], '1115': ['1115'], '1062': ['1062'], '1077': ['1077'], '1117': ['1117'], '1146': ['1146'], '1152': ['1152'], '1075': ['1075'], '1076': ['1076'], '1118': ['1118'], '1073': ['1073'], '1078': ['1078'], '1074': ['1074'], '1116': ['1116'], '1140': ['1140'], '1119': ['1119'], '1120': ['1120'], '1132': ['1132'], '1130': ['1130'], '1134': ['1134'], '1133': ['1133']})"
105,"defaultdict(<class 'list'>, {'1040': ['1040', '1080', '1079', '1081', '1078'], '1095': ['1095'], '1082': ['1082'], '1084': ['1084'], '1096': ['1096'], '1136': ['1136'], '1138': ['1138'], '1041': ['1041'], '1126': ['1126'], '1125': ['1125'], '1127': ['1127'], '1128': ['1128'], '1129': ['1129'], '1131': ['1131'], '1032': ['1032'], '1052': ['1052'], '1063': ['1063'], '1160': ['1160'], '1051': ['1051'], '1055': ['1055'], '1057': ['1057'], '1060': ['1060'], '1071': ['1071'], '1147': ['1147'], '1148': ['1148', '1158', '1157', '1159', '1156'], '1161': ['1161'], '1053': ['1053'], '1066': ['1066'], '1056': ['1056'], '1061': ['1061'], '1072': ['1072'], '1162': ['1162'], '1033': ['1033', '1153', '1154', '1155', '1152'], '1101': ['1101'], '1109': ['1109'], '1102': ['1102'], '1103': ['1103'], '1105': ['1105'], '1106': ['1106'], '1113': ['1113'], '1108': ['1108'], '1110': ['1110'], '1104': ['1104'], '1107': ['1107'], '1114': ['1114', '1030', '1046', '1069', '1064', '1065', '1070', '1031', '1047'], '1038': ['1038'], '1048': ['1048'], '1049': ['1049'], '1050': ['1050'], '1054': ['1054'], '1068': ['1068'], '1039': ['1039'], '1097': ['1097'], '1098': ['1098'], '1099': ['1099'], '1112': ['1112'], '1100': ['1100'], '1034': ['1034'], '1067': ['1067'], '1035': ['1035'], '1111': ['1111'], '1058': ['1058'], '1059': ['1059'], '1042': ['1042'], '1083': ['1083'], '1085': ['1085'], '1086': ['1086'], '1089': ['1089'], '1043': ['1043'], '1121': ['1121'], '1122': ['1122'], '1123': ['1123'], '1124': ['1124'], '1036': ['1036'], '1092': ['1092'], '1150': ['1150'], '1093': ['1093', '1094', '1151', '1149', '1037'], '1145': ['1145'], '1144': ['1144'], '1044': ['1044'], '1087': ['1087'], '1088': ['1088', '1142', '1141', '1143', '1140'], '1090': ['1090'], '1091': ['1091'], '1045': ['1045'], '1115': ['1115'], '1062': ['1062'], '1077': ['1077'], '1117': ['1117'], '1146': ['1146'], '1075': ['1075'], '1076': ['1076'], '1118': ['1118'], '1073': ['1073'], '1074': ['1074'], '1116': ['1116'], '1135': ['1135'], '1137': ['1137'], '1139': ['1139'], '1119': ['1119'], '1120': ['1120'], '1132': ['1132'], '1130': ['1130'], '1134': ['1134'], '1133': ['1133']})"
105,"defaultdict(<class 'list'>, {'1040': ['1040'], '1080': ['1080'], '1079': ['1079'], '1081': ['1081'], '1095': ['1095'], '1082': ['1082'], '1084': ['1084'], '1096': ['1096', '1138', '1135', '1137', '1139'], '1136': ['1136'], '1041': ['1041'], '1126': ['1126'], '1125': ['1125'], '1127': ['1127'], '1128': ['1128'], '1129': ['1129'], '1131': ['1131'], '1032': ['1032'], '1052': ['1052'], '1063': ['1063'], '1160': ['1160'], '1051': ['1051'], '1055': ['1055'], '1057': ['1057'], '1060': ['1060'], '1071': ['1071'], '1147': ['1147'], '1148': ['1148', '1158', '1157', '1159', '1156'], '1161': ['1161'], '1053': ['1053'], '1066': ['1066'], '1056': ['1056', '1077', '1075', '1076', '1074'], '1061': ['1061'], '1072': ['1072'], '1162': ['1162'], '1033': ['1033', '1153', '1154', '1155', '1152'], '1101': ['1101'], '1109': ['1109'], '1102': ['1102'], '1103': ['1103'], '1105': ['1105'], '1106': ['1106'], '1113': ['1113'], '1108': ['1108'], '1110': ['1110'], '1104': ['1104'], '1107': ['1107'], '1114': ['1114'], '1038': ['1038'], '1048': ['1048'], '1049': ['1049'], '1050': ['1050'], '1054': ['1054'], '1068': ['1068'], '1039': ['1039'], '1097': ['1097'], '1098': ['1098'], '1099': ['1099'], '1112': ['1112'], '1100': ['1100'], '1034': ['1034'], '1067': ['1067'], '1035': ['1035'], '1111': ['1111'], '1030': ['1030'], '1046': ['1046'], '1069': ['1069'], '1058': ['1058'], '1059': ['1059'], '1064': ['1064'], '1065': ['1065'], '1047': ['1047'], '1070': ['1070'], '1031': ['1031'], '1042': ['1042'], '1083': ['1083'], '1085': ['1085'], '1086': ['1086', '1089', '1044', '1087', '1090'], '1043': ['1043', '1121', '1122', '1123', '1045'], '1124': ['1124'], '1036': ['1036'], '1092': ['1092'], '1150': ['1150'], '1093': ['1093'], '1094': ['1094'], '1145': ['1145'], '1151': ['1151'], '1144': ['1144'], '1149': ['1149'], '1037': ['1037'], '1088': ['1088', '1142', '1141', '1143', '1140'], '1091': ['1091'], '1115': ['1115'], '1062': ['1062'], '1117': ['1117'], '1146': ['1146'], '1118': ['1118'], '1073': ['1073'], '1078': ['1078'], '1116': ['1116'], '1119': ['1119'], '1120': ['1120'], '1132': ['1132'], '1130': ['1130'], '1134': ['1134'], '1133': ['1133']})"
105,"defaultdict(<class 'list'>, {'1040': ['1040'], '1080': ['1080'], '1079': ['1079'], '1081': ['1081'], '1095': ['1095'], '1082': ['1082'], '1084': ['1084'], '1096': ['1096'], '1136': ['1136'], '1138': ['1138'], '1041': ['1041'], '1126': ['1126'], '1125': ['1125'], '1127': ['1127'], '1128': ['1128'], '1129': ['1129'], '1131': ['1131'], '1032': ['1032', '1160', '1161', '1162', '1146'], '1052': ['1052'], '1063': ['1063'], '1051': ['1051'], '1055': ['1055'], '1057': ['1057'], '1060': ['1060'], '1071': ['1071'], '1147': ['1147'], '1148': ['1148'], '1158': ['1158'], '1053': ['1053'], '1066': ['1066'], '1056': ['1056'], '1061': ['1061'], '1072': ['1072'], '1157': ['1157'], '1159': ['1159'], '1033': ['1033'], '1101': ['1101', '1102', '1098', '1099', '1100'], '1109': ['1109'], '1153': ['1153'], '1103': ['1103'], '1105': ['1105'], '1106': ['1106'], '1113': ['1113'], '1154': ['1154'], '1155': ['1155'], '1108': ['1108'], '1110': ['1110'], '1104': ['1104'], '1107': ['1107'], '1114': ['1114'], '1156': ['1156'], '1038': ['1038'], '1048': ['1048'], '1049': ['1049'], '1050': ['1050'], '1054': ['1054'], '1068': ['1068'], '1039': ['1039', '1097', '1112', '1035', '1111'], '1034': ['1034'], '1067': ['1067'], '1030': ['1030'], '1046': ['1046'], '1069': ['1069', '1064', '1065', '1070', '1031'], '1058': ['1058'], '1059': ['1059'], '1047': ['1047'], '1042': ['1042'], '1083': ['1083'], '1085': ['1085'], '1086': ['1086'], '1089': ['1089'], '1043': ['1043', '1121', '1122', '1123', '1045'], '1124': ['1124'], '1036': ['1036'], '1092': ['1092'], '1150': ['1150'], '1093': ['1093', '1094', '1151', '1149', '1037'], '1145': ['1145'], '1144': ['1144'], '1044': ['1044'], '1087': ['1087'], '1088': ['1088', '1142', '1141', '1143', '1140'], '1090': ['1090'], '1091': ['1091'], '1115': ['1115'], '1062': ['1062'], '1077': ['1077'], '1117': ['1117'], '1152': ['1152'], '1075': ['1075'], '1076': ['1076'], '1118': ['1118'], '1073': ['1073'], '1078': ['1078'], '1074': ['1074'], '1116': ['1116'], '1135': ['1135'], '1137': ['1137'], '1139': ['1139'], '1119': ['1119'], '1120': ['1120'], '1132': ['1132'], '1130': ['1130'], '1134': ['1134'], '1133': ['1133']})"
105,"defaultdict(<class 'list'>, {'1040': ['1040', '1080', '1079', '1081', '1078'], '1095': ['1095', '1082', '1084', '1083', '1085'], '1096': ['1096'], '1136': ['1136'], '1138': ['1138'], '1041': ['1041'], '1126': ['1126'], '1125': ['1125'], '1127': ['1127'], '1128': ['1128'], '1129': ['1129'], '1131': ['1131'], '1032': ['1032'], '1052': ['1052', '1053', '1049', '1050', '1054'], '1063': ['1063'], '1160': ['1160'], '1051': ['1051'], '1055': ['1055'], '1057': ['1057'], '1060': ['1060'], '1071': ['1071'], '1147': ['1147'], '1148': ['1148'], '1158': ['1158'], '1161': ['1161'], '1066': ['1066'], '1056': ['1056'], '1061': ['1061'], '1072': ['1072'], '1157': ['1157'], '1159': ['1159'], '1162': ['1162'], '1033': ['1033', '1101', '1109', '1153', '1100'], '1102': ['1102'], '1103': ['1103'], '1105': ['1105'], '1106': ['1106'], '1113': ['1113'], '1154': ['1154'], '1155': ['1155'], '1108': ['1108'], '1110': ['1110'], '1104': ['1104'], '1107': ['1107'], '1114': ['1114'], '1156': ['1156'], '1038': ['1038', '1048', '1068', '1034', '1067'], '1039': ['1039'], '1097': ['1097'], '1098': ['1098'], '1099': ['1099'], '1112': ['1112'], '1035': ['1035'], '1111': ['1111'], '1030': ['1030', '1046', '1069', '1047', '1070'], '1058': ['1058'], '1059': ['1059'], '1064': ['1064'], '1065': ['1065'], '1031': ['1031'], '1042': ['1042'], '1086': ['1086'], '1089': ['1089'], '1043': ['1043'], '1121': ['1121'], '1122': ['1122'], '1123': ['1123'], '1124': ['1124'], '1036': ['1036'], '1092': ['1092'], '1150': ['1150'], '1093': ['1093', '1094', '1144', '1149', '1037'], '1145': ['1145'], '1151': ['1151'], '1044': ['1044'], '1087': ['1087'], '1088': ['1088'], '1090': ['1090'], '1142': ['1142'], '1141': ['1141'], '1091': ['1091'], '1143': ['1143'], '1045': ['1045'], '1115': ['1115'], '1062': ['1062'], '1077': ['1077'], '1117': ['1117'], '1146': ['1146'], '1152': ['1152'], '1075': ['1075'], '1076': ['1076'], '1118': ['1118'], '1073': ['1073'], '1074': ['1074'], '1116': ['1116'], '1135': ['1135'], '1137': ['1137'], '1140': ['1140'], '1139': ['1139'], '1119': ['1119'], '1120': ['1120'], '1132': ['1132'], '1130': ['1130'], '1134': ['1134'], '1133': ['1133']})"
105,"defaultdict(<class 'list'>, {'1040': ['1040'], '1080': ['1080'], '1079': ['1079'], '1081': ['1081'], '1095': ['1095'], '1082': ['1082'], '1084': ['1084'], '1096': ['1096'], '1136': ['1136'], '1138': ['1138'], '1041': ['1041'], '1126': ['1126'], '1125': ['1125'], '1127': ['1127'], '1128': ['1128'], '1129': ['1129'], '1131': ['1131'], '1032': ['1032', '1160', '1161', '1162', '1146'], '1052': ['1052', '1051', '1053', '1049', '1050'], '1063': ['1063'], '1055': ['1055'], '1057': ['1057'], '1060': ['1060'], '1071': ['1071'], '1147': ['1147'], '1148': ['1148'], '1158': ['1158'], '1066': ['1066'], '1056': ['1056'], '1061': ['1061'], '1072': ['1072'], '1157': ['1157'], '1159': ['1159'], '1033': ['1033'], '1101': ['1101'], '1109': ['1109'], '1153': ['1153', '1154', '1155', '1156', '1152'], '1102': ['1102'], '1103': ['1103'], '1105': ['1105'], '1106': ['1106'], '1113': ['1113'], '1108': ['1108'], '1110': ['1110'], '1104': ['1104'], '1107': ['1107'], '1114': ['1114'], '1038': ['1038'], '1048': ['1048'], '1054': ['1054'], '1068': ['1068'], '1039': ['1039', '1097', '1112', '1035', '1111', '1098', '1099', '1117', '1118'], '1100': ['1100'], '1034': ['1034'], '1067': ['1067'], '1030': ['1030'], '1046': ['1046'], '1069': ['1069'], '1058': ['1058'], '1059': ['1059'], '1064': ['1064'], '1065': ['1065'], '1047': ['1047'], '1070': ['1070'], '1031': ['1031'], '1042': ['1042'], '1083': ['1083'], '1085': ['1085'], '1086': ['1086'], '1089': ['1089'], '1043': ['1043'], '1121': ['1121'], '1122': ['1122'], '1123': ['1123'], '1124': ['1124'], '1036': ['1036'], '1092': ['1092'], '1150': ['1150'], '1093': ['1093', '1094', '1151', '1149', '1037'], '1145': ['1145'], '1144': ['1144'], '1044': ['1044'], '1087': ['1087'], '1088': ['1088', '1142', '1141', '1143', '1139'], '1090': ['1090'], '1091': ['1091'], '1045': ['1045'], '1115': ['1115'], '1062': ['1062'], '1077': ['1077'], '1075': ['1075'], '1076': ['1076'], '1073': ['1073'], '1078': ['1078'], '1074': ['1074'], '1116': ['1116'], '1135': ['1135'], '1137': ['1137'], '1140': ['1140'], '1119': ['1119'], '1120': ['1120'], '1132': ['1132'], '1130': ['1130'], '1134': ['1134'], '1133': ['1133']})"
105,"defaultdict(<class 'list'>, {'1040': ['1040'], '1080': ['1080'], '1079': ['1079'], '1081': ['1081'], '1095': ['1095'], '1082': ['1082'], '1084': ['1084'], '1096': ['1096'], '1136': ['1136'], '1138': ['1138'], '1041': ['1041'], '1126': ['1126'], '1125': ['1125'], '1127': ['1127'], '1128': ['1128'], '1129': ['1129'], '1131': ['1131'], '1032': ['1032'], '1052': ['1052'], '1063': ['1063'], '1160': ['1160'], '1051': ['1051'], '1055': ['1055'], '1057': ['1057', '1060', '1061', '1058', '1059'], '1071': ['1071'], '1147': ['1147'], '1148': ['1148'], '1158': ['1158'], '1161': ['1161'], '1053': ['1053'], '1066': ['1066'], '1056': ['1056'], '1072': ['1072'], '1157': ['1157'], '1159': ['1159'], '1162': ['1162'], '1033': ['1033'], '1101': ['1101'], '1109': ['1109'], '1153': ['1153'], '1102': ['1102'], '1103': ['1103'], '1105': ['1105', '1106', '1113', '1107', '1114'], '1154': ['1154'], '1155': ['1155'], '1108': ['1108'], '1110': ['1110', '1111', '1064', '1065', '1031'], '1104': ['1104'], '1156': ['1156'], '1038': ['1038', '1048', '1068', '1034', '1067'], '1049': ['1049'], '1050': ['1050'], '1054': ['1054'], '1039': ['1039'], '1097': ['1097'], '1098': ['1098'], '1099': ['1099'], '1112': ['1112'], '1100': ['1100'], '1035': ['1035'], '1030': ['1030', '1046', '1069', '1047', '1070'], '1042': ['1042'], '1083': ['1083'], '1085': ['1085'], '1086': ['1086', '1089', '1044', '1087', '1090'], '1043': ['1043'], '1121': ['1121'], '1122': ['1122'], '1123': ['1123'], '1124': ['1124'], '1036': ['1036'], '1092': ['1092'], '1150': ['1150'], '1093': ['1093'], '1094': ['1094'], '1145': ['1145'], '1151': ['1151'], '1144': ['1144'], '1149': ['1149'], '1037': ['1037'], '1088': ['1088'], '1142': ['1142'], '1141': ['1141'], '1091': ['1091'], '1143': ['1143'], '1045': ['1045'], '1115': ['1115', '1118', '1116', '1119', '1120'], '1062': ['1062'], '1077': ['1077'], '1117': ['1117'], '1146': ['1146'], '1152': ['1152'], '1075': ['1075'], '1076': ['1076'], '1073': ['1073'], '1078': ['1078'], '1074': ['1074'], '1135': ['1135'], '1137': ['1137'], '1140': ['1140'], '1139': ['1139'], '1132': ['1132'], '1130': ['1130'], '1134': ['1134'], '1133': ['1133']})"
105,"defaultdict(<class 'list'>, {'1040': ['1040'], '1080': ['1080'], '1079': ['1079'], '1081': ['1081'], '1095': ['1095'], '1082': ['1082'], '1084': ['1084'], '1096': ['1096'], '1136': ['1136'], '1138': ['1138'], '1041': ['1041', '1126', '1125', '1127', '1124'], '1128': ['1128', '1131', '1132', '1130', '1133'], '1129': ['1129'], '1032': ['1032', '1160', '1161', '1162', '1146'], '1052': ['1052'], '1063': ['1063'], '1051': ['1051'], '1055': ['1055'], '1057': ['1057'], '1060': ['1060'], '1071': ['1071'], '1147': ['1147'], '1148': ['1148'], '1158': ['1158'], '1053': ['1053'], '1066': ['1066'], '1056': ['1056'], '1061': ['1061'], '1072': ['1072'], '1157': ['1157'], '1159': ['1159'], '1033': ['1033'], '1101': ['1101', '1102', '1098', '1099', '1100'], '1109': ['1109'], '1153': ['1153'], '1103': ['1103'], '1105': ['1105'], '1106': ['1106'], '1113': ['1113'], '1154': ['1154'], '1155': ['1155'], '1108': ['1108'], '1110': ['1110', '1111', '1064', '1065', '1031'], '1104': ['1104'], '1107': ['1107'], '1114': ['1114'], '1156': ['1156'], '1038': ['1038', '1048', '1068', '1034', '1067'], '1049': ['1049'], '1050': ['1050'], '1054': ['1054'], '1039': ['1039'], '1097': ['1097'], '1112': ['1112'], '1035': ['1035'], '1030': ['1030'], '1046': ['1046'], '1069': ['1069'], '1058': ['1058'], '1059': ['1059'], '1047': ['1047'], '1070': ['1070'], '1042': ['1042'], '1083': ['1083'], '1085': ['1085'], '1086': ['1086'], '1089': ['1089'], '1043': ['1043'], '1121': ['1121'], '1122': ['1122'], '1123': ['1123'], '1036': ['1036'], '1092': ['1092'], '1150': ['1150'], '1093': ['1093', '1094', '1151', '1149', '1037'], '1145': ['1145'], '1144': ['1144'], '1044': ['1044'], '1087': ['1087'], '1088': ['1088'], '1090': ['1090'], '1142': ['1142'], '1141': ['1141'], '1091': ['1091'], '1143': ['1143'], '1045': ['1045'], '1115': ['1115'], '1062': ['1062'], '1077': ['1077'], '1117': ['1117'], '1152': ['1152'], '1075': ['1075'], '1076': ['1076'], '1118': ['1118'], '1073': ['1073'], '1078': ['1078'], '1074': ['1074'], '1116': ['1116'], '1135': ['1135'], '1137': ['1137'], '1140': ['1140'], '1139': ['1139'], '1119': ['1119'], '1120': ['1120'], '1134': ['1134']})"
105,"defaultdict(<class 'list'>, {'1040': ['1040'], '1080': ['1080'], '1079': ['1079'], '1081': ['1081'], '1095': ['1095'], '1082': ['1082', '1084', '1042', '1083', '1085'], '1096': ['1096'], '1136': ['1136'], '1138': ['1138'], '1041': ['1041'], '1126': ['1126'], '1125': ['1125'], '1127': ['1127'], '1128': ['1128'], '1129': ['1129'], '1131': ['1131'], '1032': ['1032', '1052', '1063', '1053', '1049'], '1160': ['1160'], '1051': ['1051'], '1055': ['1055'], '1057': ['1057'], '1060': ['1060'], '1071': ['1071'], '1147': ['1147'], '1148': ['1148', '1158', '1157', '1159', '1156'], '1161': ['1161'], '1066': ['1066'], '1056': ['1056'], '1061': ['1061'], '1072': ['1072'], '1162': ['1162'], '1033': ['1033'], '1101': ['1101'], '1109': ['1109'], '1153': ['1153'], '1102': ['1102'], '1103': ['1103'], '1105': ['1105'], '1106': ['1106'], '1113': ['1113'], '1154': ['1154'], '1155': ['1155'], '1108': ['1108'], '1110': ['1110', '1111', '1064', '1065', '1031'], '1104': ['1104'], '1107': ['1107'], '1114': ['1114'], '1038': ['1038'], '1048': ['1048'], '1050': ['1050'], '1054': ['1054'], '1068': ['1068'], '1039': ['1039'], '1097': ['1097'], '1098': ['1098'], '1099': ['1099'], '1112': ['1112'], '1100': ['1100'], '1034': ['1034'], '1067': ['1067'], '1035': ['1035'], '1030': ['1030', '1046', '1069', '1047', '1070'], '1058': ['1058'], '1059': ['1059'], '1086': ['1086', '1089', '1044', '1087', '1090'], '1043': ['1043'], '1121': ['1121'], '1122': ['1122'], '1123': ['1123'], '1124': ['1124'], '1036': ['1036'], '1092': ['1092'], '1150': ['1150'], '1093': ['1093', '1094', '1151', '1149', '1037'], '1145': ['1145'], '1144': ['1144'], '1088': ['1088'], '1142': ['1142'], '1141': ['1141'], '1091': ['1091'], '1143': ['1143'], '1045': ['1045'], '1115': ['1115'], '1062': ['1062'], '1077': ['1077'], '1117': ['1117'], '1146': ['1146'], '1152': ['1152'], '1075': ['1075'], '1076': ['1076'], '1118': ['1118'], '1073': ['1073'], '1078': ['1078'], '1074': ['1074'], '1116': ['1116'], '1135': ['1135'], '1137': ['1137'], '1140': ['1140'], '1139': ['1139'], '1119': ['1119'], '1120': ['1120'], '1132': ['1132'], '1130': ['1130'], '1134': ['1134'], '1133': ['1133']})"
105,"defaultdict(<class 'list'>, {'1040': ['1040'], '1080': ['1080'], '1079': ['1079'], '1081': ['1081'], '1095': ['1095'], '1082': ['1082'], '1084': ['1084', '1042', '1085', '1086', '1087'], '1096': ['1096'], '1136': ['1136'], '1138': ['1138'], '1041': ['1041'], '1126': ['1126'], '1125': ['1125'], '1127': ['1127'], '1128': ['1128'], '1129': ['1129'], '1131': ['1131'], '1032': ['1032'], '1052': ['1052'], '1063': ['1063'], '1160': ['1160'], '1051': ['1051'], '1055': ['1055'], '1057': ['1057'], '1060': ['1060'], '1071': ['1071'], '1147': ['1147'], '1148': ['1148'], '1158': ['1158'], '1161': ['1161'], '1053': ['1053'], '1066': ['1066'], '1056': ['1056'], '1061': ['1061'], '1072': ['1072'], '1157': ['1157'], '1159': ['1159'], '1162': ['1162'], '1033': ['1033', '1101', '1102', '1098', '1099', '1100', '1103', '1108', '1107'], '1109': ['1109'], '1153': ['1153'], '1105': ['1105'], '1106': ['1106'], '1113': ['1113'], '1154': ['1154'], '1155': ['1155'], '1110': ['1110'], '1104': ['1104'], '1114': ['1114'], '1156': ['1156'], '1038': ['1038'], '1048': ['1048'], '1049': ['1049'], '1050': ['1050'], '1054': ['1054'], '1068': ['1068'], '1039': ['1039', '1097', '1112', '1035', '1111'], '1034': ['1034'], '1067': ['1067'], '1030': ['1030'], '1046': ['1046'], '1069': ['1069'], '1058': ['1058'], '1059': ['1059'], '1064': ['1064'], '1065': ['1065'], '1047': ['1047'], '1070': ['1070'], '1031': ['1031'], '1083': ['1083'], '1089': ['1089'], '1043': ['1043'], '1121': ['1121'], '1122': ['1122'], '1123': ['1123'], '1124': ['1124'], '1036': ['1036'], '1092': ['1092'], '1150': ['1150'], '1093': ['1093'], '1094': ['1094'], '1145': ['1145'], '1151': ['1151'], '1144': ['1144'], '1149': ['1149'], '1037': ['1037'], '1044': ['1044'], '1088': ['1088', '1142', '1141', '1143', '1139'], '1090': ['1090'], '1091': ['1091'], '1045': ['1045'], '1115': ['1115'], '1062': ['1062'], '1077': ['1077', '1075', '1076', '1073', '1074'], '1117': ['1117', '1118', '1116', '1119', '1120'], '1146': ['1146'], '1152': ['1152'], '1078': ['1078'], '1135': ['1135'], '1137': ['1137'], '1140': ['1140'], '1132': ['1132'], '1130': ['1130'], '1134': ['1134'], '1133': ['1133']})"
105,"defaultdict(<class 'list'>, {'1040': ['1040'], '1080': ['1080'], '1079': ['1079'], '1081': ['1081'], '1095': ['1095'], '1082': ['1082'], '1084': ['1084'], '1096': ['1096', '1138', '1135', '1137', '1139'], '1136': ['1136'], '1041': ['1041'], '1126': ['1126'], '1125': ['1125'], '1127': ['1127'], '1128': ['1128', '1129', '1132', '1130', '1134'], '1131': ['1131'], '1032': ['1032', '1052', '1063', '1053', '1049'], '1160': ['1160', '1147', '1161', '1145', '1146'], '1051': ['1051'], '1055': ['1055'], '1057': ['1057', '1060', '1061', '1058', '1059'], '1071': ['1071'], '1148': ['1148'], '1158': ['1158'], '1066': ['1066'], '1056': ['1056'], '1072': ['1072'], '1157': ['1157'], '1159': ['1159'], '1162': ['1162'], '1033': ['1033'], '1101': ['1101'], '1109': ['1109'], '1153': ['1153'], '1102': ['1102'], '1103': ['1103'], '1105': ['1105', '1106', '1113', '1107', '1114'], '1154': ['1154'], '1155': ['1155'], '1108': ['1108'], '1110': ['1110'], '1104': ['1104'], '1156': ['1156'], '1038': ['1038'], '1048': ['1048'], '1050': ['1050'], '1054': ['1054'], '1068': ['1068'], '1039': ['1039'], '1097': ['1097'], '1098': ['1098'], '1099': ['1099'], '1112': ['1112'], '1100': ['1100'], '1034': ['1034'], '1067': ['1067'], '1035': ['1035'], '1111': ['1111'], '1030': ['1030'], '1046': ['1046'], '1069': ['1069'], '1064': ['1064'], '1065': ['1065'], '1047': ['1047'], '1070': ['1070'], '1031': ['1031'], '1042': ['1042'], '1083': ['1083'], '1085': ['1085'], '1086': ['1086'], '1089': ['1089'], '1043': ['1043'], '1121': ['1121'], '1122': ['1122'], '1123': ['1123'], '1124': ['1124'], '1036': ['1036'], '1092': ['1092'], '1150': ['1150'], '1093': ['1093', '1094', '1144', '1149', '1037'], '1151': ['1151'], '1044': ['1044'], '1087': ['1087'], '1088': ['1088'], '1090': ['1090'], '1142': ['1142'], '1141': ['1141'], '1091': ['1091'], '1143': ['1143'], '1045': ['1045'], '1115': ['1115'], '1062': ['1062'], '1077': ['1077'], '1117': ['1117'], '1152': ['1152'], '1075': ['1075'], '1076': ['1076'], '1118': ['1118'], '1073': ['1073'], '1078': ['1078'], '1074': ['1074'], '1116': ['1116'], '1140': ['1140'], '1119': ['1119'], '1120': ['1120'], '1133': ['1133']})"
105,"defaultdict(<class 'list'>, {'1040': ['1040', '1080', '1079', '1081', '1078'], '1095': ['1095'], '1082': ['1082', '1084', '1042', '1083', '1085'], '1096': ['1096', '1136', '1135', '1137', '1140'], '1138': ['1138'], '1041': ['1041'], '1126': ['1126'], '1125': ['1125'], '1127': ['1127'], '1128': ['1128'], '1129': ['1129'], '1131': ['1131'], '1032': ['1032', '1052', '1063', '1053', '1049'], '1160': ['1160'], '1051': ['1051'], '1055': ['1055'], '1057': ['1057'], '1060': ['1060'], '1071': ['1071'], '1147': ['1147'], '1148': ['1148'], '1158': ['1158'], '1161': ['1161'], '1066': ['1066'], '1056': ['1056'], '1061': ['1061'], '1072': ['1072'], '1157': ['1157'], '1159': ['1159'], '1162': ['1162'], '1033': ['1033'], '1101': ['1101'], '1109': ['1109'], '1153': ['1153'], '1102': ['1102'], '1103': ['1103'], '1105': ['1105'], '1106': ['1106'], '1113': ['1113'], '1154': ['1154', '1036', '1150', '1151', '1152'], '1155': ['1155'], '1108': ['1108'], '1110': ['1110'], '1104': ['1104'], '1107': ['1107'], '1114': ['1114'], '1156': ['1156'], '1038': ['1038'], '1048': ['1048'], '1050': ['1050'], '1054': ['1054'], '1068': ['1068', '1077', '1075', '1076', '1074'], '1039': ['1039', '1097', '1098', '1099', '1035'], '1112': ['1112'], '1100': ['1100'], '1034': ['1034'], '1067': ['1067'], '1111': ['1111'], '1030': ['1030'], '1046': ['1046'], '1069': ['1069'], '1058': ['1058'], '1059': ['1059'], '1064': ['1064'], '1065': ['1065'], '1047': ['1047'], '1070': ['1070'], '1031': ['1031'], '1086': ['1086'], '1089': ['1089'], '1043': ['1043'], '1121': ['1121'], '1122': ['1122'], '1123': ['1123'], '1124': ['1124'], '1092': ['1092'], '1093': ['1093'], '1094': ['1094'], '1145': ['1145'], '1144': ['1144'], '1149': ['1149'], '1037': ['1037'], '1044': ['1044'], '1087': ['1087'], '1088': ['1088'], '1090': ['1090'], '1142': ['1142'], '1141': ['1141'], '1091': ['1091'], '1143': ['1143'], '1045': ['1045'], '1115': ['1115'], '1062': ['1062'], '1117': ['1117'], '1146': ['1146'], '1118': ['1118'], '1073': ['1073'], '1116': ['1116'], '1139': ['1139'], '1119': ['1119'], '1120': ['1120'], '1132': ['1132'], '1130': ['1130'], '1134': ['1134'], '1133': ['1133']})"
105,"defaultdict(<class 'list'>, {'1040': ['1040'], '1080': ['1080'], '1079': ['1079'], '1081': ['1081'], '1095': ['1095'], '1082': ['1082'], '1084': ['1084'], '1096': ['1096'], '1136': ['1136'], '1138': ['1138'], '1041': ['1041'], '1126': ['1126'], '1125': ['1125'], '1127': ['1127'], '1128': ['1128'], '1129': ['1129'], '1131': ['1131'], '1032': ['1032', '1052', '1063', '1053', '1049'], '1160': ['1160', '1147', '1161', '1145', '1146'], '1051': ['1051'], '1055': ['1055'], '1057': ['1057'], '1060': ['1060'], '1071': ['1071'], '1148': ['1148', '1158', '1157', '1159', '1156'], '1066': ['1066'], '1056': ['1056'], '1061': ['1061'], '1072': ['1072'], '1162': ['1162'], '1033': ['1033', '1101', '1109', '1153', '1100'], '1102': ['1102'], '1103': ['1103'], '1105': ['1105', '1106', '1107', '1058', '1059'], '1113': ['1113'], '1154': ['1154'], '1155': ['1155'], '1108': ['1108'], '1110': ['1110'], '1104': ['1104'], '1114': ['1114'], '1038': ['1038'], '1048': ['1048'], '1050': ['1050'], '1054': ['1054'], '1068': ['1068'], '1039': ['1039'], '1097': ['1097'], '1098': ['1098'], '1099': ['1099'], '1112': ['1112'], '1034': ['1034'], '1067': ['1067'], '1035': ['1035'], '1111': ['1111'], '1030': ['1030'], '1046': ['1046'], '1069': ['1069', '1064', '1065', '1070', '1031'], '1047': ['1047'], '1042': ['1042'], '1083': ['1083'], '1085': ['1085'], '1086': ['1086'], '1089': ['1089'], '1043': ['1043'], '1121': ['1121'], '1122': ['1122'], '1123': ['1123'], '1124': ['1124'], '1036': ['1036'], '1092': ['1092'], '1150': ['1150'], '1093': ['1093', '1094', '1151', '1149', '1037'], '1144': ['1144'], '1044': ['1044'], '1087': ['1087'], '1088': ['1088'], '1090': ['1090'], '1142': ['1142'], '1141': ['1141'], '1091': ['1091'], '1143': ['1143'], '1045': ['1045'], '1115': ['1115'], '1062': ['1062'], '1077': ['1077'], '1117': ['1117'], '1152': ['1152'], '1075': ['1075'], '1076': ['1076'], '1118': ['1118'], '1073': ['1073'], '1078': ['1078'], '1074': ['1074'], '1116': ['1116'], '1135': ['1135'], '1137': ['1137'], '1140': ['1140'], '1139': ['1139'], '1119': ['1119'], '1120': ['1120'], '1132': ['1132'], '1130': ['1130'], '1134': ['1134'], '1133': ['1133']})"
105,"defaultdict(<class 'list'>, {'1040': ['1040'], '1080': ['1080'], '1079': ['1079'], '1081': ['1081'], '1095': ['1095'], '1082': ['1082'], '1084': ['1084'], '1096': ['1096'], '1136': ['1136'], '1138': ['1138'], '1041': ['1041'], '1126': ['1126'], '1125': ['1125'], '1127': ['1127'], '1128': ['1128', '1131', '1132', '1130', '1133'], '1129': ['1129'], '1032': ['1032'], '1052': ['1052'], '1063': ['1063'], '1160': ['1160'], '1051': ['1051'], '1055': ['1055'], '1057': ['1057'], '1060': ['1060'], '1071': ['1071'], '1147': ['1147'], '1148': ['1148'], '1158': ['1158'], '1161': ['1161'], '1053': ['1053'], '1066': ['1066', '1038', '1048', '1068', '1034', '1067', '1064', '1065', '1031'], '1056': ['1056'], '1061': ['1061'], '1072': ['1072'], '1157': ['1157'], '1159': ['1159'], '1162': ['1162'], '1033': ['1033'], '1101': ['1101', '1102', '1098', '1099', '1100'], '1109': ['1109'], '1153': ['1153', '1154', '1155', '1151', '1152'], '1103': ['1103'], '1105': ['1105'], '1106': ['1106'], '1113': ['1113'], '1108': ['1108'], '1110': ['1110'], '1104': ['1104'], '1107': ['1107'], '1114': ['1114'], '1156': ['1156'], '1049': ['1049'], '1050': ['1050'], '1054': ['1054'], '1039': ['1039'], '1097': ['1097'], '1112': ['1112'], '1035': ['1035'], '1111': ['1111'], '1030': ['1030'], '1046': ['1046'], '1069': ['1069'], '1058': ['1058'], '1059': ['1059'], '1047': ['1047'], '1070': ['1070'], '1042': ['1042'], '1083': ['1083'], '1085': ['1085'], '1086': ['1086', '1087', '1088', '1141', '1143'], '1089': ['1089'], '1043': ['1043'], '1121': ['1121'], '1122': ['1122'], '1123': ['1123'], '1124': ['1124'], '1036': ['1036'], '1092': ['1092'], '1150': ['1150'], '1093': ['1093'], '1094': ['1094'], '1145': ['1145'], '1144': ['1144'], '1149': ['1149'], '1037': ['1037'], '1044': ['1044'], '1090': ['1090'], '1142': ['1142'], '1091': ['1091'], '1045': ['1045'], '1115': ['1115'], '1062': ['1062'], '1077': ['1077', '1075', '1076', '1073', '1074'], '1117': ['1117'], '1146': ['1146'], '1118': ['1118'], '1078': ['1078'], '1116': ['1116'], '1135': ['1135'], '1137': ['1137'], '1140': ['1140'], '1139': ['1139'], '1119': ['1119'], '1120': ['1120'], '1134': ['1134']})"
105,"defaultdict(<class 'list'>, {'1040': ['1040'], '1080': ['1080'], '1079': ['1079'], '1081': ['1081'], '1095': ['1095'], '1082': ['1082'], '1084': ['1084'], '1096': ['1096', '1138', '1135', '1137', '1139'], '1136': ['1136'], '1041': ['1041'], '1126': ['1126'], '1125': ['1125'], '1127': ['1127'], '1128': ['1128'], '1129': ['1129'], '1131': ['1131'], '1032': ['1032'], '1052': ['1052'], '1063': ['1063'], '1160': ['1160'], '1051': ['1051'], '1055': ['1055'], '1057': ['1057'], '1060': ['1060'], '1071': ['1071'], '1147': ['1147'], '1148': ['1148'], '1158': ['1158'], '1161': ['1161'], '1053': ['1053'], '1066': ['1066'], '1056': ['1056', '1077', '1075', '1076', '1074'], '1061': ['1061'], '1072': ['1072'], '1157': ['1157'], '1159': ['1159'], '1162': ['1162'], '1033': ['1033'], '1101': ['1101', '1102', '1098', '1099', '1100'], '1109': ['1109'], '1153': ['1153'], '1103': ['1103'], '1105': ['1105', '1106', '1107', '1058', '1059'], '1113': ['1113'], '1154': ['1154'], '1155': ['1155'], '1108': ['1108'], '1110': ['1110', '1111', '1064', '1065', '1031'], '1104': ['1104'], '1114': ['1114'], '1156': ['1156'], '1038': ['1038'], '1048': ['1048'], '1049': ['1049'], '1050': ['1050'], '1054': ['1054'], '1068': ['1068'], '1039': ['1039'], '1097': ['1097'], '1112': ['1112'], '1034': ['1034'], '1067': ['1067'], '1035': ['1035'], '1030': ['1030'], '1046': ['1046'], '1069': ['1069'], '1047': ['1047'], '1070': ['1070'], '1042': ['1042'], '1083': ['1083'], '1085': ['1085'], '1086': ['1086'], '1089': ['1089'], '1043': ['1043'], '1121': ['1121'], '1122': ['1122'], '1123': ['1123'], '1124': ['1124'], '1036': ['1036'], '1092': ['1092'], '1150': ['1150'], '1093': ['1093'], '1094': ['1094'], '1145': ['1145'], '1151': ['1151'], '1144': ['1144'], '1149': ['1149'], '1037': ['1037'], '1044': ['1044'], '1087': ['1087'], '1088': ['1088', '1142', '1141', '1143', '1140'], '1090': ['1090'], '1091': ['1091'], '1045': ['1045'], '1115': ['1115'], '1062': ['1062'], '1117': ['1117', '1118', '1116', '1119', '1120'], '1146': ['1146'], '1152': ['1152'], '1073': ['1073'], '1078': ['1078'], '1132': ['1132'], '1130': ['1130'], '1134': ['1134'], '1133': ['1133']})"
105,"defaultdict(<class 'list'>, {'1040': ['1040'], '1080': ['1080'], '1079': ['1079'], '1081': ['1081'], '1095': ['1095'], '1082': ['1082', '1084', '1042', '1083', '1085'], '1096': ['1096', '1138', '1135', '1137', '1139'], '1136': ['1136'], '1041': ['1041'], '1126': ['1126'], '1125': ['1125'], '1127': ['1127'], '1128': ['1128', '1129', '1132', '1130', '1134'], '1131': ['1131'], '1032': ['1032', '1052', '1051', '1053', '1049', '1050', '1063', '1055', '1054'], '1160': ['1160'], '1057': ['1057'], '1060': ['1060'], '1071': ['1071'], '1147': ['1147'], '1148': ['1148'], '1158': ['1158'], '1161': ['1161'], '1066': ['1066'], '1056': ['1056'], '1061': ['1061'], '1072': ['1072'], '1157': ['1157'], '1159': ['1159'], '1162': ['1162'], '1033': ['1033'], '1101': ['1101'], '1109': ['1109'], '1153': ['1153'], '1102': ['1102'], '1103': ['1103'], '1105': ['1105'], '1106': ['1106'], '1113': ['1113'], '1154': ['1154'], '1155': ['1155'], '1108': ['1108'], '1110': ['1110'], '1104': ['1104'], '1107': ['1107'], '1114': ['1114'], '1156': ['1156'], '1038': ['1038', '1048', '1068', '1034', '1067'], '1039': ['1039'], '1097': ['1097'], '1098': ['1098'], '1099': ['1099'], '1112': ['1112'], '1100': ['1100'], '1035': ['1035'], '1111': ['1111'], '1030': ['1030'], '1046': ['1046'], '1069': ['1069'], '1058': ['1058'], '1059': ['1059'], '1064': ['1064'], '1065': ['1065'], '1047': ['1047'], '1070': ['1070'], '1031': ['1031'], '1086': ['1086', '1089', '1044', '1087', '1090'], '1043': ['1043'], '1121': ['1121'], '1122': ['1122'], '1123': ['1123'], '1124': ['1124'], '1036': ['1036'], '1092': ['1092'], '1150': ['1150'], '1093': ['1093'], '1094': ['1094'], '1145': ['1145'], '1151': ['1151'], '1144': ['1144'], '1149': ['1149'], '1037': ['1037'], '1088': ['1088'], '1142': ['1142'], '1141': ['1141'], '1091': ['1091'], '1143': ['1143'], '1045': ['1045'], '1115': ['1115'], '1062': ['1062'], '1077': ['1077'], '1117': ['1117'], '1146': ['1146'], '1152': ['1152'], '1075': ['1075'], '1076': ['1076'], '1118': ['1118'], '1073': ['1073'], '1078': ['1078'], '1074': ['1074'], '1116': ['1116'], '1140': ['1140'], '1119': ['1119'], '1120': ['1120'], '1133': ['1133']})"
105,"defaultdict(<class 'list'>, {'1040': ['1040'], '1080': ['1080'], '1079': ['1079'], '1081': ['1081'], '1095': ['1095'], '1082': ['1082', '1084', '1042', '1083', '1085'], '1096': ['1096'], '1136': ['1136'], '1138': ['1138'], '1041': ['1041'], '1126': ['1126'], '1125': ['1125'], '1127': ['1127'], '1128': ['1128'], '1129': ['1129'], '1131': ['1131'], '1032': ['1032', '1052', '1063', '1053', '1049'], '1160': ['1160'], '1051': ['1051'], '1055': ['1055'], '1057': ['1057'], '1060': ['1060'], '1071': ['1071'], '1147': ['1147'], '1148': ['1148', '1158', '1157', '1159', '1156'], '1161': ['1161'], '1066': ['1066'], '1056': ['1056'], '1061': ['1061'], '1072': ['1072'], '1162': ['1162'], '1033': ['1033', '1153', '1154', '1155', '1152'], '1101': ['1101'], '1109': ['1109'], '1102': ['1102', '1103', '1104', '1098', '1099'], '1105': ['1105'], '1106': ['1106'], '1113': ['1113'], '1108': ['1108'], '1110': ['1110'], '1107': ['1107'], '1114': ['1114'], '1038': ['1038'], '1048': ['1048'], '1050': ['1050'], '1054': ['1054'], '1068': ['1068'], '1039': ['1039'], '1097': ['1097'], '1112': ['1112'], '1100': ['1100'], '1034': ['1034'], '1067': ['1067'], '1035': ['1035'], '1111': ['1111'], '1030': ['1030'], '1046': ['1046'], '1069': ['1069'], '1058': ['1058'], '1059': ['1059'], '1064': ['1064'], '1065': ['1065'], '1047': ['1047'], '1070': ['1070'], '1031': ['1031'], '1086': ['1086'], '1089': ['1089'], '1043': ['1043', '1121', '1122', '1123', '1045'], '1124': ['1124'], '1036': ['1036'], '1092': ['1092'], '1150': ['1150'], '1093': ['1093'], '1094': ['1094'], '1145': ['1145'], '1151': ['1151'], '1144': ['1144'], '1149': ['1149'], '1037': ['1037'], '1044': ['1044'], '1087': ['1087'], '1088': ['1088'], '1090': ['1090'], '1142': ['1142'], '1141': ['1141'], '1091': ['1091'], '1143': ['1143'], '1115': ['1115'], '1062': ['1062'], '1077': ['1077'], '1117': ['1117', '1118', '1116', '1119', '1120'], '1146': ['1146'], '1075': ['1075'], '1076': ['1076'], '1073': ['1073'], '1078': ['1078'], '1074': ['1074'], '1135': ['1135'], '1137': ['1137'], '1140': ['1140'], '1139': ['1139'], '1132': ['1132'], '1130': ['1130'], '1134': ['1134'], '1133': ['1133']})"
105,"defaultdict(<class 'list'>, {'1040': ['1040', '1080', '1079', '1081', '1078'], '1095': ['1095'], '1082': ['1082'], '1084': ['1084'], '1096': ['1096'], '1136': ['1136'], '1138': ['1138'], '1041': ['1041'], '1126': ['1126'], '1125': ['1125'], '1127': ['1127'], '1128': ['1128'], '1129': ['1129'], '1131': ['1131'], '1032': ['1032', '1052', '1063', '1053', '1049'], '1160': ['1160'], '1051': ['1051'], '1055': ['1055'], '1057': ['1057'], '1060': ['1060'], '1071': ['1071'], '1147': ['1147'], '1148': ['1148', '1158', '1157', '1159', '1156', '1153', '1154', '1155', '1152'], '1161': ['1161'], '1066': ['1066'], '1056': ['1056'], '1061': ['1061'], '1072': ['1072'], '1162': ['1162'], '1033': ['1033'], '1101': ['1101'], '1109': ['1109'], '1102': ['1102'], '1103': ['1103'], '1105': ['1105'], '1106': ['1106'], '1113': ['1113'], '1108': ['1108'], '1110': ['1110'], '1104': ['1104'], '1107': ['1107'], '1114': ['1114'], '1038': ['1038'], '1048': ['1048'], '1050': ['1050'], '1054': ['1054'], '1068': ['1068'], '1039': ['1039', '1097', '1098', '1099', '1035'], '1112': ['1112'], '1100': ['1100'], '1034': ['1034'], '1067': ['1067'], '1111': ['1111'], '1030': ['1030'], '1046': ['1046'], '1069': ['1069'], '1058': ['1058'], '1059': ['1059'], '1064': ['1064'], '1065': ['1065'], '1047': ['1047'], '1070': ['1070'], '1031': ['1031'], '1042': ['1042'], '1083': ['1083'], '1085': ['1085'], '1086': ['1086'], '1089': ['1089'], '1043': ['1043'], '1121': ['1121'], '1122': ['1122'], '1123': ['1123'], '1124': ['1124'], '1036': ['1036'], '1092': ['1092'], '1150': ['1150'], '1093': ['1093'], '1094': ['1094'], '1145': ['1145'], '1151': ['1151'], '1144': ['1144'], '1149': ['1149'], '1037': ['1037'], '1044': ['1044'], '1087': ['1087'], '1088': ['1088', '1142', '1141', '1143', '1140'], '1090': ['1090'], '1091': ['1091'], '1045': ['1045'], '1115': ['1115'], '1062': ['1062'], '1077': ['1077', '1075', '1076', '1073', '1074'], '1117': ['1117'], '1146': ['1146'], '1118': ['1118'], '1116': ['1116'], '1135': ['1135'], '1137': ['1137'], '1139': ['1139'], '1119': ['1119'], '1120': ['1120'], '1132': ['1132'], '1130': ['1130'], '1134': ['1134'], '1133': ['1133']})"
105,"defaultdict(<class 'list'>, {'1040': ['1040'], '1080': ['1080'], '1079': ['1079'], '1081': ['1081'], '1095': ['1095'], '1082': ['1082'], '1084': ['1084'], '1096': ['1096'], '1136': ['1136'], '1138': ['1138'], '1041': ['1041'], '1126': ['1126'], '1125': ['1125'], '1127': ['1127'], '1128': ['1128', '1129', '1132', '1130', '1134'], '1131': ['1131'], '1032': ['1032'], '1052': ['1052'], '1063': ['1063'], '1160': ['1160'], '1051': ['1051'], '1055': ['1055'], '1057': ['1057', '1060', '1071', '1061', '1105', '1106', '1107', '1058', '1059'], '1147': ['1147', '1148', '1158', '1157', '1159'], '1161': ['1161'], '1053': ['1053'], '1066': ['1066'], '1056': ['1056'], '1072': ['1072'], '1162': ['1162'], '1033': ['1033'], '1101': ['1101'], '1109': ['1109'], '1153': ['1153'], '1102': ['1102'], '1103': ['1103'], '1113': ['1113'], '1154': ['1154'], '1155': ['1155'], '1108': ['1108'], '1110': ['1110'], '1104': ['1104'], '1114': ['1114'], '1156': ['1156'], '1038': ['1038', '1048', '1068', '1034', '1067'], '1049': ['1049'], '1050': ['1050'], '1054': ['1054'], '1039': ['1039'], '1097': ['1097'], '1098': ['1098'], '1099': ['1099'], '1112': ['1112'], '1100': ['1100'], '1035': ['1035'], '1111': ['1111'], '1030': ['1030'], '1046': ['1046'], '1069': ['1069'], '1064': ['1064'], '1065': ['1065'], '1047': ['1047'], '1070': ['1070'], '1031': ['1031'], '1042': ['1042'], '1083': ['1083'], '1085': ['1085'], '1086': ['1086'], '1089': ['1089'], '1043': ['1043'], '1121': ['1121'], '1122': ['1122'], '1123': ['1123'], '1124': ['1124'], '1036': ['1036'], '1092': ['1092'], '1150': ['1150'], '1093': ['1093'], '1094': ['1094'], '1145': ['1145'], '1151': ['1151'], '1144': ['1144'], '1149': ['1149'], '1037': ['1037'], '1044': ['1044'], '1087': ['1087'], '1088': ['1088', '1142', '1141', '1143', '1140'], '1090': ['1090'], '1091': ['1091'], '1045': ['1045'], '1115': ['1115'], '1062': ['1062'], '1077': ['1077'], '1117': ['1117', '1118', '1116', '1119', '1120'], '1146': ['1146'], '1152': ['1152'], '1075': ['1075'], '1076': ['1076'], '1073': ['1073'], '1078': ['1078'], '1074': ['1074'], '1135': ['1135'], '1137': ['1137'], '1139': ['1139'], '1133': ['1133']})"
105,"defaultdict(<class 'list'>, {'1040': ['1040'], '1080': ['1080'], '1079': ['1079'], '1081': ['1081'], '1095': ['1095'], '1082': ['1082'], '1084': ['1084'], '1096': ['1096'], '1136': ['1136'], '1138': ['1138'], '1041': ['1041'], '1126': ['1126'], '1125': ['1125'], '1127': ['1127'], '1128': ['1128', '1131', '1132', '1130', '1133'], '1129': ['1129'], '1032': ['1032'], '1052': ['1052'], '1063': ['1063'], '1160': ['1160'], '1051': ['1051'], '1055': ['1055'], '1057': ['1057'], '1060': ['1060'], '1071': ['1071'], '1147': ['1147'], '1148': ['1148', '1158', '1157', '1159', '1156'], '1161': ['1161'], '1053': ['1053', '1038', '1048', '1054', '1034'], '1066': ['1066', '1067', '1064', '1065', '1031'], '1056': ['1056'], '1061': ['1061', '1062', '1075', '1073', '1074'], '1072': ['1072'], '1162': ['1162'], '1033': ['1033'], '1101': ['1101'], '1109': ['1109'], '1153': ['1153'], '1102': ['1102'], '1103': ['1103'], '1105': ['1105'], '1106': ['1106'], '1113': ['1113'], '1154': ['1154'], '1155': ['1155'], '1108': ['1108'], '1110': ['1110'], '1104': ['1104'], '1107': ['1107'], '1114': ['1114'], '1049': ['1049'], '1050': ['1050'], '1068': ['1068'], '1039': ['1039'], '1097': ['1097'], '1098': ['1098'], '1099': ['1099'], '1112': ['1112'], '1100': ['1100'], '1035': ['1035'], '1111': ['1111'], '1030': ['1030'], '1046': ['1046'], '1069': ['1069'], '1058': ['1058'], '1059': ['1059'], '1047': ['1047'], '1070': ['1070'], '1042': ['1042'], '1083': ['1083'], '1085': ['1085'], '1086': ['1086', '1089', '1044', '1087', '1090'], '1043': ['1043', '1121', '1122', '1123', '1045'], '1124': ['1124'], '1036': ['1036'], '1092': ['1092'], '1150': ['1150'], '1093': ['1093'], '1094': ['1094'], '1145': ['1145'], '1151': ['1151'], '1144': ['1144'], '1149': ['1149'], '1037': ['1037'], '1088': ['1088'], '1142': ['1142'], '1141': ['1141'], '1091': ['1091'], '1143': ['1143'], '1115': ['1115'], '1077': ['1077'], '1117': ['1117'], '1146': ['1146'], '1152': ['1152'], '1076': ['1076'], '1118': ['1118'], '1078': ['1078'], '1116': ['1116'], '1135': ['1135'], '1137': ['1137'], '1140': ['1140'], '1139': ['1139'], '1119': ['1119'], '1120': ['1120'], '1134': ['1134']})"
105,"defaultdict(<class 'list'>, {'1040': ['1040'], '1080': ['1080'], '1079': ['1079'], '1081': ['1081'], '1095': ['1095'], '1082': ['1082'], '1084': ['1084'], '1096': ['1096', '1136', '1135', '1137', '1140'], '1138': ['1138'], '1041': ['1041'], '1126': ['1126'], '1125': ['1125'], '1127': ['1127'], '1128': ['1128'], '1129': ['1129'], '1131': ['1131'], '1032': ['1032'], '1052': ['1052'], '1063': ['1063'], '1160': ['1160'], '1051': ['1051', '1055', '1056', '1049', '1050'], '1057': ['1057'], '1060': ['1060'], '1071': ['1071'], '1147': ['1147'], '1148': ['1148'], '1158': ['1158'], '1161': ['1161'], '1053': ['1053'], '1066': ['1066'], '1061': ['1061'], '1072': ['1072', '1075', '1076', '1073', '1074'], '1157': ['1157'], '1159': ['1159'], '1162': ['1162'], '1033': ['1033'], '1101': ['1101'], '1109': ['1109'], '1153': ['1153'], '1102': ['1102'], '1103': ['1103'], '1105': ['1105'], '1106': ['1106'], '1113': ['1113'], '1154': ['1154', '1036', '1150', '1151', '1152'], '1155': ['1155'], '1108': ['1108', '1107', '1115', '1116', '1119'], '1110': ['1110'], '1104': ['1104'], '1114': ['1114'], '1156': ['1156'], '1038': ['1038'], '1048': ['1048'], '1054': ['1054'], '1068': ['1068'], '1039': ['1039'], '1097': ['1097'], '1098': ['1098'], '1099': ['1099'], '1112': ['1112'], '1100': ['1100'], '1034': ['1034'], '1067': ['1067'], '1035': ['1035'], '1111': ['1111'], '1030': ['1030'], '1046': ['1046'], '1069': ['1069'], '1058': ['1058'], '1059': ['1059'], '1064': ['1064'], '1065': ['1065'], '1047': ['1047'], '1070': ['1070'], '1031': ['1031'], '1042': ['1042'], '1083': ['1083'], '1085': ['1085'], '1086': ['1086'], '1089': ['1089'], '1043': ['1043'], '1121': ['1121'], '1122': ['1122'], '1123': ['1123'], '1124': ['1124'], '1092': ['1092'], '1093': ['1093', '1094', '1144', '1149', '1037'], '1145': ['1145'], '1044': ['1044'], '1087': ['1087'], '1088': ['1088', '1142', '1141', '1143', '1139'], '1090': ['1090'], '1091': ['1091'], '1045': ['1045'], '1062': ['1062'], '1077': ['1077'], '1117': ['1117'], '1146': ['1146'], '1118': ['1118'], '1078': ['1078'], '1120': ['1120'], '1132': ['1132'], '1130': ['1130'], '1134': ['1134'], '1133': ['1133']})"
105,"defaultdict(<class 'list'>, {'1040': ['1040'], '1080': ['1080'], '1079': ['1079'], '1081': ['1081'], '1095': ['1095'], '1082': ['1082', '1084', '1042', '1083', '1085'], '1096': ['1096', '1138', '1135', '1137', '1139'], '1136': ['1136'], '1041': ['1041'], '1126': ['1126'], '1125': ['1125'], '1127': ['1127'], '1128': ['1128'], '1129': ['1129'], '1131': ['1131'], '1032': ['1032'], '1052': ['1052'], '1063': ['1063'], '1160': ['1160'], '1051': ['1051'], '1055': ['1055'], '1057': ['1057'], '1060': ['1060'], '1071': ['1071'], '1147': ['1147'], '1148': ['1148'], '1158': ['1158'], '1161': ['1161'], '1053': ['1053'], '1066': ['1066'], '1056': ['1056'], '1061': ['1061'], '1072': ['1072'], '1157': ['1157'], '1159': ['1159'], '1162': ['1162'], '1033': ['1033'], '1101': ['1101'], '1109': ['1109'], '1153': ['1153'], '1102': ['1102'], '1103': ['1103'], '1105': ['1105'], '1106': ['1106'], '1113': ['1113'], '1154': ['1154'], '1155': ['1155'], '1108': ['1108'], '1110': ['1110'], '1104': ['1104'], '1107': ['1107'], '1114': ['1114'], '1156': ['1156'], '1038': ['1038', '1048', '1068', '1034', '1067'], '1049': ['1049'], '1050': ['1050'], '1054': ['1054'], '1039': ['1039', '1097', '1098', '1099', '1035'], '1112': ['1112'], '1100': ['1100'], '1111': ['1111'], '1030': ['1030'], '1046': ['1046'], '1069': ['1069'], '1058': ['1058'], '1059': ['1059'], '1064': ['1064'], '1065': ['1065'], '1047': ['1047'], '1070': ['1070'], '1031': ['1031'], '1086': ['1086', '1087', '1088', '1141', '1143'], '1089': ['1089'], '1043': ['1043', '1121', '1122', '1123', '1045'], '1124': ['1124'], '1036': ['1036'], '1092': ['1092'], '1150': ['1150'], '1093': ['1093', '1094', '1151', '1149', '1037'], '1145': ['1145'], '1144': ['1144'], '1044': ['1044'], '1090': ['1090'], '1142': ['1142'], '1091': ['1091'], '1115': ['1115'], '1062': ['1062'], '1077': ['1077'], '1117': ['1117'], '1146': ['1146'], '1152': ['1152'], '1075': ['1075'], '1076': ['1076'], '1118': ['1118'], '1073': ['1073'], '1078': ['1078'], '1074': ['1074'], '1116': ['1116'], '1140': ['1140'], '1119': ['1119'], '1120': ['1120'], '1132': ['1132'], '1130': ['1130'], '1134': ['1134'], '1133': ['1133']})"
105,"defaultdict(<class 'list'>, {'1040': ['1040'], '1080': ['1080'], '1079': ['1079'], '1081': ['1081'], '1095': ['1095'], '1082': ['1082', '1084', '1042', '1083', '1085'], '1096': ['1096'], '1136': ['1136'], '1138': ['1138'], '1041': ['1041'], '1126': ['1126'], '1125': ['1125'], '1127': ['1127'], '1128': ['1128', '1131', '1132', '1130', '1133'], '1129': ['1129'], '1032': ['1032'], '1052': ['1052'], '1063': ['1063'], '1160': ['1160'], '1051': ['1051'], '1055': ['1055'], '1057': ['1057'], '1060': ['1060'], '1071': ['1071'], '1147': ['1147'], '1148': ['1148'], '1158': ['1158'], '1161': ['1161'], '1053': ['1053'], '1066': ['1066'], '1056': ['1056'], '1061': ['1061'], '1072': ['1072'], '1157': ['1157'], '1159': ['1159'], '1162': ['1162'], '1033': ['1033'], '1101': ['1101'], '1109': ['1109'], '1153': ['1153'], '1102': ['1102'], '1103': ['1103'], '1105': ['1105'], '1106': ['1106'], '1113': ['1113'], '1154': ['1154'], '1155': ['1155'], '1108': ['1108'], '1110': ['1110', '1111', '1064', '1065', '1031'], '1104': ['1104'], '1107': ['1107'], '1114': ['1114'], '1156': ['1156'], '1038': ['1038'], '1048': ['1048'], '1049': ['1049'], '1050': ['1050'], '1054': ['1054'], '1068': ['1068'], '1039': ['1039', '1097', '1098', '1099', '1035'], '1112': ['1112'], '1100': ['1100'], '1034': ['1034'], '1067': ['1067'], '1030': ['1030', '1046', '1069', '1047', '1070'], '1058': ['1058'], '1059': ['1059'], '1086': ['1086'], '1089': ['1089'], '1043': ['1043'], '1121': ['1121'], '1122': ['1122'], '1123': ['1123'], '1124': ['1124'], '1036': ['1036'], '1092': ['1092'], '1150': ['1150'], '1093': ['1093', '1094', '1151', '1149', '1037'], '1145': ['1145'], '1144': ['1144'], '1044': ['1044'], '1087': ['1087'], '1088': ['1088'], '1090': ['1090'], '1142': ['1142'], '1141': ['1141'], '1091': ['1091'], '1143': ['1143'], '1045': ['1045'], '1115': ['1115'], '1062': ['1062'], '1077': ['1077'], '1117': ['1117', '1118', '1116', '1119', '1120'], '1146': ['1146'], '1152': ['1152'], '1075': ['1075'], '1076': ['1076'], '1073': ['1073'], '1078': ['1078'], '1074': ['1074'], '1135': ['1135'], '1137': ['1137'], '1140': ['1140'], '1139': ['1139'], '1134': ['1134']})"
105,"defaultdict(<class 'list'>, {'1040': ['1040', '1080', '1081', '1082', '1078'], '1079': ['1079'], '1095': ['1095'], '1084': ['1084'], '1096': ['1096'], '1136': ['1136'], '1138': ['1138'], '1041': ['1041', '1126', '1125', '1127', '1124'], '1128': ['1128'], '1129': ['1129'], '1131': ['1131'], '1032': ['1032'], '1052': ['1052'], '1063': ['1063'], '1160': ['1160'], '1051': ['1051'], '1055': ['1055'], '1057': ['1057'], '1060': ['1060'], '1071': ['1071'], '1147': ['1147'], '1148': ['1148'], '1158': ['1158'], '1161': ['1161'], '1053': ['1053'], '1066': ['1066'], '1056': ['1056', '1077', '1075', '1076', '1074'], '1061': ['1061'], '1072': ['1072'], '1157': ['1157'], '1159': ['1159'], '1162': ['1162'], '1033': ['1033'], '1101': ['1101'], '1109': ['1109'], '1153': ['1153', '1154', '1155', '1156', '1152'], '1102': ['1102'], '1103': ['1103'], '1105': ['1105', '1106', '1107', '1058', '1059'], '1113': ['1113'], '1108': ['1108'], '1110': ['1110'], '1104': ['1104'], '1114': ['1114'], '1038': ['1038', '1048', '1068', '1034', '1067'], '1049': ['1049'], '1050': ['1050'], '1054': ['1054'], '1039': ['1039'], '1097': ['1097'], '1098': ['1098'], '1099': ['1099'], '1112': ['1112'], '1100': ['1100'], '1035': ['1035'], '1111': ['1111'], '1030': ['1030'], '1046': ['1046'], '1069': ['1069'], '1064': ['1064'], '1065': ['1065'], '1047': ['1047'], '1070': ['1070'], '1031': ['1031'], '1042': ['1042'], '1083': ['1083'], '1085': ['1085'], '1086': ['1086', '1089', '1044', '1087', '1090'], '1043': ['1043'], '1121': ['1121'], '1122': ['1122'], '1123': ['1123'], '1036': ['1036'], '1092': ['1092'], '1150': ['1150'], '1093': ['1093'], '1094': ['1094'], '1145': ['1145'], '1151': ['1151'], '1144': ['1144'], '1149': ['1149'], '1037': ['1037'], '1088': ['1088'], '1142': ['1142'], '1141': ['1141'], '1091': ['1091'], '1143': ['1143'], '1045': ['1045'], '1115': ['1115'], '1062': ['1062'], '1117': ['1117'], '1146': ['1146'], '1118': ['1118'], '1073': ['1073'], '1116': ['1116'], '1135': ['1135'], '1137': ['1137'], '1140': ['1140'], '1139': ['1139'], '1119': ['1119'], '1120': ['1120'], '1132': ['1132'], '1130': ['1130'], '1134': ['1134'], '1133': ['1133']})"
105,"defaultdict(<class 'list'>, {'1040': ['1040'], '1080': ['1080'], '1079': ['1079'], '1081': ['1081'], '1095': ['1095'], '1082': ['1082', '1084', '1042', '1083', '1085'], '1096': ['1096'], '1136': ['1136'], '1138': ['1138'], '1041': ['1041'], '1126': ['1126'], '1125': ['1125'], '1127': ['1127'], '1128': ['1128', '1131', '1132', '1130', '1133'], '1129': ['1129'], '1032': ['1032'], '1052': ['1052'], '1063': ['1063'], '1160': ['1160'], '1051': ['1051'], '1055': ['1055'], '1057': ['1057'], '1060': ['1060'], '1071': ['1071'], '1147': ['1147'], '1148': ['1148', '1158', '1157', '1159', '1156'], '1161': ['1161'], '1053': ['1053'], '1066': ['1066'], '1056': ['1056'], '1061': ['1061'], '1072': ['1072'], '1162': ['1162'], '1033': ['1033'], '1101': ['1101'], '1109': ['1109'], '1153': ['1153'], '1102': ['1102', '1103', '1104', '1117', '1118'], '1105': ['1105', '1106', '1107', '1058', '1059'], '1113': ['1113'], '1154': ['1154'], '1155': ['1155'], '1108': ['1108'], '1110': ['1110'], '1114': ['1114'], '1038': ['1038'], '1048': ['1048'], '1049': ['1049'], '1050': ['1050'], '1054': ['1054'], '1068': ['1068'], '1039': ['1039', '1097', '1098', '1099', '1035'], '1112': ['1112'], '1100': ['1100'], '1034': ['1034'], '1067': ['1067'], '1111': ['1111'], '1030': ['1030'], '1046': ['1046'], '1069': ['1069'], '1064': ['1064'], '1065': ['1065'], '1047': ['1047'], '1070': ['1070'], '1031': ['1031'], '1086': ['1086'], '1089': ['1089'], '1043': ['1043'], '1121': ['1121'], '1122': ['1122'], '1123': ['1123'], '1124': ['1124'], '1036': ['1036'], '1092': ['1092'], '1150': ['1150'], '1093': ['1093', '1094', '1151', '1149', '1037'], '1145': ['1145'], '1144': ['1144'], '1044': ['1044'], '1087': ['1087'], '1088': ['1088'], '1090': ['1090'], '1142': ['1142'], '1141': ['1141'], '1091': ['1091'], '1143': ['1143'], '1045': ['1045'], '1115': ['1115'], '1062': ['1062'], '1077': ['1077'], '1146': ['1146'], '1152': ['1152'], '1075': ['1075'], '1076': ['1076'], '1073': ['1073'], '1078': ['1078'], '1074': ['1074'], '1116': ['1116'], '1135': ['1135'], '1137': ['1137'], '1140': ['1140'], '1139': ['1139'], '1119': ['1119'], '1120': ['1120'], '1134': ['1134']})"
105,"defaultdict(<class 'list'>, {'1040': ['1040'], '1080': ['1080'], '1079': ['1079'], '1081': ['1081'], '1095': ['1095'], '1082': ['1082'], '1084': ['1084'], '1096': ['1096', '1138', '1135', '1137', '1139'], '1136': ['1136'], '1041': ['1041'], '1126': ['1126'], '1125': ['1125'], '1127': ['1127'], '1128': ['1128'], '1129': ['1129'], '1131': ['1131'], '1032': ['1032'], '1052': ['1052'], '1063': ['1063'], '1160': ['1160'], '1051': ['1051'], '1055': ['1055'], '1057': ['1057', '1060', '1061', '1058', '1059', '1071', '1072', '1062', '1073'], '1147': ['1147'], '1148': ['1148'], '1158': ['1158'], '1161': ['1161'], '1053': ['1053'], '1066': ['1066'], '1056': ['1056', '1077', '1075', '1076', '1074'], '1157': ['1157'], '1159': ['1159'], '1162': ['1162'], '1033': ['1033'], '1101': ['1101'], '1109': ['1109'], '1153': ['1153'], '1102': ['1102'], '1103': ['1103'], '1105': ['1105'], '1106': ['1106'], '1113': ['1113'], '1154': ['1154'], '1155': ['1155'], '1108': ['1108'], '1110': ['1110'], '1104': ['1104'], '1107': ['1107'], '1114': ['1114'], '1156': ['1156'], '1038': ['1038'], '1048': ['1048'], '1049': ['1049'], '1050': ['1050'], '1054': ['1054'], '1068': ['1068'], '1039': ['1039'], '1097': ['1097'], '1098': ['1098'], '1099': ['1099'], '1112': ['1112'], '1100': ['1100'], '1034': ['1034'], '1067': ['1067'], '1035': ['1035'], '1111': ['1111'], '1030': ['1030'], '1046': ['1046'], '1069': ['1069'], '1064': ['1064'], '1065': ['1065'], '1047': ['1047'], '1070': ['1070'], '1031': ['1031'], '1042': ['1042'], '1083': ['1083'], '1085': ['1085'], '1086': ['1086', '1087', '1088', '1141', '1143'], '1089': ['1089', '1149', '1044', '1090', '1091'], '1043': ['1043'], '1121': ['1121'], '1122': ['1122'], '1123': ['1123'], '1124': ['1124'], '1036': ['1036'], '1092': ['1092'], '1150': ['1150'], '1093': ['1093'], '1094': ['1094'], '1145': ['1145'], '1151': ['1151'], '1144': ['1144'], '1037': ['1037'], '1142': ['1142'], '1045': ['1045'], '1115': ['1115', '1118', '1116', '1119', '1120'], '1117': ['1117'], '1146': ['1146'], '1152': ['1152'], '1078': ['1078'], '1140': ['1140'], '1132': ['1132'], '1130': ['1130'], '1134': ['1134'], '1133': ['1133']})"
105,"defaultdict(<class 'list'>, {'1040': ['1040'], '1080': ['1080'], '1079': ['1079'], '1081': ['1081'], '1095': ['1095'], '1082': ['1082', '1084', '1042', '1083', '1085'], '1096': ['1096'], '1136': ['1136'], '1138': ['1138'], '1041': ['1041'], '1126': ['1126'], '1125': ['1125'], '1127': ['1127'], '1128': ['1128', '1131', '1132', '1130', '1133'], '1129': ['1129'], '1032': ['1032'], '1052': ['1052'], '1063': ['1063'], '1160': ['1160'], '1051': ['1051'], '1055': ['1055'], '1057': ['1057'], '1060': ['1060'], '1071': ['1071'], '1147': ['1147'], '1148': ['1148'], '1158': ['1158'], '1161': ['1161'], '1053': ['1053'], '1066': ['1066'], '1056': ['1056'], '1061': ['1061'], '1072': ['1072'], '1157': ['1157'], '1159': ['1159'], '1162': ['1162'], '1033': ['1033', '1153', '1154', '1155', '1152'], '1101': ['1101'], '1109': ['1109'], '1102': ['1102'], '1103': ['1103'], '1105': ['1105', '1106', '1107', '1058', '1059'], '1113': ['1113'], '1108': ['1108'], '1110': ['1110'], '1104': ['1104'], '1114': ['1114'], '1156': ['1156'], '1038': ['1038', '1048', '1068', '1034', '1067'], '1049': ['1049'], '1050': ['1050'], '1054': ['1054'], '1039': ['1039', '1097', '1098', '1099', '1035'], '1112': ['1112'], '1100': ['1100'], '1111': ['1111'], '1030': ['1030'], '1046': ['1046'], '1069': ['1069'], '1064': ['1064'], '1065': ['1065'], '1047': ['1047'], '1070': ['1070'], '1031': ['1031'], '1086': ['1086'], '1089': ['1089'], '1043': ['1043'], '1121': ['1121'], '1122': ['1122'], '1123': ['1123'], '1124': ['1124'], '1036': ['1036', '1092', '1150', '1151', '1149'], '1093': ['1093'], '1094': ['1094'], '1145': ['1145'], '1144': ['1144'], '1037': ['1037'], '1044': ['1044'], '1087': ['1087'], '1088': ['1088'], '1090': ['1090'], '1142': ['1142'], '1141': ['1141'], '1091': ['1091'], '1143': ['1143'], '1045': ['1045'], '1115': ['1115'], '1062': ['1062'], '1077': ['1077'], '1117': ['1117'], '1146': ['1146'], '1075': ['1075'], '1076': ['1076'], '1118': ['1118'], '1073': ['1073'], '1078': ['1078'], '1074': ['1074'], '1116': ['1116'], '1135': ['1135'], '1137': ['1137'], '1140': ['1140'], '1139': ['1139'], '1119': ['1119'], '1120': ['1120'], '1134': ['1134']})"
105,"defaultdict(<class 'list'>, {'1040': ['1040', '1080', '1081', '1082', '1078'], '1079': ['1079'], '1095': ['1095'], '1084': ['1084'], '1096': ['1096'], '1136': ['1136'], '1138': ['1138'], '1041': ['1041'], '1126': ['1126'], '1125': ['1125'], '1127': ['1127'], '1128': ['1128'], '1129': ['1129'], '1131': ['1131'], '1032': ['1032', '1160', '1161', '1162', '1146'], '1052': ['1052', '1051', '1053', '1049', '1050'], '1063': ['1063'], '1055': ['1055', '1056', '1075', '1076', '1074'], '1057': ['1057'], '1060': ['1060'], '1071': ['1071'], '1147': ['1147'], '1148': ['1148'], '1158': ['1158'], '1066': ['1066'], '1061': ['1061'], '1072': ['1072'], '1157': ['1157'], '1159': ['1159'], '1033': ['1033'], '1101': ['1101'], '1109': ['1109'], '1153': ['1153'], '1102': ['1102'], '1103': ['1103'], '1105': ['1105'], '1106': ['1106'], '1113': ['1113'], '1154': ['1154'], '1155': ['1155'], '1108': ['1108'], '1110': ['1110'], '1104': ['1104'], '1107': ['1107'], '1114': ['1114'], '1156': ['1156'], '1038': ['1038', '1048', '1068', '1034', '1067'], '1054': ['1054'], '1039': ['1039'], '1097': ['1097'], '1098': ['1098'], '1099': ['1099'], '1112': ['1112'], '1100': ['1100'], '1035': ['1035'], '1111': ['1111'], '1030': ['1030'], '1046': ['1046'], '1069': ['1069'], '1058': ['1058'], '1059': ['1059'], '1064': ['1064'], '1065': ['1065'], '1047': ['1047'], '1070': ['1070'], '1031': ['1031'], '1042': ['1042'], '1083': ['1083'], '1085': ['1085'], '1086': ['1086'], '1089': ['1089'], '1043': ['1043', '1121', '1122', '1123', '1045'], '1124': ['1124'], '1036': ['1036'], '1092': ['1092'], '1150': ['1150'], '1093': ['1093'], '1094': ['1094'], '1145': ['1145'], '1151': ['1151'], '1144': ['1144'], '1149': ['1149'], '1037': ['1037'], '1044': ['1044'], '1087': ['1087'], '1088': ['1088', '1142', '1141', '1143', '1140'], '1090': ['1090'], '1091': ['1091'], '1115': ['1115'], '1062': ['1062'], '1077': ['1077'], '1117': ['1117'], '1152': ['1152'], '1118': ['1118'], '1073': ['1073'], '1116': ['1116'], '1135': ['1135'], '1137': ['1137'], '1139': ['1139'], '1119': ['1119'], '1120': ['1120'], '1132': ['1132'], '1130': ['1130'], '1134': ['1134'], '1133': ['1133']})"
105,"defaultdict(<class 'list'>, {'1040': ['1040'], '1080': ['1080'], '1079': ['1079'], '1081': ['1081'], '1095': ['1095'], '1082': ['1082'], '1084': ['1084'], '1096': ['1096'], '1136': ['1136'], '1138': ['1138'], '1041': ['1041'], '1126': ['1126'], '1125': ['1125'], '1127': ['1127'], '1128': ['1128'], '1129': ['1129'], '1131': ['1131'], '1032': ['1032', '1160', '1161', '1162', '1146'], '1052': ['1052', '1051', '1053', '1049', '1050'], '1063': ['1063'], '1055': ['1055'], '1057': ['1057', '1060', '1061', '1105', '1106', '1107', '1058', '1059', '1113'], '1071': ['1071'], '1147': ['1147'], '1148': ['1148'], '1158': ['1158'], '1066': ['1066'], '1056': ['1056'], '1072': ['1072'], '1157': ['1157'], '1159': ['1159'], '1033': ['1033'], '1101': ['1101'], '1109': ['1109'], '1153': ['1153'], '1102': ['1102'], '1103': ['1103'], '1154': ['1154'], '1155': ['1155'], '1108': ['1108'], '1110': ['1110'], '1104': ['1104'], '1114': ['1114'], '1156': ['1156'], '1038': ['1038'], '1048': ['1048'], '1054': ['1054'], '1068': ['1068'], '1039': ['1039', '1097', '1098', '1099', '1035'], '1112': ['1112'], '1100': ['1100'], '1034': ['1034'], '1067': ['1067'], '1111': ['1111'], '1030': ['1030'], '1046': ['1046'], '1069': ['1069'], '1064': ['1064'], '1065': ['1065'], '1047': ['1047'], '1070': ['1070'], '1031': ['1031'], '1042': ['1042'], '1083': ['1083'], '1085': ['1085'], '1086': ['1086', '1089', '1044', '1087', '1090'], '1043': ['1043', '1121', '1122', '1123', '1045'], '1124': ['1124'], '1036': ['1036'], '1092': ['1092'], '1150': ['1150'], '1093': ['1093'], '1094': ['1094'], '1145': ['1145'], '1151': ['1151'], '1144': ['1144'], '1149': ['1149'], '1037': ['1037'], '1088': ['1088'], '1142': ['1142'], '1141': ['1141'], '1091': ['1091'], '1143': ['1143'], '1115': ['1115'], '1062': ['1062'], '1077': ['1077'], '1117': ['1117'], '1152': ['1152'], '1075': ['1075'], '1076': ['1076'], '1118': ['1118'], '1073': ['1073'], '1078': ['1078'], '1074': ['1074'], '1116': ['1116'], '1135': ['1135'], '1137': ['1137'], '1140': ['1140'], '1139': ['1139'], '1119': ['1119'], '1120': ['1120'], '1132': ['1132'], '1130': ['1130'], '1134': ['1134'], '1133': ['1133']})"
105,"defaultdict(<class 'list'>, {'1040': ['1040'], '1080': ['1080'], '1079': ['1079'], '1081': ['1081'], '1095': ['1095'], '1082': ['1082', '1084', '1042', '1083', '1085'], '1096': ['1096', '1138', '1135', '1137', '1139'], '1136': ['1136'], '1041': ['1041'], '1126': ['1126'], '1125': ['1125'], '1127': ['1127'], '1128': ['1128'], '1129': ['1129'], '1131': ['1131'], '1032': ['1032'], '1052': ['1052'], '1063': ['1063'], '1160': ['1160'], '1051': ['1051'], '1055': ['1055'], '1057': ['1057'], '1060': ['1060'], '1071': ['1071'], '1147': ['1147'], '1148': ['1148'], '1158': ['1158'], '1161': ['1161'], '1053': ['1053'], '1066': ['1066'], '1056': ['1056'], '1061': ['1061'], '1072': ['1072'], '1157': ['1157'], '1159': ['1159'], '1162': ['1162'], '1033': ['1033'], '1101': ['1101'], '1109': ['1109'], '1153': ['1153'], '1102': ['1102'], '1103': ['1103'], '1105': ['1105', '1106', '1107', '1058', '1059'], '1113': ['1113'], '1154': ['1154'], '1155': ['1155'], '1108': ['1108'], '1110': ['1110'], '1104': ['1104'], '1114': ['1114'], '1156': ['1156'], '1038': ['1038'], '1048': ['1048'], '1049': ['1049'], '1050': ['1050'], '1054': ['1054'], '1068': ['1068'], '1039': ['1039', '1097', '1098', '1099', '1035'], '1112': ['1112'], '1100': ['1100'], '1034': ['1034'], '1067': ['1067'], '1111': ['1111'], '1030': ['1030', '1046', '1069', '1047', '1070'], '1064': ['1064'], '1065': ['1065'], '1031': ['1031'], '1086': ['1086'], '1089': ['1089'], '1043': ['1043', '1121', '1122', '1123', '1045'], '1124': ['1124'], '1036': ['1036'], '1092': ['1092'], '1150': ['1150'], '1093': ['1093'], '1094': ['1094'], '1145': ['1145'], '1151': ['1151'], '1144': ['1144'], '1149': ['1149'], '1037': ['1037'], '1044': ['1044'], '1087': ['1087'], '1088': ['1088'], '1090': ['1090'], '1142': ['1142'], '1141': ['1141'], '1091': ['1091'], '1143': ['1143'], '1115': ['1115'], '1062': ['1062'], '1077': ['1077'], '1117': ['1117', '1118', '1116', '1119', '1120'], '1146': ['1146'], '1152': ['1152'], '1075': ['1075'], '1076': ['1076'], '1073': ['1073'], '1078': ['1078'], '1074': ['1074'], '1140': ['1140'], '1132': ['1132'], '1130': ['1130'], '1134': ['1134'], '1133': ['1133']})"
105,"defaultdict(<class 'list'>, {'1040': ['1040'], '1080': ['1080'], '1079': ['1079'], '1081': ['1081'], '1095': ['1095'], '1082': ['1082', '1084', '1042', '1083', '1085'], '1096': ['1096'], '1136': ['1136'], '1138': ['1138'], '1041': ['1041', '1126', '1125', '1127', '1124'], '1128': ['1128'], '1129': ['1129'], '1131': ['1131'], '1032': ['1032'], '1052': ['1052'], '1063': ['1063'], '1160': ['1160'], '1051': ['1051'], '1055': ['1055'], '1057': ['1057'], '1060': ['1060'], '1071': ['1071'], '1147': ['1147'], '1148': ['1148'], '1158': ['1158'], '1161': ['1161'], '1053': ['1053'], '1066': ['1066'], '1056': ['1056'], '1061': ['1061'], '1072': ['1072'], '1157': ['1157'], '1159': ['1159'], '1162': ['1162'], '1033': ['1033', '1109', '1153', '1155', '1152'], '1101': ['1101'], '1102': ['1102'], '1103': ['1103'], '1105': ['1105'], '1106': ['1106'], '1113': ['1113'], '1154': ['1154'], '1108': ['1108'], '1110': ['1110'], '1104': ['1104'], '1107': ['1107'], '1114': ['1114'], '1156': ['1156'], '1038': ['1038', '1048', '1068', '1034', '1067'], '1049': ['1049'], '1050': ['1050'], '1054': ['1054'], '1039': ['1039'], '1097': ['1097'], '1098': ['1098'], '1099': ['1099'], '1112': ['1112'], '1100': ['1100'], '1035': ['1035'], '1111': ['1111'], '1030': ['1030'], '1046': ['1046'], '1069': ['1069'], '1058': ['1058'], '1059': ['1059'], '1064': ['1064'], '1065': ['1065'], '1047': ['1047'], '1070': ['1070'], '1031': ['1031'], '1086': ['1086'], '1089': ['1089'], '1043': ['1043'], '1121': ['1121'], '1122': ['1122'], '1123': ['1123'], '1036': ['1036'], '1092': ['1092'], '1150': ['1150'], '1093': ['1093', '1094', '1151', '1149', '1037'], '1145': ['1145'], '1144': ['1144'], '1044': ['1044'], '1087': ['1087'], '1088': ['1088', '1142', '1141', '1143', '1139'], '1090': ['1090'], '1091': ['1091'], '1045': ['1045'], '1115': ['1115'], '1062': ['1062'], '1077': ['1077'], '1117': ['1117', '1118', '1116', '1119', '1120'], '1146': ['1146'], '1075': ['1075'], '1076': ['1076'], '1073': ['1073'], '1078': ['1078'], '1074': ['1074'], '1135': ['1135'], '1137': ['1137'], '1140': ['1140'], '1132': ['1132'], '1130': ['1130'], '1134': ['1134'], '1133': ['1133']})"
105,"defaultdict(<class 'list'>, {'1040': ['1040'], '1080': ['1080', '1079', '1077', '1076', '1078'], '1081': ['1081', '1082', '1084', '1042', '1083'], '1095': ['1095'], '1096': ['1096', '1138', '1135', '1137', '1139'], '1136': ['1136'], '1041': ['1041', '1126', '1125', '1127', '1124'], '1128': ['1128'], '1129': ['1129'], '1131': ['1131'], '1032': ['1032', '1052', '1063', '1053', '1049'], '1160': ['1160'], '1051': ['1051'], '1055': ['1055'], '1057': ['1057'], '1060': ['1060'], '1071': ['1071'], '1147': ['1147'], '1148': ['1148', '1158', '1157', '1159', '1156'], '1161': ['1161'], '1066': ['1066'], '1056': ['1056'], '1061': ['1061'], '1072': ['1072'], '1162': ['1162'], '1033': ['1033'], '1101': ['1101'], '1109': ['1109'], '1153': ['1153'], '1102': ['1102'], '1103': ['1103'], '1105': ['1105'], '1106': ['1106'], '1113': ['1113'], '1154': ['1154'], '1155': ['1155'], '1108': ['1108'], '1110': ['1110'], '1104': ['1104'], '1107': ['1107'], '1114': ['1114'], '1038': ['1038'], '1048': ['1048'], '1050': ['1050'], '1054': ['1054'], '1068': ['1068'], '1039': ['1039'], '1097': ['1097'], '1098': ['1098'], '1099': ['1099'], '1112': ['1112'], '1100': ['1100'], '1034': ['1034'], '1067': ['1067'], '1035': ['1035'], '1111': ['1111'], '1030': ['1030'], '1046': ['1046'], '1069': ['1069'], '1058': ['1058'], '1059': ['1059'], '1064': ['1064'], '1065': ['1065'], '1047': ['1047'], '1070': ['1070'], '1031': ['1031'], '1085': ['1085'], '1086': ['1086', '1089', '1044', '1087', '1090'], '1043': ['1043'], '1121': ['1121'], '1122': ['1122'], '1123': ['1123'], '1036': ['1036'], '1092': ['1092'], '1150': ['1150'], '1093': ['1093'], '1094': ['1094'], '1145': ['1145'], '1151': ['1151'], '1144': ['1144'], '1149': ['1149'], '1037': ['1037'], '1088': ['1088'], '1142': ['1142'], '1141': ['1141'], '1091': ['1091'], '1143': ['1143'], '1045': ['1045'], '1115': ['1115'], '1062': ['1062'], '1117': ['1117'], '1146': ['1146'], '1152': ['1152'], '1075': ['1075'], '1118': ['1118'], '1073': ['1073'], '1074': ['1074'], '1116': ['1116'], '1140': ['1140'], '1119': ['1119'], '1120': ['1120'], '1132': ['1132'], '1130': ['1130'], '1134': ['1134'], '1133': ['1133']})"
105,"defaultdict(<class 'list'>, {'1040': ['1040'], '1080': ['1080'], '1079': ['1079'], '1081': ['1081'], '1095': ['1095'], '1082': ['1082', '1084', '1042', '1083', '1085'], '1096': ['1096'], '1136': ['1136'], '1138': ['1138'], '1041': ['1041'], '1126': ['1126'], '1125': ['1125'], '1127': ['1127'], '1128': ['1128'], '1129': ['1129'], '1131': ['1131'], '1032': ['1032'], '1052': ['1052'], '1063': ['1063'], '1160': ['1160'], '1051': ['1051'], '1055': ['1055'], '1057': ['1057'], '1060': ['1060'], '1071': ['1071'], '1147': ['1147'], '1148': ['1148', '1158', '1157', '1159', '1156'], '1161': ['1161'], '1053': ['1053'], '1066': ['1066'], '1056': ['1056'], '1061': ['1061'], '1072': ['1072'], '1162': ['1162'], '1033': ['1033'], '1101': ['1101', '1102', '1098', '1099', '1100'], '1109': ['1109'], '1153': ['1153'], '1103': ['1103'], '1105': ['1105', '1106', '1107', '1058', '1059'], '1113': ['1113'], '1154': ['1154'], '1155': ['1155'], '1108': ['1108'], '1110': ['1110'], '1104': ['1104'], '1114': ['1114', '1115', '1118', '1116', '1119'], '1038': ['1038'], '1048': ['1048'], '1049': ['1049'], '1050': ['1050'], '1054': ['1054'], '1068': ['1068'], '1039': ['1039'], '1097': ['1097'], '1112': ['1112'], '1034': ['1034'], '1067': ['1067'], '1035': ['1035'], '1111': ['1111'], '1030': ['1030', '1046', '1069', '1047', '1070'], '1064': ['1064'], '1065': ['1065'], '1031': ['1031'], '1086': ['1086', '1089', '1044', '1087', '1090'], '1043': ['1043'], '1121': ['1121'], '1122': ['1122'], '1123': ['1123'], '1124': ['1124'], '1036': ['1036'], '1092': ['1092'], '1150': ['1150'], '1093': ['1093'], '1094': ['1094'], '1145': ['1145'], '1151': ['1151'], '1144': ['1144'], '1149': ['1149'], '1037': ['1037'], '1088': ['1088'], '1142': ['1142'], '1141': ['1141'], '1091': ['1091'], '1143': ['1143'], '1045': ['1045'], '1062': ['1062'], '1077': ['1077'], '1117': ['1117'], '1146': ['1146'], '1152': ['1152'], '1075': ['1075'], '1076': ['1076'], '1073': ['1073'], '1078': ['1078'], '1074': ['1074'], '1135': ['1135'], '1137': ['1137'], '1140': ['1140'], '1139': ['1139'], '1120': ['1120'], '1132': ['1132'], '1130': ['1130'], '1134': ['1134'], '1133': ['1133']})"
105,"defaultdict(<class 'list'>, {'1040': ['1040'], '1080': ['1080'], '1079': ['1079'], '1081': ['1081'], '1095': ['1095'], '1082': ['1082'], '1084': ['1084'], '1096': ['1096'], '1136': ['1136'], '1138': ['1138'], '1041': ['1041', '1126', '1125', '1127', '1124', '1129', '1122', '1123', '1045'], '1128': ['1128'], '1131': ['1131'], '1032': ['1032'], '1052': ['1052'], '1063': ['1063'], '1160': ['1160', '1147', '1161', '1145', '1146'], '1051': ['1051'], '1055': ['1055'], '1057': ['1057'], '1060': ['1060'], '1071': ['1071'], '1148': ['1148', '1158', '1157', '1159', '1156'], '1053': ['1053'], '1066': ['1066'], '1056': ['1056'], '1061': ['1061'], '1072': ['1072'], '1162': ['1162'], '1033': ['1033', '1153', '1154', '1155', '1152'], '1101': ['1101'], '1109': ['1109'], '1102': ['1102'], '1103': ['1103'], '1105': ['1105'], '1106': ['1106'], '1113': ['1113'], '1108': ['1108'], '1110': ['1110'], '1104': ['1104'], '1107': ['1107'], '1114': ['1114'], '1038': ['1038'], '1048': ['1048'], '1049': ['1049'], '1050': ['1050'], '1054': ['1054'], '1068': ['1068'], '1039': ['1039', '1097', '1098', '1099', '1035'], '1112': ['1112'], '1100': ['1100'], '1034': ['1034'], '1067': ['1067'], '1111': ['1111'], '1030': ['1030'], '1046': ['1046'], '1069': ['1069'], '1058': ['1058'], '1059': ['1059'], '1064': ['1064'], '1065': ['1065'], '1047': ['1047'], '1070': ['1070'], '1031': ['1031'], '1042': ['1042'], '1083': ['1083'], '1085': ['1085'], '1086': ['1086'], '1089': ['1089'], '1043': ['1043'], '1121': ['1121'], '1036': ['1036'], '1092': ['1092'], '1150': ['1150'], '1093': ['1093'], '1094': ['1094'], '1151': ['1151'], '1144': ['1144'], '1149': ['1149'], '1037': ['1037'], '1044': ['1044'], '1087': ['1087'], '1088': ['1088'], '1090': ['1090'], '1142': ['1142'], '1141': ['1141'], '1091': ['1091'], '1143': ['1143'], '1115': ['1115'], '1062': ['1062'], '1077': ['1077'], '1117': ['1117', '1118', '1116', '1119', '1120'], '1075': ['1075'], '1076': ['1076'], '1073': ['1073'], '1078': ['1078'], '1074': ['1074'], '1135': ['1135'], '1137': ['1137'], '1140': ['1140'], '1139': ['1139'], '1132': ['1132'], '1130': ['1130'], '1134': ['1134'], '1133': ['1133']})"
105,"defaultdict(<class 'list'>, {'1040': ['1040', '1080', '1081', '1082', '1078'], '1079': ['1079'], '1095': ['1095'], '1084': ['1084'], '1096': ['1096'], '1136': ['1136'], '1138': ['1138'], '1041': ['1041'], '1126': ['1126'], '1125': ['1125'], '1127': ['1127'], '1128': ['1128'], '1129': ['1129'], '1131': ['1131'], '1032': ['1032'], '1052': ['1052'], '1063': ['1063'], '1160': ['1160'], '1051': ['1051'], '1055': ['1055'], '1057': ['1057'], '1060': ['1060'], '1071': ['1071'], '1147': ['1147'], '1148': ['1148'], '1158': ['1158'], '1161': ['1161'], '1053': ['1053'], '1066': ['1066', '1038', '1048', '1068', '1067'], '1056': ['1056', '1077', '1075', '1076', '1074'], '1061': ['1061'], '1072': ['1072'], '1157': ['1157'], '1159': ['1159'], '1162': ['1162'], '1033': ['1033'], '1101': ['1101'], '1109': ['1109'], '1153': ['1153', '1154', '1155', '1156', '1152'], '1102': ['1102', '1103', '1104', '1117', '1118'], '1105': ['1105'], '1106': ['1106'], '1113': ['1113'], '1108': ['1108'], '1110': ['1110'], '1107': ['1107'], '1114': ['1114'], '1049': ['1049'], '1050': ['1050'], '1054': ['1054'], '1039': ['1039'], '1097': ['1097'], '1098': ['1098'], '1099': ['1099'], '1112': ['1112'], '1100': ['1100'], '1034': ['1034'], '1035': ['1035'], '1111': ['1111'], '1030': ['1030'], '1046': ['1046'], '1069': ['1069', '1064', '1065', '1070', '1031'], '1058': ['1058'], '1059': ['1059'], '1047': ['1047'], '1042': ['1042'], '1083': ['1083'], '1085': ['1085'], '1086': ['1086', '1089', '1087', '1090', '1091'], '1043': ['1043'], '1121': ['1121'], '1122': ['1122'], '1123': ['1123'], '1124': ['1124'], '1036': ['1036'], '1092': ['1092'], '1150': ['1150'], '1093': ['1093'], '1094': ['1094'], '1145': ['1145'], '1151': ['1151'], '1144': ['1144'], '1149': ['1149'], '1037': ['1037'], '1044': ['1044'], '1088': ['1088'], '1142': ['1142'], '1141': ['1141'], '1143': ['1143'], '1045': ['1045'], '1115': ['1115'], '1062': ['1062'], '1146': ['1146'], '1073': ['1073'], '1116': ['1116'], '1135': ['1135'], '1137': ['1137'], '1140': ['1140'], '1139': ['1139'], '1119': ['1119'], '1120': ['1120'], '1132': ['1132'], '1130': ['1130'], '1134': ['1134'], '1133': ['1133']})"
105,"defaultdict(<class 'list'>, {'1040': ['1040'], '1080': ['1080'], '1079': ['1079'], '1081': ['1081'], '1095': ['1095'], '1082': ['1082'], '1084': ['1084'], '1096': ['1096', '1138', '1135', '1137', '1139'], '1136': ['1136'], '1041': ['1041'], '1126': ['1126'], '1125': ['1125'], '1127': ['1127'], '1128': ['1128'], '1129': ['1129'], '1131': ['1131'], '1032': ['1032', '1160', '1161', '1162', '1146'], '1052': ['1052'], '1063': ['1063'], '1051': ['1051'], '1055': ['1055'], '1057': ['1057'], '1060': ['1060'], '1071': ['1071'], '1147': ['1147'], '1148': ['1148', '1158', '1157', '1159', '1156'], '1053': ['1053'], '1066': ['1066'], '1056': ['1056'], '1061': ['1061', '1062', '1075', '1073', '1074'], '1072': ['1072'], '1033': ['1033'], '1101': ['1101'], '1109': ['1109'], '1153': ['1153'], '1102': ['1102'], '1103': ['1103'], '1105': ['1105', '1106', '1107', '1058', '1059'], '1113': ['1113'], '1154': ['1154'], '1155': ['1155'], '1108': ['1108'], '1110': ['1110'], '1104': ['1104'], '1114': ['1114'], '1038': ['1038'], '1048': ['1048'], '1049': ['1049'], '1050': ['1050'], '1054': ['1054'], '1068': ['1068'], '1039': ['1039'], '1097': ['1097'], '1098': ['1098'], '1099': ['1099'], '1112': ['1112'], '1100': ['1100'], '1034': ['1034'], '1067': ['1067'], '1035': ['1035'], '1111': ['1111'], '1030': ['1030'], '1046': ['1046'], '1069': ['1069'], '1064': ['1064'], '1065': ['1065'], '1047': ['1047'], '1070': ['1070'], '1031': ['1031'], '1042': ['1042'], '1083': ['1083'], '1085': ['1085'], '1086': ['1086', '1089', '1044', '1087', '1090'], '1043': ['1043'], '1121': ['1121'], '1122': ['1122'], '1123': ['1123'], '1124': ['1124'], '1036': ['1036'], '1092': ['1092'], '1150': ['1150'], '1093': ['1093'], '1094': ['1094'], '1145': ['1145'], '1151': ['1151'], '1144': ['1144'], '1149': ['1149'], '1037': ['1037'], '1088': ['1088', '1142', '1141', '1143', '1140'], '1091': ['1091'], '1045': ['1045'], '1115': ['1115'], '1077': ['1077'], '1117': ['1117'], '1152': ['1152'], '1076': ['1076'], '1118': ['1118'], '1078': ['1078'], '1116': ['1116'], '1119': ['1119'], '1120': ['1120'], '1132': ['1132'], '1130': ['1130'], '1134': ['1134'], '1133': ['1133']})"
105,"defaultdict(<class 'list'>, {'1040': ['1040'], '1080': ['1080'], '1079': ['1079'], '1081': ['1081'], '1095': ['1095'], '1082': ['1082'], '1084': ['1084'], '1096': ['1096'], '1136': ['1136'], '1138': ['1138'], '1041': ['1041', '1126', '1125', '1127', '1124'], '1128': ['1128'], '1129': ['1129'], '1131': ['1131'], '1032': ['1032', '1160', '1161', '1162', '1146'], '1052': ['1052'], '1063': ['1063'], '1051': ['1051'], '1055': ['1055'], '1057': ['1057'], '1060': ['1060'], '1071': ['1071'], '1147': ['1147', '1148', '1158', '1157', '1159'], '1053': ['1053'], '1066': ['1066', '1110', '1064', '1065', '1031'], '1056': ['1056'], '1061': ['1061', '1062', '1075', '1073', '1074'], '1072': ['1072'], '1033': ['1033'], '1101': ['1101'], '1109': ['1109'], '1153': ['1153'], '1102': ['1102'], '1103': ['1103'], '1105': ['1105'], '1106': ['1106'], '1113': ['1113'], '1154': ['1154'], '1155': ['1155'], '1108': ['1108'], '1104': ['1104'], '1107': ['1107'], '1114': ['1114', '1115', '1118', '1116', '1119'], '1156': ['1156'], '1038': ['1038', '1048', '1068', '1034', '1067'], '1049': ['1049'], '1050': ['1050'], '1054': ['1054'], '1039': ['1039'], '1097': ['1097'], '1098': ['1098'], '1099': ['1099'], '1112': ['1112'], '1100': ['1100'], '1035': ['1035'], '1111': ['1111'], '1030': ['1030'], '1046': ['1046'], '1069': ['1069'], '1058': ['1058'], '1059': ['1059'], '1047': ['1047'], '1070': ['1070'], '1042': ['1042'], '1083': ['1083'], '1085': ['1085'], '1086': ['1086'], '1089': ['1089'], '1043': ['1043'], '1121': ['1121'], '1122': ['1122'], '1123': ['1123'], '1036': ['1036'], '1092': ['1092'], '1150': ['1150'], '1093': ['1093'], '1094': ['1094'], '1145': ['1145'], '1151': ['1151'], '1144': ['1144'], '1149': ['1149'], '1037': ['1037'], '1044': ['1044'], '1087': ['1087'], '1088': ['1088'], '1090': ['1090'], '1142': ['1142'], '1141': ['1141'], '1091': ['1091'], '1143': ['1143'], '1045': ['1045'], '1077': ['1077'], '1117': ['1117'], '1152': ['1152'], '1076': ['1076'], '1078': ['1078'], '1135': ['1135'], '1137': ['1137'], '1140': ['1140'], '1139': ['1139'], '1120': ['1120'], '1132': ['1132'], '1130': ['1130'], '1134': ['1134'], '1133': ['1133']})"
105,"defaultdict(<class 'list'>, {'1040': ['1040'], '1080': ['1080', '1079', '1077', '1076', '1078'], '1081': ['1081'], '1095': ['1095'], '1082': ['1082'], '1084': ['1084'], '1096': ['1096', '1138', '1135', '1137', '1139'], '1136': ['1136'], '1041': ['1041'], '1126': ['1126'], '1125': ['1125'], '1127': ['1127'], '1128': ['1128'], '1129': ['1129'], '1131': ['1131'], '1032': ['1032'], '1052': ['1052'], '1063': ['1063'], '1160': ['1160'], '1051': ['1051'], '1055': ['1055'], '1057': ['1057'], '1060': ['1060'], '1071': ['1071'], '1147': ['1147'], '1148': ['1148'], '1158': ['1158', '1157', '1159', '1033', '1153', '1154', '1155', '1152', '1156'], '1161': ['1161'], '1053': ['1053'], '1066': ['1066'], '1056': ['1056', '1104', '1030', '1046', '1047'], '1061': ['1061'], '1072': ['1072'], '1162': ['1162'], '1101': ['1101', '1102', '1098', '1099', '1100'], '1109': ['1109'], '1103': ['1103'], '1105': ['1105'], '1106': ['1106'], '1113': ['1113'], '1108': ['1108'], '1110': ['1110'], '1107': ['1107'], '1114': ['1114'], '1038': ['1038'], '1048': ['1048'], '1049': ['1049'], '1050': ['1050'], '1054': ['1054'], '1068': ['1068'], '1039': ['1039'], '1097': ['1097'], '1112': ['1112'], '1034': ['1034'], '1067': ['1067'], '1035': ['1035'], '1111': ['1111'], '1069': ['1069'], '1058': ['1058'], '1059': ['1059'], '1064': ['1064'], '1065': ['1065'], '1070': ['1070'], '1031': ['1031'], '1042': ['1042'], '1083': ['1083'], '1085': ['1085'], '1086': ['1086'], '1089': ['1089'], '1043': ['1043'], '1121': ['1121'], '1122': ['1122'], '1123': ['1123'], '1124': ['1124'], '1036': ['1036'], '1092': ['1092'], '1150': ['1150'], '1093': ['1093', '1094', '1151', '1149', '1037'], '1145': ['1145'], '1144': ['1144'], '1044': ['1044'], '1087': ['1087'], '1088': ['1088'], '1090': ['1090'], '1142': ['1142'], '1141': ['1141'], '1091': ['1091'], '1143': ['1143'], '1045': ['1045'], '1115': ['1115'], '1062': ['1062'], '1117': ['1117'], '1146': ['1146'], '1075': ['1075'], '1118': ['1118'], '1073': ['1073'], '1074': ['1074'], '1116': ['1116'], '1140': ['1140'], '1119': ['1119'], '1120': ['1120'], '1132': ['1132'], '1130': ['1130'], '1134': ['1134'], '1133': ['1133']})"
105,"defaultdict(<class 'list'>, {'1040': ['1040'], '1080': ['1080'], '1079': ['1079'], '1081': ['1081'], '1095': ['1095'], '1082': ['1082'], '1084': ['1084', '1042', '1085', '1086', '1087'], '1096': ['1096'], '1136': ['1136'], '1138': ['1138'], '1041': ['1041'], '1126': ['1126'], '1125': ['1125'], '1127': ['1127'], '1128': ['1128'], '1129': ['1129'], '1131': ['1131'], '1032': ['1032', '1063', '1160', '1161', '1162'], '1052': ['1052'], '1051': ['1051', '1055', '1056', '1049', '1050'], '1057': ['1057'], '1060': ['1060'], '1071': ['1071'], '1147': ['1147'], '1148': ['1148'], '1158': ['1158'], '1053': ['1053'], '1066': ['1066'], '1061': ['1061'], '1072': ['1072'], '1157': ['1157'], '1159': ['1159'], '1033': ['1033'], '1101': ['1101', '1102', '1098', '1099', '1100', '1103', '1039', '1097', '1035'], '1109': ['1109'], '1153': ['1153'], '1105': ['1105'], '1106': ['1106'], '1113': ['1113'], '1154': ['1154'], '1155': ['1155'], '1108': ['1108'], '1110': ['1110'], '1104': ['1104'], '1107': ['1107'], '1114': ['1114'], '1156': ['1156'], '1038': ['1038'], '1048': ['1048'], '1054': ['1054'], '1068': ['1068'], '1112': ['1112'], '1034': ['1034'], '1067': ['1067'], '1111': ['1111'], '1030': ['1030'], '1046': ['1046'], '1069': ['1069', '1064', '1065', '1070', '1031'], '1058': ['1058'], '1059': ['1059'], '1047': ['1047'], '1083': ['1083'], '1089': ['1089'], '1043': ['1043'], '1121': ['1121'], '1122': ['1122'], '1123': ['1123'], '1124': ['1124'], '1036': ['1036'], '1092': ['1092'], '1150': ['1150'], '1093': ['1093'], '1094': ['1094'], '1145': ['1145'], '1151': ['1151'], '1144': ['1144'], '1149': ['1149'], '1037': ['1037'], '1044': ['1044'], '1088': ['1088'], '1090': ['1090'], '1142': ['1142'], '1141': ['1141'], '1091': ['1091'], '1143': ['1143'], '1045': ['1045'], '1115': ['1115'], '1062': ['1062'], '1077': ['1077'], '1117': ['1117', '1118', '1116', '1119', '1120'], '1146': ['1146'], '1152': ['1152'], '1075': ['1075'], '1076': ['1076'], '1073': ['1073'], '1078': ['1078'], '1074': ['1074'], '1135': ['1135'], '1137': ['1137'], '1140': ['1140'], '1139': ['1139'], '1132': ['1132'], '1130': ['1130'], '1134': ['1134'], '1133': ['1133']})"
105,"defaultdict(<class 'list'>, {'1040': ['1040'], '1080': ['1080'], '1079': ['1079', '1077', '1075', '1076', '1074'], '1081': ['1081'], '1095': ['1095'], '1082': ['1082', '1084', '1042', '1083', '1085'], '1096': ['1096', '1138', '1135', '1137', '1139'], '1136': ['1136'], '1041': ['1041'], '1126': ['1126'], '1125': ['1125'], '1127': ['1127'], '1128': ['1128'], '1129': ['1129'], '1131': ['1131'], '1032': ['1032'], '1052': ['1052'], '1063': ['1063'], '1160': ['1160'], '1051': ['1051'], '1055': ['1055'], '1057': ['1057'], '1060': ['1060'], '1071': ['1071'], '1147': ['1147'], '1148': ['1148', '1158', '1157', '1159', '1156'], '1161': ['1161'], '1053': ['1053'], '1066': ['1066'], '1056': ['1056'], '1061': ['1061'], '1072': ['1072'], '1162': ['1162'], '1033': ['1033', '1153', '1154', '1155', '1152'], '1101': ['1101'], '1109': ['1109'], '1102': ['1102'], '1103': ['1103'], '1105': ['1105', '1106', '1107', '1058', '1059'], '1113': ['1113'], '1108': ['1108'], '1110': ['1110'], '1104': ['1104'], '1114': ['1114'], '1038': ['1038', '1048', '1068', '1034', '1067'], '1049': ['1049'], '1050': ['1050'], '1054': ['1054'], '1039': ['1039'], '1097': ['1097'], '1098': ['1098'], '1099': ['1099'], '1112': ['1112'], '1100': ['1100'], '1035': ['1035'], '1111': ['1111'], '1030': ['1030'], '1046': ['1046'], '1069': ['1069'], '1064': ['1064'], '1065': ['1065'], '1047': ['1047'], '1070': ['1070'], '1031': ['1031'], '1086': ['1086'], '1089': ['1089'], '1043': ['1043'], '1121': ['1121'], '1122': ['1122'], '1123': ['1123'], '1124': ['1124'], '1036': ['1036'], '1092': ['1092'], '1150': ['1150'], '1093': ['1093'], '1094': ['1094'], '1145': ['1145'], '1151': ['1151'], '1144': ['1144'], '1149': ['1149'], '1037': ['1037'], '1044': ['1044'], '1087': ['1087'], '1088': ['1088'], '1090': ['1090'], '1142': ['1142'], '1141': ['1141'], '1091': ['1091'], '1143': ['1143'], '1045': ['1045'], '1115': ['1115'], '1062': ['1062'], '1117': ['1117'], '1146': ['1146'], '1118': ['1118'], '1073': ['1073'], '1078': ['1078'], '1116': ['1116'], '1140': ['1140'], '1119': ['1119'], '1120': ['1120'], '1132': ['1132'], '1130': ['1130'], '1134': ['1134'], '1133': ['1133']})"
105,"defaultdict(<class 'list'>, {'1040': ['1040'], '1080': ['1080'], '1079': ['1079'], '1081': ['1081'], '1095': ['1095'], '1082': ['1082'], '1084': ['1084'], '1096': ['1096', '1138', '1135', '1137', '1139'], '1136': ['1136'], '1041': ['1041'], '1126': ['1126'], '1125': ['1125'], '1127': ['1127'], '1128': ['1128', '1131', '1132', '1130', '1133'], '1129': ['1129'], '1032': ['1032', '1160', '1161', '1162', '1146'], '1052': ['1052'], '1063': ['1063'], '1051': ['1051'], '1055': ['1055'], '1057': ['1057'], '1060': ['1060'], '1071': ['1071'], '1147': ['1147'], '1148': ['1148'], '1158': ['1158'], '1053': ['1053'], '1066': ['1066'], '1056': ['1056'], '1061': ['1061'], '1072': ['1072'], '1157': ['1157'], '1159': ['1159'], '1033': ['1033'], '1101': ['1101'], '1109': ['1109'], '1153': ['1153'], '1102': ['1102'], '1103': ['1103'], '1105': ['1105'], '1106': ['1106'], '1113': ['1113'], '1154': ['1154'], '1155': ['1155'], '1108': ['1108'], '1110': ['1110'], '1104': ['1104'], '1107': ['1107'], '1114': ['1114', '1115', '1118', '1116', '1119'], '1156': ['1156'], '1038': ['1038'], '1048': ['1048'], '1049': ['1049'], '1050': ['1050'], '1054': ['1054'], '1068': ['1068'], '1039': ['1039', '1097', '1098', '1099', '1035'], '1112': ['1112'], '1100': ['1100'], '1034': ['1034'], '1067': ['1067'], '1111': ['1111'], '1030': ['1030'], '1046': ['1046'], '1069': ['1069'], '1058': ['1058'], '1059': ['1059'], '1064': ['1064'], '1065': ['1065'], '1047': ['1047'], '1070': ['1070'], '1031': ['1031'], '1042': ['1042'], '1083': ['1083'], '1085': ['1085'], '1086': ['1086', '1089', '1044', '1087', '1090'], '1043': ['1043'], '1121': ['1121'], '1122': ['1122'], '1123': ['1123'], '1124': ['1124'], '1036': ['1036'], '1092': ['1092'], '1150': ['1150'], '1093': ['1093', '1094', '1151', '1149', '1037'], '1145': ['1145'], '1144': ['1144'], '1088': ['1088'], '1142': ['1142'], '1141': ['1141'], '1091': ['1091'], '1143': ['1143'], '1045': ['1045'], '1062': ['1062'], '1077': ['1077'], '1117': ['1117'], '1152': ['1152'], '1075': ['1075'], '1076': ['1076'], '1073': ['1073'], '1078': ['1078'], '1074': ['1074'], '1140': ['1140'], '1120': ['1120'], '1134': ['1134']})"
106,"defaultdict(<class 'list'>, {'1040': ['1040'], '1080': ['1080', '1079', '1077', '1076', '1078'], '1081': ['1081'], '1095': ['1095'], '1082': ['1082'], '1084': ['1084'], '1096': ['1096', '1138', '1135', '1137', '1139'], '1136': ['1136'], '1041': ['1041'], '1126': ['1126'], '1125': ['1125'], '1127': ['1127'], '1128': ['1128'], '1129': ['1129'], '1131': ['1131'], '1032': ['1032'], '1052': ['1052'], '1063': ['1063'], '1160': ['1160'], '1051': ['1051'], '1055': ['1055'], '1057': ['1057'], '1060': ['1060'], '1071': ['1071'], '1147': ['1147'], '1148': ['1148'], '1158': ['1158'], '1161': ['1161'], '1053': ['1053'], '1066': ['1066'], '1056': ['1056'], '1061': ['1061'], '1072': ['1072'], '1157': ['1157'], '1159': ['1159'], '1162': ['1162'], '1033': ['1033', '1101', '1109', '1153', '1100', '1154', '1155', '1152'], '1102': ['1102'], '1103': ['1103'], '1105': ['1105'], '1106': ['1106'], '1113': ['1113'], '1108': ['1108'], '1110': ['1110'], '1104': ['1104'], '1107': ['1107'], '1114': ['1114'], '1156': ['1156'], '1038': ['1038'], '1048': ['1048'], '1049': ['1049'], '1050': ['1050'], '1054': ['1054'], '1068': ['1068'], '1039': ['1039'], '1097': ['1097'], '1098': ['1098'], '1099': ['1099'], '1112': ['1112'], '1034': ['1034'], '1067': ['1067'], '1035': ['1035'], '1111': ['1111'], '1030': ['1030'], '1046': ['1046'], '1069': ['1069'], '1058': ['1058'], '1059': ['1059'], '1064': ['1064'], '1065': ['1065'], '1047': ['1047'], '1070': ['1070'], '1031': ['1031'], '1042': ['1042'], '1083': ['1083'], '1085': ['1085'], '1086': ['1086', '1089', '1044', '1087', '1090'], '1043': ['1043'], '1121': ['1121'], '1122': ['1122'], '1123': ['1123'], '1124': ['1124'], '1036': ['1036'], '1092': ['1092'], '1150': ['1150'], '1093': ['1093', '1094', '1151', '1149', '1037'], '1145': ['1145'], '1144': ['1144'], '1088': ['1088', '1142', '1141', '1143', '1140'], '1091': ['1091'], '1045': ['1045'], '1115': ['1115'], '1062': ['1062'], '1117': ['1117'], '1146': ['1146'], '1075': ['1075'], '1118': ['1118'], '1073': ['1073'], '1074': ['1074'], '1116': ['1116'], '1119': ['1119'], '1120': ['1120'], '1132': ['1132'], '1130': ['1130'], '1134': ['1134'], '1133': ['1133']})"
106,"defaultdict(<class 'list'>, {'1040': ['1040'], '1080': ['1080'], '1079': ['1079'], '1081': ['1081'], '1095': ['1095'], '1082': ['1082'], '1084': ['1084'], '1096': ['1096'], '1136': ['1136'], '1138': ['1138'], '1041': ['1041', '1126', '1125', '1127', '1043', '1121', '1122', '1123', '1045', '1124', '1128', '1132'], '1129': ['1129'], '1131': ['1131'], '1032': ['1032'], '1052': ['1052'], '1063': ['1063'], '1160': ['1160'], '1051': ['1051'], '1055': ['1055'], '1057': ['1057'], '1060': ['1060'], '1071': ['1071'], '1147': ['1147'], '1148': ['1148'], '1158': ['1158'], '1161': ['1161'], '1053': ['1053'], '1066': ['1066'], '1056': ['1056'], '1061': ['1061'], '1072': ['1072'], '1157': ['1157'], '1159': ['1159'], '1162': ['1162'], '1033': ['1033'], '1101': ['1101'], '1109': ['1109'], '1153': ['1153'], '1102': ['1102'], '1103': ['1103'], '1105': ['1105'], '1106': ['1106'], '1113': ['1113'], '1154': ['1154'], '1155': ['1155'], '1108': ['1108'], '1110': ['1110'], '1104': ['1104'], '1107': ['1107'], '1114': ['1114'], '1156': ['1156'], '1038': ['1038'], '1048': ['1048'], '1049': ['1049'], '1050': ['1050'], '1054': ['1054'], '1068': ['1068'], '1039': ['1039', '1097', '1098', '1099', '1035'], '1112': ['1112'], '1100': ['1100'], '1034': ['1034'], '1067': ['1067'], '1111': ['1111'], '1030': ['1030', '1046', '1069', '1047', '1070'], '1058': ['1058'], '1059': ['1059'], '1064': ['1064'], '1065': ['1065'], '1031': ['1031'], '1042': ['1042'], '1083': ['1083'], '1085': ['1085'], '1086': ['1086', '1089', '1087', '1090', '1091'], '1036': ['1036'], '1092': ['1092'], '1150': ['1150'], '1093': ['1093', '1094', '1151', '1149', '1037'], '1145': ['1145'], '1144': ['1144'], '1044': ['1044'], '1088': ['1088'], '1142': ['1142'], '1141': ['1141'], '1143': ['1143'], '1115': ['1115'], '1062': ['1062'], '1077': ['1077'], '1117': ['1117'], '1146': ['1146'], '1152': ['1152'], '1075': ['1075'], '1076': ['1076'], '1118': ['1118'], '1073': ['1073'], '1078': ['1078'], '1074': ['1074'], '1116': ['1116'], '1135': ['1135'], '1137': ['1137'], '1140': ['1140'], '1139': ['1139'], '1119': ['1119'], '1120': ['1120'], '1130': ['1130'], '1134': ['1134'], '1133': ['1133']})"
106,"defaultdict(<class 'list'>, {'1040': ['1040'], '1080': ['1080'], '1079': ['1079', '1077', '1075', '1076', '1074'], '1081': ['1081'], '1095': ['1095'], '1082': ['1082'], '1084': ['1084'], '1096': ['1096'], '1136': ['1136'], '1138': ['1138'], '1041': ['1041'], '1126': ['1126'], '1125': ['1125'], '1127': ['1127'], '1128': ['1128'], '1129': ['1129'], '1131': ['1131'], '1032': ['1032'], '1052': ['1052'], '1063': ['1063'], '1160': ['1160'], '1051': ['1051'], '1055': ['1055'], '1057': ['1057', '1060', '1061', '1105', '1106', '1107', '1058', '1059', '1062'], '1071': ['1071'], '1147': ['1147'], '1148': ['1148'], '1158': ['1158'], '1161': ['1161'], '1053': ['1053'], '1066': ['1066'], '1056': ['1056'], '1072': ['1072'], '1157': ['1157'], '1159': ['1159'], '1162': ['1162'], '1033': ['1033', '1153', '1155', '1156'], '1101': ['1101'], '1109': ['1109'], '1102': ['1102'], '1103': ['1103'], '1113': ['1113'], '1154': ['1154', '1036', '1150', '1151', '1152'], '1108': ['1108'], '1110': ['1110'], '1104': ['1104'], '1114': ['1114'], '1038': ['1038'], '1048': ['1048'], '1049': ['1049'], '1050': ['1050'], '1054': ['1054'], '1068': ['1068'], '1039': ['1039', '1097', '1098', '1099', '1035'], '1112': ['1112'], '1100': ['1100'], '1034': ['1034'], '1067': ['1067'], '1111': ['1111'], '1030': ['1030'], '1046': ['1046'], '1069': ['1069'], '1064': ['1064'], '1065': ['1065'], '1047': ['1047'], '1070': ['1070'], '1031': ['1031'], '1042': ['1042'], '1083': ['1083'], '1085': ['1085'], '1086': ['1086', '1089', '1044', '1087', '1090'], '1043': ['1043'], '1121': ['1121'], '1122': ['1122'], '1123': ['1123'], '1124': ['1124'], '1092': ['1092'], '1093': ['1093'], '1094': ['1094'], '1145': ['1145'], '1144': ['1144'], '1149': ['1149'], '1037': ['1037'], '1088': ['1088'], '1142': ['1142'], '1141': ['1141'], '1091': ['1091'], '1143': ['1143'], '1045': ['1045'], '1115': ['1115'], '1117': ['1117'], '1146': ['1146'], '1118': ['1118'], '1073': ['1073'], '1078': ['1078'], '1116': ['1116'], '1135': ['1135'], '1137': ['1137'], '1140': ['1140'], '1139': ['1139'], '1119': ['1119'], '1120': ['1120'], '1132': ['1132'], '1130': ['1130'], '1134': ['1134'], '1133': ['1133']})"
106,"defaultdict(<class 'list'>, {'1040': ['1040'], '1080': ['1080'], '1079': ['1079'], '1081': ['1081'], '1095': ['1095'], '1082': ['1082', '1084', '1042', '1083', '1085'], '1096': ['1096'], '1136': ['1136'], '1138': ['1138'], '1041': ['1041'], '1126': ['1126'], '1125': ['1125'], '1127': ['1127'], '1128': ['1128'], '1129': ['1129'], '1131': ['1131'], '1032': ['1032'], '1052': ['1052'], '1063': ['1063'], '1160': ['1160'], '1051': ['1051'], '1055': ['1055'], '1057': ['1057'], '1060': ['1060'], '1071': ['1071'], '1147': ['1147'], '1148': ['1148', '1158', '1157', '1159', '1156'], '1161': ['1161'], '1053': ['1053'], '1066': ['1066'], '1056': ['1056'], '1061': ['1061', '1062', '1075', '1073', '1074'], '1072': ['1072'], '1162': ['1162'], '1033': ['1033'], '1101': ['1101'], '1109': ['1109'], '1153': ['1153'], '1102': ['1102', '1103', '1104', '1117', '1118'], '1105': ['1105'], '1106': ['1106'], '1113': ['1113'], '1154': ['1154'], '1155': ['1155'], '1108': ['1108'], '1110': ['1110'], '1107': ['1107'], '1114': ['1114'], '1038': ['1038', '1048', '1068', '1034', '1067'], '1049': ['1049'], '1050': ['1050'], '1054': ['1054'], '1039': ['1039'], '1097': ['1097'], '1098': ['1098'], '1099': ['1099'], '1112': ['1112'], '1100': ['1100'], '1035': ['1035'], '1111': ['1111'], '1030': ['1030'], '1046': ['1046'], '1069': ['1069', '1064', '1065', '1070', '1031'], '1058': ['1058'], '1059': ['1059'], '1047': ['1047'], '1086': ['1086'], '1089': ['1089'], '1043': ['1043'], '1121': ['1121'], '1122': ['1122'], '1123': ['1123'], '1124': ['1124'], '1036': ['1036'], '1092': ['1092'], '1150': ['1150'], '1093': ['1093'], '1094': ['1094'], '1145': ['1145'], '1151': ['1151'], '1144': ['1144'], '1149': ['1149'], '1037': ['1037'], '1044': ['1044'], '1087': ['1087'], '1088': ['1088'], '1090': ['1090'], '1142': ['1142'], '1141': ['1141'], '1091': ['1091'], '1143': ['1143'], '1045': ['1045'], '1115': ['1115', '1116', '1119', '1120'], '1077': ['1077'], '1146': ['1146'], '1152': ['1152'], '1076': ['1076'], '1078': ['1078'], '1135': ['1135'], '1137': ['1137'], '1140': ['1140'], '1139': ['1139'], '1132': ['1132'], '1130': ['1130'], '1134': ['1134'], '1133': ['1133']})"
107,"defaultdict(<class 'list'>, {'1040': ['1040', '1080', '1081', '1082', '1078'], '1079': ['1079'], '1095': ['1095'], '1084': ['1084'], '1096': ['1096', '1138', '1135', '1137', '1139'], '1136': ['1136'], '1041': ['1041'], '1126': ['1126'], '1125': ['1125'], '1127': ['1127'], '1128': ['1128', '1131', '1132', '1130', '1133', '1129', '1120', '1134'], '1032': ['1032'], '1052': ['1052'], '1063': ['1063'], '1160': ['1160'], '1051': ['1051'], '1055': ['1055'], '1057': ['1057'], '1060': ['1060'], '1071': ['1071'], '1147': ['1147'], '1148': ['1148'], '1158': ['1158'], '1161': ['1161'], '1053': ['1053'], '1066': ['1066'], '1056': ['1056'], '1061': ['1061'], '1072': ['1072'], '1157': ['1157'], '1159': ['1159'], '1162': ['1162'], '1033': ['1033'], '1101': ['1101'], '1109': ['1109'], '1153': ['1153'], '1102': ['1102'], '1103': ['1103'], '1105': ['1105', '1106', '1113', '1107', '1114'], '1154': ['1154'], '1155': ['1155'], '1108': ['1108'], '1110': ['1110'], '1104': ['1104'], '1156': ['1156'], '1038': ['1038'], '1048': ['1048'], '1049': ['1049'], '1050': ['1050'], '1054': ['1054'], '1068': ['1068'], '1039': ['1039'], '1097': ['1097'], '1098': ['1098'], '1099': ['1099'], '1112': ['1112'], '1100': ['1100'], '1034': ['1034'], '1067': ['1067'], '1035': ['1035'], '1111': ['1111'], '1030': ['1030'], '1046': ['1046'], '1069': ['1069'], '1058': ['1058'], '1059': ['1059'], '1064': ['1064'], '1065': ['1065'], '1047': ['1047'], '1070': ['1070'], '1031': ['1031'], '1042': ['1042'], '1083': ['1083'], '1085': ['1085'], '1086': ['1086'], '1089': ['1089'], '1043': ['1043'], '1121': ['1121'], '1122': ['1122'], '1123': ['1123'], '1124': ['1124'], '1036': ['1036', '1092', '1150', '1151', '1149'], '1093': ['1093'], '1094': ['1094'], '1145': ['1145'], '1144': ['1144'], '1037': ['1037'], '1044': ['1044'], '1087': ['1087'], '1088': ['1088', '1142', '1141', '1143'], '1090': ['1090'], '1091': ['1091'], '1045': ['1045'], '1115': ['1115'], '1062': ['1062'], '1077': ['1077'], '1117': ['1117'], '1146': ['1146'], '1152': ['1152'], '1075': ['1075'], '1076': ['1076'], '1118': ['1118'], '1073': ['1073'], '1074': ['1074'], '1116': ['1116'], '1140': ['1140'], '1119': ['1119']})"
107,"defaultdict(<class 'list'>, {'1040': ['1040', '1080', '1079', '1081', '1078'], '1095': ['1095'], '1082': ['1082'], '1084': ['1084'], '1096': ['1096'], '1136': ['1136'], '1138': ['1138'], '1041': ['1041'], '1126': ['1126'], '1125': ['1125'], '1127': ['1127'], '1128': ['1128'], '1129': ['1129'], '1131': ['1131'], '1032': ['1032', '1160', '1147', '1161', '1145', '1146', '1162'], '1052': ['1052', '1051', '1053', '1049', '1050'], '1063': ['1063'], '1055': ['1055'], '1057': ['1057'], '1060': ['1060'], '1071': ['1071'], '1148': ['1148'], '1158': ['1158'], '1066': ['1066'], '1056': ['1056'], '1061': ['1061'], '1072': ['1072'], '1157': ['1157'], '1159': ['1159'], '1033': ['1033'], '1101': ['1101'], '1109': ['1109'], '1153': ['1153'], '1102': ['1102'], '1103': ['1103'], '1105': ['1105'], '1106': ['1106'], '1113': ['1113'], '1154': ['1154'], '1155': ['1155'], '1108': ['1108'], '1110': ['1110'], '1104': ['1104'], '1107': ['1107'], '1114': ['1114'], '1156': ['1156'], '1038': ['1038'], '1048': ['1048'], '1054': ['1054'], '1068': ['1068'], '1039': ['1039', '1097', '1098', '1099', '1035'], '1112': ['1112'], '1100': ['1100'], '1034': ['1034'], '1067': ['1067'], '1111': ['1111'], '1030': ['1030', '1046', '1069', '1047', '1070'], '1058': ['1058'], '1059': ['1059'], '1064': ['1064'], '1065': ['1065'], '1031': ['1031'], '1042': ['1042'], '1083': ['1083'], '1085': ['1085'], '1086': ['1086'], '1089': ['1089'], '1043': ['1043', '1121', '1122', '1123', '1045'], '1124': ['1124'], '1036': ['1036'], '1092': ['1092'], '1150': ['1150'], '1093': ['1093'], '1094': ['1094'], '1151': ['1151'], '1144': ['1144'], '1149': ['1149'], '1037': ['1037'], '1044': ['1044'], '1087': ['1087'], '1088': ['1088'], '1090': ['1090'], '1142': ['1142'], '1141': ['1141'], '1091': ['1091'], '1143': ['1143'], '1115': ['1115'], '1062': ['1062'], '1077': ['1077'], '1117': ['1117'], '1152': ['1152'], '1075': ['1075'], '1076': ['1076'], '1118': ['1118'], '1073': ['1073'], '1074': ['1074'], '1116': ['1116'], '1135': ['1135'], '1137': ['1137'], '1140': ['1140'], '1139': ['1139'], '1119': ['1119'], '1120': ['1120'], '1132': ['1132'], '1130': ['1130'], '1134': ['1134'], '1133': ['1133']})"
107,"defaultdict(<class 'list'>, {'1040': ['1040'], '1080': ['1080', '1079', '1077', '1076', '1078'], '1081': ['1081'], '1095': ['1095'], '1082': ['1082'], '1084': ['1084'], '1096': ['1096', '1138', '1135', '1137', '1139'], '1136': ['1136'], '1041': ['1041'], '1126': ['1126'], '1125': ['1125'], '1127': ['1127'], '1128': ['1128', '1131', '1132', '1130', '1133'], '1129': ['1129'], '1032': ['1032'], '1052': ['1052'], '1063': ['1063'], '1160': ['1160'], '1051': ['1051'], '1055': ['1055'], '1057': ['1057'], '1060': ['1060'], '1071': ['1071'], '1147': ['1147'], '1148': ['1148'], '1158': ['1158'], '1161': ['1161'], '1053': ['1053'], '1066': ['1066'], '1056': ['1056'], '1061': ['1061'], '1072': ['1072'], '1157': ['1157'], '1159': ['1159'], '1162': ['1162'], '1033': ['1033', '1101', '1109', '1153', '1100'], '1102': ['1102'], '1103': ['1103'], '1105': ['1105'], '1106': ['1106'], '1113': ['1113'], '1154': ['1154', '1151', '1152'], '1155': ['1155'], '1108': ['1108'], '1110': ['1110'], '1104': ['1104'], '1107': ['1107'], '1114': ['1114'], '1156': ['1156'], '1038': ['1038'], '1048': ['1048'], '1049': ['1049'], '1050': ['1050'], '1054': ['1054'], '1068': ['1068'], '1039': ['1039', '1097', '1112', '1035', '1111'], '1098': ['1098'], '1099': ['1099'], '1034': ['1034'], '1067': ['1067'], '1030': ['1030'], '1046': ['1046'], '1069': ['1069'], '1058': ['1058'], '1059': ['1059'], '1064': ['1064'], '1065': ['1065'], '1047': ['1047'], '1070': ['1070'], '1031': ['1031'], '1042': ['1042'], '1083': ['1083'], '1085': ['1085'], '1086': ['1086', '1089', '1044', '1087', '1090'], '1043': ['1043'], '1121': ['1121'], '1122': ['1122'], '1123': ['1123'], '1124': ['1124'], '1036': ['1036'], '1092': ['1092'], '1150': ['1150'], '1093': ['1093'], '1094': ['1094'], '1145': ['1145'], '1144': ['1144'], '1149': ['1149'], '1037': ['1037'], '1088': ['1088'], '1142': ['1142'], '1141': ['1141'], '1091': ['1091'], '1143': ['1143'], '1045': ['1045'], '1115': ['1115'], '1062': ['1062'], '1117': ['1117'], '1146': ['1146'], '1075': ['1075'], '1118': ['1118'], '1073': ['1073'], '1074': ['1074'], '1116': ['1116'], '1140': ['1140'], '1119': ['1119'], '1120': ['1120'], '1134': ['1134']})"
109,"defaultdict(<class 'list'>, {'1040': ['1040'], '1080': ['1080'], '1079': ['1079'], '1081': ['1081'], '1095': ['1095'], '1082': ['1082'], '1084': ['1084'], '1096': ['1096'], '1136': ['1136'], '1138': ['1138'], '1041': ['1041', '1126', '1125', '1127', '1124'], '1128': ['1128'], '1129': ['1129'], '1131': ['1131'], '1032': ['1032'], '1052': ['1052'], '1063': ['1063'], '1160': ['1160', '1147', '1161', '1145', '1146'], '1051': ['1051'], '1055': ['1055'], '1057': ['1057'], '1060': ['1060'], '1071': ['1071'], '1148': ['1148', '1158', '1157', '1159', '1156'], '1053': ['1053'], '1066': ['1066'], '1056': ['1056'], '1061': ['1061'], '1072': ['1072'], '1162': ['1162'], '1033': ['1033', '1153', '1154', '1155', '1152'], '1101': ['1101'], '1109': ['1109'], '1102': ['1102'], '1103': ['1103'], '1105': ['1105'], '1106': ['1106'], '1113': ['1113'], '1108': ['1108'], '1110': ['1110'], '1104': ['1104'], '1107': ['1107'], '1114': ['1114'], '1038': ['1038'], '1048': ['1048'], '1049': ['1049'], '1050': ['1050'], '1054': ['1054'], '1068': ['1068'], '1039': ['1039', '1097', '1098', '1099', '1035'], '1112': ['1112'], '1100': ['1100'], '1034': ['1034'], '1067': ['1067'], '1111': ['1111'], '1030': ['1030'], '1046': ['1046'], '1069': ['1069'], '1058': ['1058'], '1059': ['1059'], '1064': ['1064'], '1065': ['1065'], '1047': ['1047'], '1070': ['1070'], '1031': ['1031'], '1042': ['1042'], '1083': ['1083'], '1085': ['1085'], '1086': ['1086'], '1089': ['1089'], '1043': ['1043'], '1121': ['1121'], '1122': ['1122'], '1123': ['1123'], '1036': ['1036'], '1092': ['1092'], '1150': ['1150'], '1093': ['1093'], '1094': ['1094'], '1151': ['1151'], '1144': ['1144'], '1149': ['1149'], '1037': ['1037'], '1044': ['1044'], '1087': ['1087'], '1088': ['1088'], '1090': ['1090'], '1142': ['1142'], '1141': ['1141'], '1091': ['1091'], '1143': ['1143'], '1045': ['1045'], '1115': ['1115'], '1062': ['1062'], '1077': ['1077'], '1117': ['1117', '1118', '1116', '1119', '1120'], '1075': ['1075'], '1076': ['1076'], '1073': ['1073'], '1078': ['1078'], '1074': ['1074'], '1135': ['1135'], '1137': ['1137'], '1140': ['1140'], '1139': ['1139'], '1132': ['1132'], '1130': ['1130'], '1134': ['1134'], '1133': ['1133']})"
109,"defaultdict(<class 'list'>, {'1040': ['1040'], '1080': ['1080', '1079', '1077', '1076', '1078'], '1081': ['1081', '1082', '1084', '1042', '1083'], '1095': ['1095'], '1096': ['1096', '1138', '1135', '1137', '1139'], '1136': ['1136'], '1041': ['1041', '1126', '1125', '1127', '1124'], '1128': ['1128'], '1129': ['1129'], '1131': ['1131'], '1032': ['1032'], '1052': ['1052'], '1063': ['1063'], '1160': ['1160'], '1051': ['1051'], '1055': ['1055'], '1057': ['1057'], '1060': ['1060'], '1071': ['1071'], '1147': ['1147'], '1148': ['1148', '1158', '1157', '1159', '1156'], '1161': ['1161'], '1053': ['1053'], '1066': ['1066'], '1056': ['1056'], '1061': ['1061'], '1072': ['1072'], '1162': ['1162'], '1033': ['1033'], '1101': ['1101'], '1109': ['1109'], '1153': ['1153'], '1102': ['1102'], '1103': ['1103'], '1105': ['1105'], '1106': ['1106'], '1113': ['1113'], '1154': ['1154'], '1155': ['1155'], '1108': ['1108'], '1110': ['1110'], '1104': ['1104'], '1107': ['1107'], '1114': ['1114'], '1038': ['1038'], '1048': ['1048'], '1049': ['1049'], '1050': ['1050'], '1054': ['1054'], '1068': ['1068'], '1039': ['1039'], '1097': ['1097'], '1098': ['1098'], '1099': ['1099'], '1112': ['1112'], '1100': ['1100'], '1034': ['1034'], '1067': ['1067'], '1035': ['1035'], '1111': ['1111'], '1030': ['1030'], '1046': ['1046'], '1069': ['1069'], '1058': ['1058'], '1059': ['1059'], '1064': ['1064'], '1065': ['1065'], '1047': ['1047'], '1070': ['1070'], '1031': ['1031'], '1085': ['1085'], '1086': ['1086', '1089', '1044', '1087', '1090'], '1043': ['1043'], '1121': ['1121'], '1122': ['1122'], '1123': ['1123'], '1036': ['1036'], '1092': ['1092'], '1150': ['1150'], '1093': ['1093'], '1094': ['1094'], '1145': ['1145'], '1151': ['1151'], '1144': ['1144'], '1149': ['1149'], '1037': ['1037'], '1088': ['1088'], '1142': ['1142'], '1141': ['1141'], '1091': ['1091'], '1143': ['1143'], '1045': ['1045'], '1115': ['1115'], '1062': ['1062'], '1117': ['1117'], '1146': ['1146'], '1152': ['1152'], '1075': ['1075'], '1118': ['1118'], '1073': ['1073'], '1074': ['1074'], '1116': ['1116'], '1140': ['1140'], '1119': ['1119'], '1120': ['1120'], '1132': ['1132'], '1130': ['1130'], '1134': ['1134'], '1133': ['1133']})"
109,"defaultdict(<class 'list'>, {'1040': ['1040'], '1080': ['1080'], '1079': ['1079'], '1081': ['1081'], '1095': ['1095'], '1082': ['1082'], '1084': ['1084'], '1096': ['1096', '1138', '1135', '1137', '1139'], '1136': ['1136'], '1041': ['1041'], '1126': ['1126'], '1125': ['1125'], '1127': ['1127'], '1128': ['1128'], '1129': ['1129'], '1131': ['1131'], '1032': ['1032', '1052', '1063', '1053', '1049'], '1160': ['1160'], '1051': ['1051'], '1055': ['1055'], '1057': ['1057'], '1060': ['1060'], '1071': ['1071'], '1147': ['1147'], '1148': ['1148'], '1158': ['1158'], '1161': ['1161'], '1066': ['1066'], '1056': ['1056'], '1061': ['1061'], '1072': ['1072'], '1157': ['1157'], '1159': ['1159'], '1162': ['1162'], '1033': ['1033'], '1101': ['1101'], '1109': ['1109'], '1153': ['1153'], '1102': ['1102'], '1103': ['1103'], '1105': ['1105', '1106', '1113', '1107', '1114'], '1154': ['1154'], '1155': ['1155'], '1108': ['1108'], '1110': ['1110'], '1104': ['1104'], '1156': ['1156'], '1038': ['1038'], '1048': ['1048'], '1050': ['1050'], '1054': ['1054'], '1068': ['1068'], '1039': ['1039'], '1097': ['1097'], '1098': ['1098'], '1099': ['1099'], '1112': ['1112'], '1100': ['1100'], '1034': ['1034'], '1067': ['1067'], '1035': ['1035'], '1111': ['1111'], '1030': ['1030'], '1046': ['1046'], '1069': ['1069', '1064', '1065', '1070', '1031'], '1058': ['1058'], '1059': ['1059'], '1047': ['1047'], '1042': ['1042'], '1083': ['1083'], '1085': ['1085'], '1086': ['1086', '1089', '1044', '1087', '1090'], '1043': ['1043', '1121', '1122', '1123', '1045'], '1124': ['1124'], '1036': ['1036'], '1092': ['1092'], '1150': ['1150'], '1093': ['1093'], '1094': ['1094'], '1145': ['1145'], '1151': ['1151'], '1144': ['1144'], '1149': ['1149'], '1037': ['1037'], '1088': ['1088'], '1142': ['1142'], '1141': ['1141'], '1091': ['1091'], '1143': ['1143'], '1115': ['1115'], '1062': ['1062'], '1077': ['1077'], '1117': ['1117'], '1146': ['1146'], '1152': ['1152'], '1075': ['1075'], '1076': ['1076'], '1118': ['1118'], '1073': ['1073'], '1078': ['1078'], '1074': ['1074'], '1116': ['1116'], '1140': ['1140'], '1119': ['1119'], '1120': ['1120'], '1132': ['1132'], '1130': ['1130'], '1134': ['1134'], '1133': ['1133']})"
109,"defaultdict(<class 'list'>, {'1040': ['1040'], '1080': ['1080'], '1079': ['1079'], '1081': ['1081'], '1095': ['1095'], '1082': ['1082'], '1084': ['1084'], '1096': ['1096'], '1136': ['1136'], '1138': ['1138'], '1041': ['1041'], '1126': ['1126'], '1125': ['1125'], '1127': ['1127'], '1128': ['1128'], '1129': ['1129'], '1131': ['1131'], '1032': ['1032', '1160', '1161', '1162', '1146'], '1052': ['1052', '1051', '1053', '1049', '1050'], '1063': ['1063'], '1055': ['1055'], '1057': ['1057', '1060', '1061', '1105', '1106', '1107', '1058', '1059', '1113'], '1071': ['1071'], '1147': ['1147'], '1148': ['1148'], '1158': ['1158'], '1066': ['1066'], '1056': ['1056'], '1072': ['1072'], '1157': ['1157'], '1159': ['1159'], '1033': ['1033'], '1101': ['1101'], '1109': ['1109'], '1153': ['1153'], '1102': ['1102'], '1103': ['1103'], '1154': ['1154'], '1155': ['1155'], '1108': ['1108'], '1110': ['1110'], '1104': ['1104'], '1114': ['1114'], '1156': ['1156'], '1038': ['1038'], '1048': ['1048'], '1054': ['1054'], '1068': ['1068'], '1039': ['1039', '1097', '1098', '1099', '1035'], '1112': ['1112'], '1100': ['1100'], '1034': ['1034'], '1067': ['1067'], '1111': ['1111'], '1030': ['1030'], '1046': ['1046'], '1069': ['1069'], '1064': ['1064'], '1065': ['1065'], '1047': ['1047'], '1070': ['1070'], '1031': ['1031'], '1042': ['1042'], '1083': ['1083'], '1085': ['1085'], '1086': ['1086'], '1089': ['1089'], '1043': ['1043', '1121', '1122', '1123', '1045'], '1124': ['1124'], '1036': ['1036'], '1092': ['1092'], '1150': ['1150'], '1093': ['1093'], '1094': ['1094'], '1145': ['1145'], '1151': ['1151'], '1144': ['1144'], '1149': ['1149'], '1037': ['1037'], '1044': ['1044'], '1087': ['1087'], '1088': ['1088'], '1090': ['1090'], '1142': ['1142'], '1141': ['1141'], '1091': ['1091'], '1143': ['1143'], '1115': ['1115'], '1062': ['1062'], '1077': ['1077'], '1117': ['1117'], '1152': ['1152'], '1075': ['1075'], '1076': ['1076'], '1118': ['1118'], '1073': ['1073'], '1078': ['1078'], '1074': ['1074'], '1116': ['1116'], '1135': ['1135'], '1137': ['1137'], '1140': ['1140'], '1139': ['1139'], '1119': ['1119'], '1120': ['1120'], '1132': ['1132'], '1130': ['1130'], '1134': ['1134'], '1133': ['1133']})"
109,"defaultdict(<class 'list'>, {'1040': ['1040'], '1080': ['1080'], '1079': ['1079'], '1081': ['1081'], '1095': ['1095'], '1082': ['1082'], '1084': ['1084'], '1096': ['1096', '1138', '1135', '1137', '1139'], '1136': ['1136'], '1041': ['1041'], '1126': ['1126'], '1125': ['1125'], '1127': ['1127'], '1128': ['1128'], '1129': ['1129'], '1131': ['1131'], '1032': ['1032'], '1052': ['1052'], '1063': ['1063'], '1160': ['1160'], '1051': ['1051'], '1055': ['1055'], '1057': ['1057'], '1060': ['1060'], '1071': ['1071'], '1147': ['1147'], '1148': ['1148', '1158', '1157', '1159', '1156'], '1161': ['1161'], '1053': ['1053'], '1066': ['1066'], '1056': ['1056'], '1061': ['1061', '1062', '1075', '1073', '1074'], '1072': ['1072'], '1162': ['1162'], '1033': ['1033'], '1101': ['1101'], '1109': ['1109'], '1153': ['1153'], '1102': ['1102'], '1103': ['1103'], '1105': ['1105', '1106', '1107', '1058', '1059'], '1113': ['1113'], '1154': ['1154'], '1155': ['1155'], '1108': ['1108'], '1110': ['1110'], '1104': ['1104'], '1114': ['1114'], '1038': ['1038'], '1048': ['1048'], '1049': ['1049'], '1050': ['1050'], '1054': ['1054'], '1068': ['1068'], '1039': ['1039'], '1097': ['1097'], '1098': ['1098'], '1099': ['1099'], '1112': ['1112'], '1100': ['1100'], '1034': ['1034'], '1067': ['1067'], '1035': ['1035'], '1111': ['1111'], '1030': ['1030'], '1046': ['1046'], '1069': ['1069'], '1064': ['1064'], '1065': ['1065'], '1047': ['1047'], '1070': ['1070'], '1031': ['1031'], '1042': ['1042'], '1083': ['1083'], '1085': ['1085'], '1086': ['1086', '1089', '1044', '1087', '1090'], '1043': ['1043'], '1121': ['1121'], '1122': ['1122'], '1123': ['1123'], '1124': ['1124'], '1036': ['1036'], '1092': ['1092'], '1150': ['1150'], '1093': ['1093'], '1094': ['1094'], '1145': ['1145'], '1151': ['1151'], '1144': ['1144'], '1149': ['1149'], '1037': ['1037'], '1088': ['1088', '1142', '1141', '1143', '1140'], '1091': ['1091'], '1045': ['1045'], '1115': ['1115'], '1077': ['1077'], '1117': ['1117'], '1146': ['1146'], '1152': ['1152'], '1076': ['1076'], '1118': ['1118'], '1078': ['1078'], '1116': ['1116'], '1119': ['1119'], '1120': ['1120'], '1132': ['1132'], '1130': ['1130'], '1134': ['1134'], '1133': ['1133']})"
109,"defaultdict(<class 'list'>, {'1040': ['1040', '1080', '1079', '1081', '1078'], '1095': ['1095'], '1082': ['1082'], '1084': ['1084'], '1096': ['1096'], '1136': ['1136'], '1138': ['1138'], '1041': ['1041'], '1126': ['1126'], '1125': ['1125'], '1127': ['1127'], '1128': ['1128'], '1129': ['1129'], '1131': ['1131'], '1032': ['1032', '1052', '1063', '1053', '1049'], '1160': ['1160'], '1051': ['1051'], '1055': ['1055'], '1057': ['1057'], '1060': ['1060'], '1071': ['1071'], '1147': ['1147'], '1148': ['1148', '1158', '1157', '1159', '1156', '1153', '1154', '1155', '1152'], '1161': ['1161'], '1066': ['1066'], '1056': ['1056'], '1061': ['1061'], '1072': ['1072'], '1162': ['1162'], '1033': ['1033'], '1101': ['1101'], '1109': ['1109'], '1102': ['1102'], '1103': ['1103'], '1105': ['1105'], '1106': ['1106'], '1113': ['1113'], '1108': ['1108'], '1110': ['1110'], '1104': ['1104'], '1107': ['1107'], '1114': ['1114'], '1038': ['1038'], '1048': ['1048'], '1050': ['1050'], '1054': ['1054'], '1068': ['1068'], '1039': ['1039', '1097', '1098', '1099', '1035'], '1112': ['1112'], '1100': ['1100'], '1034': ['1034'], '1067': ['1067'], '1111': ['1111'], '1030': ['1030'], '1046': ['1046'], '1069': ['1069'], '1058': ['1058'], '1059': ['1059'], '1064': ['1064'], '1065': ['1065'], '1047': ['1047'], '1070': ['1070'], '1031': ['1031'], '1042': ['1042'], '1083': ['1083'], '1085': ['1085'], '1086': ['1086'], '1089': ['1089'], '1043': ['1043'], '1121': ['1121'], '1122': ['1122'], '1123': ['1123'], '1124': ['1124'], '1036': ['1036'], '1092': ['1092'], '1150': ['1150'], '1093': ['1093'], '1094': ['1094'], '1145': ['1145'], '1151': ['1151'], '1144': ['1144'], '1149': ['1149'], '1037': ['1037'], '1044': ['1044'], '1087': ['1087'], '1088': ['1088'], '1090': ['1090'], '1142': ['1142'], '1141': ['1141'], '1091': ['1091'], '1143': ['1143'], '1045': ['1045'], '1115': ['1115'], '1062': ['1062'], '1077': ['1077', '1075', '1076', '1073', '1074'], '1117': ['1117'], '1146': ['1146'], '1118': ['1118'], '1116': ['1116'], '1135': ['1135'], '1137': ['1137'], '1140': ['1140'], '1139': ['1139'], '1119': ['1119'], '1120': ['1120'], '1132': ['1132'], '1130': ['1130'], '1134': ['1134'], '1133': ['1133']})"
109,"defaultdict(<class 'list'>, {'1040': ['1040'], '1080': ['1080'], '1079': ['1079'], '1081': ['1081'], '1095': ['1095'], '1082': ['1082'], '1084': ['1084'], '1096': ['1096', '1138', '1135', '1137', '1139'], '1136': ['1136'], '1041': ['1041'], '1126': ['1126'], '1125': ['1125'], '1127': ['1127'], '1128': ['1128'], '1129': ['1129'], '1131': ['1131'], '1032': ['1032'], '1052': ['1052'], '1063': ['1063'], '1160': ['1160'], '1051': ['1051'], '1055': ['1055'], '1057': ['1057'], '1060': ['1060'], '1071': ['1071'], '1147': ['1147'], '1148': ['1148'], '1158': ['1158'], '1161': ['1161'], '1053': ['1053'], '1066': ['1066'], '1056': ['1056', '1077', '1075', '1076', '1074'], '1061': ['1061'], '1072': ['1072'], '1157': ['1157'], '1159': ['1159'], '1162': ['1162'], '1033': ['1033'], '1101': ['1101'], '1109': ['1109'], '1153': ['1153'], '1102': ['1102'], '1103': ['1103'], '1105': ['1105', '1106', '1107', '1058', '1059'], '1113': ['1113'], '1154': ['1154'], '1155': ['1155'], '1108': ['1108'], '1110': ['1110', '1111', '1064', '1065', '1031'], '1104': ['1104'], '1114': ['1114'], '1156': ['1156'], '1038': ['1038'], '1048': ['1048'], '1049': ['1049'], '1050': ['1050'], '1054': ['1054'], '1068': ['1068'], '1039': ['1039'], '1097': ['1097'], '1098': ['1098'], '1099': ['1099'], '1112': ['1112'], '1100': ['1100'], '1034': ['1034'], '1067': ['1067'], '1035': ['1035'], '1030': ['1030'], '1046': ['1046'], '1069': ['1069'], '1047': ['1047'], '1070': ['1070'], '1042': ['1042'], '1083': ['1083'], '1085': ['1085'], '1086': ['1086'], '1089': ['1089'], '1043': ['1043'], '1121': ['1121'], '1122': ['1122'], '1123': ['1123'], '1124': ['1124'], '1036': ['1036'], '1092': ['1092'], '1150': ['1150'], '1093': ['1093'], '1094': ['1094'], '1145': ['1145'], '1151': ['1151'], '1144': ['1144'], '1149': ['1149'], '1037': ['1037'], '1044': ['1044'], '1087': ['1087'], '1088': ['1088', '1142', '1141', '1143', '1140'], '1090': ['1090'], '1091': ['1091'], '1045': ['1045'], '1115': ['1115'], '1062': ['1062'], '1117': ['1117', '1118', '1116', '1119', '1120'], '1146': ['1146'], '1152': ['1152'], '1073': ['1073'], '1078': ['1078'], '1132': ['1132'], '1130': ['1130'], '1134': ['1134'], '1133': ['1133']})"
109,"defaultdict(<class 'list'>, {'1040': ['1040'], '1080': ['1080'], '1079': ['1079'], '1081': ['1081'], '1095': ['1095'], '1082': ['1082'], '1084': ['1084'], '1096': ['1096'], '1136': ['1136'], '1138': ['1138'], '1041': ['1041'], '1126': ['1126'], '1125': ['1125'], '1127': ['1127'], '1128': ['1128', '1131', '1132', '1130', '1133'], '1129': ['1129'], '1032': ['1032', '1160', '1161', '1162', '1146'], '1052': ['1052'], '1063': ['1063'], '1051': ['1051'], '1055': ['1055'], '1057': ['1057'], '1060': ['1060'], '1071': ['1071'], '1147': ['1147'], '1148': ['1148'], '1158': ['1158'], '1053': ['1053'], '1066': ['1066'], '1056': ['1056'], '1061': ['1061'], '1072': ['1072'], '1157': ['1157'], '1159': ['1159'], '1033': ['1033'], '1101': ['1101'], '1109': ['1109'], '1153': ['1153'], '1102': ['1102'], '1103': ['1103'], '1105': ['1105'], '1106': ['1106'], '1113': ['1113'], '1154': ['1154'], '1155': ['1155'], '1108': ['1108'], '1110': ['1110'], '1104': ['1104'], '1107': ['1107'], '1114': ['1114', '1115', '1118', '1116', '1119'], '1156': ['1156'], '1038': ['1038'], '1048': ['1048'], '1049': ['1049'], '1050': ['1050'], '1054': ['1054'], '1068': ['1068'], '1039': ['1039', '1097', '1098', '1099', '1035'], '1112': ['1112'], '1100': ['1100'], '1034': ['1034'], '1067': ['1067'], '1111': ['1111'], '1030': ['1030'], '1046': ['1046'], '1069': ['1069'], '1058': ['1058'], '1059': ['1059'], '1064': ['1064'], '1065': ['1065'], '1047': ['1047'], '1070': ['1070'], '1031': ['1031'], '1042': ['1042'], '1083': ['1083'], '1085': ['1085'], '1086': ['1086', '1089', '1044', '1087', '1090'], '1043': ['1043'], '1121': ['1121'], '1122': ['1122'], '1123': ['1123'], '1124': ['1124'], '1036': ['1036'], '1092': ['1092'], '1150': ['1150'], '1093': ['1093', '1094', '1151', '1149', '1037'], '1145': ['1145'], '1144': ['1144'], '1088': ['1088'], '1142': ['1142'], '1141': ['1141'], '1091': ['1091'], '1143': ['1143'], '1045': ['1045'], '1062': ['1062'], '1077': ['1077'], '1117': ['1117'], '1152': ['1152'], '1075': ['1075'], '1076': ['1076'], '1073': ['1073'], '1078': ['1078'], '1074': ['1074'], '1135': ['1135'], '1137': ['1137'], '1140': ['1140'], '1139': ['1139'], '1120': ['1120'], '1134': ['1134']})"
109,"defaultdict(<class 'list'>, {'1040': ['1040', '1080', '1081', '1082', '1078'], '1079': ['1079'], '1095': ['1095'], '1084': ['1084'], '1096': ['1096'], '1136': ['1136'], '1138': ['1138'], '1041': ['1041'], '1126': ['1126'], '1125': ['1125'], '1127': ['1127'], '1128': ['1128'], '1129': ['1129'], '1131': ['1131'], '1032': ['1032', '1160', '1161', '1162', '1146'], '1052': ['1052', '1051', '1053', '1049', '1050'], '1063': ['1063'], '1055': ['1055'], '1057': ['1057'], '1060': ['1060'], '1071': ['1071'], '1147': ['1147'], '1148': ['1148'], '1158': ['1158'], '1066': ['1066'], '1056': ['1056'], '1061': ['1061'], '1072': ['1072'], '1157': ['1157'], '1159': ['1159'], '1033': ['1033'], '1101': ['1101'], '1109': ['1109'], '1153': ['1153'], '1102': ['1102'], '1103': ['1103'], '1105': ['1105'], '1106': ['1106'], '1113': ['1113'], '1154': ['1154'], '1155': ['1155'], '1108': ['1108'], '1110': ['1110'], '1104': ['1104'], '1107': ['1107'], '1114': ['1114'], '1156': ['1156'], '1038': ['1038', '1048', '1068', '1034', '1067'], '1054': ['1054'], '1039': ['1039'], '1097': ['1097'], '1098': ['1098'], '1099': ['1099'], '1112': ['1112'], '1100': ['1100'], '1035': ['1035'], '1111': ['1111'], '1030': ['1030'], '1046': ['1046'], '1069': ['1069'], '1058': ['1058'], '1059': ['1059'], '1064': ['1064'], '1065': ['1065'], '1047': ['1047'], '1070': ['1070'], '1031': ['1031'], '1042': ['1042'], '1083': ['1083'], '1085': ['1085'], '1086': ['1086'], '1089': ['1089'], '1043': ['1043', '1121', '1122', '1123', '1045'], '1124': ['1124'], '1036': ['1036'], '1092': ['1092'], '1150': ['1150'], '1093': ['1093'], '1094': ['1094'], '1145': ['1145'], '1151': ['1151'], '1144': ['1144'], '1149': ['1149'], '1037': ['1037'], '1044': ['1044'], '1087': ['1087'], '1088': ['1088', '1142', '1141', '1143', '1140'], '1090': ['1090'], '1091': ['1091'], '1115': ['1115'], '1062': ['1062'], '1077': ['1077'], '1117': ['1117'], '1152': ['1152'], '1075': ['1075'], '1076': ['1076'], '1118': ['1118'], '1073': ['1073'], '1074': ['1074'], '1116': ['1116'], '1135': ['1135'], '1137': ['1137'], '1139': ['1139'], '1119': ['1119'], '1120': ['1120'], '1132': ['1132'], '1130': ['1130'], '1134': ['1134'], '1133': ['1133']})"
109,"defaultdict(<class 'list'>, {'1040': ['1040'], '1080': ['1080'], '1079': ['1079'], '1081': ['1081'], '1095': ['1095'], '1082': ['1082', '1084', '1042', '1083', '1085'], '1096': ['1096', '1138', '1135', '1137', '1139'], '1136': ['1136'], '1041': ['1041'], '1126': ['1126'], '1125': ['1125'], '1127': ['1127'], '1128': ['1128'], '1129': ['1129'], '1131': ['1131'], '1032': ['1032'], '1052': ['1052'], '1063': ['1063'], '1160': ['1160'], '1051': ['1051'], '1055': ['1055'], '1057': ['1057'], '1060': ['1060'], '1071': ['1071'], '1147': ['1147'], '1148': ['1148'], '1158': ['1158'], '1161': ['1161'], '1053': ['1053'], '1066': ['1066'], '1056': ['1056'], '1061': ['1061'], '1072': ['1072'], '1157': ['1157'], '1159': ['1159'], '1162': ['1162'], '1033': ['1033'], '1101': ['1101'], '1109': ['1109'], '1153': ['1153'], '1102': ['1102'], '1103': ['1103'], '1105': ['1105'], '1106': ['1106'], '1113': ['1113'], '1154': ['1154'], '1155': ['1155'], '1108': ['1108'], '1110': ['1110'], '1104': ['1104'], '1107': ['1107'], '1114': ['1114'], '1156': ['1156'], '1038': ['1038', '1048', '1068', '1034', '1067'], '1049': ['1049'], '1050': ['1050'], '1054': ['1054'], '1039': ['1039'], '1097': ['1097'], '1098': ['1098'], '1099': ['1099'], '1112': ['1112'], '1100': ['1100'], '1035': ['1035'], '1111': ['1111'], '1030': ['1030'], '1046': ['1046'], '1069': ['1069'], '1058': ['1058'], '1059': ['1059'], '1064': ['1064'], '1065': ['1065'], '1047': ['1047'], '1070': ['1070'], '1031': ['1031'], '1086': ['1086', '1087', '1088', '1141', '1143'], '1089': ['1089'], '1043': ['1043', '1121', '1122', '1123', '1045'], '1124': ['1124'], '1036': ['1036'], '1092': ['1092'], '1150': ['1150'], '1093': ['1093', '1094', '1151', '1149', '1037'], '1145': ['1145'], '1144': ['1144'], '1044': ['1044'], '1090': ['1090'], '1142': ['1142'], '1091': ['1091'], '1115': ['1115'], '1062': ['1062'], '1077': ['1077'], '1117': ['1117'], '1146': ['1146'], '1152': ['1152'], '1075': ['1075'], '1076': ['1076'], '1118': ['1118'], '1073': ['1073'], '1078': ['1078'], '1074': ['1074'], '1116': ['1116'], '1140': ['1140'], '1119': ['1119'], '1120': ['1120'], '1132': ['1132'], '1130': ['1130'], '1134': ['1134'], '1133': ['1133']})"
109,"defaultdict(<class 'list'>, {'1040': ['1040'], '1080': ['1080', '1079', '1077', '1076', '1078'], '1081': ['1081'], '1095': ['1095'], '1082': ['1082'], '1084': ['1084'], '1096': ['1096', '1138', '1135', '1137', '1139'], '1136': ['1136'], '1041': ['1041'], '1126': ['1126'], '1125': ['1125'], '1127': ['1127'], '1128': ['1128'], '1129': ['1129'], '1131': ['1131'], '1032': ['1032'], '1052': ['1052'], '1063': ['1063'], '1160': ['1160'], '1051': ['1051'], '1055': ['1055'], '1057': ['1057'], '1060': ['1060'], '1071': ['1071'], '1147': ['1147'], '1148': ['1148'], '1158': ['1158'], '1161': ['1161'], '1053': ['1053'], '1066': ['1066'], '1056': ['1056'], '1061': ['1061'], '1072': ['1072'], '1157': ['1157'], '1159': ['1159'], '1162': ['1162'], '1033': ['1033', '1101', '1109', '1153', '1100'], '1102': ['1102'], '1103': ['1103'], '1105': ['1105'], '1106': ['1106'], '1113': ['1113'], '1154': ['1154'], '1155': ['1155'], '1108': ['1108'], '1110': ['1110'], '1104': ['1104'], '1107': ['1107'], '1114': ['1114'], '1156': ['1156'], '1038': ['1038'], '1048': ['1048'], '1049': ['1049'], '1050': ['1050'], '1054': ['1054'], '1068': ['1068'], '1039': ['1039'], '1097': ['1097'], '1098': ['1098'], '1099': ['1099'], '1112': ['1112'], '1034': ['1034'], '1067': ['1067'], '1035': ['1035'], '1111': ['1111'], '1030': ['1030'], '1046': ['1046'], '1069': ['1069'], '1058': ['1058'], '1059': ['1059'], '1064': ['1064'], '1065': ['1065'], '1047': ['1047'], '1070': ['1070'], '1031': ['1031'], '1042': ['1042'], '1083': ['1083'], '1085': ['1085'], '1086': ['1086', '1089', '1044', '1087', '1090'], '1043': ['1043'], '1121': ['1121'], '1122': ['1122'], '1123': ['1123'], '1124': ['1124'], '1036': ['1036'], '1092': ['1092'], '1150': ['1150'], '1093': ['1093', '1094', '1151', '1149', '1037'], '1145': ['1145'], '1144': ['1144'], '1088': ['1088', '1142', '1141', '1143', '1140'], '1091': ['1091'], '1045': ['1045'], '1115': ['1115'], '1062': ['1062'], '1117': ['1117'], '1146': ['1146'], '1152': ['1152'], '1075': ['1075'], '1118': ['1118'], '1073': ['1073'], '1074': ['1074'], '1116': ['1116'], '1119': ['1119'], '1120': ['1120'], '1132': ['1132'], '1130': ['1130'], '1134': ['1134'], '1133': ['1133']})"
109,"defaultdict(<class 'list'>, {'1040': ['1040'], '1080': ['1080'], '1079': ['1079'], '1081': ['1081'], '1095': ['1095'], '1082': ['1082'], '1084': ['1084'], '1096': ['1096', '1138', '1135', '1137', '1139'], '1136': ['1136'], '1041': ['1041'], '1126': ['1126'], '1125': ['1125'], '1127': ['1127'], '1128': ['1128'], '1129': ['1129'], '1131': ['1131'], '1032': ['1032'], '1052': ['1052'], '1063': ['1063'], '1160': ['1160'], '1051': ['1051'], '1055': ['1055'], '1057': ['1057'], '1060': ['1060'], '1071': ['1071'], '1147': ['1147'], '1148': ['1148'], '1158': ['1158'], '1161': ['1161'], '1053': ['1053'], '1066': ['1066'], '1056': ['1056', '1077', '1075', '1076', '1074'], '1061': ['1061'], '1072': ['1072'], '1157': ['1157'], '1159': ['1159'], '1162': ['1162'], '1033': ['1033', '1153', '1154', '1155', '1152'], '1101': ['1101'], '1109': ['1109'], '1102': ['1102'], '1103': ['1103'], '1105': ['1105'], '1106': ['1106'], '1113': ['1113'], '1108': ['1108'], '1110': ['1110'], '1104': ['1104'], '1107': ['1107'], '1114': ['1114'], '1156': ['1156'], '1038': ['1038'], '1048': ['1048'], '1049': ['1049'], '1050': ['1050'], '1054': ['1054'], '1068': ['1068'], '1039': ['1039'], '1097': ['1097'], '1098': ['1098'], '1099': ['1099'], '1112': ['1112'], '1100': ['1100'], '1034': ['1034'], '1067': ['1067'], '1035': ['1035'], '1111': ['1111'], '1030': ['1030'], '1046': ['1046'], '1069': ['1069'], '1058': ['1058'], '1059': ['1059'], '1064': ['1064'], '1065': ['1065'], '1047': ['1047'], '1070': ['1070'], '1031': ['1031'], '1042': ['1042'], '1083': ['1083'], '1085': ['1085'], '1086': ['1086', '1089', '1044', '1087', '1090'], '1043': ['1043', '1121', '1122', '1123', '1045'], '1124': ['1124'], '1036': ['1036'], '1092': ['1092'], '1150': ['1150'], '1093': ['1093'], '1094': ['1094'], '1145': ['1145'], '1151': ['1151'], '1144': ['1144'], '1149': ['1149'], '1037': ['1037'], '1088': ['1088', '1142', '1141', '1143', '1140'], '1091': ['1091'], '1115': ['1115'], '1062': ['1062'], '1117': ['1117'], '1146': ['1146'], '1118': ['1118'], '1073': ['1073'], '1078': ['1078'], '1116': ['1116'], '1119': ['1119'], '1120': ['1120'], '1132': ['1132'], '1130': ['1130'], '1134': ['1134'], '1133': ['1133']})"
109,"defaultdict(<class 'list'>, {'1040': ['1040'], '1080': ['1080'], '1079': ['1079'], '1081': ['1081'], '1095': ['1095'], '1082': ['1082'], '1084': ['1084'], '1096': ['1096'], '1136': ['1136'], '1138': ['1138'], '1041': ['1041'], '1126': ['1126'], '1125': ['1125'], '1127': ['1127'], '1128': ['1128'], '1129': ['1129'], '1131': ['1131'], '1032': ['1032'], '1052': ['1052'], '1063': ['1063'], '1160': ['1160'], '1051': ['1051'], '1055': ['1055'], '1057': ['1057'], '1060': ['1060'], '1071': ['1071'], '1147': ['1147'], '1148': ['1148'], '1158': ['1158'], '1161': ['1161'], '1053': ['1053'], '1066': ['1066', '1038', '1048', '1068', '1067'], '1056': ['1056', '1077', '1075', '1076', '1074'], '1061': ['1061'], '1072': ['1072'], '1157': ['1157'], '1159': ['1159'], '1162': ['1162'], '1033': ['1033'], '1101': ['1101'], '1109': ['1109'], '1153': ['1153', '1154', '1155', '1156', '1152'], '1102': ['1102', '1103', '1104', '1117', '1118'], '1105': ['1105'], '1106': ['1106'], '1113': ['1113'], '1108': ['1108'], '1110': ['1110'], '1107': ['1107'], '1114': ['1114'], '1049': ['1049'], '1050': ['1050'], '1054': ['1054'], '1039': ['1039'], '1097': ['1097'], '1098': ['1098'], '1099': ['1099'], '1112': ['1112'], '1100': ['1100'], '1034': ['1034'], '1035': ['1035'], '1111': ['1111'], '1030': ['1030'], '1046': ['1046'], '1069': ['1069', '1064', '1065', '1070', '1031'], '1058': ['1058'], '1059': ['1059'], '1047': ['1047'], '1042': ['1042'], '1083': ['1083'], '1085': ['1085'], '1086': ['1086', '1089', '1087', '1090', '1091'], '1043': ['1043'], '1121': ['1121'], '1122': ['1122'], '1123': ['1123'], '1124': ['1124'], '1036': ['1036'], '1092': ['1092'], '1150': ['1150'], '1093': ['1093'], '1094': ['1094'], '1145': ['1145'], '1151': ['1151'], '1144': ['1144'], '1149': ['1149'], '1037': ['1037'], '1044': ['1044'], '1088': ['1088'], '1142': ['1142'], '1141': ['1141'], '1143': ['1143'], '1045': ['1045'], '1115': ['1115'], '1062': ['1062'], '1146': ['1146'], '1073': ['1073'], '1078': ['1078'], '1116': ['1116'], '1135': ['1135'], '1137': ['1137'], '1140': ['1140'], '1139': ['1139'], '1119': ['1119'], '1120': ['1120'], '1132': ['1132'], '1130': ['1130'], '1134': ['1134'], '1133': ['1133']})"
109,"defaultdict(<class 'list'>, {'1040': ['1040'], '1080': ['1080'], '1079': ['1079', '1077', '1075', '1076', '1074'], '1081': ['1081'], '1095': ['1095'], '1082': ['1082'], '1084': ['1084'], '1096': ['1096'], '1136': ['1136'], '1138': ['1138'], '1041': ['1041'], '1126': ['1126'], '1125': ['1125'], '1127': ['1127'], '1128': ['1128'], '1129': ['1129'], '1131': ['1131'], '1032': ['1032'], '1052': ['1052'], '1063': ['1063'], '1160': ['1160'], '1051': ['1051'], '1055': ['1055'], '1057': ['1057', '1060', '1061', '1105', '1106', '1107', '1058', '1059', '1062'], '1071': ['1071'], '1147': ['1147'], '1148': ['1148'], '1158': ['1158'], '1161': ['1161'], '1053': ['1053'], '1066': ['1066'], '1056': ['1056'], '1072': ['1072'], '1157': ['1157'], '1159': ['1159'], '1162': ['1162'], '1033': ['1033'], '1101': ['1101'], '1109': ['1109'], '1153': ['1153'], '1102': ['1102'], '1103': ['1103'], '1113': ['1113'], '1154': ['1154', '1036', '1150', '1151', '1152'], '1155': ['1155'], '1108': ['1108'], '1110': ['1110'], '1104': ['1104'], '1114': ['1114'], '1156': ['1156'], '1038': ['1038'], '1048': ['1048'], '1049': ['1049'], '1050': ['1050'], '1054': ['1054'], '1068': ['1068'], '1039': ['1039', '1097', '1098', '1099', '1035'], '1112': ['1112'], '1100': ['1100'], '1034': ['1034'], '1067': ['1067'], '1111': ['1111'], '1030': ['1030'], '1046': ['1046'], '1069': ['1069'], '1064': ['1064'], '1065': ['1065'], '1047': ['1047'], '1070': ['1070'], '1031': ['1031'], '1042': ['1042'], '1083': ['1083'], '1085': ['1085'], '1086': ['1086', '1089', '1044', '1087', '1090'], '1043': ['1043'], '1121': ['1121'], '1122': ['1122'], '1123': ['1123'], '1124': ['1124'], '1092': ['1092'], '1093': ['1093'], '1094': ['1094'], '1145': ['1145'], '1144': ['1144'], '1149': ['1149'], '1037': ['1037'], '1088': ['1088'], '1142': ['1142'], '1141': ['1141'], '1091': ['1091'], '1143': ['1143'], '1045': ['1045'], '1115': ['1115'], '1117': ['1117'], '1146': ['1146'], '1118': ['1118'], '1073': ['1073'], '1078': ['1078'], '1116': ['1116'], '1135': ['1135'], '1137': ['1137'], '1140': ['1140'], '1139': ['1139'], '1119': ['1119'], '1120': ['1120'], '1132': ['1132'], '1130': ['1130'], '1134': ['1134'], '1133': ['1133']})"
109,"defaultdict(<class 'list'>, {'1040': ['1040'], '1080': ['1080'], '1079': ['1079'], '1081': ['1081'], '1095': ['1095'], '1082': ['1082'], '1084': ['1084'], '1096': ['1096'], '1136': ['1136'], '1138': ['1138'], '1041': ['1041'], '1126': ['1126'], '1125': ['1125'], '1127': ['1127'], '1128': ['1128', '1131', '1132', '1130', '1133'], '1129': ['1129'], '1032': ['1032'], '1052': ['1052'], '1063': ['1063'], '1160': ['1160'], '1051': ['1051'], '1055': ['1055'], '1057': ['1057'], '1060': ['1060'], '1071': ['1071'], '1147': ['1147'], '1148': ['1148'], '1158': ['1158'], '1161': ['1161'], '1053': ['1053', '1038', '1048', '1054', '1034'], '1066': ['1066', '1067', '1064', '1065', '1031'], '1056': ['1056'], '1061': ['1061', '1062', '1075', '1073', '1074'], '1072': ['1072'], '1157': ['1157'], '1159': ['1159'], '1162': ['1162'], '1033': ['1033'], '1101': ['1101'], '1109': ['1109'], '1153': ['1153'], '1102': ['1102'], '1103': ['1103'], '1105': ['1105'], '1106': ['1106'], '1113': ['1113'], '1154': ['1154'], '1155': ['1155'], '1108': ['1108'], '1110': ['1110'], '1104': ['1104'], '1107': ['1107'], '1114': ['1114'], '1156': ['1156'], '1049': ['1049'], '1050': ['1050'], '1068': ['1068'], '1039': ['1039'], '1097': ['1097'], '1098': ['1098'], '1099': ['1099'], '1112': ['1112'], '1100': ['1100'], '1035': ['1035'], '1111': ['1111'], '1030': ['1030'], '1046': ['1046'], '1069': ['1069'], '1058': ['1058'], '1059': ['1059'], '1047': ['1047'], '1070': ['1070'], '1042': ['1042'], '1083': ['1083'], '1085': ['1085'], '1086': ['1086', '1089', '1044', '1087', '1090'], '1043': ['1043', '1121', '1122', '1123', '1045'], '1124': ['1124'], '1036': ['1036'], '1092': ['1092'], '1150': ['1150'], '1093': ['1093'], '1094': ['1094'], '1145': ['1145'], '1151': ['1151'], '1144': ['1144'], '1149': ['1149'], '1037': ['1037'], '1088': ['1088'], '1142': ['1142'], '1141': ['1141'], '1091': ['1091'], '1143': ['1143'], '1115': ['1115'], '1077': ['1077'], '1117': ['1117'], '1146': ['1146'], '1152': ['1152'], '1076': ['1076'], '1118': ['1118'], '1078': ['1078'], '1116': ['1116'], '1135': ['1135'], '1137': ['1137'], '1140': ['1140'], '1139': ['1139'], '1119': ['1119'], '1120': ['1120'], '1134': ['1134']})"
109,"defaultdict(<class 'list'>, {'1040': ['1040'], '1080': ['1080'], '1079': ['1079'], '1081': ['1081'], '1095': ['1095'], '1082': ['1082'], '1084': ['1084', '1042', '1085', '1086', '1087'], '1096': ['1096'], '1136': ['1136'], '1138': ['1138'], '1041': ['1041'], '1126': ['1126'], '1125': ['1125'], '1127': ['1127'], '1128': ['1128'], '1129': ['1129'], '1131': ['1131'], '1032': ['1032', '1063', '1160', '1161', '1162'], '1052': ['1052'], '1051': ['1051', '1055', '1056', '1049', '1050'], '1057': ['1057'], '1060': ['1060'], '1071': ['1071'], '1147': ['1147'], '1148': ['1148'], '1158': ['1158'], '1053': ['1053'], '1066': ['1066'], '1061': ['1061'], '1072': ['1072'], '1157': ['1157'], '1159': ['1159'], '1033': ['1033'], '1101': ['1101', '1102', '1098', '1099', '1100'], '1109': ['1109'], '1153': ['1153'], '1103': ['1103'], '1105': ['1105'], '1106': ['1106'], '1113': ['1113'], '1154': ['1154'], '1155': ['1155'], '1108': ['1108'], '1110': ['1110'], '1104': ['1104'], '1107': ['1107'], '1114': ['1114'], '1156': ['1156'], '1038': ['1038'], '1048': ['1048'], '1054': ['1054'], '1068': ['1068'], '1039': ['1039'], '1097': ['1097'], '1112': ['1112'], '1034': ['1034'], '1067': ['1067'], '1035': ['1035'], '1111': ['1111'], '1030': ['1030'], '1046': ['1046'], '1069': ['1069', '1064', '1065', '1070', '1031'], '1058': ['1058'], '1059': ['1059'], '1047': ['1047'], '1083': ['1083'], '1089': ['1089'], '1043': ['1043'], '1121': ['1121'], '1122': ['1122'], '1123': ['1123'], '1124': ['1124'], '1036': ['1036'], '1092': ['1092'], '1150': ['1150'], '1093': ['1093'], '1094': ['1094'], '1145': ['1145'], '1151': ['1151'], '1144': ['1144'], '1149': ['1149'], '1037': ['1037'], '1044': ['1044'], '1088': ['1088'], '1090': ['1090'], '1142': ['1142'], '1141': ['1141'], '1091': ['1091'], '1143': ['1143'], '1045': ['1045'], '1115': ['1115'], '1062': ['1062'], '1077': ['1077'], '1117': ['1117', '1118', '1116', '1119', '1120'], '1146': ['1146'], '1152': ['1152'], '1075': ['1075'], '1076': ['1076'], '1073': ['1073'], '1078': ['1078'], '1074': ['1074'], '1135': ['1135'], '1137': ['1137'], '1140': ['1140'], '1139': ['1139'], '1132': ['1132'], '1130': ['1130'], '1134': ['1134'], '1133': ['1133']})"
109,"defaultdict(<class 'list'>, {'1040': ['1040'], '1080': ['1080'], '1079': ['1079'], '1081': ['1081'], '1095': ['1095'], '1082': ['1082'], '1084': ['1084'], '1096': ['1096', '1138', '1135', '1137', '1139'], '1136': ['1136'], '1041': ['1041'], '1126': ['1126'], '1125': ['1125'], '1127': ['1127'], '1128': ['1128', '1129', '1132', '1130', '1134'], '1131': ['1131'], '1032': ['1032', '1052', '1063', '1053', '1049'], '1160': ['1160', '1147', '1161', '1145', '1146'], '1051': ['1051'], '1055': ['1055'], '1057': ['1057', '1060', '1061', '1058', '1059'], '1071': ['1071'], '1148': ['1148'], '1158': ['1158'], '1066': ['1066'], '1056': ['1056'], '1072': ['1072'], '1157': ['1157'], '1159': ['1159'], '1162': ['1162'], '1033': ['1033'], '1101': ['1101'], '1109': ['1109'], '1153': ['1153'], '1102': ['1102'], '1103': ['1103'], '1105': ['1105'], '1106': ['1106'], '1113': ['1113'], '1154': ['1154'], '1155': ['1155'], '1108': ['1108'], '1110': ['1110'], '1104': ['1104'], '1107': ['1107'], '1114': ['1114'], '1156': ['1156'], '1038': ['1038'], '1048': ['1048'], '1050': ['1050'], '1054': ['1054'], '1068': ['1068'], '1039': ['1039'], '1097': ['1097'], '1098': ['1098'], '1099': ['1099'], '1112': ['1112'], '1100': ['1100'], '1034': ['1034'], '1067': ['1067'], '1035': ['1035'], '1111': ['1111'], '1030': ['1030'], '1046': ['1046'], '1069': ['1069'], '1064': ['1064'], '1065': ['1065'], '1047': ['1047'], '1070': ['1070'], '1031': ['1031'], '1042': ['1042'], '1083': ['1083'], '1085': ['1085'], '1086': ['1086'], '1089': ['1089'], '1043': ['1043'], '1121': ['1121'], '1122': ['1122'], '1123': ['1123'], '1124': ['1124'], '1036': ['1036'], '1092': ['1092'], '1150': ['1150'], '1093': ['1093', '1094', '1144', '1149', '1037'], '1151': ['1151'], '1044': ['1044'], '1087': ['1087'], '1088': ['1088'], '1090': ['1090'], '1142': ['1142'], '1141': ['1141'], '1091': ['1091'], '1143': ['1143'], '1045': ['1045'], '1115': ['1115'], '1062': ['1062'], '1077': ['1077'], '1117': ['1117'], '1152': ['1152'], '1075': ['1075'], '1076': ['1076'], '1118': ['1118'], '1073': ['1073'], '1078': ['1078'], '1074': ['1074'], '1116': ['1116'], '1140': ['1140'], '1119': ['1119'], '1120': ['1120'], '1133': ['1133']})"
109,"defaultdict(<class 'list'>, {'1040': ['1040'], '1080': ['1080'], '1079': ['1079'], '1081': ['1081'], '1095': ['1095'], '1082': ['1082'], '1084': ['1084'], '1096': ['1096'], '1136': ['1136'], '1138': ['1138'], '1041': ['1041'], '1126': ['1126'], '1125': ['1125'], '1127': ['1127'], '1128': ['1128'], '1129': ['1129'], '1131': ['1131'], '1032': ['1032', '1160', '1161', '1162', '1146'], '1052': ['1052'], '1063': ['1063'], '1051': ['1051'], '1055': ['1055'], '1057': ['1057'], '1060': ['1060'], '1071': ['1071'], '1147': ['1147'], '1148': ['1148'], '1158': ['1158'], '1053': ['1053'], '1066': ['1066'], '1056': ['1056'], '1061': ['1061'], '1072': ['1072'], '1157': ['1157'], '1159': ['1159'], '1033': ['1033'], '1101': ['1101', '1102', '1098', '1099', '1100'], '1109': ['1109'], '1153': ['1153'], '1103': ['1103'], '1105': ['1105'], '1106': ['1106'], '1113': ['1113'], '1154': ['1154'], '1155': ['1155'], '1108': ['1108'], '1110': ['1110'], '1104': ['1104'], '1107': ['1107'], '1114': ['1114'], '1156': ['1156'], '1038': ['1038'], '1048': ['1048'], '1049': ['1049'], '1050': ['1050'], '1054': ['1054'], '1068': ['1068'], '1039': ['1039', '1097', '1112', '1035', '1111'], '1034': ['1034'], '1067': ['1067'], '1030': ['1030'], '1046': ['1046'], '1069': ['1069', '1064', '1065', '1070', '1031'], '1058': ['1058'], '1059': ['1059'], '1047': ['1047'], '1042': ['1042'], '1083': ['1083'], '1085': ['1085'], '1086': ['1086'], '1089': ['1089'], '1043': ['1043'], '1121': ['1121'], '1122': ['1122'], '1123': ['1123'], '1124': ['1124'], '1036': ['1036'], '1092': ['1092'], '1150': ['1150'], '1093': ['1093', '1094', '1151', '1149', '1037'], '1145': ['1145'], '1144': ['1144'], '1044': ['1044'], '1087': ['1087'], '1088': ['1088', '1142', '1141', '1143', '1140'], '1090': ['1090'], '1091': ['1091'], '1045': ['1045'], '1115': ['1115'], '1062': ['1062'], '1077': ['1077'], '1117': ['1117'], '1152': ['1152'], '1075': ['1075'], '1076': ['1076'], '1118': ['1118'], '1073': ['1073'], '1078': ['1078'], '1074': ['1074'], '1116': ['1116'], '1135': ['1135'], '1137': ['1137'], '1139': ['1139'], '1119': ['1119'], '1120': ['1120'], '1132': ['1132'], '1130': ['1130'], '1134': ['1134'], '1133': ['1133']})"
109,"defaultdict(<class 'list'>, {'1040': ['1040'], '1080': ['1080'], '1079': ['1079'], '1081': ['1081'], '1095': ['1095'], '1082': ['1082', '1084', '1042', '1083', '1085'], '1096': ['1096'], '1136': ['1136'], '1138': ['1138'], '1041': ['1041'], '1126': ['1126'], '1125': ['1125'], '1127': ['1127'], '1128': ['1128'], '1129': ['1129'], '1131': ['1131'], '1032': ['1032', '1052', '1063', '1053', '1049'], '1160': ['1160'], '1051': ['1051'], '1055': ['1055'], '1057': ['1057'], '1060': ['1060'], '1071': ['1071'], '1147': ['1147'], '1148': ['1148', '1158', '1157', '1159', '1156'], '1161': ['1161'], '1066': ['1066'], '1056': ['1056'], '1061': ['1061'], '1072': ['1072'], '1162': ['1162'], '1033': ['1033'], '1101': ['1101'], '1109': ['1109'], '1153': ['1153'], '1102': ['1102'], '1103': ['1103'], '1105': ['1105'], '1106': ['1106'], '1113': ['1113'], '1154': ['1154'], '1155': ['1155'], '1108': ['1108'], '1110': ['1110'], '1104': ['1104'], '1107': ['1107'], '1114': ['1114'], '1038': ['1038'], '1048': ['1048'], '1050': ['1050'], '1054': ['1054'], '1068': ['1068'], '1039': ['1039'], '1097': ['1097'], '1098': ['1098'], '1099': ['1099'], '1112': ['1112'], '1100': ['1100'], '1034': ['1034'], '1067': ['1067'], '1035': ['1035'], '1111': ['1111'], '1030': ['1030', '1046', '1069', '1047', '1070'], '1058': ['1058'], '1059': ['1059'], '1064': ['1064'], '1065': ['1065'], '1031': ['1031'], '1086': ['1086', '1089', '1044', '1087', '1090'], '1043': ['1043'], '1121': ['1121'], '1122': ['1122'], '1123': ['1123'], '1124': ['1124'], '1036': ['1036'], '1092': ['1092'], '1150': ['1150'], '1093': ['1093', '1094', '1151', '1149', '1037'], '1145': ['1145'], '1144': ['1144'], '1088': ['1088'], '1142': ['1142'], '1141': ['1141'], '1091': ['1091'], '1143': ['1143'], '1045': ['1045'], '1115': ['1115'], '1062': ['1062'], '1077': ['1077'], '1117': ['1117'], '1146': ['1146'], '1152': ['1152'], '1075': ['1075'], '1076': ['1076'], '1118': ['1118'], '1073': ['1073'], '1078': ['1078'], '1074': ['1074'], '1116': ['1116'], '1135': ['1135'], '1137': ['1137'], '1140': ['1140'], '1139': ['1139'], '1119': ['1119'], '1120': ['1120'], '1132': ['1132'], '1130': ['1130'], '1134': ['1134'], '1133': ['1133']})"
109,"defaultdict(<class 'list'>, {'1040': ['1040'], '1080': ['1080'], '1079': ['1079'], '1081': ['1081'], '1095': ['1095'], '1082': ['1082'], '1084': ['1084'], '1096': ['1096'], '1136': ['1136'], '1138': ['1138'], '1041': ['1041', '1126', '1125', '1127', '1124'], '1128': ['1128'], '1129': ['1129'], '1131': ['1131'], '1032': ['1032', '1160', '1161', '1162', '1146'], '1052': ['1052'], '1063': ['1063'], '1051': ['1051'], '1055': ['1055'], '1057': ['1057'], '1060': ['1060'], '1071': ['1071'], '1147': ['1147'], '1148': ['1148'], '1158': ['1158'], '1053': ['1053'], '1066': ['1066'], '1056': ['1056'], '1061': ['1061'], '1072': ['1072'], '1157': ['1157'], '1159': ['1159'], '1033': ['1033'], '1101': ['1101', '1102', '1098', '1099', '1100'], '1109': ['1109'], '1153': ['1153'], '1103': ['1103'], '1105': ['1105'], '1106': ['1106'], '1113': ['1113'], '1154': ['1154'], '1155': ['1155'], '1108': ['1108'], '1110': ['1110', '1111', '1064', '1065', '1031'], '1104': ['1104'], '1107': ['1107'], '1114': ['1114'], '1156': ['1156'], '1038': ['1038', '1048', '1068', '1034', '1067'], '1049': ['1049'], '1050': ['1050'], '1054': ['1054'], '1039': ['1039'], '1097': ['1097'], '1112': ['1112'], '1035': ['1035'], '1030': ['1030'], '1046': ['1046'], '1069': ['1069'], '1058': ['1058'], '1059': ['1059'], '1047': ['1047'], '1070': ['1070'], '1042': ['1042'], '1083': ['1083'], '1085': ['1085'], '1086': ['1086'], '1089': ['1089'], '1043': ['1043'], '1121': ['1121'], '1122': ['1122'], '1123': ['1123'], '1036': ['1036'], '1092': ['1092'], '1150': ['1150'], '1093': ['1093', '1094', '1151', '1149', '1037'], '1145': ['1145'], '1144': ['1144'], '1044': ['1044'], '1087': ['1087'], '1088': ['1088'], '1090': ['1090'], '1142': ['1142'], '1141': ['1141'], '1091': ['1091'], '1143': ['1143'], '1045': ['1045'], '1115': ['1115'], '1062': ['1062'], '1077': ['1077'], '1117': ['1117'], '1152': ['1152'], '1075': ['1075'], '1076': ['1076'], '1118': ['1118'], '1073': ['1073'], '1078': ['1078'], '1074': ['1074'], '1116': ['1116'], '1135': ['1135'], '1137': ['1137'], '1140': ['1140'], '1139': ['1139'], '1119': ['1119'], '1120': ['1120'], '1132': ['1132'], '1130': ['1130'], '1134': ['1134'], '1133': ['1133']})"
109,"defaultdict(<class 'list'>, {'1040': ['1040'], '1080': ['1080'], '1079': ['1079'], '1081': ['1081'], '1095': ['1095'], '1082': ['1082'], '1084': ['1084', '1042', '1085', '1086', '1087'], '1096': ['1096'], '1136': ['1136'], '1138': ['1138'], '1041': ['1041'], '1126': ['1126'], '1125': ['1125'], '1127': ['1127'], '1128': ['1128'], '1129': ['1129'], '1131': ['1131'], '1032': ['1032'], '1052': ['1052'], '1063': ['1063'], '1160': ['1160'], '1051': ['1051'], '1055': ['1055'], '1057': ['1057'], '1060': ['1060'], '1071': ['1071'], '1147': ['1147'], '1148': ['1148'], '1158': ['1158'], '1161': ['1161'], '1053': ['1053'], '1066': ['1066'], '1056': ['1056'], '1061': ['1061'], '1072': ['1072'], '1157': ['1157'], '1159': ['1159'], '1162': ['1162'], '1033': ['1033'], '1101': ['1101', '1102', '1098', '1099', '1100'], '1109': ['1109'], '1153': ['1153'], '1103': ['1103'], '1105': ['1105'], '1106': ['1106'], '1113': ['1113'], '1154': ['1154'], '1155': ['1155'], '1108': ['1108'], '1110': ['1110'], '1104': ['1104'], '1107': ['1107'], '1114': ['1114'], '1156': ['1156'], '1038': ['1038'], '1048': ['1048'], '1049': ['1049'], '1050': ['1050'], '1054': ['1054'], '1068': ['1068'], '1039': ['1039', '1097', '1112', '1035', '1111'], '1034': ['1034'], '1067': ['1067'], '1030': ['1030'], '1046': ['1046'], '1069': ['1069'], '1058': ['1058'], '1059': ['1059'], '1064': ['1064'], '1065': ['1065'], '1047': ['1047'], '1070': ['1070'], '1031': ['1031'], '1083': ['1083'], '1089': ['1089'], '1043': ['1043'], '1121': ['1121'], '1122': ['1122'], '1123': ['1123'], '1124': ['1124'], '1036': ['1036'], '1092': ['1092'], '1150': ['1150'], '1093': ['1093'], '1094': ['1094'], '1145': ['1145'], '1151': ['1151'], '1144': ['1144'], '1149': ['1149'], '1037': ['1037'], '1044': ['1044'], '1088': ['1088', '1142', '1141', '1143', '1139'], '1090': ['1090'], '1091': ['1091'], '1045': ['1045'], '1115': ['1115'], '1062': ['1062'], '1077': ['1077', '1075', '1076', '1073', '1074'], '1117': ['1117', '1118', '1116', '1119', '1120'], '1146': ['1146'], '1152': ['1152'], '1078': ['1078'], '1135': ['1135'], '1137': ['1137'], '1140': ['1140'], '1132': ['1132'], '1130': ['1130'], '1134': ['1134'], '1133': ['1133']})"
109,"defaultdict(<class 'list'>, {'1040': ['1040'], '1080': ['1080'], '1079': ['1079'], '1081': ['1081'], '1095': ['1095'], '1082': ['1082', '1084', '1042', '1083', '1085'], '1096': ['1096'], '1136': ['1136'], '1138': ['1138'], '1041': ['1041', '1126', '1125', '1127', '1124'], '1128': ['1128'], '1129': ['1129'], '1131': ['1131'], '1032': ['1032'], '1052': ['1052'], '1063': ['1063'], '1160': ['1160'], '1051': ['1051'], '1055': ['1055'], '1057': ['1057'], '1060': ['1060'], '1071': ['1071'], '1147': ['1147'], '1148': ['1148'], '1158': ['1158'], '1161': ['1161'], '1053': ['1053'], '1066': ['1066'], '1056': ['1056'], '1061': ['1061'], '1072': ['1072'], '1157': ['1157'], '1159': ['1159'], '1162': ['1162'], '1033': ['1033', '1109', '1153', '1155', '1152'], '1101': ['1101'], '1102': ['1102'], '1103': ['1103'], '1105': ['1105'], '1106': ['1106'], '1113': ['1113'], '1154': ['1154'], '1108': ['1108'], '1110': ['1110'], '1104': ['1104'], '1107': ['1107'], '1114': ['1114'], '1156': ['1156'], '1038': ['1038', '1048', '1068', '1034', '1067'], '1049': ['1049'], '1050': ['1050'], '1054': ['1054'], '1039': ['1039'], '1097': ['1097'], '1098': ['1098'], '1099': ['1099'], '1112': ['1112'], '1100': ['1100'], '1035': ['1035'], '1111': ['1111'], '1030': ['1030'], '1046': ['1046'], '1069': ['1069'], '1058': ['1058'], '1059': ['1059'], '1064': ['1064'], '1065': ['1065'], '1047': ['1047'], '1070': ['1070'], '1031': ['1031'], '1086': ['1086'], '1089': ['1089'], '1043': ['1043'], '1121': ['1121'], '1122': ['1122'], '1123': ['1123'], '1036': ['1036'], '1092': ['1092'], '1150': ['1150'], '1093': ['1093', '1094', '1151', '1149', '1037'], '1145': ['1145'], '1144': ['1144'], '1044': ['1044'], '1087': ['1087'], '1088': ['1088'], '1090': ['1090'], '1142': ['1142'], '1141': ['1141'], '1091': ['1091'], '1143': ['1143'], '1045': ['1045'], '1115': ['1115'], '1062': ['1062'], '1077': ['1077'], '1117': ['1117', '1118', '1116', '1119', '1120'], '1146': ['1146'], '1075': ['1075'], '1076': ['1076'], '1073': ['1073'], '1078': ['1078'], '1074': ['1074'], '1135': ['1135'], '1137': ['1137'], '1140': ['1140'], '1139': ['1139'], '1132': ['1132'], '1130': ['1130'], '1134': ['1134'], '1133': ['1133']})"
109,"defaultdict(<class 'list'>, {'1040': ['1040'], '1080': ['1080', '1079', '1077', '1076', '1078'], '1081': ['1081'], '1095': ['1095'], '1082': ['1082'], '1084': ['1084'], '1096': ['1096', '1138', '1135', '1137', '1139'], '1136': ['1136'], '1041': ['1041'], '1126': ['1126'], '1125': ['1125'], '1127': ['1127'], '1128': ['1128'], '1129': ['1129'], '1131': ['1131'], '1032': ['1032'], '1052': ['1052'], '1063': ['1063'], '1160': ['1160'], '1051': ['1051'], '1055': ['1055'], '1057': ['1057'], '1060': ['1060'], '1071': ['1071'], '1147': ['1147'], '1148': ['1148'], '1158': ['1158', '1157', '1159', '1033', '1153', '1154', '1155', '1152', '1156'], '1161': ['1161'], '1053': ['1053'], '1066': ['1066'], '1056': ['1056'], '1061': ['1061'], '1072': ['1072'], '1162': ['1162'], '1101': ['1101', '1102', '1098', '1099', '1100'], '1109': ['1109'], '1103': ['1103'], '1105': ['1105'], '1106': ['1106'], '1113': ['1113'], '1108': ['1108'], '1110': ['1110'], '1104': ['1104'], '1107': ['1107'], '1114': ['1114'], '1038': ['1038'], '1048': ['1048'], '1049': ['1049'], '1050': ['1050'], '1054': ['1054'], '1068': ['1068'], '1039': ['1039'], '1097': ['1097'], '1112': ['1112'], '1034': ['1034'], '1067': ['1067'], '1035': ['1035'], '1111': ['1111'], '1030': ['1030'], '1046': ['1046'], '1069': ['1069'], '1058': ['1058'], '1059': ['1059'], '1064': ['1064'], '1065': ['1065'], '1047': ['1047'], '1070': ['1070'], '1031': ['1031'], '1042': ['1042'], '1083': ['1083'], '1085': ['1085'], '1086': ['1086'], '1089': ['1089'], '1043': ['1043'], '1121': ['1121'], '1122': ['1122'], '1123': ['1123'], '1124': ['1124'], '1036': ['1036'], '1092': ['1092'], '1150': ['1150'], '1093': ['1093', '1094', '1151', '1149', '1037'], '1145': ['1145'], '1144': ['1144'], '1044': ['1044'], '1087': ['1087'], '1088': ['1088'], '1090': ['1090'], '1142': ['1142'], '1141': ['1141'], '1091': ['1091'], '1143': ['1143'], '1045': ['1045'], '1115': ['1115'], '1062': ['1062'], '1117': ['1117'], '1146': ['1146'], '1075': ['1075'], '1118': ['1118'], '1073': ['1073'], '1074': ['1074'], '1116': ['1116'], '1140': ['1140'], '1119': ['1119'], '1120': ['1120'], '1132': ['1132'], '1130': ['1130'], '1134': ['1134'], '1133': ['1133']})"
109,"defaultdict(<class 'list'>, {'1040': ['1040'], '1080': ['1080', '1079', '1077', '1076', '1078'], '1081': ['1081'], '1095': ['1095'], '1082': ['1082'], '1084': ['1084'], '1096': ['1096'], '1136': ['1136'], '1138': ['1138'], '1041': ['1041'], '1126': ['1126'], '1125': ['1125'], '1127': ['1127'], '1128': ['1128', '1131', '1132', '1130', '1133'], '1129': ['1129'], '1032': ['1032', '1160', '1161', '1162', '1146'], '1052': ['1052'], '1063': ['1063'], '1051': ['1051'], '1055': ['1055'], '1057': ['1057'], '1060': ['1060'], '1071': ['1071'], '1147': ['1147'], '1148': ['1148', '1158', '1157', '1159', '1156', '1153', '1154', '1155', '1152'], '1053': ['1053'], '1066': ['1066'], '1056': ['1056'], '1061': ['1061'], '1072': ['1072'], '1033': ['1033'], '1101': ['1101'], '1109': ['1109'], '1102': ['1102'], '1103': ['1103'], '1105': ['1105'], '1106': ['1106'], '1113': ['1113'], '1108': ['1108'], '1110': ['1110'], '1104': ['1104'], '1107': ['1107'], '1114': ['1114'], '1038': ['1038'], '1048': ['1048'], '1049': ['1049'], '1050': ['1050'], '1054': ['1054'], '1068': ['1068'], '1039': ['1039'], '1097': ['1097'], '1098': ['1098'], '1099': ['1099'], '1112': ['1112'], '1100': ['1100'], '1034': ['1034'], '1067': ['1067'], '1035': ['1035'], '1111': ['1111'], '1030': ['1030'], '1046': ['1046'], '1069': ['1069'], '1058': ['1058'], '1059': ['1059'], '1064': ['1064'], '1065': ['1065'], '1047': ['1047'], '1070': ['1070'], '1031': ['1031'], '1042': ['1042'], '1083': ['1083'], '1085': ['1085'], '1086': ['1086'], '1089': ['1089'], '1043': ['1043'], '1121': ['1121'], '1122': ['1122'], '1123': ['1123'], '1124': ['1124'], '1036': ['1036', '1092', '1150', '1151', '1149'], '1093': ['1093'], '1094': ['1094'], '1145': ['1145'], '1144': ['1144'], '1037': ['1037'], '1044': ['1044'], '1087': ['1087'], '1088': ['1088'], '1090': ['1090'], '1142': ['1142'], '1141': ['1141'], '1091': ['1091'], '1143': ['1143'], '1045': ['1045'], '1115': ['1115'], '1062': ['1062'], '1117': ['1117'], '1075': ['1075'], '1118': ['1118'], '1073': ['1073'], '1074': ['1074'], '1116': ['1116'], '1135': ['1135'], '1137': ['1137'], '1140': ['1140'], '1139': ['1139'], '1119': ['1119'], '1120': ['1120'], '1134': ['1134']})"
109,"defaultdict(<class 'list'>, {'1040': ['1040'], '1080': ['1080'], '1079': ['1079'], '1081': ['1081'], '1095': ['1095'], '1082': ['1082'], '1084': ['1084'], '1096': ['1096'], '1136': ['1136'], '1138': ['1138'], '1041': ['1041'], '1126': ['1126'], '1125': ['1125'], '1127': ['1127'], '1128': ['1128', '1131', '1132', '1130', '1133'], '1129': ['1129'], '1032': ['1032'], '1052': ['1052'], '1063': ['1063'], '1160': ['1160'], '1051': ['1051'], '1055': ['1055'], '1057': ['1057'], '1060': ['1060'], '1071': ['1071'], '1147': ['1147'], '1148': ['1148'], '1158': ['1158'], '1161': ['1161'], '1053': ['1053'], '1066': ['1066'], '1056': ['1056'], '1061': ['1061'], '1072': ['1072'], '1157': ['1157'], '1159': ['1159'], '1162': ['1162'], '1033': ['1033'], '1101': ['1101', '1102', '1098', '1099', '1100'], '1109': ['1109'], '1153': ['1153', '1154', '1155', '1151', '1152'], '1103': ['1103'], '1105': ['1105'], '1106': ['1106'], '1113': ['1113'], '1108': ['1108'], '1110': ['1110'], '1104': ['1104'], '1107': ['1107'], '1114': ['1114'], '1156': ['1156'], '1038': ['1038', '1048', '1068', '1034', '1067'], '1049': ['1049'], '1050': ['1050'], '1054': ['1054'], '1039': ['1039'], '1097': ['1097'], '1112': ['1112'], '1035': ['1035'], '1111': ['1111'], '1030': ['1030'], '1046': ['1046'], '1069': ['1069'], '1058': ['1058'], '1059': ['1059'], '1064': ['1064'], '1065': ['1065'], '1047': ['1047'], '1070': ['1070'], '1031': ['1031'], '1042': ['1042'], '1083': ['1083'], '1085': ['1085'], '1086': ['1086', '1087', '1088', '1141', '1143'], '1089': ['1089'], '1043': ['1043'], '1121': ['1121'], '1122': ['1122'], '1123': ['1123'], '1124': ['1124'], '1036': ['1036'], '1092': ['1092'], '1150': ['1150'], '1093': ['1093'], '1094': ['1094'], '1145': ['1145'], '1144': ['1144'], '1149': ['1149'], '1037': ['1037'], '1044': ['1044'], '1090': ['1090'], '1142': ['1142'], '1091': ['1091'], '1045': ['1045'], '1115': ['1115'], '1062': ['1062'], '1077': ['1077', '1075', '1076', '1073', '1074'], '1117': ['1117'], '1146': ['1146'], '1118': ['1118'], '1078': ['1078'], '1116': ['1116'], '1135': ['1135'], '1137': ['1137'], '1140': ['1140'], '1139': ['1139'], '1119': ['1119'], '1120': ['1120'], '1134': ['1134']})"
109,"defaultdict(<class 'list'>, {'1040': ['1040', '1080', '1079', '1081', '1078'], '1095': ['1095'], '1082': ['1082', '1084', '1042', '1083', '1085'], '1096': ['1096', '1136', '1135', '1137', '1140'], '1138': ['1138'], '1041': ['1041'], '1126': ['1126'], '1125': ['1125'], '1127': ['1127'], '1128': ['1128'], '1129': ['1129'], '1131': ['1131'], '1032': ['1032', '1052', '1063', '1053', '1049'], '1160': ['1160'], '1051': ['1051'], '1055': ['1055'], '1057': ['1057'], '1060': ['1060'], '1071': ['1071'], '1147': ['1147'], '1148': ['1148'], '1158': ['1158'], '1161': ['1161'], '1066': ['1066'], '1056': ['1056'], '1061': ['1061'], '1072': ['1072'], '1157': ['1157'], '1159': ['1159'], '1162': ['1162'], '1033': ['1033'], '1101': ['1101'], '1109': ['1109'], '1153': ['1153'], '1102': ['1102'], '1103': ['1103'], '1105': ['1105'], '1106': ['1106'], '1113': ['1113'], '1154': ['1154', '1036', '1150', '1151', '1152'], '1155': ['1155'], '1108': ['1108'], '1110': ['1110'], '1104': ['1104'], '1107': ['1107'], '1114': ['1114'], '1156': ['1156'], '1038': ['1038'], '1048': ['1048'], '1050': ['1050'], '1054': ['1054'], '1068': ['1068', '1077', '1075', '1076', '1074'], '1039': ['1039'], '1097': ['1097'], '1098': ['1098'], '1099': ['1099'], '1112': ['1112'], '1100': ['1100'], '1034': ['1034'], '1067': ['1067'], '1035': ['1035'], '1111': ['1111'], '1030': ['1030'], '1046': ['1046'], '1069': ['1069'], '1058': ['1058'], '1059': ['1059'], '1064': ['1064'], '1065': ['1065'], '1047': ['1047'], '1070': ['1070'], '1031': ['1031'], '1086': ['1086'], '1089': ['1089'], '1043': ['1043'], '1121': ['1121'], '1122': ['1122'], '1123': ['1123'], '1124': ['1124'], '1092': ['1092'], '1093': ['1093'], '1094': ['1094'], '1145': ['1145'], '1144': ['1144'], '1149': ['1149'], '1037': ['1037'], '1044': ['1044'], '1087': ['1087'], '1088': ['1088'], '1090': ['1090'], '1142': ['1142'], '1141': ['1141'], '1091': ['1091'], '1143': ['1143'], '1045': ['1045'], '1115': ['1115'], '1062': ['1062'], '1117': ['1117'], '1146': ['1146'], '1118': ['1118'], '1073': ['1073'], '1116': ['1116'], '1139': ['1139'], '1119': ['1119'], '1120': ['1120'], '1132': ['1132'], '1130': ['1130'], '1134': ['1134'], '1133': ['1133']})"
109,"defaultdict(<class 'list'>, {'1040': ['1040'], '1080': ['1080'], '1079': ['1079'], '1081': ['1081'], '1095': ['1095'], '1082': ['1082'], '1084': ['1084'], '1096': ['1096'], '1136': ['1136'], '1138': ['1138'], '1041': ['1041', '1126', '1125', '1127', '1124'], '1128': ['1128'], '1129': ['1129'], '1131': ['1131'], '1032': ['1032', '1160', '1161', '1162', '1146'], '1052': ['1052'], '1063': ['1063'], '1051': ['1051'], '1055': ['1055'], '1057': ['1057'], '1060': ['1060'], '1071': ['1071'], '1147': ['1147', '1148', '1158', '1157', '1159'], '1053': ['1053'], '1066': ['1066'], '1056': ['1056'], '1061': ['1061', '1062', '1075', '1073', '1074'], '1072': ['1072'], '1033': ['1033'], '1101': ['1101'], '1109': ['1109'], '1153': ['1153'], '1102': ['1102'], '1103': ['1103'], '1105': ['1105'], '1106': ['1106'], '1113': ['1113'], '1154': ['1154'], '1155': ['1155'], '1108': ['1108'], '1110': ['1110'], '1104': ['1104'], '1107': ['1107'], '1114': ['1114', '1115', '1118', '1116', '1119'], '1156': ['1156'], '1038': ['1038', '1048', '1068', '1034', '1067'], '1049': ['1049'], '1050': ['1050'], '1054': ['1054'], '1039': ['1039'], '1097': ['1097'], '1098': ['1098'], '1099': ['1099'], '1112': ['1112'], '1100': ['1100'], '1035': ['1035'], '1111': ['1111'], '1030': ['1030'], '1046': ['1046'], '1069': ['1069'], '1058': ['1058'], '1059': ['1059'], '1064': ['1064'], '1065': ['1065'], '1047': ['1047'], '1070': ['1070'], '1031': ['1031'], '1042': ['1042'], '1083': ['1083'], '1085': ['1085'], '1086': ['1086'], '1089': ['1089'], '1043': ['1043'], '1121': ['1121'], '1122': ['1122'], '1123': ['1123'], '1036': ['1036'], '1092': ['1092'], '1150': ['1150'], '1093': ['1093'], '1094': ['1094'], '1145': ['1145'], '1151': ['1151'], '1144': ['1144'], '1149': ['1149'], '1037': ['1037'], '1044': ['1044'], '1087': ['1087'], '1088': ['1088'], '1090': ['1090'], '1142': ['1142'], '1141': ['1141'], '1091': ['1091'], '1143': ['1143'], '1045': ['1045'], '1077': ['1077'], '1117': ['1117'], '1152': ['1152'], '1076': ['1076'], '1078': ['1078'], '1135': ['1135'], '1137': ['1137'], '1140': ['1140'], '1139': ['1139'], '1120': ['1120'], '1132': ['1132'], '1130': ['1130'], '1134': ['1134'], '1133': ['1133']})"
109,"defaultdict(<class 'list'>, {'1040': ['1040'], '1080': ['1080'], '1079': ['1079'], '1081': ['1081'], '1095': ['1095'], '1082': ['1082', '1084', '1042', '1083', '1085'], '1096': ['1096'], '1136': ['1136'], '1138': ['1138'], '1041': ['1041'], '1126': ['1126'], '1125': ['1125'], '1127': ['1127'], '1128': ['1128', '1131', '1132', '1130', '1133'], '1129': ['1129'], '1032': ['1032'], '1052': ['1052'], '1063': ['1063'], '1160': ['1160'], '1051': ['1051'], '1055': ['1055'], '1057': ['1057'], '1060': ['1060'], '1071': ['1071'], '1147': ['1147'], '1148': ['1148', '1158', '1157', '1159', '1156'], '1161': ['1161'], '1053': ['1053'], '1066': ['1066'], '1056': ['1056'], '1061': ['1061'], '1072': ['1072'], '1162': ['1162'], '1033': ['1033'], '1101': ['1101'], '1109': ['1109'], '1153': ['1153'], '1102': ['1102', '1103', '1104', '1117', '1118'], '1105': ['1105', '1106', '1107', '1058', '1059'], '1113': ['1113'], '1154': ['1154'], '1155': ['1155'], '1108': ['1108'], '1110': ['1110'], '1114': ['1114'], '1038': ['1038'], '1048': ['1048'], '1049': ['1049'], '1050': ['1050'], '1054': ['1054'], '1068': ['1068'], '1039': ['1039'], '1097': ['1097'], '1098': ['1098'], '1099': ['1099'], '1112': ['1112'], '1100': ['1100'], '1034': ['1034'], '1067': ['1067'], '1035': ['1035'], '1111': ['1111'], '1030': ['1030'], '1046': ['1046'], '1069': ['1069'], '1064': ['1064'], '1065': ['1065'], '1047': ['1047'], '1070': ['1070'], '1031': ['1031'], '1086': ['1086'], '1089': ['1089'], '1043': ['1043'], '1121': ['1121'], '1122': ['1122'], '1123': ['1123'], '1124': ['1124'], '1036': ['1036'], '1092': ['1092'], '1150': ['1150'], '1093': ['1093', '1094', '1151', '1149', '1037'], '1145': ['1145'], '1144': ['1144'], '1044': ['1044'], '1087': ['1087'], '1088': ['1088'], '1090': ['1090'], '1142': ['1142'], '1141': ['1141'], '1091': ['1091'], '1143': ['1143'], '1045': ['1045'], '1115': ['1115'], '1062': ['1062'], '1077': ['1077'], '1146': ['1146'], '1152': ['1152'], '1075': ['1075'], '1076': ['1076'], '1073': ['1073'], '1078': ['1078'], '1074': ['1074'], '1116': ['1116'], '1135': ['1135'], '1137': ['1137'], '1140': ['1140'], '1139': ['1139'], '1119': ['1119'], '1120': ['1120'], '1134': ['1134']})"
109,"defaultdict(<class 'list'>, {'1040': ['1040', '1080', '1079', '1081', '1078'], '1095': ['1095'], '1082': ['1082'], '1084': ['1084'], '1096': ['1096'], '1136': ['1136'], '1138': ['1138'], '1041': ['1041'], '1126': ['1126'], '1125': ['1125'], '1127': ['1127'], '1128': ['1128'], '1129': ['1129'], '1131': ['1131'], '1032': ['1032'], '1052': ['1052'], '1063': ['1063'], '1160': ['1160'], '1051': ['1051'], '1055': ['1055'], '1057': ['1057'], '1060': ['1060'], '1071': ['1071'], '1147': ['1147'], '1148': ['1148', '1158', '1157', '1159', '1156'], '1161': ['1161'], '1053': ['1053'], '1066': ['1066'], '1056': ['1056'], '1061': ['1061'], '1072': ['1072'], '1162': ['1162'], '1033': ['1033', '1153', '1154', '1155', '1152'], '1101': ['1101'], '1109': ['1109'], '1102': ['1102'], '1103': ['1103'], '1105': ['1105'], '1106': ['1106'], '1113': ['1113'], '1108': ['1108'], '1110': ['1110'], '1104': ['1104'], '1107': ['1107'], '1114': ['1114', '1030', '1046', '1069', '1064', '1065', '1070', '1031', '1047'], '1038': ['1038'], '1048': ['1048'], '1049': ['1049'], '1050': ['1050'], '1054': ['1054'], '1068': ['1068'], '1039': ['1039'], '1097': ['1097'], '1098': ['1098'], '1099': ['1099'], '1112': ['1112'], '1100': ['1100'], '1034': ['1034'], '1067': ['1067'], '1035': ['1035'], '1111': ['1111'], '1058': ['1058'], '1059': ['1059'], '1042': ['1042'], '1083': ['1083'], '1085': ['1085'], '1086': ['1086'], '1089': ['1089'], '1043': ['1043'], '1121': ['1121'], '1122': ['1122'], '1123': ['1123'], '1124': ['1124'], '1036': ['1036'], '1092': ['1092'], '1150': ['1150'], '1093': ['1093', '1094', '1151', '1149', '1037'], '1145': ['1145'], '1144': ['1144'], '1044': ['1044'], '1087': ['1087'], '1088': ['1088'], '1090': ['1090'], '1142': ['1142'], '1141': ['1141'], '1091': ['1091'], '1143': ['1143'], '1045': ['1045'], '1115': ['1115'], '1062': ['1062'], '1077': ['1077'], '1117': ['1117'], '1146': ['1146'], '1075': ['1075'], '1076': ['1076'], '1118': ['1118'], '1073': ['1073'], '1074': ['1074'], '1116': ['1116'], '1135': ['1135'], '1137': ['1137'], '1140': ['1140'], '1139': ['1139'], '1119': ['1119'], '1120': ['1120'], '1132': ['1132'], '1130': ['1130'], '1134': ['1134'], '1133': ['1133']})"
109,"defaultdict(<class 'list'>, {'1040': ['1040'], '1080': ['1080'], '1079': ['1079'], '1081': ['1081'], '1095': ['1095'], '1082': ['1082', '1084', '1042', '1083', '1085'], '1096': ['1096'], '1136': ['1136'], '1138': ['1138'], '1041': ['1041'], '1126': ['1126'], '1125': ['1125'], '1127': ['1127'], '1128': ['1128'], '1129': ['1129'], '1131': ['1131'], '1032': ['1032'], '1052': ['1052'], '1063': ['1063'], '1160': ['1160'], '1051': ['1051'], '1055': ['1055'], '1057': ['1057'], '1060': ['1060'], '1071': ['1071'], '1147': ['1147'], '1148': ['1148', '1158', '1157', '1159', '1156'], '1161': ['1161'], '1053': ['1053'], '1066': ['1066'], '1056': ['1056'], '1061': ['1061'], '1072': ['1072'], '1162': ['1162'], '1033': ['1033'], '1101': ['1101', '1102', '1098', '1099', '1100'], '1109': ['1109'], '1153': ['1153'], '1103': ['1103'], '1105': ['1105'], '1106': ['1106'], '1113': ['1113'], '1154': ['1154'], '1155': ['1155'], '1108': ['1108'], '1110': ['1110'], '1104': ['1104'], '1107': ['1107'], '1114': ['1114', '1115', '1118', '1116', '1119'], '1038': ['1038'], '1048': ['1048'], '1049': ['1049'], '1050': ['1050'], '1054': ['1054'], '1068': ['1068'], '1039': ['1039'], '1097': ['1097'], '1112': ['1112'], '1034': ['1034'], '1067': ['1067'], '1035': ['1035'], '1111': ['1111'], '1030': ['1030', '1046', '1069', '1047', '1070'], '1058': ['1058'], '1059': ['1059'], '1064': ['1064'], '1065': ['1065'], '1031': ['1031'], '1086': ['1086', '1089', '1044', '1087', '1090'], '1043': ['1043'], '1121': ['1121'], '1122': ['1122'], '1123': ['1123'], '1124': ['1124'], '1036': ['1036'], '1092': ['1092'], '1150': ['1150'], '1093': ['1093'], '1094': ['1094'], '1145': ['1145'], '1151': ['1151'], '1144': ['1144'], '1149': ['1149'], '1037': ['1037'], '1088': ['1088'], '1142': ['1142'], '1141': ['1141'], '1091': ['1091'], '1143': ['1143'], '1045': ['1045'], '1062': ['1062'], '1077': ['1077'], '1117': ['1117'], '1146': ['1146'], '1152': ['1152'], '1075': ['1075'], '1076': ['1076'], '1073': ['1073'], '1078': ['1078'], '1074': ['1074'], '1135': ['1135'], '1137': ['1137'], '1140': ['1140'], '1139': ['1139'], '1120': ['1120'], '1132': ['1132'], '1130': ['1130'], '1134': ['1134'], '1133': ['1133']})"
109,"defaultdict(<class 'list'>, {'1040': ['1040'], '1080': ['1080'], '1079': ['1079'], '1081': ['1081'], '1095': ['1095'], '1082': ['1082'], '1084': ['1084'], '1096': ['1096', '1138', '1135', '1137', '1139'], '1136': ['1136'], '1041': ['1041'], '1126': ['1126'], '1125': ['1125'], '1127': ['1127'], '1128': ['1128'], '1129': ['1129'], '1131': ['1131'], '1032': ['1032'], '1052': ['1052'], '1063': ['1063'], '1160': ['1160'], '1051': ['1051'], '1055': ['1055'], '1057': ['1057', '1060', '1061', '1058', '1059', '1071', '1072', '1062', '1073'], '1147': ['1147'], '1148': ['1148'], '1158': ['1158'], '1161': ['1161'], '1053': ['1053'], '1066': ['1066'], '1056': ['1056', '1077', '1075', '1076', '1074'], '1157': ['1157'], '1159': ['1159'], '1162': ['1162'], '1033': ['1033'], '1101': ['1101'], '1109': ['1109'], '1153': ['1153'], '1102': ['1102'], '1103': ['1103'], '1105': ['1105'], '1106': ['1106'], '1113': ['1113'], '1154': ['1154'], '1155': ['1155'], '1108': ['1108'], '1110': ['1110'], '1104': ['1104'], '1107': ['1107'], '1114': ['1114'], '1156': ['1156'], '1038': ['1038'], '1048': ['1048'], '1049': ['1049'], '1050': ['1050'], '1054': ['1054'], '1068': ['1068'], '1039': ['1039'], '1097': ['1097'], '1098': ['1098'], '1099': ['1099'], '1112': ['1112'], '1100': ['1100'], '1034': ['1034'], '1067': ['1067'], '1035': ['1035'], '1111': ['1111'], '1030': ['1030'], '1046': ['1046'], '1069': ['1069'], '1064': ['1064'], '1065': ['1065'], '1047': ['1047'], '1070': ['1070'], '1031': ['1031'], '1042': ['1042'], '1083': ['1083'], '1085': ['1085'], '1086': ['1086'], '1089': ['1089', '1149', '1044', '1090', '1091'], '1043': ['1043'], '1121': ['1121'], '1122': ['1122'], '1123': ['1123'], '1124': ['1124'], '1036': ['1036'], '1092': ['1092'], '1150': ['1150'], '1093': ['1093'], '1094': ['1094'], '1145': ['1145'], '1151': ['1151'], '1144': ['1144'], '1037': ['1037'], '1087': ['1087'], '1088': ['1088'], '1142': ['1142'], '1141': ['1141'], '1143': ['1143'], '1045': ['1045'], '1115': ['1115', '1118', '1116', '1119', '1120'], '1117': ['1117'], '1146': ['1146'], '1152': ['1152'], '1078': ['1078'], '1140': ['1140'], '1132': ['1132'], '1130': ['1130'], '1134': ['1134'], '1133': ['1133']})"
109,"defaultdict(<class 'list'>, {'1040': ['1040', '1080', '1079', '1081', '1078'], '1095': ['1095', '1082', '1084', '1083', '1085'], '1096': ['1096'], '1136': ['1136'], '1138': ['1138'], '1041': ['1041'], '1126': ['1126'], '1125': ['1125'], '1127': ['1127'], '1128': ['1128'], '1129': ['1129'], '1131': ['1131'], '1032': ['1032'], '1052': ['1052', '1053', '1049', '1050', '1054'], '1063': ['1063'], '1160': ['1160'], '1051': ['1051'], '1055': ['1055'], '1057': ['1057'], '1060': ['1060'], '1071': ['1071'], '1147': ['1147'], '1148': ['1148'], '1158': ['1158'], '1161': ['1161'], '1066': ['1066'], '1056': ['1056'], '1061': ['1061'], '1072': ['1072'], '1157': ['1157'], '1159': ['1159'], '1162': ['1162'], '1033': ['1033'], '1101': ['1101'], '1109': ['1109'], '1153': ['1153'], '1102': ['1102'], '1103': ['1103'], '1105': ['1105'], '1106': ['1106'], '1113': ['1113'], '1154': ['1154'], '1155': ['1155'], '1108': ['1108'], '1110': ['1110'], '1104': ['1104'], '1107': ['1107'], '1114': ['1114'], '1156': ['1156'], '1038': ['1038', '1048', '1068', '1034', '1067'], '1039': ['1039'], '1097': ['1097'], '1098': ['1098'], '1099': ['1099'], '1112': ['1112'], '1100': ['1100'], '1035': ['1035'], '1111': ['1111'], '1030': ['1030', '1046', '1069', '1047', '1070'], '1058': ['1058'], '1059': ['1059'], '1064': ['1064'], '1065': ['1065'], '1031': ['1031'], '1042': ['1042'], '1086': ['1086'], '1089': ['1089'], '1043': ['1043'], '1121': ['1121'], '1122': ['1122'], '1123': ['1123'], '1124': ['1124'], '1036': ['1036'], '1092': ['1092'], '1150': ['1150'], '1093': ['1093', '1094', '1144', '1149', '1037'], '1145': ['1145'], '1151': ['1151'], '1044': ['1044'], '1087': ['1087'], '1088': ['1088'], '1090': ['1090'], '1142': ['1142'], '1141': ['1141'], '1091': ['1091'], '1143': ['1143'], '1045': ['1045'], '1115': ['1115'], '1062': ['1062'], '1077': ['1077'], '1117': ['1117'], '1146': ['1146'], '1152': ['1152'], '1075': ['1075'], '1076': ['1076'], '1118': ['1118'], '1073': ['1073'], '1074': ['1074'], '1116': ['1116'], '1135': ['1135'], '1137': ['1137'], '1140': ['1140'], '1139': ['1139'], '1119': ['1119'], '1120': ['1120'], '1132': ['1132'], '1130': ['1130'], '1134': ['1134'], '1133': ['1133']})"
109,"defaultdict(<class 'list'>, {'1040': ['1040'], '1080': ['1080'], '1079': ['1079'], '1081': ['1081'], '1095': ['1095'], '1082': ['1082'], '1084': ['1084'], '1096': ['1096'], '1136': ['1136'], '1138': ['1138'], '1041': ['1041'], '1126': ['1126'], '1125': ['1125'], '1127': ['1127'], '1128': ['1128'], '1129': ['1129'], '1131': ['1131'], '1032': ['1032', '1160', '1161', '1162', '1146'], '1052': ['1052', '1051', '1053', '1049', '1050'], '1063': ['1063'], '1055': ['1055'], '1057': ['1057'], '1060': ['1060'], '1071': ['1071'], '1147': ['1147'], '1148': ['1148'], '1158': ['1158'], '1066': ['1066'], '1056': ['1056'], '1061': ['1061'], '1072': ['1072'], '1157': ['1157'], '1159': ['1159'], '1033': ['1033'], '1101': ['1101'], '1109': ['1109'], '1153': ['1153', '1154', '1155', '1156', '1152'], '1102': ['1102'], '1103': ['1103'], '1105': ['1105'], '1106': ['1106'], '1113': ['1113'], '1108': ['1108'], '1110': ['1110'], '1104': ['1104'], '1107': ['1107'], '1114': ['1114'], '1038': ['1038'], '1048': ['1048'], '1054': ['1054'], '1068': ['1068'], '1039': ['1039', '1097', '1112', '1035', '1111'], '1098': ['1098'], '1099': ['1099'], '1100': ['1100'], '1034': ['1034'], '1067': ['1067'], '1030': ['1030'], '1046': ['1046'], '1069': ['1069'], '1058': ['1058'], '1059': ['1059'], '1064': ['1064'], '1065': ['1065'], '1047': ['1047'], '1070': ['1070'], '1031': ['1031'], '1042': ['1042'], '1083': ['1083'], '1085': ['1085'], '1086': ['1086'], '1089': ['1089'], '1043': ['1043'], '1121': ['1121'], '1122': ['1122'], '1123': ['1123'], '1124': ['1124'], '1036': ['1036'], '1092': ['1092'], '1150': ['1150'], '1093': ['1093', '1094', '1151', '1149', '1037'], '1145': ['1145'], '1144': ['1144'], '1044': ['1044'], '1087': ['1087'], '1088': ['1088', '1142', '1141', '1143', '1139'], '1090': ['1090'], '1091': ['1091'], '1045': ['1045'], '1115': ['1115'], '1062': ['1062'], '1077': ['1077'], '1117': ['1117'], '1075': ['1075'], '1076': ['1076'], '1118': ['1118'], '1073': ['1073'], '1078': ['1078'], '1074': ['1074'], '1116': ['1116'], '1135': ['1135'], '1137': ['1137'], '1140': ['1140'], '1119': ['1119'], '1120': ['1120'], '1132': ['1132'], '1130': ['1130'], '1134': ['1134'], '1133': ['1133']})"
109,"defaultdict(<class 'list'>, {'1040': ['1040'], '1080': ['1080'], '1079': ['1079'], '1081': ['1081'], '1095': ['1095'], '1082': ['1082', '1084', '1042', '1083', '1085'], '1096': ['1096'], '1136': ['1136'], '1138': ['1138'], '1041': ['1041'], '1126': ['1126'], '1125': ['1125'], '1127': ['1127'], '1128': ['1128'], '1129': ['1129'], '1131': ['1131'], '1032': ['1032', '1052', '1063', '1053', '1049'], '1160': ['1160'], '1051': ['1051'], '1055': ['1055'], '1057': ['1057'], '1060': ['1060'], '1071': ['1071'], '1147': ['1147'], '1148': ['1148', '1158', '1157', '1159', '1156'], '1161': ['1161'], '1066': ['1066'], '1056': ['1056'], '1061': ['1061'], '1072': ['1072'], '1162': ['1162'], '1033': ['1033', '1153', '1154', '1155', '1152'], '1101': ['1101'], '1109': ['1109'], '1102': ['1102'], '1103': ['1103'], '1105': ['1105'], '1106': ['1106'], '1113': ['1113'], '1108': ['1108'], '1110': ['1110'], '1104': ['1104'], '1107': ['1107'], '1114': ['1114'], '1038': ['1038'], '1048': ['1048'], '1050': ['1050'], '1054': ['1054'], '1068': ['1068'], '1039': ['1039'], '1097': ['1097'], '1098': ['1098'], '1099': ['1099'], '1112': ['1112'], '1100': ['1100'], '1034': ['1034'], '1067': ['1067'], '1035': ['1035'], '1111': ['1111'], '1030': ['1030'], '1046': ['1046'], '1069': ['1069'], '1058': ['1058'], '1059': ['1059'], '1064': ['1064'], '1065': ['1065'], '1047': ['1047'], '1070': ['1070'], '1031': ['1031'], '1086': ['1086'], '1089': ['1089'], '1043': ['1043', '1121', '1122', '1123', '1045'], '1124': ['1124'], '1036': ['1036'], '1092': ['1092'], '1150': ['1150'], '1093': ['1093'], '1094': ['1094'], '1145': ['1145'], '1151': ['1151'], '1144': ['1144'], '1149': ['1149'], '1037': ['1037'], '1044': ['1044'], '1087': ['1087'], '1088': ['1088'], '1090': ['1090'], '1142': ['1142'], '1141': ['1141'], '1091': ['1091'], '1143': ['1143'], '1115': ['1115'], '1062': ['1062'], '1077': ['1077'], '1117': ['1117', '1118', '1116', '1119', '1120'], '1146': ['1146'], '1075': ['1075'], '1076': ['1076'], '1073': ['1073'], '1078': ['1078'], '1074': ['1074'], '1135': ['1135'], '1137': ['1137'], '1140': ['1140'], '1139': ['1139'], '1132': ['1132'], '1130': ['1130'], '1134': ['1134'], '1133': ['1133']})"
109,"defaultdict(<class 'list'>, {'1040': ['1040', '1080', '1079', '1081', '1078'], '1095': ['1095'], '1082': ['1082'], '1084': ['1084'], '1096': ['1096'], '1136': ['1136'], '1138': ['1138'], '1041': ['1041'], '1126': ['1126', '1125', '1127', '1128', '1124'], '1129': ['1129'], '1131': ['1131'], '1032': ['1032', '1160', '1161', '1162', '1146'], '1052': ['1052', '1053', '1049', '1050', '1054'], '1063': ['1063'], '1051': ['1051'], '1055': ['1055'], '1057': ['1057'], '1060': ['1060'], '1071': ['1071'], '1147': ['1147'], '1148': ['1148'], '1158': ['1158'], '1066': ['1066'], '1056': ['1056'], '1061': ['1061'], '1072': ['1072'], '1157': ['1157'], '1159': ['1159'], '1033': ['1033'], '1101': ['1101'], '1109': ['1109'], '1153': ['1153'], '1102': ['1102'], '1103': ['1103'], '1105': ['1105'], '1106': ['1106'], '1113': ['1113'], '1154': ['1154'], '1155': ['1155'], '1108': ['1108'], '1110': ['1110'], '1104': ['1104'], '1107': ['1107'], '1114': ['1114'], '1156': ['1156'], '1038': ['1038'], '1048': ['1048'], '1068': ['1068'], '1039': ['1039', '1097', '1098', '1099', '1035'], '1112': ['1112'], '1100': ['1100'], '1034': ['1034'], '1067': ['1067'], '1111': ['1111'], '1030': ['1030'], '1046': ['1046'], '1069': ['1069'], '1058': ['1058'], '1059': ['1059'], '1064': ['1064'], '1065': ['1065'], '1047': ['1047'], '1070': ['1070'], '1031': ['1031'], '1042': ['1042'], '1083': ['1083'], '1085': ['1085'], '1086': ['1086'], '1089': ['1089'], '1043': ['1043'], '1121': ['1121'], '1122': ['1122'], '1123': ['1123'], '1036': ['1036'], '1092': ['1092'], '1150': ['1150'], '1093': ['1093', '1094', '1151', '1149', '1037'], '1145': ['1145'], '1144': ['1144'], '1044': ['1044'], '1087': ['1087'], '1088': ['1088'], '1090': ['1090'], '1142': ['1142'], '1141': ['1141'], '1091': ['1091'], '1143': ['1143'], '1045': ['1045'], '1115': ['1115'], '1062': ['1062'], '1077': ['1077'], '1117': ['1117'], '1152': ['1152'], '1075': ['1075'], '1076': ['1076'], '1118': ['1118'], '1073': ['1073'], '1074': ['1074'], '1116': ['1116'], '1135': ['1135'], '1137': ['1137'], '1140': ['1140'], '1139': ['1139'], '1119': ['1119'], '1120': ['1120'], '1132': ['1132'], '1130': ['1130'], '1134': ['1134'], '1133': ['1133']})"
109,"defaultdict(<class 'list'>, {'1040': ['1040', '1080', '1081', '1082', '1078'], '1079': ['1079'], '1095': ['1095'], '1084': ['1084'], '1096': ['1096'], '1136': ['1136'], '1138': ['1138'], '1041': ['1041'], '1126': ['1126'], '1125': ['1125'], '1127': ['1127'], '1128': ['1128'], '1129': ['1129'], '1131': ['1131'], '1032': ['1032'], '1052': ['1052'], '1063': ['1063'], '1160': ['1160'], '1051': ['1051'], '1055': ['1055'], '1057': ['1057'], '1060': ['1060'], '1071': ['1071'], '1147': ['1147'], '1148': ['1148'], '1158': ['1158'], '1161': ['1161'], '1053': ['1053'], '1066': ['1066'], '1056': ['1056', '1077', '1075', '1076', '1074'], '1061': ['1061'], '1072': ['1072'], '1157': ['1157'], '1159': ['1159'], '1162': ['1162'], '1033': ['1033'], '1101': ['1101'], '1109': ['1109'], '1153': ['1153', '1154', '1155', '1156', '1152'], '1102': ['1102'], '1103': ['1103'], '1105': ['1105', '1106', '1107', '1058', '1059'], '1113': ['1113'], '1108': ['1108'], '1110': ['1110'], '1104': ['1104'], '1114': ['1114'], '1038': ['1038', '1048', '1068', '1034', '1067'], '1049': ['1049'], '1050': ['1050'], '1054': ['1054'], '1039': ['1039'], '1097': ['1097'], '1098': ['1098'], '1099': ['1099'], '1112': ['1112'], '1100': ['1100'], '1035': ['1035'], '1111': ['1111'], '1030': ['1030'], '1046': ['1046'], '1069': ['1069'], '1064': ['1064'], '1065': ['1065'], '1047': ['1047'], '1070': ['1070'], '1031': ['1031'], '1042': ['1042'], '1083': ['1083'], '1085': ['1085'], '1086': ['1086', '1089', '1044', '1087', '1090'], '1043': ['1043'], '1121': ['1121'], '1122': ['1122'], '1123': ['1123'], '1124': ['1124'], '1036': ['1036'], '1092': ['1092'], '1150': ['1150'], '1093': ['1093'], '1094': ['1094'], '1145': ['1145'], '1151': ['1151'], '1144': ['1144'], '1149': ['1149'], '1037': ['1037'], '1088': ['1088'], '1142': ['1142'], '1141': ['1141'], '1091': ['1091'], '1143': ['1143'], '1045': ['1045'], '1115': ['1115'], '1062': ['1062'], '1117': ['1117'], '1146': ['1146'], '1118': ['1118'], '1073': ['1073'], '1116': ['1116'], '1135': ['1135'], '1137': ['1137'], '1140': ['1140'], '1139': ['1139'], '1119': ['1119'], '1120': ['1120'], '1132': ['1132'], '1130': ['1130'], '1134': ['1134'], '1133': ['1133']})"
109,"defaultdict(<class 'list'>, {'1040': ['1040'], '1080': ['1080'], '1079': ['1079'], '1081': ['1081'], '1095': ['1095'], '1082': ['1082'], '1084': ['1084'], '1096': ['1096'], '1136': ['1136'], '1138': ['1138'], '1041': ['1041'], '1126': ['1126'], '1125': ['1125'], '1127': ['1127'], '1128': ['1128'], '1129': ['1129'], '1131': ['1131'], '1032': ['1032', '1052', '1063', '1053', '1049'], '1160': ['1160', '1147', '1161', '1145', '1146'], '1051': ['1051'], '1055': ['1055'], '1057': ['1057'], '1060': ['1060'], '1071': ['1071'], '1148': ['1148'], '1158': ['1158'], '1066': ['1066'], '1056': ['1056'], '1061': ['1061'], '1072': ['1072'], '1157': ['1157'], '1159': ['1159'], '1162': ['1162'], '1033': ['1033', '1101', '1109', '1153', '1100'], '1102': ['1102'], '1103': ['1103'], '1105': ['1105', '1106', '1107', '1058', '1059'], '1113': ['1113'], '1154': ['1154'], '1155': ['1155'], '1108': ['1108'], '1110': ['1110'], '1104': ['1104'], '1114': ['1114'], '1156': ['1156'], '1038': ['1038'], '1048': ['1048'], '1050': ['1050'], '1054': ['1054'], '1068': ['1068'], '1039': ['1039'], '1097': ['1097'], '1098': ['1098'], '1099': ['1099'], '1112': ['1112'], '1034': ['1034'], '1067': ['1067'], '1035': ['1035'], '1111': ['1111'], '1030': ['1030'], '1046': ['1046'], '1069': ['1069', '1064', '1065', '1070', '1031'], '1047': ['1047'], '1042': ['1042'], '1083': ['1083'], '1085': ['1085'], '1086': ['1086'], '1089': ['1089'], '1043': ['1043'], '1121': ['1121'], '1122': ['1122'], '1123': ['1123'], '1124': ['1124'], '1036': ['1036'], '1092': ['1092'], '1150': ['1150'], '1093': ['1093', '1094', '1151', '1149', '1037'], '1144': ['1144'], '1044': ['1044'], '1087': ['1087'], '1088': ['1088'], '1090': ['1090'], '1142': ['1142'], '1141': ['1141'], '1091': ['1091'], '1143': ['1143'], '1045': ['1045'], '1115': ['1115'], '1062': ['1062'], '1077': ['1077'], '1117': ['1117'], '1152': ['1152'], '1075': ['1075'], '1076': ['1076'], '1118': ['1118'], '1073': ['1073'], '1078': ['1078'], '1074': ['1074'], '1116': ['1116'], '1135': ['1135'], '1137': ['1137'], '1140': ['1140'], '1139': ['1139'], '1119': ['1119'], '1120': ['1120'], '1132': ['1132'], '1130': ['1130'], '1134': ['1134'], '1133': ['1133']})"
109,"defaultdict(<class 'list'>, {'1040': ['1040'], '1080': ['1080'], '1079': ['1079'], '1081': ['1081'], '1095': ['1095'], '1082': ['1082', '1084', '1042', '1083', '1085'], '1096': ['1096', '1138', '1135', '1137', '1139'], '1136': ['1136'], '1041': ['1041'], '1126': ['1126'], '1125': ['1125'], '1127': ['1127'], '1128': ['1128'], '1129': ['1129'], '1131': ['1131'], '1032': ['1032'], '1052': ['1052'], '1063': ['1063'], '1160': ['1160'], '1051': ['1051'], '1055': ['1055'], '1057': ['1057'], '1060': ['1060'], '1071': ['1071'], '1147': ['1147'], '1148': ['1148'], '1158': ['1158'], '1161': ['1161'], '1053': ['1053'], '1066': ['1066'], '1056': ['1056'], '1061': ['1061'], '1072': ['1072'], '1157': ['1157'], '1159': ['1159'], '1162': ['1162'], '1033': ['1033'], '1101': ['1101'], '1109': ['1109'], '1153': ['1153'], '1102': ['1102'], '1103': ['1103'], '1105': ['1105', '1106', '1107', '1058', '1059'], '1113': ['1113'], '1154': ['1154'], '1155': ['1155'], '1108': ['1108'], '1110': ['1110'], '1104': ['1104'], '1114': ['1114'], '1156': ['1156'], '1038': ['1038'], '1048': ['1048'], '1049': ['1049'], '1050': ['1050'], '1054': ['1054'], '1068': ['1068'], '1039': ['1039', '1097', '1098', '1099', '1035'], '1112': ['1112'], '1100': ['1100'], '1034': ['1034'], '1067': ['1067'], '1111': ['1111'], '1030': ['1030', '1046', '1069', '1047', '1070'], '1064': ['1064'], '1065': ['1065'], '1031': ['1031'], '1086': ['1086'], '1089': ['1089'], '1043': ['1043', '1121', '1122', '1123', '1045'], '1124': ['1124'], '1036': ['1036'], '1092': ['1092'], '1150': ['1150'], '1093': ['1093'], '1094': ['1094'], '1145': ['1145'], '1151': ['1151'], '1144': ['1144'], '1149': ['1149'], '1037': ['1037'], '1044': ['1044'], '1087': ['1087'], '1088': ['1088'], '1090': ['1090'], '1142': ['1142'], '1141': ['1141'], '1091': ['1091'], '1143': ['1143'], '1115': ['1115'], '1062': ['1062'], '1077': ['1077'], '1117': ['1117'], '1146': ['1146'], '1152': ['1152'], '1075': ['1075'], '1076': ['1076'], '1118': ['1118'], '1073': ['1073'], '1078': ['1078'], '1074': ['1074'], '1116': ['1116'], '1140': ['1140'], '1119': ['1119'], '1120': ['1120'], '1132': ['1132'], '1130': ['1130'], '1134': ['1134'], '1133': ['1133']})"
109,"defaultdict(<class 'list'>, {'1040': ['1040'], '1080': ['1080'], '1079': ['1079'], '1081': ['1081'], '1095': ['1095'], '1082': ['1082'], '1084': ['1084'], '1096': ['1096'], '1136': ['1136'], '1138': ['1138'], '1041': ['1041'], '1126': ['1126'], '1125': ['1125'], '1127': ['1127'], '1128': ['1128'], '1129': ['1129'], '1131': ['1131'], '1032': ['1032'], '1052': ['1052'], '1063': ['1063'], '1160': ['1160'], '1051': ['1051'], '1055': ['1055'], '1057': ['1057', '1060', '1061', '1058', '1059'], '1071': ['1071'], '1147': ['1147'], '1148': ['1148'], '1158': ['1158'], '1161': ['1161'], '1053': ['1053'], '1066': ['1066'], '1056': ['1056'], '1072': ['1072'], '1157': ['1157'], '1159': ['1159'], '1162': ['1162'], '1033': ['1033'], '1101': ['1101'], '1109': ['1109'], '1153': ['1153'], '1102': ['1102'], '1103': ['1103'], '1105': ['1105', '1106', '1113', '1107', '1114'], '1154': ['1154'], '1155': ['1155'], '1108': ['1108'], '1110': ['1110'], '1104': ['1104'], '1156': ['1156'], '1038': ['1038', '1048', '1068', '1034', '1067'], '1049': ['1049'], '1050': ['1050'], '1054': ['1054'], '1039': ['1039'], '1097': ['1097'], '1098': ['1098'], '1099': ['1099'], '1112': ['1112'], '1100': ['1100'], '1035': ['1035'], '1111': ['1111'], '1030': ['1030', '1046', '1069', '1047', '1070'], '1064': ['1064'], '1065': ['1065'], '1031': ['1031'], '1042': ['1042'], '1083': ['1083'], '1085': ['1085'], '1086': ['1086', '1089', '1044', '1087', '1090'], '1043': ['1043'], '1121': ['1121'], '1122': ['1122'], '1123': ['1123'], '1124': ['1124'], '1036': ['1036'], '1092': ['1092'], '1150': ['1150'], '1093': ['1093'], '1094': ['1094'], '1145': ['1145'], '1151': ['1151'], '1144': ['1144'], '1149': ['1149'], '1037': ['1037'], '1088': ['1088'], '1142': ['1142'], '1141': ['1141'], '1091': ['1091'], '1143': ['1143'], '1045': ['1045'], '1115': ['1115', '1118', '1116', '1119', '1120'], '1062': ['1062'], '1077': ['1077'], '1117': ['1117'], '1146': ['1146'], '1152': ['1152'], '1075': ['1075'], '1076': ['1076'], '1073': ['1073'], '1078': ['1078'], '1074': ['1074'], '1135': ['1135'], '1137': ['1137'], '1140': ['1140'], '1139': ['1139'], '1132': ['1132'], '1130': ['1130'], '1134': ['1134'], '1133': ['1133']})"
109,"defaultdict(<class 'list'>, {'1040': ['1040'], '1080': ['1080'], '1079': ['1079'], '1081': ['1081'], '1095': ['1095'], '1082': ['1082'], '1084': ['1084'], '1096': ['1096'], '1136': ['1136'], '1138': ['1138'], '1041': ['1041'], '1126': ['1126'], '1125': ['1125'], '1127': ['1127'], '1128': ['1128', '1129', '1132', '1130', '1134'], '1131': ['1131'], '1032': ['1032'], '1052': ['1052'], '1063': ['1063'], '1160': ['1160'], '1051': ['1051'], '1055': ['1055'], '1057': ['1057'], '1060': ['1060'], '1071': ['1071'], '1147': ['1147', '1148', '1158', '1157', '1159'], '1161': ['1161'], '1053': ['1053'], '1066': ['1066'], '1056': ['1056'], '1061': ['1061'], '1072': ['1072'], '1162': ['1162'], '1033': ['1033'], '1101': ['1101'], '1109': ['1109'], '1153': ['1153'], '1102': ['1102'], '1103': ['1103'], '1105': ['1105', '1106', '1107', '1058', '1059'], '1113': ['1113'], '1154': ['1154'], '1155': ['1155'], '1108': ['1108'], '1110': ['1110'], '1104': ['1104'], '1114': ['1114'], '1156': ['1156'], '1038': ['1038', '1048', '1068', '1034', '1067'], '1049': ['1049'], '1050': ['1050'], '1054': ['1054'], '1039': ['1039'], '1097': ['1097'], '1098': ['1098'], '1099': ['1099'], '1112': ['1112'], '1100': ['1100'], '1035': ['1035'], '1111': ['1111'], '1030': ['1030'], '1046': ['1046'], '1069': ['1069'], '1064': ['1064'], '1065': ['1065'], '1047': ['1047'], '1070': ['1070'], '1031': ['1031'], '1042': ['1042'], '1083': ['1083'], '1085': ['1085'], '1086': ['1086'], '1089': ['1089'], '1043': ['1043'], '1121': ['1121'], '1122': ['1122'], '1123': ['1123'], '1124': ['1124'], '1036': ['1036'], '1092': ['1092'], '1150': ['1150'], '1093': ['1093'], '1094': ['1094'], '1145': ['1145'], '1151': ['1151'], '1144': ['1144'], '1149': ['1149'], '1037': ['1037'], '1044': ['1044'], '1087': ['1087'], '1088': ['1088', '1142', '1141', '1143', '1140'], '1090': ['1090'], '1091': ['1091'], '1045': ['1045'], '1115': ['1115'], '1062': ['1062'], '1077': ['1077'], '1117': ['1117', '1118', '1116', '1119', '1120'], '1146': ['1146'], '1152': ['1152'], '1075': ['1075'], '1076': ['1076'], '1073': ['1073'], '1078': ['1078'], '1074': ['1074'], '1135': ['1135'], '1137': ['1137'], '1139': ['1139'], '1133': ['1133']})"
109,"defaultdict(<class 'list'>, {'1040': ['1040'], '1080': ['1080'], '1079': ['1079'], '1081': ['1081'], '1095': ['1095'], '1082': ['1082', '1084', '1042', '1083', '1085'], '1096': ['1096'], '1136': ['1136'], '1138': ['1138'], '1041': ['1041'], '1126': ['1126'], '1125': ['1125'], '1127': ['1127'], '1128': ['1128', '1131', '1132', '1130', '1133'], '1129': ['1129'], '1032': ['1032'], '1052': ['1052'], '1063': ['1063'], '1160': ['1160'], '1051': ['1051'], '1055': ['1055'], '1057': ['1057'], '1060': ['1060'], '1071': ['1071'], '1147': ['1147'], '1148': ['1148'], '1158': ['1158'], '1161': ['1161'], '1053': ['1053'], '1066': ['1066'], '1056': ['1056'], '1061': ['1061'], '1072': ['1072'], '1157': ['1157'], '1159': ['1159'], '1162': ['1162'], '1033': ['1033'], '1101': ['1101'], '1109': ['1109'], '1153': ['1153'], '1102': ['1102'], '1103': ['1103'], '1105': ['1105'], '1106': ['1106'], '1113': ['1113'], '1154': ['1154'], '1155': ['1155'], '1108': ['1108'], '1110': ['1110', '1111', '1064', '1065', '1031'], '1104': ['1104'], '1107': ['1107'], '1114': ['1114'], '1156': ['1156'], '1038': ['1038'], '1048': ['1048'], '1049': ['1049'], '1050': ['1050'], '1054': ['1054'], '1068': ['1068'], '1039': ['1039', '1097', '1098', '1099', '1035'], '1112': ['1112'], '1100': ['1100'], '1034': ['1034'], '1067': ['1067'], '1030': ['1030', '1046', '1069', '1047', '1070'], '1058': ['1058'], '1059': ['1059'], '1086': ['1086'], '1089': ['1089'], '1043': ['1043'], '1121': ['1121'], '1122': ['1122'], '1123': ['1123'], '1124': ['1124'], '1036': ['1036'], '1092': ['1092'], '1150': ['1150'], '1093': ['1093', '1094', '1151', '1149', '1037'], '1145': ['1145'], '1144': ['1144'], '1044': ['1044'], '1087': ['1087'], '1088': ['1088'], '1090': ['1090'], '1142': ['1142'], '1141': ['1141'], '1091': ['1091'], '1143': ['1143'], '1045': ['1045'], '1115': ['1115'], '1062': ['1062'], '1077': ['1077'], '1117': ['1117'], '1146': ['1146'], '1152': ['1152'], '1075': ['1075'], '1076': ['1076'], '1118': ['1118'], '1073': ['1073'], '1078': ['1078'], '1074': ['1074'], '1116': ['1116'], '1135': ['1135'], '1137': ['1137'], '1140': ['1140'], '1139': ['1139'], '1119': ['1119'], '1120': ['1120'], '1134': ['1134']})"
109,"defaultdict(<class 'list'>, {'1040': ['1040'], '1080': ['1080'], '1079': ['1079', '1077', '1075', '1076', '1074'], '1081': ['1081'], '1095': ['1095'], '1082': ['1082', '1084', '1042', '1083', '1085'], '1096': ['1096', '1138', '1135', '1137', '1139'], '1136': ['1136'], '1041': ['1041'], '1126': ['1126'], '1125': ['1125'], '1127': ['1127'], '1128': ['1128'], '1129': ['1129'], '1131': ['1131'], '1032': ['1032'], '1052': ['1052'], '1063': ['1063'], '1160': ['1160'], '1051': ['1051'], '1055': ['1055'], '1057': ['1057'], '1060': ['1060'], '1071': ['1071'], '1147': ['1147'], '1148': ['1148', '1158', '1157', '1159', '1156'], '1161': ['1161'], '1053': ['1053'], '1066': ['1066'], '1056': ['1056'], '1061': ['1061'], '1072': ['1072'], '1162': ['1162'], '1033': ['1033', '1153', '1154', '1155', '1152'], '1101': ['1101'], '1109': ['1109'], '1102': ['1102'], '1103': ['1103'], '1105': ['1105'], '1106': ['1106'], '1113': ['1113'], '1108': ['1108'], '1110': ['1110'], '1104': ['1104'], '1107': ['1107'], '1114': ['1114'], '1038': ['1038', '1048', '1068', '1034', '1067'], '1049': ['1049'], '1050': ['1050'], '1054': ['1054'], '1039': ['1039'], '1097': ['1097'], '1098': ['1098'], '1099': ['1099'], '1112': ['1112'], '1100': ['1100'], '1035': ['1035'], '1111': ['1111'], '1030': ['1030'], '1046': ['1046'], '1069': ['1069'], '1058': ['1058'], '1059': ['1059'], '1064': ['1064'], '1065': ['1065'], '1047': ['1047'], '1070': ['1070'], '1031': ['1031'], '1086': ['1086'], '1089': ['1089'], '1043': ['1043'], '1121': ['1121'], '1122': ['1122'], '1123': ['1123'], '1124': ['1124'], '1036': ['1036'], '1092': ['1092'], '1150': ['1150'], '1093': ['1093'], '1094': ['1094'], '1145': ['1145'], '1151': ['1151'], '1144': ['1144'], '1149': ['1149'], '1037': ['1037'], '1044': ['1044'], '1087': ['1087'], '1088': ['1088'], '1090': ['1090'], '1142': ['1142'], '1141': ['1141'], '1091': ['1091'], '1143': ['1143'], '1045': ['1045'], '1115': ['1115'], '1062': ['1062'], '1117': ['1117'], '1146': ['1146'], '1118': ['1118'], '1073': ['1073'], '1078': ['1078'], '1116': ['1116'], '1140': ['1140'], '1119': ['1119'], '1120': ['1120'], '1132': ['1132'], '1130': ['1130'], '1134': ['1134'], '1133': ['1133']})"
109,"defaultdict(<class 'list'>, {'1040': ['1040'], '1080': ['1080'], '1079': ['1079'], '1081': ['1081'], '1095': ['1095'], '1082': ['1082', '1084', '1042', '1083', '1085'], '1096': ['1096'], '1136': ['1136'], '1138': ['1138'], '1041': ['1041'], '1126': ['1126'], '1125': ['1125'], '1127': ['1127'], '1128': ['1128'], '1129': ['1129'], '1131': ['1131'], '1032': ['1032'], '1052': ['1052'], '1063': ['1063'], '1160': ['1160'], '1051': ['1051'], '1055': ['1055'], '1057': ['1057'], '1060': ['1060'], '1071': ['1071'], '1147': ['1147'], '1148': ['1148'], '1158': ['1158'], '1161': ['1161'], '1053': ['1053'], '1066': ['1066'], '1056': ['1056'], '1061': ['1061'], '1072': ['1072'], '1157': ['1157'], '1159': ['1159'], '1162': ['1162'], '1033': ['1033', '1153', '1154', '1155', '1152'], '1101': ['1101'], '1109': ['1109'], '1102': ['1102'], '1103': ['1103'], '1105': ['1105', '1106', '1107', '1058', '1059'], '1113': ['1113'], '1108': ['1108'], '1110': ['1110'], '1104': ['1104'], '1114': ['1114'], '1156': ['1156'], '1038': ['1038', '1048', '1068', '1034', '1067'], '1049': ['1049'], '1050': ['1050'], '1054': ['1054'], '1039': ['1039', '1097', '1098', '1099', '1035'], '1112': ['1112'], '1100': ['1100'], '1111': ['1111'], '1030': ['1030'], '1046': ['1046'], '1069': ['1069'], '1064': ['1064'], '1065': ['1065'], '1047': ['1047'], '1070': ['1070'], '1031': ['1031'], '1086': ['1086'], '1089': ['1089'], '1043': ['1043'], '1121': ['1121'], '1122': ['1122'], '1123': ['1123'], '1124': ['1124'], '1036': ['1036', '1092', '1150', '1151', '1149'], '1093': ['1093'], '1094': ['1094'], '1145': ['1145'], '1144': ['1144'], '1037': ['1037'], '1044': ['1044'], '1087': ['1087'], '1088': ['1088'], '1090': ['1090'], '1142': ['1142'], '1141': ['1141'], '1091': ['1091'], '1143': ['1143'], '1045': ['1045'], '1115': ['1115'], '1062': ['1062'], '1077': ['1077'], '1117': ['1117'], '1146': ['1146'], '1075': ['1075'], '1076': ['1076'], '1118': ['1118'], '1073': ['1073'], '1078': ['1078'], '1074': ['1074'], '1116': ['1116'], '1135': ['1135'], '1137': ['1137'], '1140': ['1140'], '1139': ['1139'], '1119': ['1119'], '1120': ['1120'], '1132': ['1132'], '1130': ['1130'], '1134': ['1134'], '1133': ['1133']})"
109,"defaultdict(<class 'list'>, {'1040': ['1040'], '1080': ['1080'], '1079': ['1079'], '1081': ['1081'], '1095': ['1095'], '1082': ['1082'], '1084': ['1084'], '1096': ['1096', '1136', '1135', '1137', '1140'], '1138': ['1138'], '1041': ['1041'], '1126': ['1126'], '1125': ['1125'], '1127': ['1127'], '1128': ['1128'], '1129': ['1129'], '1131': ['1131'], '1032': ['1032'], '1052': ['1052'], '1063': ['1063'], '1160': ['1160'], '1051': ['1051'], '1055': ['1055'], '1057': ['1057'], '1060': ['1060'], '1071': ['1071'], '1147': ['1147'], '1148': ['1148'], '1158': ['1158'], '1161': ['1161'], '1053': ['1053'], '1066': ['1066'], '1056': ['1056'], '1061': ['1061'], '1072': ['1072', '1075', '1076', '1073', '1074'], '1157': ['1157'], '1159': ['1159'], '1162': ['1162'], '1033': ['1033'], '1101': ['1101'], '1109': ['1109'], '1153': ['1153'], '1102': ['1102'], '1103': ['1103'], '1105': ['1105'], '1106': ['1106'], '1113': ['1113'], '1154': ['1154', '1036', '1150', '1151', '1152'], '1155': ['1155'], '1108': ['1108', '1107', '1115', '1116', '1119'], '1110': ['1110'], '1104': ['1104'], '1114': ['1114'], '1156': ['1156'], '1038': ['1038'], '1048': ['1048'], '1049': ['1049'], '1050': ['1050'], '1054': ['1054'], '1068': ['1068'], '1039': ['1039'], '1097': ['1097'], '1098': ['1098'], '1099': ['1099'], '1112': ['1112'], '1100': ['1100'], '1034': ['1034'], '1067': ['1067'], '1035': ['1035'], '1111': ['1111'], '1030': ['1030'], '1046': ['1046'], '1069': ['1069'], '1058': ['1058'], '1059': ['1059'], '1064': ['1064'], '1065': ['1065'], '1047': ['1047'], '1070': ['1070'], '1031': ['1031'], '1042': ['1042'], '1083': ['1083'], '1085': ['1085'], '1086': ['1086'], '1089': ['1089'], '1043': ['1043'], '1121': ['1121'], '1122': ['1122'], '1123': ['1123'], '1124': ['1124'], '1092': ['1092'], '1093': ['1093', '1094', '1144', '1149', '1037'], '1145': ['1145'], '1044': ['1044'], '1087': ['1087'], '1088': ['1088', '1142', '1141', '1143', '1139'], '1090': ['1090'], '1091': ['1091'], '1045': ['1045'], '1062': ['1062'], '1077': ['1077'], '1117': ['1117'], '1146': ['1146'], '1118': ['1118'], '1078': ['1078'], '1120': ['1120'], '1132': ['1132'], '1130': ['1130'], '1134': ['1134'], '1133': ['1133']})"
109,"defaultdict(<class 'list'>, {'1040': ['1040'], '1080': ['1080'], '1079': ['1079'], '1081': ['1081'], '1095': ['1095'], '1082': ['1082', '1084', '1042', '1083', '1085'], '1096': ['1096', '1138', '1135', '1137', '1139'], '1136': ['1136'], '1041': ['1041'], '1126': ['1126'], '1125': ['1125'], '1127': ['1127'], '1128': ['1128', '1129', '1132', '1130', '1134'], '1131': ['1131'], '1032': ['1032'], '1052': ['1052', '1051', '1053', '1049', '1050'], '1063': ['1063'], '1160': ['1160'], '1055': ['1055'], '1057': ['1057'], '1060': ['1060'], '1071': ['1071'], '1147': ['1147'], '1148': ['1148'], '1158': ['1158'], '1161': ['1161'], '1066': ['1066'], '1056': ['1056'], '1061': ['1061'], '1072': ['1072'], '1157': ['1157'], '1159': ['1159'], '1162': ['1162'], '1033': ['1033'], '1101': ['1101'], '1109': ['1109'], '1153': ['1153'], '1102': ['1102'], '1103': ['1103'], '1105': ['1105'], '1106': ['1106'], '1113': ['1113'], '1154': ['1154'], '1155': ['1155'], '1108': ['1108'], '1110': ['1110'], '1104': ['1104'], '1107': ['1107'], '1114': ['1114'], '1156': ['1156'], '1038': ['1038', '1048', '1068', '1034', '1067'], '1054': ['1054'], '1039': ['1039'], '1097': ['1097'], '1098': ['1098'], '1099': ['1099'], '1112': ['1112'], '1100': ['1100'], '1035': ['1035'], '1111': ['1111'], '1030': ['1030'], '1046': ['1046'], '1069': ['1069'], '1058': ['1058'], '1059': ['1059'], '1064': ['1064'], '1065': ['1065'], '1047': ['1047'], '1070': ['1070'], '1031': ['1031'], '1086': ['1086', '1089', '1044', '1087', '1090'], '1043': ['1043'], '1121': ['1121'], '1122': ['1122'], '1123': ['1123'], '1124': ['1124'], '1036': ['1036'], '1092': ['1092'], '1150': ['1150'], '1093': ['1093'], '1094': ['1094'], '1145': ['1145'], '1151': ['1151'], '1144': ['1144'], '1149': ['1149'], '1037': ['1037'], '1088': ['1088'], '1142': ['1142'], '1141': ['1141'], '1091': ['1091'], '1143': ['1143'], '1045': ['1045'], '1115': ['1115'], '1062': ['1062'], '1077': ['1077'], '1117': ['1117'], '1146': ['1146'], '1152': ['1152'], '1075': ['1075'], '1076': ['1076'], '1118': ['1118'], '1073': ['1073'], '1078': ['1078'], '1074': ['1074'], '1116': ['1116'], '1140': ['1140'], '1119': ['1119'], '1120': ['1120'], '1133': ['1133']})"
110,"defaultdict(<class 'list'>, {'1040': ['1040'], '1080': ['1080'], '1079': ['1079'], '1081': ['1081'], '1095': ['1095'], '1082': ['1082'], '1084': ['1084'], '1096': ['1096'], '1136': ['1136'], '1138': ['1138'], '1041': ['1041'], '1126': ['1126'], '1125': ['1125'], '1127': ['1127'], '1128': ['1128'], '1129': ['1129'], '1131': ['1131'], '1032': ['1032'], '1052': ['1052'], '1063': ['1063'], '1160': ['1160'], '1051': ['1051'], '1055': ['1055'], '1057': ['1057'], '1060': ['1060'], '1071': ['1071'], '1147': ['1147'], '1148': ['1148', '1158', '1157', '1159', '1156'], '1161': ['1161'], '1053': ['1053'], '1066': ['1066'], '1056': ['1056'], '1061': ['1061', '1062', '1075', '1073', '1074'], '1072': ['1072'], '1162': ['1162'], '1033': ['1033'], '1101': ['1101'], '1109': ['1109'], '1153': ['1153'], '1102': ['1102', '1103', '1104', '1117', '1118'], '1105': ['1105'], '1106': ['1106'], '1113': ['1113'], '1154': ['1154'], '1155': ['1155'], '1108': ['1108'], '1110': ['1110'], '1107': ['1107'], '1114': ['1114'], '1038': ['1038', '1048', '1068', '1034', '1067'], '1049': ['1049'], '1050': ['1050'], '1054': ['1054'], '1039': ['1039'], '1097': ['1097'], '1098': ['1098'], '1099': ['1099'], '1112': ['1112'], '1100': ['1100'], '1035': ['1035'], '1111': ['1111'], '1030': ['1030'], '1046': ['1046'], '1069': ['1069', '1064', '1065', '1070', '1031'], '1058': ['1058'], '1059': ['1059'], '1047': ['1047'], '1042': ['1042'], '1083': ['1083'], '1085': ['1085'], '1086': ['1086'], '1089': ['1089'], '1043': ['1043'], '1121': ['1121'], '1122': ['1122'], '1123': ['1123'], '1124': ['1124'], '1036': ['1036'], '1092': ['1092'], '1150': ['1150'], '1093': ['1093'], '1094': ['1094'], '1145': ['1145'], '1151': ['1151'], '1144': ['1144'], '1149': ['1149'], '1037': ['1037'], '1044': ['1044'], '1087': ['1087'], '1088': ['1088'], '1090': ['1090'], '1142': ['1142'], '1141': ['1141'], '1091': ['1091'], '1143': ['1143'], '1045': ['1045'], '1115': ['1115', '1116', '1119', '1120'], '1077': ['1077'], '1146': ['1146'], '1152': ['1152'], '1076': ['1076'], '1078': ['1078'], '1135': ['1135'], '1137': ['1137'], '1140': ['1140'], '1139': ['1139'], '1132': ['1132'], '1130': ['1130'], '1134': ['1134'], '1133': ['1133']})"
110,"defaultdict(<class 'list'>, {'1040': ['1040'], '1080': ['1080'], '1079': ['1079'], '1081': ['1081'], '1095': ['1095'], '1082': ['1082'], '1084': ['1084'], '1096': ['1096'], '1136': ['1136'], '1138': ['1138'], '1041': ['1041', '1126', '1125', '1127', '1043', '1121', '1122', '1123', '1045', '1124', '1128', '1132'], '1129': ['1129'], '1131': ['1131'], '1032': ['1032'], '1052': ['1052'], '1063': ['1063'], '1160': ['1160'], '1051': ['1051'], '1055': ['1055'], '1057': ['1057'], '1060': ['1060'], '1071': ['1071'], '1147': ['1147'], '1148': ['1148'], '1158': ['1158'], '1161': ['1161'], '1053': ['1053'], '1066': ['1066'], '1056': ['1056'], '1061': ['1061'], '1072': ['1072'], '1157': ['1157'], '1159': ['1159'], '1162': ['1162'], '1033': ['1033'], '1101': ['1101'], '1109': ['1109'], '1153': ['1153'], '1102': ['1102'], '1103': ['1103'], '1105': ['1105'], '1106': ['1106'], '1113': ['1113'], '1154': ['1154'], '1155': ['1155'], '1108': ['1108'], '1110': ['1110'], '1104': ['1104'], '1107': ['1107'], '1114': ['1114'], '1156': ['1156'], '1038': ['1038'], '1048': ['1048'], '1049': ['1049'], '1050': ['1050'], '1054': ['1054'], '1068': ['1068'], '1039': ['1039'], '1097': ['1097'], '1098': ['1098'], '1099': ['1099'], '1112': ['1112'], '1100': ['1100'], '1034': ['1034'], '1067': ['1067'], '1035': ['1035'], '1111': ['1111'], '1030': ['1030', '1046', '1069', '1047', '1070'], '1058': ['1058'], '1059': ['1059'], '1064': ['1064'], '1065': ['1065'], '1031': ['1031'], '1042': ['1042'], '1083': ['1083'], '1085': ['1085'], '1086': ['1086', '1089', '1087', '1090', '1091'], '1036': ['1036'], '1092': ['1092'], '1150': ['1150'], '1093': ['1093', '1094', '1151', '1149', '1037'], '1145': ['1145'], '1144': ['1144'], '1044': ['1044'], '1088': ['1088'], '1142': ['1142'], '1141': ['1141'], '1143': ['1143'], '1115': ['1115'], '1062': ['1062'], '1077': ['1077'], '1117': ['1117'], '1146': ['1146'], '1152': ['1152'], '1075': ['1075'], '1076': ['1076'], '1118': ['1118'], '1073': ['1073'], '1078': ['1078'], '1074': ['1074'], '1116': ['1116'], '1135': ['1135'], '1137': ['1137'], '1140': ['1140'], '1139': ['1139'], '1119': ['1119'], '1120': ['1120'], '1130': ['1130'], '1134': ['1134'], '1133': ['1133']})"
110,"defaultdict(<class 'list'>, {'1040': ['1040', '1080', '1081', '1082', '1078'], '1079': ['1079'], '1095': ['1095'], '1084': ['1084'], '1096': ['1096', '1138', '1135', '1137', '1139'], '1136': ['1136'], '1041': ['1041'], '1126': ['1126'], '1125': ['1125'], '1127': ['1127'], '1128': ['1128', '1131', '1132', '1130', '1133'], '1129': ['1129'], '1032': ['1032'], '1052': ['1052'], '1063': ['1063'], '1160': ['1160'], '1051': ['1051'], '1055': ['1055'], '1057': ['1057'], '1060': ['1060'], '1071': ['1071'], '1147': ['1147'], '1148': ['1148'], '1158': ['1158'], '1161': ['1161'], '1053': ['1053'], '1066': ['1066'], '1056': ['1056'], '1061': ['1061'], '1072': ['1072'], '1157': ['1157'], '1159': ['1159'], '1162': ['1162'], '1033': ['1033'], '1101': ['1101'], '1109': ['1109'], '1153': ['1153'], '1102': ['1102'], '1103': ['1103'], '1105': ['1105', '1106', '1113', '1107', '1114'], '1154': ['1154'], '1155': ['1155'], '1108': ['1108'], '1110': ['1110'], '1104': ['1104'], '1156': ['1156'], '1038': ['1038'], '1048': ['1048'], '1049': ['1049'], '1050': ['1050'], '1054': ['1054'], '1068': ['1068'], '1039': ['1039'], '1097': ['1097'], '1098': ['1098'], '1099': ['1099'], '1112': ['1112'], '1100': ['1100'], '1034': ['1034'], '1067': ['1067'], '1035': ['1035'], '1111': ['1111'], '1030': ['1030'], '1046': ['1046'], '1069': ['1069'], '1058': ['1058'], '1059': ['1059'], '1064': ['1064'], '1065': ['1065'], '1047': ['1047'], '1070': ['1070'], '1031': ['1031'], '1042': ['1042'], '1083': ['1083'], '1085': ['1085'], '1086': ['1086'], '1089': ['1089'], '1043': ['1043'], '1121': ['1121'], '1122': ['1122'], '1123': ['1123'], '1124': ['1124'], '1036': ['1036', '1092', '1150', '1151', '1149'], '1093': ['1093'], '1094': ['1094'], '1145': ['1145'], '1144': ['1144'], '1037': ['1037'], '1044': ['1044'], '1087': ['1087'], '1088': ['1088', '1142', '1141', '1143'], '1090': ['1090'], '1091': ['1091'], '1045': ['1045'], '1115': ['1115'], '1062': ['1062'], '1077': ['1077'], '1117': ['1117'], '1146': ['1146'], '1152': ['1152'], '1075': ['1075'], '1076': ['1076'], '1118': ['1118'], '1073': ['1073'], '1074': ['1074'], '1116': ['1116'], '1140': ['1140'], '1119': ['1119'], '1120': ['1120'], '1134': ['1134']})"
111,"defaultdict(<class 'list'>, {'1040': ['1040', '1080', '1079', '1081', '1078'], '1095': ['1095'], '1082': ['1082'], '1084': ['1084'], '1096': ['1096'], '1136': ['1136'], '1138': ['1138'], '1041': ['1041'], '1126': ['1126'], '1125': ['1125'], '1127': ['1127'], '1128': ['1128'], '1129': ['1129'], '1131': ['1131'], '1032': ['1032', '1160', '1147', '1161', '1145', '1146', '1162'], '1052': ['1052'], '1063': ['1063'], '1051': ['1051'], '1055': ['1055'], '1057': ['1057'], '1060': ['1060'], '1071': ['1071'], '1148': ['1148'], '1158': ['1158'], '1053': ['1053'], '1066': ['1066'], '1056': ['1056'], '1061': ['1061'], '1072': ['1072'], '1157': ['1157'], '1159': ['1159'], '1033': ['1033'], '1101': ['1101'], '1109': ['1109'], '1153': ['1153'], '1102': ['1102'], '1103': ['1103'], '1105': ['1105'], '1106': ['1106'], '1113': ['1113'], '1154': ['1154'], '1155': ['1155'], '1108': ['1108'], '1110': ['1110'], '1104': ['1104'], '1107': ['1107'], '1114': ['1114'], '1156': ['1156'], '1038': ['1038'], '1048': ['1048'], '1049': ['1049'], '1050': ['1050'], '1054': ['1054'], '1068': ['1068'], '1039': ['1039', '1097', '1098', '1099', '1035'], '1112': ['1112'], '1100': ['1100'], '1034': ['1034'], '1067': ['1067'], '1111': ['1111'], '1030': ['1030', '1046', '1069', '1047', '1070'], '1058': ['1058'], '1059': ['1059'], '1064': ['1064'], '1065': ['1065'], '1031': ['1031'], '1042': ['1042'], '1083': ['1083'], '1085': ['1085'], '1086': ['1086'], '1089': ['1089'], '1043': ['1043', '1121', '1122', '1123', '1045'], '1124': ['1124'], '1036': ['1036'], '1092': ['1092'], '1150': ['1150'], '1093': ['1093'], '1094': ['1094'], '1151': ['1151'], '1144': ['1144'], '1149': ['1149'], '1037': ['1037'], '1044': ['1044'], '1087': ['1087'], '1088': ['1088'], '1090': ['1090'], '1142': ['1142'], '1141': ['1141'], '1091': ['1091'], '1143': ['1143'], '1115': ['1115'], '1062': ['1062'], '1077': ['1077'], '1117': ['1117'], '1152': ['1152'], '1075': ['1075'], '1076': ['1076'], '1118': ['1118'], '1073': ['1073'], '1074': ['1074'], '1116': ['1116'], '1135': ['1135'], '1137': ['1137'], '1140': ['1140'], '1139': ['1139'], '1119': ['1119'], '1120': ['1120'], '1132': ['1132'], '1130': ['1130'], '1134': ['1134'], '1133': ['1133']})"
111,"defaultdict(<class 'list'>, {'1040': ['1040'], '1080': ['1080', '1079', '1077', '1076', '1078'], '1081': ['1081'], '1095': ['1095'], '1082': ['1082'], '1084': ['1084'], '1096': ['1096'], '1136': ['1136'], '1138': ['1138'], '1041': ['1041'], '1126': ['1126'], '1125': ['1125'], '1127': ['1127'], '1128': ['1128', '1131', '1132', '1130', '1133'], '1129': ['1129'], '1032': ['1032'], '1052': ['1052'], '1063': ['1063'], '1160': ['1160'], '1051': ['1051'], '1055': ['1055'], '1057': ['1057'], '1060': ['1060'], '1071': ['1071'], '1147': ['1147'], '1148': ['1148'], '1158': ['1158'], '1161': ['1161'], '1053': ['1053'], '1066': ['1066'], '1056': ['1056'], '1061': ['1061'], '1072': ['1072'], '1157': ['1157'], '1159': ['1159'], '1162': ['1162'], '1033': ['1033', '1101', '1109', '1153', '1100'], '1102': ['1102'], '1103': ['1103'], '1105': ['1105'], '1106': ['1106'], '1113': ['1113'], '1154': ['1154', '1151', '1152'], '1155': ['1155'], '1108': ['1108'], '1110': ['1110'], '1104': ['1104'], '1107': ['1107'], '1114': ['1114'], '1156': ['1156'], '1038': ['1038'], '1048': ['1048'], '1049': ['1049'], '1050': ['1050'], '1054': ['1054'], '1068': ['1068'], '1039': ['1039', '1097', '1112', '1035', '1111'], '1098': ['1098'], '1099': ['1099'], '1034': ['1034'], '1067': ['1067'], '1030': ['1030'], '1046': ['1046'], '1069': ['1069'], '1058': ['1058'], '1059': ['1059'], '1064': ['1064'], '1065': ['1065'], '1047': ['1047'], '1070': ['1070'], '1031': ['1031'], '1042': ['1042'], '1083': ['1083'], '1085': ['1085'], '1086': ['1086', '1089', '1044', '1087', '1090'], '1043': ['1043'], '1121': ['1121'], '1122': ['1122'], '1123': ['1123'], '1124': ['1124'], '1036': ['1036'], '1092': ['1092'], '1150': ['1150'], '1093': ['1093'], '1094': ['1094'], '1145': ['1145'], '1144': ['1144'], '1149': ['1149'], '1037': ['1037'], '1088': ['1088'], '1142': ['1142'], '1141': ['1141'], '1091': ['1091'], '1143': ['1143'], '1045': ['1045'], '1115': ['1115'], '1062': ['1062'], '1117': ['1117'], '1146': ['1146'], '1075': ['1075'], '1118': ['1118'], '1073': ['1073'], '1074': ['1074'], '1116': ['1116'], '1135': ['1135'], '1137': ['1137'], '1140': ['1140'], '1139': ['1139'], '1119': ['1119'], '1120': ['1120'], '1134': ['1134']})"
113,"defaultdict(<class 'list'>, {'1040': ['1040'], '1080': ['1080'], '1079': ['1079'], '1081': ['1081'], '1095': ['1095'], '1082': ['1082'], '1084': ['1084'], '1096': ['1096', '1138', '1135', '1137', '1139'], '1136': ['1136'], '1041': ['1041'], '1126': ['1126'], '1125': ['1125'], '1127': ['1127'], '1128': ['1128'], '1129': ['1129'], '1131': ['1131'], '1032': ['1032'], '1052': ['1052'], '1063': ['1063'], '1160': ['1160'], '1051': ['1051'], '1055': ['1055'], '1057': ['1057'], '1060': ['1060'], '1071': ['1071'], '1147': ['1147'], '1148': ['1148'], '1158': ['1158'], '1161': ['1161'], '1053': ['1053'], '1066': ['1066'], '1056': ['1056'], '1061': ['1061'], '1072': ['1072'], '1157': ['1157'], '1159': ['1159'], '1162': ['1162'], '1033': ['1033'], '1101': ['1101'], '1109': ['1109'], '1153': ['1153'], '1102': ['1102'], '1103': ['1103'], '1105': ['1105', '1106', '1107', '1058', '1059'], '1113': ['1113'], '1154': ['1154'], '1155': ['1155'], '1108': ['1108'], '1110': ['1110', '1111', '1064', '1065', '1031'], '1104': ['1104'], '1114': ['1114'], '1156': ['1156'], '1038': ['1038'], '1048': ['1048'], '1049': ['1049'], '1050': ['1050'], '1054': ['1054'], '1068': ['1068'], '1039': ['1039'], '1097': ['1097'], '1098': ['1098'], '1099': ['1099'], '1112': ['1112'], '1100': ['1100'], '1034': ['1034'], '1067': ['1067'], '1035': ['1035'], '1030': ['1030'], '1046': ['1046'], '1069': ['1069'], '1047': ['1047'], '1070': ['1070'], '1042': ['1042'], '1083': ['1083'], '1085': ['1085'], '1086': ['1086'], '1089': ['1089'], '1043': ['1043'], '1121': ['1121'], '1122': ['1122'], '1123': ['1123'], '1124': ['1124'], '1036': ['1036'], '1092': ['1092'], '1150': ['1150'], '1093': ['1093'], '1094': ['1094'], '1145': ['1145'], '1151': ['1151'], '1144': ['1144'], '1149': ['1149'], '1037': ['1037'], '1044': ['1044'], '1087': ['1087'], '1088': ['1088', '1142', '1141', '1143', '1140'], '1090': ['1090'], '1091': ['1091'], '1045': ['1045'], '1115': ['1115'], '1062': ['1062'], '1077': ['1077'], '1117': ['1117', '1118', '1116', '1119', '1120'], '1146': ['1146'], '1152': ['1152'], '1075': ['1075'], '1076': ['1076'], '1073': ['1073'], '1078': ['1078'], '1074': ['1074'], '1132': ['1132'], '1130': ['1130'], '1134': ['1134'], '1133': ['1133']})"
113,"defaultdict(<class 'list'>, {'1040': ['1040'], '1080': ['1080'], '1079': ['1079'], '1081': ['1081'], '1095': ['1095'], '1082': ['1082'], '1084': ['1084'], '1096': ['1096'], '1136': ['1136'], '1138': ['1138'], '1041': ['1041'], '1126': ['1126'], '1125': ['1125'], '1127': ['1127'], '1128': ['1128'], '1129': ['1129'], '1131': ['1131'], '1032': ['1032', '1052', '1063', '1053', '1049'], '1160': ['1160'], '1051': ['1051'], '1055': ['1055'], '1057': ['1057'], '1060': ['1060'], '1071': ['1071'], '1147': ['1147'], '1148': ['1148', '1158', '1157', '1159', '1156', '1153', '1154', '1155', '1152'], '1161': ['1161'], '1066': ['1066'], '1056': ['1056'], '1061': ['1061'], '1072': ['1072'], '1162': ['1162'], '1033': ['1033'], '1101': ['1101'], '1109': ['1109'], '1102': ['1102'], '1103': ['1103'], '1105': ['1105'], '1106': ['1106'], '1113': ['1113'], '1108': ['1108'], '1110': ['1110'], '1104': ['1104'], '1107': ['1107'], '1114': ['1114'], '1038': ['1038'], '1048': ['1048'], '1050': ['1050'], '1054': ['1054'], '1068': ['1068'], '1039': ['1039', '1097', '1098', '1099', '1035'], '1112': ['1112'], '1100': ['1100'], '1034': ['1034'], '1067': ['1067'], '1111': ['1111'], '1030': ['1030'], '1046': ['1046'], '1069': ['1069'], '1058': ['1058'], '1059': ['1059'], '1064': ['1064'], '1065': ['1065'], '1047': ['1047'], '1070': ['1070'], '1031': ['1031'], '1042': ['1042'], '1083': ['1083'], '1085': ['1085'], '1086': ['1086'], '1089': ['1089'], '1043': ['1043'], '1121': ['1121'], '1122': ['1122'], '1123': ['1123'], '1124': ['1124'], '1036': ['1036'], '1092': ['1092'], '1150': ['1150'], '1093': ['1093'], '1094': ['1094'], '1145': ['1145'], '1151': ['1151'], '1144': ['1144'], '1149': ['1149'], '1037': ['1037'], '1044': ['1044'], '1087': ['1087'], '1088': ['1088'], '1090': ['1090'], '1142': ['1142'], '1141': ['1141'], '1091': ['1091'], '1143': ['1143'], '1045': ['1045'], '1115': ['1115'], '1062': ['1062'], '1077': ['1077', '1075', '1076', '1073', '1074'], '1117': ['1117'], '1146': ['1146'], '1118': ['1118'], '1078': ['1078'], '1116': ['1116'], '1135': ['1135'], '1137': ['1137'], '1140': ['1140'], '1139': ['1139'], '1119': ['1119'], '1120': ['1120'], '1132': ['1132'], '1130': ['1130'], '1134': ['1134'], '1133': ['1133']})"
113,"defaultdict(<class 'list'>, {'1040': ['1040'], '1080': ['1080'], '1079': ['1079'], '1081': ['1081'], '1095': ['1095'], '1082': ['1082', '1084', '1042', '1083', '1085'], '1096': ['1096', '1138', '1135', '1137', '1139'], '1136': ['1136'], '1041': ['1041'], '1126': ['1126'], '1125': ['1125'], '1127': ['1127'], '1128': ['1128'], '1129': ['1129'], '1131': ['1131'], '1032': ['1032'], '1052': ['1052'], '1063': ['1063'], '1160': ['1160'], '1051': ['1051'], '1055': ['1055'], '1057': ['1057'], '1060': ['1060'], '1071': ['1071'], '1147': ['1147'], '1148': ['1148'], '1158': ['1158'], '1161': ['1161'], '1053': ['1053'], '1066': ['1066'], '1056': ['1056'], '1061': ['1061'], '1072': ['1072'], '1157': ['1157'], '1159': ['1159'], '1162': ['1162'], '1033': ['1033'], '1101': ['1101'], '1109': ['1109'], '1153': ['1153'], '1102': ['1102'], '1103': ['1103'], '1105': ['1105', '1106', '1107', '1058', '1059'], '1113': ['1113'], '1154': ['1154'], '1155': ['1155'], '1108': ['1108'], '1110': ['1110'], '1104': ['1104'], '1114': ['1114'], '1156': ['1156'], '1038': ['1038'], '1048': ['1048'], '1049': ['1049'], '1050': ['1050'], '1054': ['1054'], '1068': ['1068'], '1039': ['1039', '1097', '1098', '1099', '1035'], '1112': ['1112'], '1100': ['1100'], '1034': ['1034'], '1067': ['1067'], '1111': ['1111'], '1030': ['1030'], '1046': ['1046'], '1069': ['1069'], '1064': ['1064'], '1065': ['1065'], '1047': ['1047'], '1070': ['1070'], '1031': ['1031'], '1086': ['1086'], '1089': ['1089'], '1043': ['1043', '1121', '1122', '1123', '1045'], '1124': ['1124'], '1036': ['1036'], '1092': ['1092'], '1150': ['1150'], '1093': ['1093'], '1094': ['1094'], '1145': ['1145'], '1151': ['1151'], '1144': ['1144'], '1149': ['1149'], '1037': ['1037'], '1044': ['1044'], '1087': ['1087'], '1088': ['1088'], '1090': ['1090'], '1142': ['1142'], '1141': ['1141'], '1091': ['1091'], '1143': ['1143'], '1115': ['1115'], '1062': ['1062'], '1077': ['1077'], '1117': ['1117'], '1146': ['1146'], '1152': ['1152'], '1075': ['1075'], '1076': ['1076'], '1118': ['1118'], '1073': ['1073'], '1078': ['1078'], '1074': ['1074'], '1116': ['1116'], '1140': ['1140'], '1119': ['1119'], '1120': ['1120'], '1132': ['1132'], '1130': ['1130'], '1134': ['1134'], '1133': ['1133']})"
113,"defaultdict(<class 'list'>, {'1040': ['1040'], '1080': ['1080'], '1079': ['1079'], '1081': ['1081'], '1095': ['1095'], '1082': ['1082'], '1084': ['1084'], '1096': ['1096', '1138', '1135', '1137', '1139'], '1136': ['1136'], '1041': ['1041'], '1126': ['1126'], '1125': ['1125'], '1127': ['1127'], '1128': ['1128'], '1129': ['1129'], '1131': ['1131'], '1032': ['1032', '1052', '1063', '1053', '1049'], '1160': ['1160'], '1051': ['1051'], '1055': ['1055'], '1057': ['1057'], '1060': ['1060'], '1071': ['1071'], '1147': ['1147'], '1148': ['1148'], '1158': ['1158'], '1161': ['1161'], '1066': ['1066'], '1056': ['1056'], '1061': ['1061'], '1072': ['1072'], '1157': ['1157'], '1159': ['1159'], '1162': ['1162'], '1033': ['1033'], '1101': ['1101'], '1109': ['1109'], '1153': ['1153'], '1102': ['1102'], '1103': ['1103'], '1105': ['1105'], '1106': ['1106'], '1113': ['1113'], '1154': ['1154'], '1155': ['1155'], '1108': ['1108'], '1110': ['1110'], '1104': ['1104'], '1107': ['1107'], '1114': ['1114'], '1156': ['1156'], '1038': ['1038'], '1048': ['1048'], '1050': ['1050'], '1054': ['1054'], '1068': ['1068'], '1039': ['1039'], '1097': ['1097'], '1098': ['1098'], '1099': ['1099'], '1112': ['1112'], '1100': ['1100'], '1034': ['1034'], '1067': ['1067'], '1035': ['1035'], '1111': ['1111'], '1030': ['1030'], '1046': ['1046'], '1069': ['1069', '1064', '1065', '1070', '1031'], '1058': ['1058'], '1059': ['1059'], '1047': ['1047'], '1042': ['1042'], '1083': ['1083'], '1085': ['1085'], '1086': ['1086', '1089', '1044', '1087', '1090'], '1043': ['1043', '1121', '1122', '1123', '1045'], '1124': ['1124'], '1036': ['1036'], '1092': ['1092'], '1150': ['1150'], '1093': ['1093'], '1094': ['1094'], '1145': ['1145'], '1151': ['1151'], '1144': ['1144'], '1149': ['1149'], '1037': ['1037'], '1088': ['1088'], '1142': ['1142'], '1141': ['1141'], '1091': ['1091'], '1143': ['1143'], '1115': ['1115'], '1062': ['1062'], '1077': ['1077'], '1117': ['1117'], '1146': ['1146'], '1152': ['1152'], '1075': ['1075'], '1076': ['1076'], '1118': ['1118'], '1073': ['1073'], '1078': ['1078'], '1074': ['1074'], '1116': ['1116'], '1140': ['1140'], '1119': ['1119'], '1120': ['1120'], '1132': ['1132'], '1130': ['1130'], '1134': ['1134'], '1133': ['1133']})"
113,"defaultdict(<class 'list'>, {'1040': ['1040'], '1080': ['1080'], '1079': ['1079'], '1081': ['1081'], '1095': ['1095'], '1082': ['1082'], '1084': ['1084'], '1096': ['1096'], '1136': ['1136'], '1138': ['1138'], '1041': ['1041', '1126', '1125', '1127', '1124'], '1128': ['1128'], '1129': ['1129'], '1131': ['1131'], '1032': ['1032', '1160', '1161', '1162', '1146'], '1052': ['1052'], '1063': ['1063'], '1051': ['1051'], '1055': ['1055'], '1057': ['1057'], '1060': ['1060'], '1071': ['1071'], '1147': ['1147'], '1148': ['1148'], '1158': ['1158'], '1053': ['1053'], '1066': ['1066'], '1056': ['1056'], '1061': ['1061'], '1072': ['1072'], '1157': ['1157'], '1159': ['1159'], '1033': ['1033'], '1101': ['1101', '1102', '1098', '1099', '1100'], '1109': ['1109'], '1153': ['1153'], '1103': ['1103'], '1105': ['1105'], '1106': ['1106'], '1113': ['1113'], '1154': ['1154'], '1155': ['1155'], '1108': ['1108'], '1110': ['1110', '1111', '1064', '1065', '1031'], '1104': ['1104'], '1107': ['1107'], '1114': ['1114'], '1156': ['1156'], '1038': ['1038'], '1048': ['1048'], '1049': ['1049'], '1050': ['1050'], '1054': ['1054'], '1068': ['1068'], '1039': ['1039'], '1097': ['1097'], '1112': ['1112'], '1034': ['1034'], '1067': ['1067'], '1035': ['1035'], '1030': ['1030'], '1046': ['1046'], '1069': ['1069'], '1058': ['1058'], '1059': ['1059'], '1047': ['1047'], '1070': ['1070'], '1042': ['1042'], '1083': ['1083'], '1085': ['1085'], '1086': ['1086'], '1089': ['1089'], '1043': ['1043'], '1121': ['1121'], '1122': ['1122'], '1123': ['1123'], '1036': ['1036'], '1092': ['1092'], '1150': ['1150'], '1093': ['1093', '1094', '1151', '1149', '1037'], '1145': ['1145'], '1144': ['1144'], '1044': ['1044'], '1087': ['1087'], '1088': ['1088'], '1090': ['1090'], '1142': ['1142'], '1141': ['1141'], '1091': ['1091'], '1143': ['1143'], '1045': ['1045'], '1115': ['1115'], '1062': ['1062'], '1077': ['1077'], '1117': ['1117'], '1152': ['1152'], '1075': ['1075'], '1076': ['1076'], '1118': ['1118'], '1073': ['1073'], '1078': ['1078'], '1074': ['1074'], '1116': ['1116'], '1135': ['1135'], '1137': ['1137'], '1140': ['1140'], '1139': ['1139'], '1119': ['1119'], '1120': ['1120'], '1132': ['1132'], '1130': ['1130'], '1134': ['1134'], '1133': ['1133']})"
113,"defaultdict(<class 'list'>, {'1040': ['1040'], '1080': ['1080'], '1079': ['1079'], '1081': ['1081'], '1095': ['1095'], '1082': ['1082', '1084', '1042', '1083', '1085'], '1096': ['1096'], '1136': ['1136'], '1138': ['1138'], '1041': ['1041', '1126', '1125', '1127', '1124'], '1128': ['1128'], '1129': ['1129'], '1131': ['1131'], '1032': ['1032'], '1052': ['1052'], '1063': ['1063'], '1160': ['1160'], '1051': ['1051'], '1055': ['1055'], '1057': ['1057'], '1060': ['1060'], '1071': ['1071'], '1147': ['1147'], '1148': ['1148'], '1158': ['1158'], '1161': ['1161'], '1053': ['1053'], '1066': ['1066'], '1056': ['1056'], '1061': ['1061'], '1072': ['1072'], '1157': ['1157'], '1159': ['1159'], '1162': ['1162'], '1033': ['1033', '1109', '1153', '1155', '1152'], '1101': ['1101'], '1102': ['1102'], '1103': ['1103'], '1105': ['1105'], '1106': ['1106'], '1113': ['1113'], '1154': ['1154'], '1108': ['1108'], '1110': ['1110'], '1104': ['1104'], '1107': ['1107'], '1114': ['1114'], '1156': ['1156'], '1038': ['1038'], '1048': ['1048'], '1049': ['1049'], '1050': ['1050'], '1054': ['1054'], '1068': ['1068'], '1039': ['1039'], '1097': ['1097'], '1098': ['1098'], '1099': ['1099'], '1112': ['1112'], '1100': ['1100'], '1034': ['1034'], '1067': ['1067'], '1035': ['1035'], '1111': ['1111'], '1030': ['1030'], '1046': ['1046'], '1069': ['1069'], '1058': ['1058'], '1059': ['1059'], '1064': ['1064'], '1065': ['1065'], '1047': ['1047'], '1070': ['1070'], '1031': ['1031'], '1086': ['1086'], '1089': ['1089'], '1043': ['1043'], '1121': ['1121'], '1122': ['1122'], '1123': ['1123'], '1036': ['1036'], '1092': ['1092'], '1150': ['1150'], '1093': ['1093', '1094', '1151', '1149', '1037'], '1145': ['1145'], '1144': ['1144'], '1044': ['1044'], '1087': ['1087'], '1088': ['1088'], '1090': ['1090'], '1142': ['1142'], '1141': ['1141'], '1091': ['1091'], '1143': ['1143'], '1045': ['1045'], '1115': ['1115'], '1062': ['1062'], '1077': ['1077'], '1117': ['1117', '1118', '1116', '1119', '1120'], '1146': ['1146'], '1075': ['1075'], '1076': ['1076'], '1073': ['1073'], '1078': ['1078'], '1074': ['1074'], '1135': ['1135'], '1137': ['1137'], '1140': ['1140'], '1139': ['1139'], '1132': ['1132'], '1130': ['1130'], '1134': ['1134'], '1133': ['1133']})"
113,"defaultdict(<class 'list'>, {'1040': ['1040'], '1080': ['1080', '1079', '1077', '1076', '1078'], '1081': ['1081', '1082', '1084', '1042', '1083'], '1095': ['1095'], '1096': ['1096', '1138', '1135', '1137', '1139'], '1136': ['1136'], '1041': ['1041', '1126', '1125', '1127', '1124'], '1128': ['1128'], '1129': ['1129'], '1131': ['1131'], '1032': ['1032'], '1052': ['1052'], '1063': ['1063'], '1160': ['1160'], '1051': ['1051'], '1055': ['1055'], '1057': ['1057'], '1060': ['1060'], '1071': ['1071'], '1147': ['1147'], '1148': ['1148'], '1158': ['1158'], '1161': ['1161'], '1053': ['1053'], '1066': ['1066'], '1056': ['1056'], '1061': ['1061'], '1072': ['1072'], '1157': ['1157'], '1159': ['1159'], '1162': ['1162'], '1033': ['1033'], '1101': ['1101'], '1109': ['1109'], '1153': ['1153'], '1102': ['1102'], '1103': ['1103'], '1105': ['1105'], '1106': ['1106'], '1113': ['1113'], '1154': ['1154'], '1155': ['1155'], '1108': ['1108'], '1110': ['1110'], '1104': ['1104'], '1107': ['1107'], '1114': ['1114'], '1156': ['1156'], '1038': ['1038'], '1048': ['1048'], '1049': ['1049'], '1050': ['1050'], '1054': ['1054'], '1068': ['1068'], '1039': ['1039'], '1097': ['1097'], '1098': ['1098'], '1099': ['1099'], '1112': ['1112'], '1100': ['1100'], '1034': ['1034'], '1067': ['1067'], '1035': ['1035'], '1111': ['1111'], '1030': ['1030'], '1046': ['1046'], '1069': ['1069'], '1058': ['1058'], '1059': ['1059'], '1064': ['1064'], '1065': ['1065'], '1047': ['1047'], '1070': ['1070'], '1031': ['1031'], '1085': ['1085'], '1086': ['1086', '1089', '1044', '1087', '1090'], '1043': ['1043'], '1121': ['1121'], '1122': ['1122'], '1123': ['1123'], '1036': ['1036'], '1092': ['1092'], '1150': ['1150'], '1093': ['1093'], '1094': ['1094'], '1145': ['1145'], '1151': ['1151'], '1144': ['1144'], '1149': ['1149'], '1037': ['1037'], '1088': ['1088'], '1142': ['1142'], '1141': ['1141'], '1091': ['1091'], '1143': ['1143'], '1045': ['1045'], '1115': ['1115'], '1062': ['1062'], '1117': ['1117'], '1146': ['1146'], '1152': ['1152'], '1075': ['1075'], '1118': ['1118'], '1073': ['1073'], '1074': ['1074'], '1116': ['1116'], '1140': ['1140'], '1119': ['1119'], '1120': ['1120'], '1132': ['1132'], '1130': ['1130'], '1134': ['1134'], '1133': ['1133']})"
113,"defaultdict(<class 'list'>, {'1040': ['1040'], '1080': ['1080'], '1079': ['1079'], '1081': ['1081'], '1095': ['1095'], '1082': ['1082'], '1084': ['1084'], '1096': ['1096'], '1136': ['1136'], '1138': ['1138'], '1041': ['1041'], '1126': ['1126'], '1125': ['1125'], '1127': ['1127'], '1128': ['1128', '1131', '1132', '1130', '1133'], '1129': ['1129'], '1032': ['1032'], '1052': ['1052'], '1063': ['1063'], '1160': ['1160'], '1051': ['1051'], '1055': ['1055'], '1057': ['1057'], '1060': ['1060'], '1071': ['1071'], '1147': ['1147'], '1148': ['1148'], '1158': ['1158'], '1161': ['1161'], '1053': ['1053'], '1066': ['1066'], '1056': ['1056'], '1061': ['1061'], '1072': ['1072'], '1157': ['1157'], '1159': ['1159'], '1162': ['1162'], '1033': ['1033'], '1101': ['1101', '1102', '1098', '1099', '1100'], '1109': ['1109'], '1153': ['1153', '1154', '1155', '1151', '1152'], '1103': ['1103'], '1105': ['1105'], '1106': ['1106'], '1113': ['1113'], '1108': ['1108'], '1110': ['1110'], '1104': ['1104'], '1107': ['1107'], '1114': ['1114'], '1156': ['1156'], '1038': ['1038', '1048', '1068', '1034', '1067'], '1049': ['1049'], '1050': ['1050'], '1054': ['1054'], '1039': ['1039'], '1097': ['1097'], '1112': ['1112'], '1035': ['1035'], '1111': ['1111'], '1030': ['1030'], '1046': ['1046'], '1069': ['1069'], '1058': ['1058'], '1059': ['1059'], '1064': ['1064'], '1065': ['1065'], '1047': ['1047'], '1070': ['1070'], '1031': ['1031'], '1042': ['1042'], '1083': ['1083'], '1085': ['1085'], '1086': ['1086'], '1089': ['1089'], '1043': ['1043'], '1121': ['1121'], '1122': ['1122'], '1123': ['1123'], '1124': ['1124'], '1036': ['1036'], '1092': ['1092'], '1150': ['1150'], '1093': ['1093'], '1094': ['1094'], '1145': ['1145'], '1144': ['1144'], '1149': ['1149'], '1037': ['1037'], '1044': ['1044'], '1087': ['1087'], '1088': ['1088'], '1090': ['1090'], '1142': ['1142'], '1141': ['1141'], '1091': ['1091'], '1143': ['1143'], '1045': ['1045'], '1115': ['1115'], '1062': ['1062'], '1077': ['1077', '1075', '1076', '1073', '1074'], '1117': ['1117'], '1146': ['1146'], '1118': ['1118'], '1078': ['1078'], '1116': ['1116'], '1135': ['1135'], '1137': ['1137'], '1140': ['1140'], '1139': ['1139'], '1119': ['1119'], '1120': ['1120'], '1134': ['1134']})"
113,"defaultdict(<class 'list'>, {'1040': ['1040'], '1080': ['1080'], '1079': ['1079'], '1081': ['1081'], '1095': ['1095'], '1082': ['1082'], '1084': ['1084'], '1096': ['1096', '1138', '1135', '1137', '1139'], '1136': ['1136'], '1041': ['1041'], '1126': ['1126'], '1125': ['1125'], '1127': ['1127'], '1128': ['1128'], '1129': ['1129'], '1131': ['1131'], '1032': ['1032'], '1052': ['1052'], '1063': ['1063'], '1160': ['1160'], '1051': ['1051'], '1055': ['1055'], '1057': ['1057'], '1060': ['1060'], '1071': ['1071'], '1147': ['1147'], '1148': ['1148', '1158', '1157', '1159', '1156'], '1161': ['1161'], '1053': ['1053'], '1066': ['1066'], '1056': ['1056'], '1061': ['1061'], '1072': ['1072'], '1162': ['1162'], '1033': ['1033'], '1101': ['1101'], '1109': ['1109'], '1153': ['1153'], '1102': ['1102'], '1103': ['1103'], '1105': ['1105', '1106', '1107', '1058', '1059'], '1113': ['1113'], '1154': ['1154'], '1155': ['1155'], '1108': ['1108'], '1110': ['1110'], '1104': ['1104'], '1114': ['1114'], '1038': ['1038'], '1048': ['1048'], '1049': ['1049'], '1050': ['1050'], '1054': ['1054'], '1068': ['1068'], '1039': ['1039'], '1097': ['1097'], '1098': ['1098'], '1099': ['1099'], '1112': ['1112'], '1100': ['1100'], '1034': ['1034'], '1067': ['1067'], '1035': ['1035'], '1111': ['1111'], '1030': ['1030'], '1046': ['1046'], '1069': ['1069'], '1064': ['1064'], '1065': ['1065'], '1047': ['1047'], '1070': ['1070'], '1031': ['1031'], '1042': ['1042'], '1083': ['1083'], '1085': ['1085'], '1086': ['1086', '1089', '1044', '1087', '1090'], '1043': ['1043'], '1121': ['1121'], '1122': ['1122'], '1123': ['1123'], '1124': ['1124'], '1036': ['1036'], '1092': ['1092'], '1150': ['1150'], '1093': ['1093'], '1094': ['1094'], '1145': ['1145'], '1151': ['1151'], '1144': ['1144'], '1149': ['1149'], '1037': ['1037'], '1088': ['1088', '1142', '1141', '1143', '1140'], '1091': ['1091'], '1045': ['1045'], '1115': ['1115'], '1062': ['1062'], '1077': ['1077'], '1117': ['1117'], '1146': ['1146'], '1152': ['1152'], '1075': ['1075'], '1076': ['1076'], '1118': ['1118'], '1073': ['1073'], '1078': ['1078'], '1074': ['1074'], '1116': ['1116'], '1119': ['1119'], '1120': ['1120'], '1132': ['1132'], '1130': ['1130'], '1134': ['1134'], '1133': ['1133']})"
113,"defaultdict(<class 'list'>, {'1040': ['1040', '1080', '1079', '1081', '1078'], '1095': ['1095'], '1082': ['1082'], '1084': ['1084'], '1096': ['1096', '1136', '1135', '1137', '1140'], '1138': ['1138'], '1041': ['1041'], '1126': ['1126'], '1125': ['1125'], '1127': ['1127'], '1128': ['1128'], '1129': ['1129'], '1131': ['1131'], '1032': ['1032', '1052', '1063', '1053', '1049'], '1160': ['1160'], '1051': ['1051'], '1055': ['1055'], '1057': ['1057'], '1060': ['1060'], '1071': ['1071'], '1147': ['1147'], '1148': ['1148'], '1158': ['1158'], '1161': ['1161'], '1066': ['1066'], '1056': ['1056'], '1061': ['1061'], '1072': ['1072'], '1157': ['1157'], '1159': ['1159'], '1162': ['1162'], '1033': ['1033'], '1101': ['1101'], '1109': ['1109'], '1153': ['1153'], '1102': ['1102'], '1103': ['1103'], '1105': ['1105'], '1106': ['1106'], '1113': ['1113'], '1154': ['1154', '1036', '1150', '1151', '1152'], '1155': ['1155'], '1108': ['1108'], '1110': ['1110'], '1104': ['1104'], '1107': ['1107'], '1114': ['1114'], '1156': ['1156'], '1038': ['1038'], '1048': ['1048'], '1050': ['1050'], '1054': ['1054'], '1068': ['1068', '1077', '1075', '1076', '1074'], '1039': ['1039'], '1097': ['1097'], '1098': ['1098'], '1099': ['1099'], '1112': ['1112'], '1100': ['1100'], '1034': ['1034'], '1067': ['1067'], '1035': ['1035'], '1111': ['1111'], '1030': ['1030'], '1046': ['1046'], '1069': ['1069'], '1058': ['1058'], '1059': ['1059'], '1064': ['1064'], '1065': ['1065'], '1047': ['1047'], '1070': ['1070'], '1031': ['1031'], '1042': ['1042'], '1083': ['1083'], '1085': ['1085'], '1086': ['1086'], '1089': ['1089'], '1043': ['1043'], '1121': ['1121'], '1122': ['1122'], '1123': ['1123'], '1124': ['1124'], '1092': ['1092'], '1093': ['1093'], '1094': ['1094'], '1145': ['1145'], '1144': ['1144'], '1149': ['1149'], '1037': ['1037'], '1044': ['1044'], '1087': ['1087'], '1088': ['1088'], '1090': ['1090'], '1142': ['1142'], '1141': ['1141'], '1091': ['1091'], '1143': ['1143'], '1045': ['1045'], '1115': ['1115'], '1062': ['1062'], '1117': ['1117'], '1146': ['1146'], '1118': ['1118'], '1073': ['1073'], '1116': ['1116'], '1139': ['1139'], '1119': ['1119'], '1120': ['1120'], '1132': ['1132'], '1130': ['1130'], '1134': ['1134'], '1133': ['1133']})"
113,"defaultdict(<class 'list'>, {'1040': ['1040', '1080', '1081', '1082', '1078'], '1079': ['1079'], '1095': ['1095'], '1084': ['1084'], '1096': ['1096'], '1136': ['1136'], '1138': ['1138'], '1041': ['1041'], '1126': ['1126'], '1125': ['1125'], '1127': ['1127'], '1128': ['1128'], '1129': ['1129'], '1131': ['1131'], '1032': ['1032'], '1052': ['1052'], '1063': ['1063'], '1160': ['1160'], '1051': ['1051'], '1055': ['1055'], '1057': ['1057'], '1060': ['1060'], '1071': ['1071'], '1147': ['1147'], '1148': ['1148'], '1158': ['1158'], '1161': ['1161'], '1053': ['1053'], '1066': ['1066'], '1056': ['1056', '1077', '1075', '1076', '1074'], '1061': ['1061'], '1072': ['1072'], '1157': ['1157'], '1159': ['1159'], '1162': ['1162'], '1033': ['1033'], '1101': ['1101'], '1109': ['1109'], '1153': ['1153', '1154', '1155', '1156', '1152'], '1102': ['1102'], '1103': ['1103'], '1105': ['1105'], '1106': ['1106'], '1113': ['1113'], '1108': ['1108'], '1110': ['1110'], '1104': ['1104'], '1107': ['1107'], '1114': ['1114'], '1038': ['1038', '1048', '1068', '1034', '1067'], '1049': ['1049'], '1050': ['1050'], '1054': ['1054'], '1039': ['1039'], '1097': ['1097'], '1098': ['1098'], '1099': ['1099'], '1112': ['1112'], '1100': ['1100'], '1035': ['1035'], '1111': ['1111'], '1030': ['1030'], '1046': ['1046'], '1069': ['1069'], '1058': ['1058'], '1059': ['1059'], '1064': ['1064'], '1065': ['1065'], '1047': ['1047'], '1070': ['1070'], '1031': ['1031'], '1042': ['1042'], '1083': ['1083'], '1085': ['1085'], '1086': ['1086', '1089', '1044', '1087', '1090'], '1043': ['1043'], '1121': ['1121'], '1122': ['1122'], '1123': ['1123'], '1124': ['1124'], '1036': ['1036'], '1092': ['1092'], '1150': ['1150'], '1093': ['1093'], '1094': ['1094'], '1145': ['1145'], '1151': ['1151'], '1144': ['1144'], '1149': ['1149'], '1037': ['1037'], '1088': ['1088'], '1142': ['1142'], '1141': ['1141'], '1091': ['1091'], '1143': ['1143'], '1045': ['1045'], '1115': ['1115'], '1062': ['1062'], '1117': ['1117'], '1146': ['1146'], '1118': ['1118'], '1073': ['1073'], '1116': ['1116'], '1135': ['1135'], '1137': ['1137'], '1140': ['1140'], '1139': ['1139'], '1119': ['1119'], '1120': ['1120'], '1132': ['1132'], '1130': ['1130'], '1134': ['1134'], '1133': ['1133']})"
113,"defaultdict(<class 'list'>, {'1040': ['1040'], '1080': ['1080', '1079', '1077', '1076', '1078'], '1081': ['1081'], '1095': ['1095'], '1082': ['1082'], '1084': ['1084'], '1096': ['1096', '1138', '1135', '1137', '1139'], '1136': ['1136'], '1041': ['1041'], '1126': ['1126'], '1125': ['1125'], '1127': ['1127'], '1128': ['1128'], '1129': ['1129'], '1131': ['1131'], '1032': ['1032'], '1052': ['1052'], '1063': ['1063'], '1160': ['1160'], '1051': ['1051'], '1055': ['1055'], '1057': ['1057'], '1060': ['1060'], '1071': ['1071'], '1147': ['1147'], '1148': ['1148'], '1158': ['1158'], '1161': ['1161'], '1053': ['1053'], '1066': ['1066'], '1056': ['1056'], '1061': ['1061'], '1072': ['1072'], '1157': ['1157'], '1159': ['1159'], '1162': ['1162'], '1033': ['1033'], '1101': ['1101'], '1109': ['1109'], '1153': ['1153'], '1102': ['1102'], '1103': ['1103'], '1105': ['1105'], '1106': ['1106'], '1113': ['1113'], '1154': ['1154'], '1155': ['1155'], '1108': ['1108'], '1110': ['1110'], '1104': ['1104'], '1107': ['1107'], '1114': ['1114'], '1156': ['1156'], '1038': ['1038'], '1048': ['1048'], '1049': ['1049'], '1050': ['1050'], '1054': ['1054'], '1068': ['1068'], '1039': ['1039'], '1097': ['1097'], '1098': ['1098'], '1099': ['1099'], '1112': ['1112'], '1100': ['1100'], '1034': ['1034'], '1067': ['1067'], '1035': ['1035'], '1111': ['1111'], '1030': ['1030'], '1046': ['1046'], '1069': ['1069'], '1058': ['1058'], '1059': ['1059'], '1064': ['1064'], '1065': ['1065'], '1047': ['1047'], '1070': ['1070'], '1031': ['1031'], '1042': ['1042'], '1083': ['1083'], '1085': ['1085'], '1086': ['1086', '1089', '1044', '1087', '1090'], '1043': ['1043'], '1121': ['1121'], '1122': ['1122'], '1123': ['1123'], '1124': ['1124'], '1036': ['1036'], '1092': ['1092'], '1150': ['1150'], '1093': ['1093', '1094', '1151', '1149', '1037'], '1145': ['1145'], '1144': ['1144'], '1088': ['1088', '1142', '1141', '1143', '1140'], '1091': ['1091'], '1045': ['1045'], '1115': ['1115'], '1062': ['1062'], '1117': ['1117'], '1146': ['1146'], '1152': ['1152'], '1075': ['1075'], '1118': ['1118'], '1073': ['1073'], '1074': ['1074'], '1116': ['1116'], '1119': ['1119'], '1120': ['1120'], '1132': ['1132'], '1130': ['1130'], '1134': ['1134'], '1133': ['1133']})"
113,"defaultdict(<class 'list'>, {'1040': ['1040'], '1080': ['1080'], '1079': ['1079', '1077', '1075', '1076', '1074'], '1081': ['1081'], '1095': ['1095'], '1082': ['1082', '1084', '1042', '1083', '1085'], '1096': ['1096'], '1136': ['1136'], '1138': ['1138'], '1041': ['1041'], '1126': ['1126'], '1125': ['1125'], '1127': ['1127'], '1128': ['1128'], '1129': ['1129'], '1131': ['1131'], '1032': ['1032'], '1052': ['1052'], '1063': ['1063'], '1160': ['1160'], '1051': ['1051'], '1055': ['1055'], '1057': ['1057'], '1060': ['1060'], '1071': ['1071'], '1147': ['1147'], '1148': ['1148', '1158', '1157', '1159', '1156'], '1161': ['1161'], '1053': ['1053'], '1066': ['1066'], '1056': ['1056'], '1061': ['1061'], '1072': ['1072'], '1162': ['1162'], '1033': ['1033', '1153', '1154', '1155', '1152'], '1101': ['1101'], '1109': ['1109'], '1102': ['1102'], '1103': ['1103'], '1105': ['1105'], '1106': ['1106'], '1113': ['1113'], '1108': ['1108'], '1110': ['1110'], '1104': ['1104'], '1107': ['1107'], '1114': ['1114'], '1038': ['1038', '1048', '1068', '1034', '1067'], '1049': ['1049'], '1050': ['1050'], '1054': ['1054'], '1039': ['1039'], '1097': ['1097'], '1098': ['1098'], '1099': ['1099'], '1112': ['1112'], '1100': ['1100'], '1035': ['1035'], '1111': ['1111'], '1030': ['1030'], '1046': ['1046'], '1069': ['1069'], '1058': ['1058'], '1059': ['1059'], '1064': ['1064'], '1065': ['1065'], '1047': ['1047'], '1070': ['1070'], '1031': ['1031'], '1086': ['1086'], '1089': ['1089'], '1043': ['1043'], '1121': ['1121'], '1122': ['1122'], '1123': ['1123'], '1124': ['1124'], '1036': ['1036'], '1092': ['1092'], '1150': ['1150'], '1093': ['1093'], '1094': ['1094'], '1145': ['1145'], '1151': ['1151'], '1144': ['1144'], '1149': ['1149'], '1037': ['1037'], '1044': ['1044'], '1087': ['1087'], '1088': ['1088'], '1090': ['1090'], '1142': ['1142'], '1141': ['1141'], '1091': ['1091'], '1143': ['1143'], '1045': ['1045'], '1115': ['1115'], '1062': ['1062'], '1117': ['1117'], '1146': ['1146'], '1118': ['1118'], '1073': ['1073'], '1078': ['1078'], '1116': ['1116'], '1135': ['1135'], '1137': ['1137'], '1140': ['1140'], '1139': ['1139'], '1119': ['1119'], '1120': ['1120'], '1132': ['1132'], '1130': ['1130'], '1134': ['1134'], '1133': ['1133']})"
113,"defaultdict(<class 'list'>, {'1040': ['1040'], '1080': ['1080'], '1079': ['1079'], '1081': ['1081'], '1095': ['1095'], '1082': ['1082'], '1084': ['1084', '1042', '1085', '1086', '1087'], '1096': ['1096'], '1136': ['1136'], '1138': ['1138'], '1041': ['1041'], '1126': ['1126'], '1125': ['1125'], '1127': ['1127'], '1128': ['1128'], '1129': ['1129'], '1131': ['1131'], '1032': ['1032'], '1052': ['1052'], '1063': ['1063'], '1160': ['1160'], '1051': ['1051', '1055', '1056', '1049', '1050'], '1057': ['1057'], '1060': ['1060'], '1071': ['1071'], '1147': ['1147'], '1148': ['1148'], '1158': ['1158'], '1161': ['1161'], '1053': ['1053'], '1066': ['1066'], '1061': ['1061'], '1072': ['1072'], '1157': ['1157'], '1159': ['1159'], '1162': ['1162'], '1033': ['1033'], '1101': ['1101', '1102', '1098', '1099', '1100'], '1109': ['1109'], '1153': ['1153'], '1103': ['1103'], '1105': ['1105'], '1106': ['1106'], '1113': ['1113'], '1154': ['1154'], '1155': ['1155'], '1108': ['1108'], '1110': ['1110'], '1104': ['1104'], '1107': ['1107'], '1114': ['1114'], '1156': ['1156'], '1038': ['1038'], '1048': ['1048'], '1054': ['1054'], '1068': ['1068'], '1039': ['1039'], '1097': ['1097'], '1112': ['1112'], '1034': ['1034'], '1067': ['1067'], '1035': ['1035'], '1111': ['1111'], '1030': ['1030'], '1046': ['1046'], '1069': ['1069', '1064', '1065', '1070', '1031'], '1058': ['1058'], '1059': ['1059'], '1047': ['1047'], '1083': ['1083'], '1089': ['1089'], '1043': ['1043'], '1121': ['1121'], '1122': ['1122'], '1123': ['1123'], '1124': ['1124'], '1036': ['1036'], '1092': ['1092'], '1150': ['1150'], '1093': ['1093'], '1094': ['1094'], '1145': ['1145'], '1151': ['1151'], '1144': ['1144'], '1149': ['1149'], '1037': ['1037'], '1044': ['1044'], '1088': ['1088'], '1090': ['1090'], '1142': ['1142'], '1141': ['1141'], '1091': ['1091'], '1143': ['1143'], '1045': ['1045'], '1115': ['1115'], '1062': ['1062'], '1077': ['1077'], '1117': ['1117', '1118', '1116', '1119', '1120'], '1146': ['1146'], '1152': ['1152'], '1075': ['1075'], '1076': ['1076'], '1073': ['1073'], '1078': ['1078'], '1074': ['1074'], '1135': ['1135'], '1137': ['1137'], '1140': ['1140'], '1139': ['1139'], '1132': ['1132'], '1130': ['1130'], '1134': ['1134'], '1133': ['1133']})"
113,"defaultdict(<class 'list'>, {'1040': ['1040'], '1080': ['1080'], '1079': ['1079'], '1081': ['1081'], '1095': ['1095'], '1082': ['1082', '1084', '1042', '1083', '1085'], '1096': ['1096'], '1136': ['1136'], '1138': ['1138'], '1041': ['1041'], '1126': ['1126'], '1125': ['1125'], '1127': ['1127'], '1128': ['1128', '1131', '1132', '1130', '1133'], '1129': ['1129'], '1032': ['1032'], '1052': ['1052'], '1063': ['1063'], '1160': ['1160'], '1051': ['1051'], '1055': ['1055'], '1057': ['1057'], '1060': ['1060'], '1071': ['1071'], '1147': ['1147'], '1148': ['1148'], '1158': ['1158'], '1161': ['1161'], '1053': ['1053'], '1066': ['1066'], '1056': ['1056'], '1061': ['1061'], '1072': ['1072'], '1157': ['1157'], '1159': ['1159'], '1162': ['1162'], '1033': ['1033'], '1101': ['1101'], '1109': ['1109'], '1153': ['1153'], '1102': ['1102'], '1103': ['1103'], '1105': ['1105'], '1106': ['1106'], '1113': ['1113'], '1154': ['1154'], '1155': ['1155'], '1108': ['1108'], '1110': ['1110'], '1104': ['1104'], '1107': ['1107'], '1114': ['1114'], '1156': ['1156'], '1038': ['1038'], '1048': ['1048'], '1049': ['1049'], '1050': ['1050'], '1054': ['1054'], '1068': ['1068'], '1039': ['1039', '1097', '1098', '1099', '1035'], '1112': ['1112'], '1100': ['1100'], '1034': ['1034'], '1067': ['1067'], '1111': ['1111'], '1030': ['1030', '1046', '1069', '1047', '1070'], '1058': ['1058'], '1059': ['1059'], '1064': ['1064'], '1065': ['1065'], '1031': ['1031'], '1086': ['1086'], '1089': ['1089'], '1043': ['1043'], '1121': ['1121'], '1122': ['1122'], '1123': ['1123'], '1124': ['1124'], '1036': ['1036'], '1092': ['1092'], '1150': ['1150'], '1093': ['1093', '1094', '1151', '1149', '1037'], '1145': ['1145'], '1144': ['1144'], '1044': ['1044'], '1087': ['1087'], '1088': ['1088'], '1090': ['1090'], '1142': ['1142'], '1141': ['1141'], '1091': ['1091'], '1143': ['1143'], '1045': ['1045'], '1115': ['1115'], '1062': ['1062'], '1077': ['1077'], '1117': ['1117'], '1146': ['1146'], '1152': ['1152'], '1075': ['1075'], '1076': ['1076'], '1118': ['1118'], '1073': ['1073'], '1078': ['1078'], '1074': ['1074'], '1116': ['1116'], '1135': ['1135'], '1137': ['1137'], '1140': ['1140'], '1139': ['1139'], '1119': ['1119'], '1120': ['1120'], '1134': ['1134']})"
113,"defaultdict(<class 'list'>, {'1040': ['1040'], '1080': ['1080'], '1079': ['1079'], '1081': ['1081'], '1095': ['1095'], '1082': ['1082'], '1084': ['1084'], '1096': ['1096'], '1136': ['1136'], '1138': ['1138'], '1041': ['1041'], '1126': ['1126'], '1125': ['1125'], '1127': ['1127'], '1128': ['1128'], '1129': ['1129'], '1131': ['1131'], '1032': ['1032'], '1052': ['1052'], '1063': ['1063'], '1160': ['1160'], '1051': ['1051'], '1055': ['1055'], '1057': ['1057'], '1060': ['1060'], '1071': ['1071'], '1147': ['1147'], '1148': ['1148'], '1158': ['1158'], '1161': ['1161'], '1053': ['1053'], '1066': ['1066'], '1056': ['1056', '1077', '1075', '1076', '1074'], '1061': ['1061'], '1072': ['1072'], '1157': ['1157'], '1159': ['1159'], '1162': ['1162'], '1033': ['1033'], '1101': ['1101'], '1109': ['1109'], '1153': ['1153', '1154', '1155', '1156', '1152'], '1102': ['1102', '1103', '1104', '1117', '1118'], '1105': ['1105'], '1106': ['1106'], '1113': ['1113'], '1108': ['1108'], '1110': ['1110'], '1107': ['1107'], '1114': ['1114'], '1038': ['1038'], '1048': ['1048'], '1049': ['1049'], '1050': ['1050'], '1054': ['1054'], '1068': ['1068'], '1039': ['1039'], '1097': ['1097'], '1098': ['1098'], '1099': ['1099'], '1112': ['1112'], '1100': ['1100'], '1034': ['1034'], '1067': ['1067'], '1035': ['1035'], '1111': ['1111'], '1030': ['1030'], '1046': ['1046'], '1069': ['1069', '1064', '1065', '1070', '1031'], '1058': ['1058'], '1059': ['1059'], '1047': ['1047'], '1042': ['1042'], '1083': ['1083'], '1085': ['1085'], '1086': ['1086', '1089', '1087', '1090', '1091'], '1043': ['1043'], '1121': ['1121'], '1122': ['1122'], '1123': ['1123'], '1124': ['1124'], '1036': ['1036'], '1092': ['1092'], '1150': ['1150'], '1093': ['1093'], '1094': ['1094'], '1145': ['1145'], '1151': ['1151'], '1144': ['1144'], '1149': ['1149'], '1037': ['1037'], '1044': ['1044'], '1088': ['1088'], '1142': ['1142'], '1141': ['1141'], '1143': ['1143'], '1045': ['1045'], '1115': ['1115'], '1062': ['1062'], '1146': ['1146'], '1073': ['1073'], '1078': ['1078'], '1116': ['1116'], '1135': ['1135'], '1137': ['1137'], '1140': ['1140'], '1139': ['1139'], '1119': ['1119'], '1120': ['1120'], '1132': ['1132'], '1130': ['1130'], '1134': ['1134'], '1133': ['1133']})"
113,"defaultdict(<class 'list'>, {'1040': ['1040'], '1080': ['1080'], '1079': ['1079'], '1081': ['1081'], '1095': ['1095'], '1082': ['1082'], '1084': ['1084'], '1096': ['1096', '1138', '1135', '1137', '1139'], '1136': ['1136'], '1041': ['1041'], '1126': ['1126'], '1125': ['1125'], '1127': ['1127'], '1128': ['1128'], '1129': ['1129'], '1131': ['1131'], '1032': ['1032', '1052', '1063', '1053', '1049'], '1160': ['1160', '1147', '1161', '1145', '1146'], '1051': ['1051'], '1055': ['1055'], '1057': ['1057', '1060', '1061', '1058', '1059'], '1071': ['1071'], '1148': ['1148'], '1158': ['1158'], '1066': ['1066'], '1056': ['1056'], '1072': ['1072'], '1157': ['1157'], '1159': ['1159'], '1162': ['1162'], '1033': ['1033'], '1101': ['1101'], '1109': ['1109'], '1153': ['1153'], '1102': ['1102'], '1103': ['1103'], '1105': ['1105'], '1106': ['1106'], '1113': ['1113'], '1154': ['1154'], '1155': ['1155'], '1108': ['1108'], '1110': ['1110'], '1104': ['1104'], '1107': ['1107'], '1114': ['1114'], '1156': ['1156'], '1038': ['1038'], '1048': ['1048'], '1050': ['1050'], '1054': ['1054'], '1068': ['1068'], '1039': ['1039'], '1097': ['1097'], '1098': ['1098'], '1099': ['1099'], '1112': ['1112'], '1100': ['1100'], '1034': ['1034'], '1067': ['1067'], '1035': ['1035'], '1111': ['1111'], '1030': ['1030'], '1046': ['1046'], '1069': ['1069'], '1064': ['1064'], '1065': ['1065'], '1047': ['1047'], '1070': ['1070'], '1031': ['1031'], '1042': ['1042'], '1083': ['1083'], '1085': ['1085'], '1086': ['1086'], '1089': ['1089'], '1043': ['1043'], '1121': ['1121'], '1122': ['1122'], '1123': ['1123'], '1124': ['1124'], '1036': ['1036'], '1092': ['1092'], '1150': ['1150'], '1093': ['1093', '1094', '1144', '1149', '1037'], '1151': ['1151'], '1044': ['1044'], '1087': ['1087'], '1088': ['1088'], '1090': ['1090'], '1142': ['1142'], '1141': ['1141'], '1091': ['1091'], '1143': ['1143'], '1045': ['1045'], '1115': ['1115'], '1062': ['1062'], '1077': ['1077'], '1117': ['1117'], '1152': ['1152'], '1075': ['1075'], '1076': ['1076'], '1118': ['1118'], '1073': ['1073'], '1078': ['1078'], '1074': ['1074'], '1116': ['1116'], '1140': ['1140'], '1119': ['1119'], '1120': ['1120'], '1132': ['1132'], '1130': ['1130'], '1134': ['1134'], '1133': ['1133']})"
113,"defaultdict(<class 'list'>, {'1040': ['1040'], '1080': ['1080'], '1079': ['1079'], '1081': ['1081'], '1095': ['1095'], '1082': ['1082'], '1084': ['1084'], '1096': ['1096'], '1136': ['1136'], '1138': ['1138'], '1041': ['1041'], '1126': ['1126'], '1125': ['1125'], '1127': ['1127'], '1128': ['1128'], '1129': ['1129'], '1131': ['1131'], '1032': ['1032', '1160', '1161', '1162', '1146'], '1052': ['1052', '1051', '1053', '1049', '1050'], '1063': ['1063'], '1055': ['1055'], '1057': ['1057', '1060', '1061', '1105', '1106', '1107', '1058', '1059', '1113'], '1071': ['1071'], '1147': ['1147'], '1148': ['1148'], '1158': ['1158'], '1066': ['1066'], '1056': ['1056'], '1072': ['1072'], '1157': ['1157'], '1159': ['1159'], '1033': ['1033'], '1101': ['1101'], '1109': ['1109'], '1153': ['1153'], '1102': ['1102'], '1103': ['1103'], '1154': ['1154'], '1155': ['1155'], '1108': ['1108'], '1110': ['1110'], '1104': ['1104'], '1114': ['1114'], '1156': ['1156'], '1038': ['1038'], '1048': ['1048'], '1054': ['1054'], '1068': ['1068'], '1039': ['1039', '1097', '1098', '1099', '1035'], '1112': ['1112'], '1100': ['1100'], '1034': ['1034'], '1067': ['1067'], '1111': ['1111'], '1030': ['1030'], '1046': ['1046'], '1069': ['1069'], '1064': ['1064'], '1065': ['1065'], '1047': ['1047'], '1070': ['1070'], '1031': ['1031'], '1042': ['1042'], '1083': ['1083'], '1085': ['1085'], '1086': ['1086'], '1089': ['1089'], '1043': ['1043'], '1121': ['1121'], '1122': ['1122'], '1123': ['1123'], '1124': ['1124'], '1036': ['1036'], '1092': ['1092'], '1150': ['1150'], '1093': ['1093'], '1094': ['1094'], '1145': ['1145'], '1151': ['1151'], '1144': ['1144'], '1149': ['1149'], '1037': ['1037'], '1044': ['1044'], '1087': ['1087'], '1088': ['1088'], '1090': ['1090'], '1142': ['1142'], '1141': ['1141'], '1091': ['1091'], '1143': ['1143'], '1045': ['1045'], '1115': ['1115'], '1062': ['1062'], '1077': ['1077'], '1117': ['1117'], '1152': ['1152'], '1075': ['1075'], '1076': ['1076'], '1118': ['1118'], '1073': ['1073'], '1078': ['1078'], '1074': ['1074'], '1116': ['1116'], '1135': ['1135'], '1137': ['1137'], '1140': ['1140'], '1139': ['1139'], '1119': ['1119'], '1120': ['1120'], '1132': ['1132'], '1130': ['1130'], '1134': ['1134'], '1133': ['1133']})"
113,"defaultdict(<class 'list'>, {'1040': ['1040'], '1080': ['1080'], '1079': ['1079', '1077', '1075', '1076', '1074'], '1081': ['1081'], '1095': ['1095'], '1082': ['1082'], '1084': ['1084'], '1096': ['1096'], '1136': ['1136'], '1138': ['1138'], '1041': ['1041'], '1126': ['1126'], '1125': ['1125'], '1127': ['1127'], '1128': ['1128'], '1129': ['1129'], '1131': ['1131'], '1032': ['1032'], '1052': ['1052'], '1063': ['1063'], '1160': ['1160'], '1051': ['1051'], '1055': ['1055'], '1057': ['1057', '1060', '1061', '1105', '1106', '1107', '1058', '1059', '1062'], '1071': ['1071'], '1147': ['1147'], '1148': ['1148'], '1158': ['1158'], '1161': ['1161'], '1053': ['1053'], '1066': ['1066'], '1056': ['1056'], '1072': ['1072'], '1157': ['1157'], '1159': ['1159'], '1162': ['1162'], '1033': ['1033'], '1101': ['1101'], '1109': ['1109'], '1153': ['1153'], '1102': ['1102'], '1103': ['1103'], '1113': ['1113'], '1154': ['1154', '1036', '1150', '1151', '1152'], '1155': ['1155'], '1108': ['1108'], '1110': ['1110'], '1104': ['1104'], '1114': ['1114'], '1156': ['1156'], '1038': ['1038'], '1048': ['1048'], '1049': ['1049'], '1050': ['1050'], '1054': ['1054'], '1068': ['1068'], '1039': ['1039', '1097', '1098', '1099', '1035'], '1112': ['1112'], '1100': ['1100'], '1034': ['1034'], '1067': ['1067'], '1111': ['1111'], '1030': ['1030'], '1046': ['1046'], '1069': ['1069'], '1064': ['1064'], '1065': ['1065'], '1047': ['1047'], '1070': ['1070'], '1031': ['1031'], '1042': ['1042'], '1083': ['1083'], '1085': ['1085'], '1086': ['1086'], '1089': ['1089'], '1043': ['1043'], '1121': ['1121'], '1122': ['1122'], '1123': ['1123'], '1124': ['1124'], '1092': ['1092'], '1093': ['1093'], '1094': ['1094'], '1145': ['1145'], '1144': ['1144'], '1149': ['1149'], '1037': ['1037'], '1044': ['1044'], '1087': ['1087'], '1088': ['1088'], '1090': ['1090'], '1142': ['1142'], '1141': ['1141'], '1091': ['1091'], '1143': ['1143'], '1045': ['1045'], '1115': ['1115'], '1117': ['1117'], '1146': ['1146'], '1118': ['1118'], '1073': ['1073'], '1078': ['1078'], '1116': ['1116'], '1135': ['1135'], '1137': ['1137'], '1140': ['1140'], '1139': ['1139'], '1119': ['1119'], '1120': ['1120'], '1132': ['1132'], '1130': ['1130'], '1134': ['1134'], '1133': ['1133']})"
113,"defaultdict(<class 'list'>, {'1040': ['1040', '1080', '1079', '1081', '1078'], '1095': ['1095', '1082', '1084', '1083', '1085'], '1096': ['1096'], '1136': ['1136'], '1138': ['1138'], '1041': ['1041'], '1126': ['1126'], '1125': ['1125'], '1127': ['1127'], '1128': ['1128'], '1129': ['1129'], '1131': ['1131'], '1032': ['1032'], '1052': ['1052', '1053', '1049', '1050', '1054'], '1063': ['1063'], '1160': ['1160'], '1051': ['1051'], '1055': ['1055'], '1057': ['1057'], '1060': ['1060'], '1071': ['1071'], '1147': ['1147'], '1148': ['1148'], '1158': ['1158'], '1161': ['1161'], '1066': ['1066'], '1056': ['1056'], '1061': ['1061'], '1072': ['1072'], '1157': ['1157'], '1159': ['1159'], '1162': ['1162'], '1033': ['1033'], '1101': ['1101'], '1109': ['1109'], '1153': ['1153'], '1102': ['1102'], '1103': ['1103'], '1105': ['1105'], '1106': ['1106'], '1113': ['1113'], '1154': ['1154'], '1155': ['1155'], '1108': ['1108'], '1110': ['1110'], '1104': ['1104'], '1107': ['1107'], '1114': ['1114'], '1156': ['1156'], '1038': ['1038', '1048', '1068', '1034', '1067'], '1039': ['1039'], '1097': ['1097'], '1098': ['1098'], '1099': ['1099'], '1112': ['1112'], '1100': ['1100'], '1035': ['1035'], '1111': ['1111'], '1030': ['1030', '1046', '1069', '1047', '1070'], '1058': ['1058'], '1059': ['1059'], '1064': ['1064'], '1065': ['1065'], '1031': ['1031'], '1042': ['1042'], '1086': ['1086'], '1089': ['1089'], '1043': ['1043'], '1121': ['1121'], '1122': ['1122'], '1123': ['1123'], '1124': ['1124'], '1036': ['1036'], '1092': ['1092'], '1150': ['1150'], '1093': ['1093'], '1094': ['1094'], '1145': ['1145'], '1151': ['1151'], '1144': ['1144'], '1149': ['1149'], '1037': ['1037'], '1044': ['1044'], '1087': ['1087'], '1088': ['1088'], '1090': ['1090'], '1142': ['1142'], '1141': ['1141'], '1091': ['1091'], '1143': ['1143'], '1045': ['1045'], '1115': ['1115'], '1062': ['1062'], '1077': ['1077'], '1117': ['1117'], '1146': ['1146'], '1152': ['1152'], '1075': ['1075'], '1076': ['1076'], '1118': ['1118'], '1073': ['1073'], '1074': ['1074'], '1116': ['1116'], '1135': ['1135'], '1137': ['1137'], '1140': ['1140'], '1139': ['1139'], '1119': ['1119'], '1120': ['1120'], '1132': ['1132'], '1130': ['1130'], '1134': ['1134'], '1133': ['1133']})"
113,"defaultdict(<class 'list'>, {'1040': ['1040'], '1080': ['1080'], '1079': ['1079'], '1081': ['1081'], '1095': ['1095'], '1082': ['1082'], '1084': ['1084'], '1096': ['1096'], '1136': ['1136'], '1138': ['1138'], '1041': ['1041'], '1126': ['1126', '1125', '1127', '1043', '1121', '1122', '1123', '1045', '1124'], '1128': ['1128'], '1129': ['1129'], '1131': ['1131'], '1032': ['1032'], '1052': ['1052'], '1063': ['1063'], '1160': ['1160'], '1051': ['1051'], '1055': ['1055'], '1057': ['1057'], '1060': ['1060'], '1071': ['1071'], '1147': ['1147'], '1148': ['1148'], '1158': ['1158'], '1161': ['1161'], '1053': ['1053'], '1066': ['1066'], '1056': ['1056'], '1061': ['1061'], '1072': ['1072'], '1157': ['1157'], '1159': ['1159'], '1162': ['1162'], '1033': ['1033'], '1101': ['1101'], '1109': ['1109'], '1153': ['1153'], '1102': ['1102'], '1103': ['1103'], '1105': ['1105'], '1106': ['1106'], '1113': ['1113'], '1154': ['1154'], '1155': ['1155'], '1108': ['1108'], '1110': ['1110'], '1104': ['1104'], '1107': ['1107'], '1114': ['1114'], '1156': ['1156'], '1038': ['1038'], '1048': ['1048'], '1049': ['1049'], '1050': ['1050'], '1054': ['1054'], '1068': ['1068'], '1039': ['1039'], '1097': ['1097'], '1098': ['1098'], '1099': ['1099'], '1112': ['1112'], '1100': ['1100'], '1034': ['1034'], '1067': ['1067'], '1035': ['1035'], '1111': ['1111'], '1030': ['1030', '1046', '1069', '1047', '1070'], '1058': ['1058'], '1059': ['1059'], '1064': ['1064'], '1065': ['1065'], '1031': ['1031'], '1042': ['1042'], '1083': ['1083'], '1085': ['1085'], '1086': ['1086', '1089', '1087', '1090', '1091'], '1036': ['1036'], '1092': ['1092'], '1150': ['1150'], '1093': ['1093', '1094', '1151', '1149', '1037'], '1145': ['1145'], '1144': ['1144'], '1044': ['1044'], '1088': ['1088'], '1142': ['1142'], '1141': ['1141'], '1143': ['1143'], '1115': ['1115'], '1062': ['1062'], '1077': ['1077'], '1117': ['1117'], '1146': ['1146'], '1152': ['1152'], '1075': ['1075'], '1076': ['1076'], '1118': ['1118'], '1073': ['1073'], '1078': ['1078'], '1074': ['1074'], '1116': ['1116'], '1135': ['1135'], '1137': ['1137'], '1140': ['1140'], '1139': ['1139'], '1119': ['1119'], '1120': ['1120'], '1132': ['1132'], '1130': ['1130'], '1134': ['1134'], '1133': ['1133']})"
113,"defaultdict(<class 'list'>, {'1040': ['1040', '1080', '1079', '1081', '1078'], '1095': ['1095'], '1082': ['1082'], '1084': ['1084'], '1096': ['1096'], '1136': ['1136'], '1138': ['1138'], '1041': ['1041'], '1126': ['1126'], '1125': ['1125'], '1127': ['1127'], '1128': ['1128'], '1129': ['1129'], '1131': ['1131'], '1032': ['1032'], '1052': ['1052'], '1063': ['1063'], '1160': ['1160'], '1051': ['1051'], '1055': ['1055'], '1057': ['1057'], '1060': ['1060'], '1071': ['1071'], '1147': ['1147'], '1148': ['1148', '1158', '1157', '1159', '1156'], '1161': ['1161'], '1053': ['1053'], '1066': ['1066'], '1056': ['1056'], '1061': ['1061'], '1072': ['1072'], '1162': ['1162'], '1033': ['1033', '1153', '1154', '1155', '1152'], '1101': ['1101'], '1109': ['1109'], '1102': ['1102'], '1103': ['1103'], '1105': ['1105'], '1106': ['1106'], '1113': ['1113'], '1108': ['1108'], '1110': ['1110'], '1104': ['1104'], '1107': ['1107'], '1114': ['1114'], '1038': ['1038'], '1048': ['1048'], '1049': ['1049'], '1050': ['1050'], '1054': ['1054'], '1068': ['1068'], '1039': ['1039'], '1097': ['1097'], '1098': ['1098'], '1099': ['1099'], '1112': ['1112'], '1100': ['1100'], '1034': ['1034'], '1067': ['1067'], '1035': ['1035'], '1111': ['1111'], '1030': ['1030'], '1046': ['1046'], '1069': ['1069', '1064', '1065', '1070', '1031'], '1058': ['1058'], '1059': ['1059'], '1047': ['1047'], '1042': ['1042'], '1083': ['1083'], '1085': ['1085'], '1086': ['1086'], '1089': ['1089'], '1043': ['1043'], '1121': ['1121'], '1122': ['1122'], '1123': ['1123'], '1124': ['1124'], '1036': ['1036'], '1092': ['1092'], '1150': ['1150'], '1093': ['1093', '1094', '1151', '1149', '1037'], '1145': ['1145'], '1144': ['1144'], '1044': ['1044'], '1087': ['1087'], '1088': ['1088'], '1090': ['1090'], '1142': ['1142'], '1141': ['1141'], '1091': ['1091'], '1143': ['1143'], '1045': ['1045'], '1115': ['1115'], '1062': ['1062'], '1077': ['1077'], '1117': ['1117'], '1146': ['1146'], '1075': ['1075'], '1076': ['1076'], '1118': ['1118'], '1073': ['1073'], '1074': ['1074'], '1116': ['1116'], '1135': ['1135'], '1137': ['1137'], '1140': ['1140'], '1139': ['1139'], '1119': ['1119'], '1120': ['1120'], '1132': ['1132'], '1130': ['1130'], '1134': ['1134'], '1133': ['1133']})"
113,"defaultdict(<class 'list'>, {'1040': ['1040'], '1080': ['1080'], '1079': ['1079'], '1081': ['1081'], '1095': ['1095'], '1082': ['1082'], '1084': ['1084'], '1096': ['1096'], '1136': ['1136'], '1138': ['1138'], '1041': ['1041'], '1126': ['1126'], '1125': ['1125'], '1127': ['1127'], '1128': ['1128'], '1129': ['1129'], '1131': ['1131'], '1032': ['1032'], '1052': ['1052'], '1063': ['1063'], '1160': ['1160'], '1051': ['1051'], '1055': ['1055'], '1057': ['1057'], '1060': ['1060'], '1071': ['1071'], '1147': ['1147'], '1148': ['1148', '1158', '1157', '1159', '1156'], '1161': ['1161'], '1053': ['1053'], '1066': ['1066'], '1056': ['1056'], '1061': ['1061', '1062', '1075', '1073', '1074'], '1072': ['1072'], '1162': ['1162'], '1033': ['1033'], '1101': ['1101'], '1109': ['1109'], '1153': ['1153'], '1102': ['1102', '1103', '1104', '1117', '1118'], '1105': ['1105'], '1106': ['1106'], '1113': ['1113'], '1154': ['1154'], '1155': ['1155'], '1108': ['1108'], '1110': ['1110'], '1107': ['1107'], '1114': ['1114'], '1038': ['1038', '1048', '1068', '1034', '1067'], '1049': ['1049'], '1050': ['1050'], '1054': ['1054'], '1039': ['1039'], '1097': ['1097'], '1098': ['1098'], '1099': ['1099'], '1112': ['1112'], '1100': ['1100'], '1035': ['1035'], '1111': ['1111'], '1030': ['1030'], '1046': ['1046'], '1069': ['1069', '1064', '1065', '1070', '1031'], '1058': ['1058'], '1059': ['1059'], '1047': ['1047'], '1042': ['1042'], '1083': ['1083'], '1085': ['1085'], '1086': ['1086'], '1089': ['1089'], '1043': ['1043'], '1121': ['1121'], '1122': ['1122'], '1123': ['1123'], '1124': ['1124'], '1036': ['1036'], '1092': ['1092'], '1150': ['1150'], '1093': ['1093'], '1094': ['1094'], '1145': ['1145'], '1151': ['1151'], '1144': ['1144'], '1149': ['1149'], '1037': ['1037'], '1044': ['1044'], '1087': ['1087'], '1088': ['1088'], '1090': ['1090'], '1142': ['1142'], '1141': ['1141'], '1091': ['1091'], '1143': ['1143'], '1045': ['1045'], '1115': ['1115'], '1077': ['1077'], '1146': ['1146'], '1152': ['1152'], '1076': ['1076'], '1078': ['1078'], '1116': ['1116'], '1135': ['1135'], '1137': ['1137'], '1140': ['1140'], '1139': ['1139'], '1119': ['1119'], '1120': ['1120'], '1132': ['1132'], '1130': ['1130'], '1134': ['1134'], '1133': ['1133']})"
113,"defaultdict(<class 'list'>, {'1040': ['1040', '1080', '1081', '1082', '1078'], '1079': ['1079'], '1095': ['1095'], '1084': ['1084'], '1096': ['1096'], '1136': ['1136'], '1138': ['1138'], '1041': ['1041'], '1126': ['1126'], '1125': ['1125'], '1127': ['1127'], '1128': ['1128'], '1129': ['1129'], '1131': ['1131'], '1032': ['1032', '1160', '1161', '1162', '1146'], '1052': ['1052', '1051', '1053', '1049', '1050'], '1063': ['1063'], '1055': ['1055'], '1057': ['1057'], '1060': ['1060'], '1071': ['1071'], '1147': ['1147'], '1148': ['1148'], '1158': ['1158'], '1066': ['1066'], '1056': ['1056'], '1061': ['1061'], '1072': ['1072'], '1157': ['1157'], '1159': ['1159'], '1033': ['1033'], '1101': ['1101'], '1109': ['1109'], '1153': ['1153'], '1102': ['1102'], '1103': ['1103'], '1105': ['1105'], '1106': ['1106'], '1113': ['1113'], '1154': ['1154'], '1155': ['1155'], '1108': ['1108'], '1110': ['1110'], '1104': ['1104'], '1107': ['1107'], '1114': ['1114'], '1156': ['1156'], '1038': ['1038', '1048', '1068', '1034', '1067'], '1054': ['1054'], '1039': ['1039'], '1097': ['1097'], '1098': ['1098'], '1099': ['1099'], '1112': ['1112'], '1100': ['1100'], '1035': ['1035'], '1111': ['1111'], '1030': ['1030'], '1046': ['1046'], '1069': ['1069'], '1058': ['1058'], '1059': ['1059'], '1064': ['1064'], '1065': ['1065'], '1047': ['1047'], '1070': ['1070'], '1031': ['1031'], '1042': ['1042'], '1083': ['1083'], '1085': ['1085'], '1086': ['1086'], '1089': ['1089'], '1043': ['1043', '1121', '1122', '1123', '1045'], '1124': ['1124'], '1036': ['1036'], '1092': ['1092'], '1150': ['1150'], '1093': ['1093'], '1094': ['1094'], '1145': ['1145'], '1151': ['1151'], '1144': ['1144'], '1149': ['1149'], '1037': ['1037'], '1044': ['1044'], '1087': ['1087'], '1088': ['1088'], '1090': ['1090'], '1142': ['1142'], '1141': ['1141'], '1091': ['1091'], '1143': ['1143'], '1115': ['1115'], '1062': ['1062'], '1077': ['1077'], '1117': ['1117'], '1152': ['1152'], '1075': ['1075'], '1076': ['1076'], '1118': ['1118'], '1073': ['1073'], '1074': ['1074'], '1116': ['1116'], '1135': ['1135'], '1137': ['1137'], '1140': ['1140'], '1139': ['1139'], '1119': ['1119'], '1120': ['1120'], '1132': ['1132'], '1130': ['1130'], '1134': ['1134'], '1133': ['1133']})"
113,"defaultdict(<class 'list'>, {'1040': ['1040'], '1080': ['1080'], '1079': ['1079'], '1081': ['1081'], '1095': ['1095'], '1082': ['1082', '1084', '1042', '1083', '1085'], '1096': ['1096'], '1136': ['1136'], '1138': ['1138'], '1041': ['1041'], '1126': ['1126'], '1125': ['1125'], '1127': ['1127'], '1128': ['1128'], '1129': ['1129'], '1131': ['1131'], '1032': ['1032', '1052', '1063', '1053', '1049'], '1160': ['1160'], '1051': ['1051'], '1055': ['1055'], '1057': ['1057'], '1060': ['1060'], '1071': ['1071'], '1147': ['1147'], '1148': ['1148', '1158', '1157', '1159', '1156'], '1161': ['1161'], '1066': ['1066'], '1056': ['1056'], '1061': ['1061'], '1072': ['1072'], '1162': ['1162'], '1033': ['1033'], '1101': ['1101'], '1109': ['1109'], '1153': ['1153'], '1102': ['1102'], '1103': ['1103'], '1105': ['1105'], '1106': ['1106'], '1113': ['1113'], '1154': ['1154'], '1155': ['1155'], '1108': ['1108'], '1110': ['1110'], '1104': ['1104'], '1107': ['1107'], '1114': ['1114'], '1038': ['1038'], '1048': ['1048'], '1050': ['1050'], '1054': ['1054'], '1068': ['1068'], '1039': ['1039'], '1097': ['1097'], '1098': ['1098'], '1099': ['1099'], '1112': ['1112'], '1100': ['1100'], '1034': ['1034'], '1067': ['1067'], '1035': ['1035'], '1111': ['1111'], '1030': ['1030'], '1046': ['1046'], '1069': ['1069'], '1058': ['1058'], '1059': ['1059'], '1064': ['1064'], '1065': ['1065'], '1047': ['1047'], '1070': ['1070'], '1031': ['1031'], '1086': ['1086', '1089', '1044', '1087', '1090'], '1043': ['1043'], '1121': ['1121'], '1122': ['1122'], '1123': ['1123'], '1124': ['1124'], '1036': ['1036'], '1092': ['1092'], '1150': ['1150'], '1093': ['1093', '1094', '1151', '1149', '1037'], '1145': ['1145'], '1144': ['1144'], '1088': ['1088'], '1142': ['1142'], '1141': ['1141'], '1091': ['1091'], '1143': ['1143'], '1045': ['1045'], '1115': ['1115'], '1062': ['1062'], '1077': ['1077'], '1117': ['1117'], '1146': ['1146'], '1152': ['1152'], '1075': ['1075'], '1076': ['1076'], '1118': ['1118'], '1073': ['1073'], '1078': ['1078'], '1074': ['1074'], '1116': ['1116'], '1135': ['1135'], '1137': ['1137'], '1140': ['1140'], '1139': ['1139'], '1119': ['1119'], '1120': ['1120'], '1132': ['1132'], '1130': ['1130'], '1134': ['1134'], '1133': ['1133']})"
113,"defaultdict(<class 'list'>, {'1040': ['1040'], '1080': ['1080'], '1079': ['1079'], '1081': ['1081'], '1095': ['1095'], '1082': ['1082'], '1084': ['1084'], '1096': ['1096'], '1136': ['1136'], '1138': ['1138'], '1041': ['1041'], '1126': ['1126'], '1125': ['1125'], '1127': ['1127'], '1128': ['1128'], '1129': ['1129'], '1131': ['1131'], '1032': ['1032', '1052', '1063', '1053', '1049'], '1160': ['1160'], '1051': ['1051'], '1055': ['1055'], '1057': ['1057'], '1060': ['1060'], '1071': ['1071'], '1147': ['1147'], '1148': ['1148', '1158', '1157', '1159', '1156'], '1161': ['1161'], '1066': ['1066'], '1056': ['1056'], '1061': ['1061'], '1072': ['1072'], '1162': ['1162'], '1033': ['1033', '1153', '1154', '1155', '1152'], '1101': ['1101'], '1109': ['1109'], '1102': ['1102'], '1103': ['1103'], '1105': ['1105'], '1106': ['1106'], '1113': ['1113'], '1108': ['1108'], '1110': ['1110'], '1104': ['1104'], '1107': ['1107'], '1114': ['1114'], '1038': ['1038'], '1048': ['1048'], '1050': ['1050'], '1054': ['1054'], '1068': ['1068'], '1039': ['1039'], '1097': ['1097'], '1098': ['1098'], '1099': ['1099'], '1112': ['1112'], '1100': ['1100'], '1034': ['1034'], '1067': ['1067'], '1035': ['1035'], '1111': ['1111'], '1030': ['1030'], '1046': ['1046'], '1069': ['1069'], '1058': ['1058'], '1059': ['1059'], '1064': ['1064'], '1065': ['1065'], '1047': ['1047'], '1070': ['1070'], '1031': ['1031'], '1042': ['1042'], '1083': ['1083'], '1085': ['1085'], '1086': ['1086'], '1089': ['1089'], '1043': ['1043', '1121', '1122', '1123', '1045'], '1124': ['1124'], '1036': ['1036'], '1092': ['1092'], '1150': ['1150'], '1093': ['1093'], '1094': ['1094'], '1145': ['1145'], '1151': ['1151'], '1144': ['1144'], '1149': ['1149'], '1037': ['1037'], '1044': ['1044'], '1087': ['1087'], '1088': ['1088'], '1090': ['1090'], '1142': ['1142'], '1141': ['1141'], '1091': ['1091'], '1143': ['1143'], '1115': ['1115'], '1062': ['1062'], '1077': ['1077'], '1117': ['1117', '1118', '1116', '1119', '1120'], '1146': ['1146'], '1075': ['1075'], '1076': ['1076'], '1073': ['1073'], '1078': ['1078'], '1074': ['1074'], '1135': ['1135'], '1137': ['1137'], '1140': ['1140'], '1139': ['1139'], '1132': ['1132'], '1130': ['1130'], '1134': ['1134'], '1133': ['1133']})"
113,"defaultdict(<class 'list'>, {'1040': ['1040'], '1080': ['1080'], '1079': ['1079'], '1081': ['1081'], '1095': ['1095'], '1082': ['1082', '1084', '1042', '1083', '1085'], '1096': ['1096'], '1136': ['1136'], '1138': ['1138'], '1041': ['1041'], '1126': ['1126'], '1125': ['1125'], '1127': ['1127'], '1128': ['1128', '1131', '1132', '1130', '1133'], '1129': ['1129'], '1032': ['1032'], '1052': ['1052'], '1063': ['1063'], '1160': ['1160'], '1051': ['1051'], '1055': ['1055'], '1057': ['1057'], '1060': ['1060'], '1071': ['1071'], '1147': ['1147'], '1148': ['1148', '1158', '1157', '1159', '1156'], '1161': ['1161'], '1053': ['1053'], '1066': ['1066'], '1056': ['1056'], '1061': ['1061'], '1072': ['1072'], '1162': ['1162'], '1033': ['1033'], '1101': ['1101'], '1109': ['1109'], '1153': ['1153'], '1102': ['1102'], '1103': ['1103'], '1105': ['1105', '1106', '1107', '1058', '1059'], '1113': ['1113'], '1154': ['1154'], '1155': ['1155'], '1108': ['1108'], '1110': ['1110'], '1104': ['1104'], '1114': ['1114'], '1038': ['1038'], '1048': ['1048'], '1049': ['1049'], '1050': ['1050'], '1054': ['1054'], '1068': ['1068'], '1039': ['1039'], '1097': ['1097'], '1098': ['1098'], '1099': ['1099'], '1112': ['1112'], '1100': ['1100'], '1034': ['1034'], '1067': ['1067'], '1035': ['1035'], '1111': ['1111'], '1030': ['1030'], '1046': ['1046'], '1069': ['1069'], '1064': ['1064'], '1065': ['1065'], '1047': ['1047'], '1070': ['1070'], '1031': ['1031'], '1086': ['1086'], '1089': ['1089'], '1043': ['1043'], '1121': ['1121'], '1122': ['1122'], '1123': ['1123'], '1124': ['1124'], '1036': ['1036'], '1092': ['1092'], '1150': ['1150'], '1093': ['1093', '1094', '1151', '1149', '1037'], '1145': ['1145'], '1144': ['1144'], '1044': ['1044'], '1087': ['1087'], '1088': ['1088'], '1090': ['1090'], '1142': ['1142'], '1141': ['1141'], '1091': ['1091'], '1143': ['1143'], '1045': ['1045'], '1115': ['1115'], '1062': ['1062'], '1077': ['1077'], '1117': ['1117'], '1146': ['1146'], '1152': ['1152'], '1075': ['1075'], '1076': ['1076'], '1118': ['1118'], '1073': ['1073'], '1078': ['1078'], '1074': ['1074'], '1116': ['1116'], '1135': ['1135'], '1137': ['1137'], '1140': ['1140'], '1139': ['1139'], '1119': ['1119'], '1120': ['1120'], '1134': ['1134']})"
113,"defaultdict(<class 'list'>, {'1040': ['1040'], '1080': ['1080'], '1079': ['1079'], '1081': ['1081'], '1095': ['1095'], '1082': ['1082'], '1084': ['1084'], '1096': ['1096'], '1136': ['1136'], '1138': ['1138'], '1041': ['1041'], '1126': ['1126'], '1125': ['1125'], '1127': ['1127'], '1128': ['1128', '1129', '1132', '1130', '1134'], '1131': ['1131'], '1032': ['1032'], '1052': ['1052'], '1063': ['1063'], '1160': ['1160'], '1051': ['1051'], '1055': ['1055'], '1057': ['1057'], '1060': ['1060'], '1071': ['1071'], '1147': ['1147'], '1148': ['1148'], '1158': ['1158'], '1161': ['1161'], '1053': ['1053'], '1066': ['1066'], '1056': ['1056'], '1061': ['1061'], '1072': ['1072'], '1157': ['1157'], '1159': ['1159'], '1162': ['1162'], '1033': ['1033'], '1101': ['1101'], '1109': ['1109'], '1153': ['1153'], '1102': ['1102'], '1103': ['1103'], '1105': ['1105', '1106', '1107', '1058', '1059'], '1113': ['1113'], '1154': ['1154'], '1155': ['1155'], '1108': ['1108'], '1110': ['1110'], '1104': ['1104'], '1114': ['1114'], '1156': ['1156'], '1038': ['1038', '1048', '1068', '1034', '1067'], '1049': ['1049'], '1050': ['1050'], '1054': ['1054'], '1039': ['1039'], '1097': ['1097'], '1098': ['1098'], '1099': ['1099'], '1112': ['1112'], '1100': ['1100'], '1035': ['1035'], '1111': ['1111'], '1030': ['1030'], '1046': ['1046'], '1069': ['1069'], '1064': ['1064'], '1065': ['1065'], '1047': ['1047'], '1070': ['1070'], '1031': ['1031'], '1042': ['1042'], '1083': ['1083'], '1085': ['1085'], '1086': ['1086'], '1089': ['1089'], '1043': ['1043'], '1121': ['1121'], '1122': ['1122'], '1123': ['1123'], '1124': ['1124'], '1036': ['1036'], '1092': ['1092'], '1150': ['1150'], '1093': ['1093'], '1094': ['1094'], '1145': ['1145'], '1151': ['1151'], '1144': ['1144'], '1149': ['1149'], '1037': ['1037'], '1044': ['1044'], '1087': ['1087'], '1088': ['1088', '1142', '1141', '1143', '1140'], '1090': ['1090'], '1091': ['1091'], '1045': ['1045'], '1115': ['1115'], '1062': ['1062'], '1077': ['1077'], '1117': ['1117', '1118', '1116', '1119', '1120'], '1146': ['1146'], '1152': ['1152'], '1075': ['1075'], '1076': ['1076'], '1073': ['1073'], '1078': ['1078'], '1074': ['1074'], '1135': ['1135'], '1137': ['1137'], '1139': ['1139'], '1133': ['1133']})"
113,"defaultdict(<class 'list'>, {'1040': ['1040'], '1080': ['1080'], '1079': ['1079'], '1081': ['1081'], '1095': ['1095'], '1082': ['1082'], '1084': ['1084', '1042', '1085', '1086', '1087'], '1096': ['1096'], '1136': ['1136'], '1138': ['1138'], '1041': ['1041'], '1126': ['1126'], '1125': ['1125'], '1127': ['1127'], '1128': ['1128'], '1129': ['1129'], '1131': ['1131'], '1032': ['1032'], '1052': ['1052'], '1063': ['1063'], '1160': ['1160'], '1051': ['1051'], '1055': ['1055'], '1057': ['1057'], '1060': ['1060'], '1071': ['1071'], '1147': ['1147'], '1148': ['1148'], '1158': ['1158'], '1161': ['1161'], '1053': ['1053'], '1066': ['1066'], '1056': ['1056'], '1061': ['1061'], '1072': ['1072'], '1157': ['1157'], '1159': ['1159'], '1162': ['1162'], '1033': ['1033'], '1101': ['1101', '1102', '1098', '1099', '1100'], '1109': ['1109'], '1153': ['1153'], '1103': ['1103'], '1105': ['1105'], '1106': ['1106'], '1113': ['1113'], '1154': ['1154'], '1155': ['1155'], '1108': ['1108'], '1110': ['1110'], '1104': ['1104'], '1107': ['1107'], '1114': ['1114'], '1156': ['1156'], '1038': ['1038'], '1048': ['1048'], '1049': ['1049'], '1050': ['1050'], '1054': ['1054'], '1068': ['1068'], '1039': ['1039', '1097', '1112', '1035', '1111'], '1034': ['1034'], '1067': ['1067'], '1030': ['1030'], '1046': ['1046'], '1069': ['1069'], '1058': ['1058'], '1059': ['1059'], '1064': ['1064'], '1065': ['1065'], '1047': ['1047'], '1070': ['1070'], '1031': ['1031'], '1083': ['1083'], '1089': ['1089'], '1043': ['1043'], '1121': ['1121'], '1122': ['1122'], '1123': ['1123'], '1124': ['1124'], '1036': ['1036'], '1092': ['1092'], '1150': ['1150'], '1093': ['1093'], '1094': ['1094'], '1145': ['1145'], '1151': ['1151'], '1144': ['1144'], '1149': ['1149'], '1037': ['1037'], '1044': ['1044'], '1088': ['1088'], '1090': ['1090'], '1142': ['1142'], '1141': ['1141'], '1091': ['1091'], '1143': ['1143'], '1045': ['1045'], '1115': ['1115'], '1062': ['1062'], '1077': ['1077', '1075', '1076', '1073', '1074'], '1117': ['1117', '1118', '1116', '1119', '1120'], '1146': ['1146'], '1152': ['1152'], '1078': ['1078'], '1135': ['1135'], '1137': ['1137'], '1140': ['1140'], '1139': ['1139'], '1132': ['1132'], '1130': ['1130'], '1134': ['1134'], '1133': ['1133']})"
113,"defaultdict(<class 'list'>, {'1040': ['1040', '1080', '1079', '1081', '1078'], '1095': ['1095'], '1082': ['1082'], '1084': ['1084'], '1096': ['1096'], '1136': ['1136'], '1138': ['1138'], '1041': ['1041'], '1126': ['1126', '1125', '1127', '1128', '1124'], '1129': ['1129'], '1131': ['1131'], '1032': ['1032', '1160', '1161', '1162', '1146'], '1052': ['1052', '1053', '1049', '1050', '1054'], '1063': ['1063'], '1051': ['1051'], '1055': ['1055'], '1057': ['1057'], '1060': ['1060'], '1071': ['1071'], '1147': ['1147'], '1148': ['1148'], '1158': ['1158'], '1066': ['1066'], '1056': ['1056'], '1061': ['1061'], '1072': ['1072'], '1157': ['1157'], '1159': ['1159'], '1033': ['1033'], '1101': ['1101'], '1109': ['1109'], '1153': ['1153'], '1102': ['1102'], '1103': ['1103'], '1105': ['1105'], '1106': ['1106'], '1113': ['1113'], '1154': ['1154'], '1155': ['1155'], '1108': ['1108'], '1110': ['1110'], '1104': ['1104'], '1107': ['1107'], '1114': ['1114'], '1156': ['1156'], '1038': ['1038'], '1048': ['1048'], '1068': ['1068'], '1039': ['1039'], '1097': ['1097'], '1098': ['1098'], '1099': ['1099'], '1112': ['1112'], '1100': ['1100'], '1034': ['1034'], '1067': ['1067'], '1035': ['1035'], '1111': ['1111'], '1030': ['1030'], '1046': ['1046'], '1069': ['1069'], '1058': ['1058'], '1059': ['1059'], '1064': ['1064'], '1065': ['1065'], '1047': ['1047'], '1070': ['1070'], '1031': ['1031'], '1042': ['1042'], '1083': ['1083'], '1085': ['1085'], '1086': ['1086'], '1089': ['1089'], '1043': ['1043'], '1121': ['1121'], '1122': ['1122'], '1123': ['1123'], '1036': ['1036'], '1092': ['1092'], '1150': ['1150'], '1093': ['1093', '1094', '1151', '1149', '1037'], '1145': ['1145'], '1144': ['1144'], '1044': ['1044'], '1087': ['1087'], '1088': ['1088'], '1090': ['1090'], '1142': ['1142'], '1141': ['1141'], '1091': ['1091'], '1143': ['1143'], '1045': ['1045'], '1115': ['1115'], '1062': ['1062'], '1077': ['1077'], '1117': ['1117'], '1152': ['1152'], '1075': ['1075'], '1076': ['1076'], '1118': ['1118'], '1073': ['1073'], '1074': ['1074'], '1116': ['1116'], '1135': ['1135'], '1137': ['1137'], '1140': ['1140'], '1139': ['1139'], '1119': ['1119'], '1120': ['1120'], '1132': ['1132'], '1130': ['1130'], '1134': ['1134'], '1133': ['1133']})"
113,"defaultdict(<class 'list'>, {'1040': ['1040'], '1080': ['1080'], '1079': ['1079'], '1081': ['1081'], '1095': ['1095'], '1082': ['1082'], '1084': ['1084'], '1096': ['1096'], '1136': ['1136'], '1138': ['1138'], '1041': ['1041', '1126', '1125', '1127', '1124'], '1128': ['1128'], '1129': ['1129'], '1131': ['1131'], '1032': ['1032'], '1052': ['1052'], '1063': ['1063'], '1160': ['1160'], '1051': ['1051'], '1055': ['1055'], '1057': ['1057'], '1060': ['1060'], '1071': ['1071'], '1147': ['1147', '1148', '1158', '1157', '1159'], '1161': ['1161'], '1053': ['1053'], '1066': ['1066'], '1056': ['1056'], '1061': ['1061', '1062', '1075', '1073', '1074'], '1072': ['1072'], '1162': ['1162'], '1033': ['1033'], '1101': ['1101'], '1109': ['1109'], '1153': ['1153'], '1102': ['1102'], '1103': ['1103'], '1105': ['1105'], '1106': ['1106'], '1113': ['1113'], '1154': ['1154'], '1155': ['1155'], '1108': ['1108'], '1110': ['1110'], '1104': ['1104'], '1107': ['1107'], '1114': ['1114', '1115', '1118', '1116', '1119'], '1156': ['1156'], '1038': ['1038', '1048', '1068', '1034', '1067'], '1049': ['1049'], '1050': ['1050'], '1054': ['1054'], '1039': ['1039'], '1097': ['1097'], '1098': ['1098'], '1099': ['1099'], '1112': ['1112'], '1100': ['1100'], '1035': ['1035'], '1111': ['1111'], '1030': ['1030'], '1046': ['1046'], '1069': ['1069'], '1058': ['1058'], '1059': ['1059'], '1064': ['1064'], '1065': ['1065'], '1047': ['1047'], '1070': ['1070'], '1031': ['1031'], '1042': ['1042'], '1083': ['1083'], '1085': ['1085'], '1086': ['1086'], '1089': ['1089'], '1043': ['1043'], '1121': ['1121'], '1122': ['1122'], '1123': ['1123'], '1036': ['1036'], '1092': ['1092'], '1150': ['1150'], '1093': ['1093'], '1094': ['1094'], '1145': ['1145'], '1151': ['1151'], '1144': ['1144'], '1149': ['1149'], '1037': ['1037'], '1044': ['1044'], '1087': ['1087'], '1088': ['1088'], '1090': ['1090'], '1142': ['1142'], '1141': ['1141'], '1091': ['1091'], '1143': ['1143'], '1045': ['1045'], '1077': ['1077'], '1117': ['1117'], '1146': ['1146'], '1152': ['1152'], '1076': ['1076'], '1078': ['1078'], '1135': ['1135'], '1137': ['1137'], '1140': ['1140'], '1139': ['1139'], '1120': ['1120'], '1132': ['1132'], '1130': ['1130'], '1134': ['1134'], '1133': ['1133']})"
113,"defaultdict(<class 'list'>, {'1040': ['1040'], '1080': ['1080'], '1079': ['1079'], '1081': ['1081'], '1095': ['1095'], '1082': ['1082'], '1084': ['1084'], '1096': ['1096'], '1136': ['1136'], '1138': ['1138'], '1041': ['1041'], '1126': ['1126'], '1125': ['1125'], '1127': ['1127'], '1128': ['1128', '1131', '1132', '1130', '1133'], '1129': ['1129'], '1032': ['1032'], '1052': ['1052'], '1063': ['1063'], '1160': ['1160'], '1051': ['1051'], '1055': ['1055'], '1057': ['1057'], '1060': ['1060'], '1071': ['1071'], '1147': ['1147'], '1148': ['1148'], '1158': ['1158'], '1161': ['1161'], '1053': ['1053'], '1066': ['1066', '1067', '1064', '1065', '1031'], '1056': ['1056'], '1061': ['1061', '1062', '1075', '1073', '1074'], '1072': ['1072'], '1157': ['1157'], '1159': ['1159'], '1162': ['1162'], '1033': ['1033'], '1101': ['1101'], '1109': ['1109'], '1153': ['1153'], '1102': ['1102'], '1103': ['1103'], '1105': ['1105'], '1106': ['1106'], '1113': ['1113'], '1154': ['1154'], '1155': ['1155'], '1108': ['1108'], '1110': ['1110'], '1104': ['1104'], '1107': ['1107'], '1114': ['1114'], '1156': ['1156'], '1038': ['1038'], '1048': ['1048'], '1049': ['1049'], '1050': ['1050'], '1054': ['1054'], '1068': ['1068'], '1039': ['1039'], '1097': ['1097'], '1098': ['1098'], '1099': ['1099'], '1112': ['1112'], '1100': ['1100'], '1034': ['1034'], '1035': ['1035'], '1111': ['1111'], '1030': ['1030'], '1046': ['1046'], '1069': ['1069'], '1058': ['1058'], '1059': ['1059'], '1047': ['1047'], '1070': ['1070'], '1042': ['1042'], '1083': ['1083'], '1085': ['1085'], '1086': ['1086', '1089', '1044', '1087', '1090'], '1043': ['1043', '1121', '1122', '1123', '1045'], '1124': ['1124'], '1036': ['1036'], '1092': ['1092'], '1150': ['1150'], '1093': ['1093'], '1094': ['1094'], '1145': ['1145'], '1151': ['1151'], '1144': ['1144'], '1149': ['1149'], '1037': ['1037'], '1088': ['1088'], '1142': ['1142'], '1141': ['1141'], '1091': ['1091'], '1143': ['1143'], '1115': ['1115'], '1077': ['1077'], '1117': ['1117'], '1146': ['1146'], '1152': ['1152'], '1076': ['1076'], '1118': ['1118'], '1078': ['1078'], '1116': ['1116'], '1135': ['1135'], '1137': ['1137'], '1140': ['1140'], '1139': ['1139'], '1119': ['1119'], '1120': ['1120'], '1134': ['1134']})"
113,"defaultdict(<class 'list'>, {'1040': ['1040'], '1080': ['1080'], '1079': ['1079'], '1081': ['1081'], '1095': ['1095'], '1082': ['1082', '1084', '1042', '1083', '1085'], '1096': ['1096'], '1136': ['1136'], '1138': ['1138'], '1041': ['1041'], '1126': ['1126'], '1125': ['1125'], '1127': ['1127'], '1128': ['1128'], '1129': ['1129'], '1131': ['1131'], '1032': ['1032'], '1052': ['1052'], '1063': ['1063'], '1160': ['1160'], '1051': ['1051'], '1055': ['1055'], '1057': ['1057'], '1060': ['1060'], '1071': ['1071'], '1147': ['1147'], '1148': ['1148'], '1158': ['1158'], '1161': ['1161'], '1053': ['1053'], '1066': ['1066'], '1056': ['1056'], '1061': ['1061'], '1072': ['1072'], '1157': ['1157'], '1159': ['1159'], '1162': ['1162'], '1033': ['1033', '1153', '1154', '1155', '1152'], '1101': ['1101'], '1109': ['1109'], '1102': ['1102'], '1103': ['1103'], '1105': ['1105', '1106', '1107', '1058', '1059'], '1113': ['1113'], '1108': ['1108'], '1110': ['1110'], '1104': ['1104'], '1114': ['1114'], '1156': ['1156'], '1038': ['1038', '1048', '1068', '1034', '1067'], '1049': ['1049'], '1050': ['1050'], '1054': ['1054'], '1039': ['1039'], '1097': ['1097'], '1098': ['1098'], '1099': ['1099'], '1112': ['1112'], '1100': ['1100'], '1035': ['1035'], '1111': ['1111'], '1030': ['1030'], '1046': ['1046'], '1069': ['1069'], '1064': ['1064'], '1065': ['1065'], '1047': ['1047'], '1070': ['1070'], '1031': ['1031'], '1086': ['1086'], '1089': ['1089'], '1043': ['1043'], '1121': ['1121'], '1122': ['1122'], '1123': ['1123'], '1124': ['1124'], '1036': ['1036', '1092', '1150', '1151', '1149'], '1093': ['1093'], '1094': ['1094'], '1145': ['1145'], '1144': ['1144'], '1037': ['1037'], '1044': ['1044'], '1087': ['1087'], '1088': ['1088'], '1090': ['1090'], '1142': ['1142'], '1141': ['1141'], '1091': ['1091'], '1143': ['1143'], '1045': ['1045'], '1115': ['1115'], '1062': ['1062'], '1077': ['1077'], '1117': ['1117'], '1146': ['1146'], '1075': ['1075'], '1076': ['1076'], '1118': ['1118'], '1073': ['1073'], '1078': ['1078'], '1074': ['1074'], '1116': ['1116'], '1135': ['1135'], '1137': ['1137'], '1140': ['1140'], '1139': ['1139'], '1119': ['1119'], '1120': ['1120'], '1132': ['1132'], '1130': ['1130'], '1134': ['1134'], '1133': ['1133']})"
113,"defaultdict(<class 'list'>, {'1040': ['1040'], '1080': ['1080'], '1079': ['1079'], '1081': ['1081'], '1095': ['1095'], '1082': ['1082', '1084', '1042', '1083', '1085'], '1096': ['1096'], '1136': ['1136'], '1138': ['1138'], '1041': ['1041'], '1126': ['1126'], '1125': ['1125'], '1127': ['1127'], '1128': ['1128', '1129', '1132', '1130', '1134'], '1131': ['1131'], '1032': ['1032'], '1052': ['1052', '1051', '1053', '1049', '1050'], '1063': ['1063'], '1160': ['1160'], '1055': ['1055'], '1057': ['1057'], '1060': ['1060'], '1071': ['1071'], '1147': ['1147'], '1148': ['1148'], '1158': ['1158'], '1161': ['1161'], '1066': ['1066'], '1056': ['1056'], '1061': ['1061'], '1072': ['1072'], '1157': ['1157'], '1159': ['1159'], '1162': ['1162'], '1033': ['1033'], '1101': ['1101'], '1109': ['1109'], '1153': ['1153'], '1102': ['1102'], '1103': ['1103'], '1105': ['1105'], '1106': ['1106'], '1113': ['1113'], '1154': ['1154'], '1155': ['1155'], '1108': ['1108'], '1110': ['1110'], '1104': ['1104'], '1107': ['1107'], '1114': ['1114'], '1156': ['1156'], '1038': ['1038', '1048', '1068', '1034', '1067'], '1054': ['1054'], '1039': ['1039'], '1097': ['1097'], '1098': ['1098'], '1099': ['1099'], '1112': ['1112'], '1100': ['1100'], '1035': ['1035'], '1111': ['1111'], '1030': ['1030'], '1046': ['1046'], '1069': ['1069'], '1058': ['1058'], '1059': ['1059'], '1064': ['1064'], '1065': ['1065'], '1047': ['1047'], '1070': ['1070'], '1031': ['1031'], '1086': ['1086', '1089', '1044', '1087', '1090'], '1043': ['1043'], '1121': ['1121'], '1122': ['1122'], '1123': ['1123'], '1124': ['1124'], '1036': ['1036'], '1092': ['1092'], '1150': ['1150'], '1093': ['1093'], '1094': ['1094'], '1145': ['1145'], '1151': ['1151'], '1144': ['1144'], '1149': ['1149'], '1037': ['1037'], '1088': ['1088'], '1142': ['1142'], '1141': ['1141'], '1091': ['1091'], '1143': ['1143'], '1045': ['1045'], '1115': ['1115'], '1062': ['1062'], '1077': ['1077'], '1117': ['1117'], '1146': ['1146'], '1152': ['1152'], '1075': ['1075'], '1076': ['1076'], '1118': ['1118'], '1073': ['1073'], '1078': ['1078'], '1074': ['1074'], '1116': ['1116'], '1135': ['1135'], '1137': ['1137'], '1140': ['1140'], '1139': ['1139'], '1119': ['1119'], '1120': ['1120'], '1133': ['1133']})"
113,"defaultdict(<class 'list'>, {'1040': ['1040'], '1080': ['1080'], '1079': ['1079'], '1081': ['1081'], '1095': ['1095'], '1082': ['1082'], '1084': ['1084'], '1096': ['1096'], '1136': ['1136'], '1138': ['1138'], '1041': ['1041'], '1126': ['1126'], '1125': ['1125'], '1127': ['1127'], '1128': ['1128'], '1129': ['1129'], '1131': ['1131'], '1032': ['1032', '1160', '1161', '1162', '1146'], '1052': ['1052'], '1063': ['1063'], '1051': ['1051'], '1055': ['1055'], '1057': ['1057'], '1060': ['1060'], '1071': ['1071'], '1147': ['1147'], '1148': ['1148'], '1158': ['1158'], '1053': ['1053'], '1066': ['1066'], '1056': ['1056'], '1061': ['1061'], '1072': ['1072'], '1157': ['1157'], '1159': ['1159'], '1033': ['1033'], '1101': ['1101', '1102', '1098', '1099', '1100'], '1109': ['1109'], '1153': ['1153'], '1103': ['1103'], '1105': ['1105'], '1106': ['1106'], '1113': ['1113'], '1154': ['1154'], '1155': ['1155'], '1108': ['1108'], '1110': ['1110'], '1104': ['1104'], '1107': ['1107'], '1114': ['1114'], '1156': ['1156'], '1038': ['1038'], '1048': ['1048'], '1049': ['1049'], '1050': ['1050'], '1054': ['1054'], '1068': ['1068'], '1039': ['1039', '1097', '1112', '1035', '1111'], '1034': ['1034'], '1067': ['1067'], '1030': ['1030'], '1046': ['1046'], '1069': ['1069', '1064', '1065', '1070', '1031'], '1058': ['1058'], '1059': ['1059'], '1047': ['1047'], '1042': ['1042'], '1083': ['1083'], '1085': ['1085'], '1086': ['1086'], '1089': ['1089'], '1043': ['1043'], '1121': ['1121'], '1122': ['1122'], '1123': ['1123'], '1124': ['1124'], '1036': ['1036'], '1092': ['1092'], '1150': ['1150'], '1093': ['1093', '1094', '1151', '1149', '1037'], '1145': ['1145'], '1144': ['1144'], '1044': ['1044'], '1087': ['1087'], '1088': ['1088'], '1090': ['1090'], '1142': ['1142'], '1141': ['1141'], '1091': ['1091'], '1143': ['1143'], '1045': ['1045'], '1115': ['1115'], '1062': ['1062'], '1077': ['1077'], '1117': ['1117'], '1152': ['1152'], '1075': ['1075'], '1076': ['1076'], '1118': ['1118'], '1073': ['1073'], '1078': ['1078'], '1074': ['1074'], '1116': ['1116'], '1135': ['1135'], '1137': ['1137'], '1140': ['1140'], '1139': ['1139'], '1119': ['1119'], '1120': ['1120'], '1132': ['1132'], '1130': ['1130'], '1134': ['1134'], '1133': ['1133']})"
113,"defaultdict(<class 'list'>, {'1040': ['1040'], '1080': ['1080'], '1079': ['1079'], '1081': ['1081'], '1095': ['1095'], '1082': ['1082'], '1084': ['1084'], '1096': ['1096'], '1136': ['1136'], '1138': ['1138'], '1041': ['1041', '1126', '1125', '1127', '1124'], '1128': ['1128'], '1129': ['1129'], '1131': ['1131'], '1032': ['1032'], '1052': ['1052'], '1063': ['1063'], '1160': ['1160'], '1051': ['1051'], '1055': ['1055'], '1057': ['1057'], '1060': ['1060'], '1071': ['1071'], '1147': ['1147'], '1148': ['1148', '1158', '1157', '1159', '1156'], '1161': ['1161'], '1053': ['1053'], '1066': ['1066'], '1056': ['1056'], '1061': ['1061'], '1072': ['1072'], '1162': ['1162'], '1033': ['1033', '1153', '1154', '1155', '1152'], '1101': ['1101'], '1109': ['1109'], '1102': ['1102'], '1103': ['1103'], '1105': ['1105'], '1106': ['1106'], '1113': ['1113'], '1108': ['1108'], '1110': ['1110'], '1104': ['1104'], '1107': ['1107'], '1114': ['1114'], '1038': ['1038'], '1048': ['1048'], '1049': ['1049'], '1050': ['1050'], '1054': ['1054'], '1068': ['1068'], '1039': ['1039', '1097', '1098', '1099', '1035'], '1112': ['1112'], '1100': ['1100'], '1034': ['1034'], '1067': ['1067'], '1111': ['1111'], '1030': ['1030'], '1046': ['1046'], '1069': ['1069'], '1058': ['1058'], '1059': ['1059'], '1064': ['1064'], '1065': ['1065'], '1047': ['1047'], '1070': ['1070'], '1031': ['1031'], '1042': ['1042'], '1083': ['1083'], '1085': ['1085'], '1086': ['1086'], '1089': ['1089'], '1043': ['1043'], '1121': ['1121'], '1122': ['1122'], '1123': ['1123'], '1036': ['1036'], '1092': ['1092'], '1150': ['1150'], '1093': ['1093'], '1094': ['1094'], '1145': ['1145'], '1151': ['1151'], '1144': ['1144'], '1149': ['1149'], '1037': ['1037'], '1044': ['1044'], '1087': ['1087'], '1088': ['1088'], '1090': ['1090'], '1142': ['1142'], '1141': ['1141'], '1091': ['1091'], '1143': ['1143'], '1045': ['1045'], '1115': ['1115'], '1062': ['1062'], '1077': ['1077'], '1117': ['1117', '1118', '1116', '1119', '1120'], '1146': ['1146'], '1075': ['1075'], '1076': ['1076'], '1073': ['1073'], '1078': ['1078'], '1074': ['1074'], '1135': ['1135'], '1137': ['1137'], '1140': ['1140'], '1139': ['1139'], '1132': ['1132'], '1130': ['1130'], '1134': ['1134'], '1133': ['1133']})"
113,"defaultdict(<class 'list'>, {'1040': ['1040'], '1080': ['1080'], '1079': ['1079'], '1081': ['1081'], '1095': ['1095'], '1082': ['1082'], '1084': ['1084'], '1096': ['1096'], '1136': ['1136'], '1138': ['1138'], '1041': ['1041'], '1126': ['1126'], '1125': ['1125'], '1127': ['1127'], '1128': ['1128'], '1129': ['1129'], '1131': ['1131'], '1032': ['1032'], '1052': ['1052'], '1063': ['1063'], '1160': ['1160'], '1051': ['1051'], '1055': ['1055'], '1057': ['1057', '1060', '1061', '1058', '1059', '1071', '1072', '1062', '1073'], '1147': ['1147'], '1148': ['1148'], '1158': ['1158'], '1161': ['1161'], '1053': ['1053'], '1066': ['1066'], '1056': ['1056', '1077', '1075', '1076', '1074'], '1157': ['1157'], '1159': ['1159'], '1162': ['1162'], '1033': ['1033'], '1101': ['1101'], '1109': ['1109'], '1153': ['1153'], '1102': ['1102'], '1103': ['1103'], '1105': ['1105'], '1106': ['1106'], '1113': ['1113'], '1154': ['1154'], '1155': ['1155'], '1108': ['1108'], '1110': ['1110'], '1104': ['1104'], '1107': ['1107'], '1114': ['1114'], '1156': ['1156'], '1038': ['1038'], '1048': ['1048'], '1049': ['1049'], '1050': ['1050'], '1054': ['1054'], '1068': ['1068'], '1039': ['1039'], '1097': ['1097'], '1098': ['1098'], '1099': ['1099'], '1112': ['1112'], '1100': ['1100'], '1034': ['1034'], '1067': ['1067'], '1035': ['1035'], '1111': ['1111'], '1030': ['1030'], '1046': ['1046'], '1069': ['1069'], '1064': ['1064'], '1065': ['1065'], '1047': ['1047'], '1070': ['1070'], '1031': ['1031'], '1042': ['1042'], '1083': ['1083'], '1085': ['1085'], '1086': ['1086'], '1089': ['1089', '1149', '1044', '1090', '1091'], '1043': ['1043'], '1121': ['1121'], '1122': ['1122'], '1123': ['1123'], '1124': ['1124'], '1036': ['1036'], '1092': ['1092'], '1150': ['1150'], '1093': ['1093'], '1094': ['1094'], '1145': ['1145'], '1151': ['1151'], '1144': ['1144'], '1037': ['1037'], '1087': ['1087'], '1088': ['1088'], '1142': ['1142'], '1141': ['1141'], '1143': ['1143'], '1045': ['1045'], '1115': ['1115', '1118', '1116', '1119', '1120'], '1117': ['1117'], '1146': ['1146'], '1152': ['1152'], '1078': ['1078'], '1135': ['1135'], '1137': ['1137'], '1140': ['1140'], '1139': ['1139'], '1132': ['1132'], '1130': ['1130'], '1134': ['1134'], '1133': ['1133']})"
113,"defaultdict(<class 'list'>, {'1040': ['1040'], '1080': ['1080'], '1079': ['1079'], '1081': ['1081'], '1095': ['1095'], '1082': ['1082'], '1084': ['1084'], '1096': ['1096', '1138', '1135', '1137', '1139'], '1136': ['1136'], '1041': ['1041'], '1126': ['1126'], '1125': ['1125'], '1127': ['1127'], '1128': ['1128'], '1129': ['1129'], '1131': ['1131'], '1032': ['1032'], '1052': ['1052'], '1063': ['1063'], '1160': ['1160'], '1051': ['1051'], '1055': ['1055'], '1057': ['1057'], '1060': ['1060'], '1071': ['1071'], '1147': ['1147'], '1148': ['1148'], '1158': ['1158'], '1161': ['1161'], '1053': ['1053'], '1066': ['1066'], '1056': ['1056', '1077', '1075', '1076', '1074'], '1061': ['1061'], '1072': ['1072'], '1157': ['1157'], '1159': ['1159'], '1162': ['1162'], '1033': ['1033', '1153', '1154', '1155', '1152'], '1101': ['1101'], '1109': ['1109'], '1102': ['1102'], '1103': ['1103'], '1105': ['1105'], '1106': ['1106'], '1113': ['1113'], '1108': ['1108'], '1110': ['1110'], '1104': ['1104'], '1107': ['1107'], '1114': ['1114'], '1156': ['1156'], '1038': ['1038'], '1048': ['1048'], '1049': ['1049'], '1050': ['1050'], '1054': ['1054'], '1068': ['1068'], '1039': ['1039'], '1097': ['1097'], '1098': ['1098'], '1099': ['1099'], '1112': ['1112'], '1100': ['1100'], '1034': ['1034'], '1067': ['1067'], '1035': ['1035'], '1111': ['1111'], '1030': ['1030'], '1046': ['1046'], '1069': ['1069'], '1058': ['1058'], '1059': ['1059'], '1064': ['1064'], '1065': ['1065'], '1047': ['1047'], '1070': ['1070'], '1031': ['1031'], '1042': ['1042'], '1083': ['1083'], '1085': ['1085'], '1086': ['1086', '1089', '1044', '1087', '1090'], '1043': ['1043', '1121', '1122', '1123', '1045'], '1124': ['1124'], '1036': ['1036'], '1092': ['1092'], '1150': ['1150'], '1093': ['1093'], '1094': ['1094'], '1145': ['1145'], '1151': ['1151'], '1144': ['1144'], '1149': ['1149'], '1037': ['1037'], '1088': ['1088'], '1142': ['1142'], '1141': ['1141'], '1091': ['1091'], '1143': ['1143'], '1115': ['1115'], '1062': ['1062'], '1117': ['1117'], '1146': ['1146'], '1118': ['1118'], '1073': ['1073'], '1078': ['1078'], '1116': ['1116'], '1140': ['1140'], '1119': ['1119'], '1120': ['1120'], '1132': ['1132'], '1130': ['1130'], '1134': ['1134'], '1133': ['1133']})"
113,"defaultdict(<class 'list'>, {'1040': ['1040'], '1080': ['1080'], '1079': ['1079'], '1081': ['1081'], '1095': ['1095'], '1082': ['1082'], '1084': ['1084'], '1096': ['1096'], '1136': ['1136'], '1138': ['1138'], '1041': ['1041'], '1126': ['1126'], '1125': ['1125'], '1127': ['1127'], '1128': ['1128'], '1129': ['1129'], '1131': ['1131'], '1032': ['1032'], '1052': ['1052'], '1063': ['1063'], '1160': ['1160'], '1051': ['1051'], '1055': ['1055'], '1057': ['1057', '1060', '1061', '1058', '1059'], '1071': ['1071'], '1147': ['1147'], '1148': ['1148'], '1158': ['1158'], '1161': ['1161'], '1053': ['1053'], '1066': ['1066'], '1056': ['1056'], '1072': ['1072'], '1157': ['1157'], '1159': ['1159'], '1162': ['1162'], '1033': ['1033'], '1101': ['1101'], '1109': ['1109'], '1153': ['1153'], '1102': ['1102'], '1103': ['1103'], '1105': ['1105', '1106', '1113', '1107', '1114'], '1154': ['1154'], '1155': ['1155'], '1108': ['1108'], '1110': ['1110'], '1104': ['1104'], '1156': ['1156'], '1038': ['1038', '1048', '1068', '1034', '1067'], '1049': ['1049'], '1050': ['1050'], '1054': ['1054'], '1039': ['1039'], '1097': ['1097'], '1098': ['1098'], '1099': ['1099'], '1112': ['1112'], '1100': ['1100'], '1035': ['1035'], '1111': ['1111'], '1030': ['1030', '1046', '1069', '1047', '1070'], '1064': ['1064'], '1065': ['1065'], '1031': ['1031'], '1042': ['1042'], '1083': ['1083'], '1085': ['1085'], '1086': ['1086', '1089', '1044', '1087', '1090'], '1043': ['1043'], '1121': ['1121'], '1122': ['1122'], '1123': ['1123'], '1124': ['1124'], '1036': ['1036'], '1092': ['1092'], '1150': ['1150'], '1093': ['1093'], '1094': ['1094'], '1145': ['1145'], '1151': ['1151'], '1144': ['1144'], '1149': ['1149'], '1037': ['1037'], '1088': ['1088'], '1142': ['1142'], '1141': ['1141'], '1091': ['1091'], '1143': ['1143'], '1045': ['1045'], '1115': ['1115'], '1062': ['1062'], '1077': ['1077'], '1117': ['1117'], '1146': ['1146'], '1152': ['1152'], '1075': ['1075'], '1076': ['1076'], '1118': ['1118'], '1073': ['1073'], '1078': ['1078'], '1074': ['1074'], '1116': ['1116'], '1135': ['1135'], '1137': ['1137'], '1140': ['1140'], '1139': ['1139'], '1119': ['1119'], '1120': ['1120'], '1132': ['1132'], '1130': ['1130'], '1134': ['1134'], '1133': ['1133']})"
113,"defaultdict(<class 'list'>, {'1040': ['1040'], '1080': ['1080'], '1079': ['1079'], '1081': ['1081'], '1095': ['1095'], '1082': ['1082', '1084', '1042', '1083', '1085'], '1096': ['1096'], '1136': ['1136'], '1138': ['1138'], '1041': ['1041'], '1126': ['1126'], '1125': ['1125'], '1127': ['1127'], '1128': ['1128'], '1129': ['1129'], '1131': ['1131'], '1032': ['1032'], '1052': ['1052'], '1063': ['1063'], '1160': ['1160'], '1051': ['1051'], '1055': ['1055'], '1057': ['1057'], '1060': ['1060'], '1071': ['1071'], '1147': ['1147'], '1148': ['1148', '1158', '1157', '1159', '1156'], '1161': ['1161'], '1053': ['1053'], '1066': ['1066'], '1056': ['1056'], '1061': ['1061'], '1072': ['1072'], '1162': ['1162'], '1033': ['1033'], '1101': ['1101', '1102', '1098', '1099', '1100'], '1109': ['1109'], '1153': ['1153'], '1103': ['1103'], '1105': ['1105'], '1106': ['1106'], '1113': ['1113'], '1154': ['1154'], '1155': ['1155'], '1108': ['1108'], '1110': ['1110'], '1104': ['1104'], '1107': ['1107'], '1114': ['1114', '1115', '1118', '1116', '1119'], '1038': ['1038'], '1048': ['1048'], '1049': ['1049'], '1050': ['1050'], '1054': ['1054'], '1068': ['1068'], '1039': ['1039'], '1097': ['1097'], '1112': ['1112'], '1034': ['1034'], '1067': ['1067'], '1035': ['1035'], '1111': ['1111'], '1030': ['1030'], '1046': ['1046'], '1069': ['1069'], '1058': ['1058'], '1059': ['1059'], '1064': ['1064'], '1065': ['1065'], '1047': ['1047'], '1070': ['1070'], '1031': ['1031'], '1086': ['1086', '1089', '1044', '1087', '1090'], '1043': ['1043'], '1121': ['1121'], '1122': ['1122'], '1123': ['1123'], '1124': ['1124'], '1036': ['1036'], '1092': ['1092'], '1150': ['1150'], '1093': ['1093'], '1094': ['1094'], '1145': ['1145'], '1151': ['1151'], '1144': ['1144'], '1149': ['1149'], '1037': ['1037'], '1088': ['1088'], '1142': ['1142'], '1141': ['1141'], '1091': ['1091'], '1143': ['1143'], '1045': ['1045'], '1062': ['1062'], '1077': ['1077'], '1117': ['1117'], '1146': ['1146'], '1152': ['1152'], '1075': ['1075'], '1076': ['1076'], '1073': ['1073'], '1078': ['1078'], '1074': ['1074'], '1135': ['1135'], '1137': ['1137'], '1140': ['1140'], '1139': ['1139'], '1120': ['1120'], '1132': ['1132'], '1130': ['1130'], '1134': ['1134'], '1133': ['1133']})"
113,"defaultdict(<class 'list'>, {'1040': ['1040'], '1080': ['1080'], '1079': ['1079'], '1081': ['1081'], '1095': ['1095'], '1082': ['1082'], '1084': ['1084'], '1096': ['1096'], '1136': ['1136'], '1138': ['1138'], '1041': ['1041'], '1126': ['1126'], '1125': ['1125'], '1127': ['1127'], '1128': ['1128'], '1129': ['1129'], '1131': ['1131'], '1032': ['1032'], '1052': ['1052'], '1063': ['1063'], '1160': ['1160'], '1051': ['1051'], '1055': ['1055'], '1057': ['1057'], '1060': ['1060'], '1071': ['1071'], '1147': ['1147'], '1148': ['1148'], '1158': ['1158'], '1161': ['1161'], '1053': ['1053'], '1066': ['1066'], '1056': ['1056'], '1061': ['1061'], '1072': ['1072', '1075', '1076', '1073', '1074'], '1157': ['1157'], '1159': ['1159'], '1162': ['1162'], '1033': ['1033'], '1101': ['1101'], '1109': ['1109'], '1153': ['1153'], '1102': ['1102'], '1103': ['1103'], '1105': ['1105'], '1106': ['1106'], '1113': ['1113'], '1154': ['1154', '1036', '1150', '1151', '1152'], '1155': ['1155'], '1108': ['1108', '1107', '1115', '1116', '1119'], '1110': ['1110'], '1104': ['1104'], '1114': ['1114'], '1156': ['1156'], '1038': ['1038'], '1048': ['1048'], '1049': ['1049'], '1050': ['1050'], '1054': ['1054'], '1068': ['1068'], '1039': ['1039'], '1097': ['1097'], '1098': ['1098'], '1099': ['1099'], '1112': ['1112'], '1100': ['1100'], '1034': ['1034'], '1067': ['1067'], '1035': ['1035'], '1111': ['1111'], '1030': ['1030'], '1046': ['1046'], '1069': ['1069'], '1058': ['1058'], '1059': ['1059'], '1064': ['1064'], '1065': ['1065'], '1047': ['1047'], '1070': ['1070'], '1031': ['1031'], '1042': ['1042'], '1083': ['1083'], '1085': ['1085'], '1086': ['1086'], '1089': ['1089'], '1043': ['1043'], '1121': ['1121'], '1122': ['1122'], '1123': ['1123'], '1124': ['1124'], '1092': ['1092'], '1093': ['1093', '1094', '1144', '1149', '1037'], '1145': ['1145'], '1044': ['1044'], '1087': ['1087'], '1088': ['1088', '1142', '1141', '1143', '1139'], '1090': ['1090'], '1091': ['1091'], '1045': ['1045'], '1062': ['1062'], '1077': ['1077'], '1117': ['1117'], '1146': ['1146'], '1118': ['1118'], '1078': ['1078'], '1135': ['1135'], '1137': ['1137'], '1140': ['1140'], '1120': ['1120'], '1132': ['1132'], '1130': ['1130'], '1134': ['1134'], '1133': ['1133']})"
113,"defaultdict(<class 'list'>, {'1040': ['1040'], '1080': ['1080'], '1079': ['1079'], '1081': ['1081'], '1095': ['1095'], '1082': ['1082'], '1084': ['1084'], '1096': ['1096'], '1136': ['1136'], '1138': ['1138'], '1041': ['1041'], '1126': ['1126'], '1125': ['1125'], '1127': ['1127'], '1128': ['1128', '1131', '1132', '1130', '1133'], '1129': ['1129'], '1032': ['1032', '1160', '1161', '1162', '1146'], '1052': ['1052'], '1063': ['1063'], '1051': ['1051'], '1055': ['1055'], '1057': ['1057'], '1060': ['1060'], '1071': ['1071'], '1147': ['1147'], '1148': ['1148'], '1158': ['1158'], '1053': ['1053'], '1066': ['1066'], '1056': ['1056'], '1061': ['1061'], '1072': ['1072'], '1157': ['1157'], '1159': ['1159'], '1033': ['1033'], '1101': ['1101'], '1109': ['1109'], '1153': ['1153'], '1102': ['1102'], '1103': ['1103'], '1105': ['1105'], '1106': ['1106'], '1113': ['1113'], '1154': ['1154'], '1155': ['1155'], '1108': ['1108'], '1110': ['1110'], '1104': ['1104'], '1107': ['1107'], '1114': ['1114', '1115', '1118', '1116', '1119'], '1156': ['1156'], '1038': ['1038'], '1048': ['1048'], '1049': ['1049'], '1050': ['1050'], '1054': ['1054'], '1068': ['1068'], '1039': ['1039', '1097', '1098', '1099', '1035'], '1112': ['1112'], '1100': ['1100'], '1034': ['1034'], '1067': ['1067'], '1111': ['1111'], '1030': ['1030'], '1046': ['1046'], '1069': ['1069'], '1058': ['1058'], '1059': ['1059'], '1064': ['1064'], '1065': ['1065'], '1047': ['1047'], '1070': ['1070'], '1031': ['1031'], '1042': ['1042'], '1083': ['1083'], '1085': ['1085'], '1086': ['1086', '1089', '1044', '1087', '1090'], '1043': ['1043'], '1121': ['1121'], '1122': ['1122'], '1123': ['1123'], '1124': ['1124'], '1036': ['1036'], '1092': ['1092'], '1150': ['1150'], '1093': ['1093'], '1094': ['1094'], '1145': ['1145'], '1151': ['1151'], '1144': ['1144'], '1149': ['1149'], '1037': ['1037'], '1088': ['1088'], '1142': ['1142'], '1141': ['1141'], '1091': ['1091'], '1143': ['1143'], '1045': ['1045'], '1062': ['1062'], '1077': ['1077'], '1117': ['1117'], '1152': ['1152'], '1075': ['1075'], '1076': ['1076'], '1073': ['1073'], '1078': ['1078'], '1074': ['1074'], '1135': ['1135'], '1137': ['1137'], '1140': ['1140'], '1139': ['1139'], '1120': ['1120'], '1134': ['1134']})"
113,"defaultdict(<class 'list'>, {'1040': ['1040'], '1080': ['1080', '1079', '1077', '1076', '1078'], '1081': ['1081'], '1095': ['1095'], '1082': ['1082'], '1084': ['1084'], '1096': ['1096'], '1136': ['1136'], '1138': ['1138'], '1041': ['1041'], '1126': ['1126'], '1125': ['1125'], '1127': ['1127'], '1128': ['1128', '1131', '1132', '1130', '1133'], '1129': ['1129'], '1032': ['1032', '1160', '1161', '1162', '1146'], '1052': ['1052'], '1063': ['1063'], '1051': ['1051'], '1055': ['1055'], '1057': ['1057'], '1060': ['1060'], '1071': ['1071'], '1147': ['1147'], '1148': ['1148', '1158', '1157', '1159', '1156', '1153', '1154', '1155', '1152'], '1053': ['1053'], '1066': ['1066'], '1056': ['1056'], '1061': ['1061'], '1072': ['1072'], '1033': ['1033'], '1101': ['1101'], '1109': ['1109'], '1102': ['1102'], '1103': ['1103'], '1105': ['1105'], '1106': ['1106'], '1113': ['1113'], '1108': ['1108'], '1110': ['1110'], '1104': ['1104'], '1107': ['1107'], '1114': ['1114'], '1038': ['1038'], '1048': ['1048'], '1049': ['1049'], '1050': ['1050'], '1054': ['1054'], '1068': ['1068'], '1039': ['1039'], '1097': ['1097'], '1098': ['1098'], '1099': ['1099'], '1112': ['1112'], '1100': ['1100'], '1034': ['1034'], '1067': ['1067'], '1035': ['1035'], '1111': ['1111'], '1030': ['1030'], '1046': ['1046'], '1069': ['1069'], '1058': ['1058'], '1059': ['1059'], '1064': ['1064'], '1065': ['1065'], '1047': ['1047'], '1070': ['1070'], '1031': ['1031'], '1042': ['1042'], '1083': ['1083'], '1085': ['1085'], '1086': ['1086'], '1089': ['1089'], '1043': ['1043'], '1121': ['1121'], '1122': ['1122'], '1123': ['1123'], '1124': ['1124'], '1036': ['1036'], '1092': ['1092'], '1150': ['1150'], '1093': ['1093'], '1094': ['1094'], '1145': ['1145'], '1151': ['1151'], '1144': ['1144'], '1149': ['1149'], '1037': ['1037'], '1044': ['1044'], '1087': ['1087'], '1088': ['1088'], '1090': ['1090'], '1142': ['1142'], '1141': ['1141'], '1091': ['1091'], '1143': ['1143'], '1045': ['1045'], '1115': ['1115'], '1062': ['1062'], '1117': ['1117'], '1075': ['1075'], '1118': ['1118'], '1073': ['1073'], '1074': ['1074'], '1116': ['1116'], '1135': ['1135'], '1137': ['1137'], '1140': ['1140'], '1139': ['1139'], '1119': ['1119'], '1120': ['1120'], '1134': ['1134']})"
113,"defaultdict(<class 'list'>, {'1040': ['1040'], '1080': ['1080'], '1079': ['1079'], '1081': ['1081'], '1095': ['1095'], '1082': ['1082'], '1084': ['1084'], '1096': ['1096'], '1136': ['1136'], '1138': ['1138'], '1041': ['1041'], '1126': ['1126'], '1125': ['1125'], '1127': ['1127'], '1128': ['1128'], '1129': ['1129'], '1131': ['1131'], '1032': ['1032'], '1052': ['1052'], '1063': ['1063'], '1160': ['1160', '1147', '1161', '1145', '1146'], '1051': ['1051'], '1055': ['1055'], '1057': ['1057'], '1060': ['1060'], '1071': ['1071'], '1148': ['1148'], '1158': ['1158'], '1053': ['1053'], '1066': ['1066'], '1056': ['1056'], '1061': ['1061'], '1072': ['1072'], '1157': ['1157'], '1159': ['1159'], '1162': ['1162'], '1033': ['1033', '1101', '1109', '1153', '1100'], '1102': ['1102'], '1103': ['1103'], '1105': ['1105', '1106', '1107', '1058', '1059'], '1113': ['1113'], '1154': ['1154'], '1155': ['1155'], '1108': ['1108'], '1110': ['1110'], '1104': ['1104'], '1114': ['1114'], '1156': ['1156'], '1038': ['1038'], '1048': ['1048'], '1049': ['1049'], '1050': ['1050'], '1054': ['1054'], '1068': ['1068'], '1039': ['1039'], '1097': ['1097'], '1098': ['1098'], '1099': ['1099'], '1112': ['1112'], '1034': ['1034'], '1067': ['1067'], '1035': ['1035'], '1111': ['1111'], '1030': ['1030'], '1046': ['1046'], '1069': ['1069', '1064', '1065', '1070', '1031'], '1047': ['1047'], '1042': ['1042'], '1083': ['1083'], '1085': ['1085'], '1086': ['1086'], '1089': ['1089'], '1043': ['1043'], '1121': ['1121'], '1122': ['1122'], '1123': ['1123'], '1124': ['1124'], '1036': ['1036'], '1092': ['1092'], '1150': ['1150'], '1093': ['1093', '1094', '1151', '1149', '1037'], '1144': ['1144'], '1044': ['1044'], '1087': ['1087'], '1088': ['1088'], '1090': ['1090'], '1142': ['1142'], '1141': ['1141'], '1091': ['1091'], '1143': ['1143'], '1045': ['1045'], '1115': ['1115'], '1062': ['1062'], '1077': ['1077'], '1117': ['1117'], '1152': ['1152'], '1075': ['1075'], '1076': ['1076'], '1118': ['1118'], '1073': ['1073'], '1078': ['1078'], '1074': ['1074'], '1116': ['1116'], '1135': ['1135'], '1137': ['1137'], '1140': ['1140'], '1139': ['1139'], '1119': ['1119'], '1120': ['1120'], '1132': ['1132'], '1130': ['1130'], '1134': ['1134'], '1133': ['1133']})"
113,"defaultdict(<class 'list'>, {'1040': ['1040'], '1080': ['1080', '1079', '1077', '1076', '1078'], '1081': ['1081'], '1095': ['1095'], '1082': ['1082'], '1084': ['1084'], '1096': ['1096'], '1136': ['1136'], '1138': ['1138'], '1041': ['1041'], '1126': ['1126'], '1125': ['1125'], '1127': ['1127'], '1128': ['1128'], '1129': ['1129'], '1131': ['1131'], '1032': ['1032'], '1052': ['1052'], '1063': ['1063'], '1160': ['1160'], '1051': ['1051'], '1055': ['1055'], '1057': ['1057'], '1060': ['1060'], '1071': ['1071'], '1147': ['1147'], '1148': ['1148'], '1158': ['1158', '1157', '1159', '1033', '1153', '1154', '1155', '1152', '1156'], '1161': ['1161'], '1053': ['1053'], '1066': ['1066'], '1056': ['1056'], '1061': ['1061'], '1072': ['1072'], '1162': ['1162'], '1101': ['1101', '1102', '1098', '1099', '1100'], '1109': ['1109'], '1103': ['1103'], '1105': ['1105'], '1106': ['1106'], '1113': ['1113'], '1108': ['1108'], '1110': ['1110'], '1104': ['1104'], '1107': ['1107'], '1114': ['1114'], '1038': ['1038'], '1048': ['1048'], '1049': ['1049'], '1050': ['1050'], '1054': ['1054'], '1068': ['1068'], '1039': ['1039'], '1097': ['1097'], '1112': ['1112'], '1034': ['1034'], '1067': ['1067'], '1035': ['1035'], '1111': ['1111'], '1030': ['1030'], '1046': ['1046'], '1069': ['1069'], '1058': ['1058'], '1059': ['1059'], '1064': ['1064'], '1065': ['1065'], '1047': ['1047'], '1070': ['1070'], '1031': ['1031'], '1042': ['1042'], '1083': ['1083'], '1085': ['1085'], '1086': ['1086'], '1089': ['1089'], '1043': ['1043'], '1121': ['1121'], '1122': ['1122'], '1123': ['1123'], '1124': ['1124'], '1036': ['1036'], '1092': ['1092'], '1150': ['1150'], '1093': ['1093', '1094', '1151', '1149', '1037'], '1145': ['1145'], '1144': ['1144'], '1044': ['1044'], '1087': ['1087'], '1088': ['1088'], '1090': ['1090'], '1142': ['1142'], '1141': ['1141'], '1091': ['1091'], '1143': ['1143'], '1045': ['1045'], '1115': ['1115'], '1062': ['1062'], '1117': ['1117'], '1146': ['1146'], '1075': ['1075'], '1118': ['1118'], '1073': ['1073'], '1074': ['1074'], '1116': ['1116'], '1135': ['1135'], '1137': ['1137'], '1140': ['1140'], '1139': ['1139'], '1119': ['1119'], '1120': ['1120'], '1132': ['1132'], '1130': ['1130'], '1134': ['1134'], '1133': ['1133']})"
113,"defaultdict(<class 'list'>, {'1040': ['1040'], '1080': ['1080'], '1079': ['1079'], '1081': ['1081'], '1095': ['1095'], '1082': ['1082', '1084', '1042', '1083', '1085'], '1096': ['1096', '1138', '1135', '1137', '1139'], '1136': ['1136'], '1041': ['1041'], '1126': ['1126'], '1125': ['1125'], '1127': ['1127'], '1128': ['1128'], '1129': ['1129'], '1131': ['1131'], '1032': ['1032'], '1052': ['1052'], '1063': ['1063'], '1160': ['1160'], '1051': ['1051'], '1055': ['1055'], '1057': ['1057'], '1060': ['1060'], '1071': ['1071'], '1147': ['1147'], '1148': ['1148'], '1158': ['1158'], '1161': ['1161'], '1053': ['1053'], '1066': ['1066'], '1056': ['1056'], '1061': ['1061'], '1072': ['1072'], '1157': ['1157'], '1159': ['1159'], '1162': ['1162'], '1033': ['1033'], '1101': ['1101'], '1109': ['1109'], '1153': ['1153'], '1102': ['1102'], '1103': ['1103'], '1105': ['1105'], '1106': ['1106'], '1113': ['1113'], '1154': ['1154'], '1155': ['1155'], '1108': ['1108'], '1110': ['1110'], '1104': ['1104'], '1107': ['1107'], '1114': ['1114'], '1156': ['1156'], '1038': ['1038', '1048', '1068', '1034', '1067'], '1049': ['1049'], '1050': ['1050'], '1054': ['1054'], '1039': ['1039'], '1097': ['1097'], '1098': ['1098'], '1099': ['1099'], '1112': ['1112'], '1100': ['1100'], '1035': ['1035'], '1111': ['1111'], '1030': ['1030'], '1046': ['1046'], '1069': ['1069'], '1058': ['1058'], '1059': ['1059'], '1064': ['1064'], '1065': ['1065'], '1047': ['1047'], '1070': ['1070'], '1031': ['1031'], '1086': ['1086'], '1089': ['1089'], '1043': ['1043', '1121', '1122', '1123', '1045'], '1124': ['1124'], '1036': ['1036'], '1092': ['1092'], '1150': ['1150'], '1093': ['1093', '1094', '1151', '1149', '1037'], '1145': ['1145'], '1144': ['1144'], '1044': ['1044'], '1087': ['1087'], '1088': ['1088'], '1090': ['1090'], '1142': ['1142'], '1141': ['1141'], '1091': ['1091'], '1143': ['1143'], '1115': ['1115'], '1062': ['1062'], '1077': ['1077'], '1117': ['1117'], '1146': ['1146'], '1152': ['1152'], '1075': ['1075'], '1076': ['1076'], '1118': ['1118'], '1073': ['1073'], '1078': ['1078'], '1074': ['1074'], '1116': ['1116'], '1140': ['1140'], '1119': ['1119'], '1120': ['1120'], '1132': ['1132'], '1130': ['1130'], '1134': ['1134'], '1133': ['1133']})"
113,"defaultdict(<class 'list'>, {'1040': ['1040'], '1080': ['1080'], '1079': ['1079'], '1081': ['1081'], '1095': ['1095'], '1082': ['1082'], '1084': ['1084'], '1096': ['1096'], '1136': ['1136'], '1138': ['1138'], '1041': ['1041'], '1126': ['1126'], '1125': ['1125'], '1127': ['1127'], '1128': ['1128'], '1129': ['1129'], '1131': ['1131'], '1032': ['1032', '1160', '1161', '1162', '1146'], '1052': ['1052', '1051', '1053', '1049', '1050'], '1063': ['1063'], '1055': ['1055'], '1057': ['1057'], '1060': ['1060'], '1071': ['1071'], '1147': ['1147'], '1148': ['1148'], '1158': ['1158'], '1066': ['1066'], '1056': ['1056'], '1061': ['1061'], '1072': ['1072'], '1157': ['1157'], '1159': ['1159'], '1033': ['1033'], '1101': ['1101'], '1109': ['1109'], '1153': ['1153', '1154', '1155', '1156', '1152'], '1102': ['1102'], '1103': ['1103'], '1105': ['1105'], '1106': ['1106'], '1113': ['1113'], '1108': ['1108'], '1110': ['1110'], '1104': ['1104'], '1107': ['1107'], '1114': ['1114'], '1038': ['1038'], '1048': ['1048'], '1054': ['1054'], '1068': ['1068'], '1039': ['1039'], '1097': ['1097'], '1098': ['1098'], '1099': ['1099'], '1112': ['1112'], '1100': ['1100'], '1034': ['1034'], '1067': ['1067'], '1035': ['1035'], '1111': ['1111'], '1030': ['1030'], '1046': ['1046'], '1069': ['1069'], '1058': ['1058'], '1059': ['1059'], '1064': ['1064'], '1065': ['1065'], '1047': ['1047'], '1070': ['1070'], '1031': ['1031'], '1042': ['1042'], '1083': ['1083'], '1085': ['1085'], '1086': ['1086'], '1089': ['1089'], '1043': ['1043'], '1121': ['1121'], '1122': ['1122'], '1123': ['1123'], '1124': ['1124'], '1036': ['1036'], '1092': ['1092'], '1150': ['1150'], '1093': ['1093', '1094', '1151', '1149', '1037'], '1145': ['1145'], '1144': ['1144'], '1044': ['1044'], '1087': ['1087'], '1088': ['1088', '1142', '1141', '1143', '1139'], '1090': ['1090'], '1091': ['1091'], '1045': ['1045'], '1115': ['1115'], '1062': ['1062'], '1077': ['1077'], '1117': ['1117'], '1075': ['1075'], '1076': ['1076'], '1118': ['1118'], '1073': ['1073'], '1078': ['1078'], '1074': ['1074'], '1116': ['1116'], '1135': ['1135'], '1137': ['1137'], '1140': ['1140'], '1119': ['1119'], '1120': ['1120'], '1132': ['1132'], '1130': ['1130'], '1134': ['1134'], '1133': ['1133']})"
114,"defaultdict(<class 'list'>, {'1040': ['1040'], '1080': ['1080'], '1079': ['1079'], '1081': ['1081'], '1095': ['1095'], '1082': ['1082'], '1084': ['1084'], '1096': ['1096', '1138', '1135', '1137', '1139'], '1136': ['1136'], '1041': ['1041'], '1126': ['1126'], '1125': ['1125'], '1127': ['1127'], '1128': ['1128', '1131', '1132', '1130', '1133'], '1129': ['1129'], '1032': ['1032'], '1052': ['1052'], '1063': ['1063'], '1160': ['1160'], '1051': ['1051'], '1055': ['1055'], '1057': ['1057'], '1060': ['1060'], '1071': ['1071'], '1147': ['1147'], '1148': ['1148'], '1158': ['1158'], '1161': ['1161'], '1053': ['1053'], '1066': ['1066'], '1056': ['1056'], '1061': ['1061'], '1072': ['1072'], '1157': ['1157'], '1159': ['1159'], '1162': ['1162'], '1033': ['1033'], '1101': ['1101'], '1109': ['1109'], '1153': ['1153'], '1102': ['1102'], '1103': ['1103'], '1105': ['1105', '1106', '1113', '1107', '1114'], '1154': ['1154'], '1155': ['1155'], '1108': ['1108'], '1110': ['1110'], '1104': ['1104'], '1156': ['1156'], '1038': ['1038'], '1048': ['1048'], '1049': ['1049'], '1050': ['1050'], '1054': ['1054'], '1068': ['1068'], '1039': ['1039'], '1097': ['1097'], '1098': ['1098'], '1099': ['1099'], '1112': ['1112'], '1100': ['1100'], '1034': ['1034'], '1067': ['1067'], '1035': ['1035'], '1111': ['1111'], '1030': ['1030'], '1046': ['1046'], '1069': ['1069'], '1058': ['1058'], '1059': ['1059'], '1064': ['1064'], '1065': ['1065'], '1047': ['1047'], '1070': ['1070'], '1031': ['1031'], '1042': ['1042'], '1083': ['1083'], '1085': ['1085'], '1086': ['1086'], '1089': ['1089'], '1043': ['1043'], '1121': ['1121'], '1122': ['1122'], '1123': ['1123'], '1124': ['1124'], '1036': ['1036', '1092', '1150', '1151', '1149'], '1093': ['1093'], '1094': ['1094'], '1145': ['1145'], '1144': ['1144'], '1037': ['1037'], '1044': ['1044'], '1087': ['1087'], '1088': ['1088', '1142', '1141', '1143'], '1090': ['1090'], '1091': ['1091'], '1045': ['1045'], '1115': ['1115'], '1062': ['1062'], '1077': ['1077'], '1117': ['1117'], '1146': ['1146'], '1152': ['1152'], '1075': ['1075'], '1076': ['1076'], '1118': ['1118'], '1073': ['1073'], '1078': ['1078'], '1074': ['1074'], '1116': ['1116'], '1140': ['1140'], '1119': ['1119'], '1120': ['1120'], '1134': ['1134']})"
115,"defaultdict(<class 'list'>, {'1040': ['1040'], '1080': ['1080'], '1079': ['1079'], '1081': ['1081'], '1095': ['1095'], '1082': ['1082'], '1084': ['1084'], '1096': ['1096'], '1136': ['1136'], '1138': ['1138'], '1041': ['1041'], '1126': ['1126'], '1125': ['1125'], '1127': ['1127'], '1128': ['1128', '1131', '1132', '1130', '1133'], '1129': ['1129'], '1032': ['1032'], '1052': ['1052'], '1063': ['1063'], '1160': ['1160'], '1051': ['1051'], '1055': ['1055'], '1057': ['1057'], '1060': ['1060'], '1071': ['1071'], '1147': ['1147'], '1148': ['1148'], '1158': ['1158'], '1161': ['1161'], '1053': ['1053'], '1066': ['1066'], '1056': ['1056'], '1061': ['1061'], '1072': ['1072'], '1157': ['1157'], '1159': ['1159'], '1162': ['1162'], '1033': ['1033', '1101', '1109', '1153', '1100'], '1102': ['1102'], '1103': ['1103'], '1105': ['1105'], '1106': ['1106'], '1113': ['1113'], '1154': ['1154', '1151', '1152'], '1155': ['1155'], '1108': ['1108'], '1110': ['1110'], '1104': ['1104'], '1107': ['1107'], '1114': ['1114'], '1156': ['1156'], '1038': ['1038'], '1048': ['1048'], '1049': ['1049'], '1050': ['1050'], '1054': ['1054'], '1068': ['1068'], '1039': ['1039', '1097', '1112', '1035', '1111'], '1098': ['1098'], '1099': ['1099'], '1034': ['1034'], '1067': ['1067'], '1030': ['1030'], '1046': ['1046'], '1069': ['1069'], '1058': ['1058'], '1059': ['1059'], '1064': ['1064'], '1065': ['1065'], '1047': ['1047'], '1070': ['1070'], '1031': ['1031'], '1042': ['1042'], '1083': ['1083'], '1085': ['1085'], '1086': ['1086', '1089', '1044', '1087', '1090'], '1043': ['1043'], '1121': ['1121'], '1122': ['1122'], '1123': ['1123'], '1124': ['1124'], '1036': ['1036'], '1092': ['1092'], '1150': ['1150'], '1093': ['1093'], '1094': ['1094'], '1145': ['1145'], '1144': ['1144'], '1149': ['1149'], '1037': ['1037'], '1088': ['1088'], '1142': ['1142'], '1141': ['1141'], '1091': ['1091'], '1143': ['1143'], '1045': ['1045'], '1115': ['1115'], '1062': ['1062'], '1077': ['1077'], '1117': ['1117'], '1146': ['1146'], '1075': ['1075'], '1076': ['1076'], '1118': ['1118'], '1073': ['1073'], '1078': ['1078'], '1074': ['1074'], '1116': ['1116'], '1135': ['1135'], '1137': ['1137'], '1140': ['1140'], '1139': ['1139'], '1119': ['1119'], '1120': ['1120'], '1134': ['1134']})"
115,"defaultdict(<class 'list'>, {'1040': ['1040', '1080', '1079', '1081', '1078'], '1095': ['1095'], '1082': ['1082'], '1084': ['1084'], '1096': ['1096'], '1136': ['1136'], '1138': ['1138'], '1041': ['1041'], '1126': ['1126'], '1125': ['1125'], '1127': ['1127'], '1128': ['1128'], '1129': ['1129'], '1131': ['1131'], '1032': ['1032', '1160', '1147', '1161', '1145', '1146', '1162'], '1052': ['1052'], '1063': ['1063'], '1051': ['1051'], '1055': ['1055'], '1057': ['1057'], '1060': ['1060'], '1071': ['1071'], '1148': ['1148'], '1158': ['1158'], '1053': ['1053'], '1066': ['1066'], '1056': ['1056'], '1061': ['1061'], '1072': ['1072'], '1157': ['1157'], '1159': ['1159'], '1033': ['1033'], '1101': ['1101'], '1109': ['1109'], '1153': ['1153'], '1102': ['1102'], '1103': ['1103'], '1105': ['1105'], '1106': ['1106'], '1113': ['1113'], '1154': ['1154'], '1155': ['1155'], '1108': ['1108'], '1110': ['1110'], '1104': ['1104'], '1107': ['1107'], '1114': ['1114'], '1156': ['1156'], '1038': ['1038'], '1048': ['1048'], '1049': ['1049'], '1050': ['1050'], '1054': ['1054'], '1068': ['1068'], '1039': ['1039', '1097', '1098', '1099', '1035'], '1112': ['1112'], '1100': ['1100'], '1034': ['1034'], '1067': ['1067'], '1111': ['1111'], '1030': ['1030', '1046', '1069', '1047', '1070'], '1058': ['1058'], '1059': ['1059'], '1064': ['1064'], '1065': ['1065'], '1031': ['1031'], '1042': ['1042'], '1083': ['1083'], '1085': ['1085'], '1086': ['1086'], '1089': ['1089'], '1043': ['1043'], '1121': ['1121'], '1122': ['1122'], '1123': ['1123'], '1124': ['1124'], '1036': ['1036'], '1092': ['1092'], '1150': ['1150'], '1093': ['1093'], '1094': ['1094'], '1151': ['1151'], '1144': ['1144'], '1149': ['1149'], '1037': ['1037'], '1044': ['1044'], '1087': ['1087'], '1088': ['1088'], '1090': ['1090'], '1142': ['1142'], '1141': ['1141'], '1091': ['1091'], '1143': ['1143'], '1045': ['1045'], '1115': ['1115'], '1062': ['1062'], '1077': ['1077'], '1117': ['1117'], '1152': ['1152'], '1075': ['1075'], '1076': ['1076'], '1118': ['1118'], '1073': ['1073'], '1074': ['1074'], '1116': ['1116'], '1135': ['1135'], '1137': ['1137'], '1140': ['1140'], '1139': ['1139'], '1119': ['1119'], '1120': ['1120'], '1132': ['1132'], '1130': ['1130'], '1134': ['1134'], '1133': ['1133']})"
117,"defaultdict(<class 'list'>, {'1040': ['1040'], '1080': ['1080', '1079', '1077', '1076', '1078'], '1081': ['1081', '1082', '1084', '1042', '1083'], '1095': ['1095'], '1096': ['1096', '1138', '1135', '1137', '1139'], '1136': ['1136'], '1041': ['1041', '1126', '1125', '1127', '1124'], '1128': ['1128'], '1129': ['1129'], '1131': ['1131'], '1032': ['1032'], '1052': ['1052'], '1063': ['1063'], '1160': ['1160'], '1051': ['1051'], '1055': ['1055'], '1057': ['1057'], '1060': ['1060'], '1071': ['1071'], '1147': ['1147'], '1148': ['1148'], '1158': ['1158'], '1161': ['1161'], '1053': ['1053'], '1066': ['1066'], '1056': ['1056'], '1061': ['1061'], '1072': ['1072'], '1157': ['1157'], '1159': ['1159'], '1162': ['1162'], '1033': ['1033'], '1101': ['1101'], '1109': ['1109'], '1153': ['1153'], '1102': ['1102'], '1103': ['1103'], '1105': ['1105'], '1106': ['1106'], '1113': ['1113'], '1154': ['1154'], '1155': ['1155'], '1108': ['1108'], '1110': ['1110'], '1104': ['1104'], '1107': ['1107'], '1114': ['1114'], '1156': ['1156'], '1038': ['1038'], '1048': ['1048'], '1049': ['1049'], '1050': ['1050'], '1054': ['1054'], '1068': ['1068'], '1039': ['1039'], '1097': ['1097'], '1098': ['1098'], '1099': ['1099'], '1112': ['1112'], '1100': ['1100'], '1034': ['1034'], '1067': ['1067'], '1035': ['1035'], '1111': ['1111'], '1030': ['1030'], '1046': ['1046'], '1069': ['1069'], '1058': ['1058'], '1059': ['1059'], '1064': ['1064'], '1065': ['1065'], '1047': ['1047'], '1070': ['1070'], '1031': ['1031'], '1085': ['1085'], '1086': ['1086'], '1089': ['1089'], '1043': ['1043'], '1121': ['1121'], '1122': ['1122'], '1123': ['1123'], '1036': ['1036'], '1092': ['1092'], '1150': ['1150'], '1093': ['1093'], '1094': ['1094'], '1145': ['1145'], '1151': ['1151'], '1144': ['1144'], '1149': ['1149'], '1037': ['1037'], '1044': ['1044'], '1087': ['1087'], '1088': ['1088'], '1090': ['1090'], '1142': ['1142'], '1141': ['1141'], '1091': ['1091'], '1143': ['1143'], '1045': ['1045'], '1115': ['1115'], '1062': ['1062'], '1117': ['1117'], '1146': ['1146'], '1152': ['1152'], '1075': ['1075'], '1118': ['1118'], '1073': ['1073'], '1074': ['1074'], '1116': ['1116'], '1140': ['1140'], '1119': ['1119'], '1120': ['1120'], '1132': ['1132'], '1130': ['1130'], '1134': ['1134'], '1133': ['1133']})"
117,"defaultdict(<class 'list'>, {'1040': ['1040'], '1080': ['1080'], '1079': ['1079'], '1081': ['1081'], '1095': ['1095'], '1082': ['1082'], '1084': ['1084'], '1096': ['1096'], '1136': ['1136'], '1138': ['1138'], '1041': ['1041'], '1126': ['1126'], '1125': ['1125'], '1127': ['1127'], '1128': ['1128'], '1129': ['1129'], '1131': ['1131'], '1032': ['1032'], '1052': ['1052'], '1063': ['1063'], '1160': ['1160'], '1051': ['1051'], '1055': ['1055'], '1057': ['1057', '1060', '1061', '1058', '1059'], '1071': ['1071'], '1147': ['1147'], '1148': ['1148'], '1158': ['1158'], '1161': ['1161'], '1053': ['1053'], '1066': ['1066'], '1056': ['1056'], '1072': ['1072'], '1157': ['1157'], '1159': ['1159'], '1162': ['1162'], '1033': ['1033'], '1101': ['1101'], '1109': ['1109'], '1153': ['1153'], '1102': ['1102'], '1103': ['1103'], '1105': ['1105'], '1106': ['1106'], '1113': ['1113'], '1154': ['1154'], '1155': ['1155'], '1108': ['1108'], '1110': ['1110'], '1104': ['1104'], '1107': ['1107'], '1114': ['1114'], '1156': ['1156'], '1038': ['1038', '1048', '1068', '1034', '1067'], '1049': ['1049'], '1050': ['1050'], '1054': ['1054'], '1039': ['1039'], '1097': ['1097'], '1098': ['1098'], '1099': ['1099'], '1112': ['1112'], '1100': ['1100'], '1035': ['1035'], '1111': ['1111'], '1030': ['1030', '1046', '1069', '1047', '1070'], '1064': ['1064'], '1065': ['1065'], '1031': ['1031'], '1042': ['1042'], '1083': ['1083'], '1085': ['1085'], '1086': ['1086', '1089', '1044', '1087', '1090'], '1043': ['1043'], '1121': ['1121'], '1122': ['1122'], '1123': ['1123'], '1124': ['1124'], '1036': ['1036'], '1092': ['1092'], '1150': ['1150'], '1093': ['1093'], '1094': ['1094'], '1145': ['1145'], '1151': ['1151'], '1144': ['1144'], '1149': ['1149'], '1037': ['1037'], '1088': ['1088'], '1142': ['1142'], '1141': ['1141'], '1091': ['1091'], '1143': ['1143'], '1045': ['1045'], '1115': ['1115'], '1062': ['1062'], '1077': ['1077'], '1117': ['1117'], '1146': ['1146'], '1152': ['1152'], '1075': ['1075'], '1076': ['1076'], '1118': ['1118'], '1073': ['1073'], '1078': ['1078'], '1074': ['1074'], '1116': ['1116'], '1135': ['1135'], '1137': ['1137'], '1140': ['1140'], '1139': ['1139'], '1119': ['1119'], '1120': ['1120'], '1132': ['1132'], '1130': ['1130'], '1134': ['1134'], '1133': ['1133']})"
117,"defaultdict(<class 'list'>, {'1040': ['1040'], '1080': ['1080'], '1079': ['1079'], '1081': ['1081'], '1095': ['1095'], '1082': ['1082', '1084', '1042', '1083', '1085'], '1096': ['1096'], '1136': ['1136'], '1138': ['1138'], '1041': ['1041'], '1126': ['1126'], '1125': ['1125'], '1127': ['1127'], '1128': ['1128', '1129', '1132', '1130', '1134'], '1131': ['1131'], '1032': ['1032'], '1052': ['1052', '1051', '1053', '1049', '1050'], '1063': ['1063'], '1160': ['1160'], '1055': ['1055'], '1057': ['1057'], '1060': ['1060'], '1071': ['1071'], '1147': ['1147'], '1148': ['1148'], '1158': ['1158'], '1161': ['1161'], '1066': ['1066'], '1056': ['1056'], '1061': ['1061'], '1072': ['1072'], '1157': ['1157'], '1159': ['1159'], '1162': ['1162'], '1033': ['1033'], '1101': ['1101'], '1109': ['1109'], '1153': ['1153'], '1102': ['1102'], '1103': ['1103'], '1105': ['1105'], '1106': ['1106'], '1113': ['1113'], '1154': ['1154'], '1155': ['1155'], '1108': ['1108'], '1110': ['1110'], '1104': ['1104'], '1107': ['1107'], '1114': ['1114'], '1156': ['1156'], '1038': ['1038', '1048', '1068', '1034', '1067'], '1054': ['1054'], '1039': ['1039'], '1097': ['1097'], '1098': ['1098'], '1099': ['1099'], '1112': ['1112'], '1100': ['1100'], '1035': ['1035'], '1111': ['1111'], '1030': ['1030'], '1046': ['1046'], '1069': ['1069'], '1058': ['1058'], '1059': ['1059'], '1064': ['1064'], '1065': ['1065'], '1047': ['1047'], '1070': ['1070'], '1031': ['1031'], '1086': ['1086'], '1089': ['1089'], '1043': ['1043'], '1121': ['1121'], '1122': ['1122'], '1123': ['1123'], '1124': ['1124'], '1036': ['1036'], '1092': ['1092'], '1150': ['1150'], '1093': ['1093'], '1094': ['1094'], '1145': ['1145'], '1151': ['1151'], '1144': ['1144'], '1149': ['1149'], '1037': ['1037'], '1044': ['1044'], '1087': ['1087'], '1088': ['1088'], '1090': ['1090'], '1142': ['1142'], '1141': ['1141'], '1091': ['1091'], '1143': ['1143'], '1045': ['1045'], '1115': ['1115'], '1062': ['1062'], '1077': ['1077'], '1117': ['1117'], '1146': ['1146'], '1152': ['1152'], '1075': ['1075'], '1076': ['1076'], '1118': ['1118'], '1073': ['1073'], '1078': ['1078'], '1074': ['1074'], '1116': ['1116'], '1135': ['1135'], '1137': ['1137'], '1140': ['1140'], '1139': ['1139'], '1119': ['1119'], '1120': ['1120'], '1133': ['1133']})"
117,"defaultdict(<class 'list'>, {'1040': ['1040'], '1080': ['1080'], '1079': ['1079'], '1081': ['1081'], '1095': ['1095'], '1082': ['1082'], '1084': ['1084'], '1096': ['1096', '1138', '1135', '1137', '1139'], '1136': ['1136'], '1041': ['1041'], '1126': ['1126'], '1125': ['1125'], '1127': ['1127'], '1128': ['1128'], '1129': ['1129'], '1131': ['1131'], '1032': ['1032'], '1052': ['1052'], '1063': ['1063'], '1160': ['1160'], '1051': ['1051'], '1055': ['1055'], '1057': ['1057'], '1060': ['1060'], '1071': ['1071'], '1147': ['1147'], '1148': ['1148'], '1158': ['1158'], '1161': ['1161'], '1053': ['1053'], '1066': ['1066'], '1056': ['1056'], '1061': ['1061'], '1072': ['1072'], '1157': ['1157'], '1159': ['1159'], '1162': ['1162'], '1033': ['1033'], '1101': ['1101'], '1109': ['1109'], '1153': ['1153'], '1102': ['1102'], '1103': ['1103'], '1105': ['1105', '1106', '1107', '1058', '1059'], '1113': ['1113'], '1154': ['1154'], '1155': ['1155'], '1108': ['1108'], '1110': ['1110'], '1104': ['1104'], '1114': ['1114'], '1156': ['1156'], '1038': ['1038'], '1048': ['1048'], '1049': ['1049'], '1050': ['1050'], '1054': ['1054'], '1068': ['1068'], '1039': ['1039'], '1097': ['1097'], '1098': ['1098'], '1099': ['1099'], '1112': ['1112'], '1100': ['1100'], '1034': ['1034'], '1067': ['1067'], '1035': ['1035'], '1111': ['1111'], '1030': ['1030'], '1046': ['1046'], '1069': ['1069'], '1064': ['1064'], '1065': ['1065'], '1047': ['1047'], '1070': ['1070'], '1031': ['1031'], '1042': ['1042'], '1083': ['1083'], '1085': ['1085'], '1086': ['1086', '1089', '1044', '1087', '1090'], '1043': ['1043'], '1121': ['1121'], '1122': ['1122'], '1123': ['1123'], '1124': ['1124'], '1036': ['1036'], '1092': ['1092'], '1150': ['1150'], '1093': ['1093'], '1094': ['1094'], '1145': ['1145'], '1151': ['1151'], '1144': ['1144'], '1149': ['1149'], '1037': ['1037'], '1088': ['1088', '1142', '1141', '1143', '1140'], '1091': ['1091'], '1045': ['1045'], '1115': ['1115'], '1062': ['1062'], '1077': ['1077'], '1117': ['1117'], '1146': ['1146'], '1152': ['1152'], '1075': ['1075'], '1076': ['1076'], '1118': ['1118'], '1073': ['1073'], '1078': ['1078'], '1074': ['1074'], '1116': ['1116'], '1119': ['1119'], '1120': ['1120'], '1132': ['1132'], '1130': ['1130'], '1134': ['1134'], '1133': ['1133']})"
117,"defaultdict(<class 'list'>, {'1040': ['1040'], '1080': ['1080'], '1079': ['1079'], '1081': ['1081'], '1095': ['1095'], '1082': ['1082'], '1084': ['1084'], '1096': ['1096'], '1136': ['1136'], '1138': ['1138'], '1041': ['1041'], '1126': ['1126'], '1125': ['1125'], '1127': ['1127'], '1128': ['1128'], '1129': ['1129'], '1131': ['1131'], '1032': ['1032', '1052', '1063', '1053', '1049'], '1160': ['1160'], '1051': ['1051'], '1055': ['1055'], '1057': ['1057'], '1060': ['1060'], '1071': ['1071'], '1147': ['1147'], '1148': ['1148', '1158', '1157', '1159', '1156'], '1161': ['1161'], '1066': ['1066'], '1056': ['1056'], '1061': ['1061'], '1072': ['1072'], '1162': ['1162'], '1033': ['1033', '1153', '1154', '1155', '1152'], '1101': ['1101'], '1109': ['1109'], '1102': ['1102'], '1103': ['1103'], '1105': ['1105'], '1106': ['1106'], '1113': ['1113'], '1108': ['1108'], '1110': ['1110'], '1104': ['1104'], '1107': ['1107'], '1114': ['1114'], '1038': ['1038'], '1048': ['1048'], '1050': ['1050'], '1054': ['1054'], '1068': ['1068'], '1039': ['1039'], '1097': ['1097'], '1098': ['1098'], '1099': ['1099'], '1112': ['1112'], '1100': ['1100'], '1034': ['1034'], '1067': ['1067'], '1035': ['1035'], '1111': ['1111'], '1030': ['1030'], '1046': ['1046'], '1069': ['1069'], '1058': ['1058'], '1059': ['1059'], '1064': ['1064'], '1065': ['1065'], '1047': ['1047'], '1070': ['1070'], '1031': ['1031'], '1042': ['1042'], '1083': ['1083'], '1085': ['1085'], '1086': ['1086'], '1089': ['1089'], '1043': ['1043'], '1121': ['1121'], '1122': ['1122'], '1123': ['1123'], '1124': ['1124'], '1036': ['1036'], '1092': ['1092'], '1150': ['1150'], '1093': ['1093'], '1094': ['1094'], '1145': ['1145'], '1151': ['1151'], '1144': ['1144'], '1149': ['1149'], '1037': ['1037'], '1044': ['1044'], '1087': ['1087'], '1088': ['1088'], '1090': ['1090'], '1142': ['1142'], '1141': ['1141'], '1091': ['1091'], '1143': ['1143'], '1045': ['1045'], '1115': ['1115'], '1062': ['1062'], '1077': ['1077'], '1117': ['1117', '1118', '1116', '1119', '1120'], '1146': ['1146'], '1075': ['1075'], '1076': ['1076'], '1073': ['1073'], '1078': ['1078'], '1074': ['1074'], '1135': ['1135'], '1137': ['1137'], '1140': ['1140'], '1139': ['1139'], '1132': ['1132'], '1130': ['1130'], '1134': ['1134'], '1133': ['1133']})"
117,"defaultdict(<class 'list'>, {'1040': ['1040'], '1080': ['1080'], '1079': ['1079'], '1081': ['1081'], '1095': ['1095'], '1082': ['1082', '1084', '1042', '1083', '1085'], '1096': ['1096'], '1136': ['1136'], '1138': ['1138'], '1041': ['1041'], '1126': ['1126'], '1125': ['1125'], '1127': ['1127'], '1128': ['1128'], '1129': ['1129'], '1131': ['1131'], '1032': ['1032'], '1052': ['1052'], '1063': ['1063'], '1160': ['1160'], '1051': ['1051'], '1055': ['1055'], '1057': ['1057'], '1060': ['1060'], '1071': ['1071'], '1147': ['1147'], '1148': ['1148', '1158', '1157', '1159', '1156'], '1161': ['1161'], '1053': ['1053'], '1066': ['1066'], '1056': ['1056'], '1061': ['1061'], '1072': ['1072'], '1162': ['1162'], '1033': ['1033'], '1101': ['1101'], '1109': ['1109'], '1153': ['1153'], '1102': ['1102'], '1103': ['1103'], '1105': ['1105'], '1106': ['1106'], '1113': ['1113'], '1154': ['1154'], '1155': ['1155'], '1108': ['1108'], '1110': ['1110'], '1104': ['1104'], '1107': ['1107'], '1114': ['1114', '1115', '1118', '1116', '1119'], '1038': ['1038'], '1048': ['1048'], '1049': ['1049'], '1050': ['1050'], '1054': ['1054'], '1068': ['1068'], '1039': ['1039'], '1097': ['1097'], '1098': ['1098'], '1099': ['1099'], '1112': ['1112'], '1100': ['1100'], '1034': ['1034'], '1067': ['1067'], '1035': ['1035'], '1111': ['1111'], '1030': ['1030'], '1046': ['1046'], '1069': ['1069'], '1058': ['1058'], '1059': ['1059'], '1064': ['1064'], '1065': ['1065'], '1047': ['1047'], '1070': ['1070'], '1031': ['1031'], '1086': ['1086', '1089', '1044', '1087', '1090'], '1043': ['1043'], '1121': ['1121'], '1122': ['1122'], '1123': ['1123'], '1124': ['1124'], '1036': ['1036'], '1092': ['1092'], '1150': ['1150'], '1093': ['1093'], '1094': ['1094'], '1145': ['1145'], '1151': ['1151'], '1144': ['1144'], '1149': ['1149'], '1037': ['1037'], '1088': ['1088'], '1142': ['1142'], '1141': ['1141'], '1091': ['1091'], '1143': ['1143'], '1045': ['1045'], '1062': ['1062'], '1077': ['1077'], '1117': ['1117'], '1146': ['1146'], '1152': ['1152'], '1075': ['1075'], '1076': ['1076'], '1073': ['1073'], '1078': ['1078'], '1074': ['1074'], '1135': ['1135'], '1137': ['1137'], '1140': ['1140'], '1139': ['1139'], '1120': ['1120'], '1132': ['1132'], '1130': ['1130'], '1134': ['1134'], '1133': ['1133']})"
117,"defaultdict(<class 'list'>, {'1040': ['1040'], '1080': ['1080'], '1079': ['1079'], '1081': ['1081'], '1095': ['1095'], '1082': ['1082'], '1084': ['1084'], '1096': ['1096'], '1136': ['1136'], '1138': ['1138'], '1041': ['1041'], '1126': ['1126'], '1125': ['1125'], '1127': ['1127'], '1128': ['1128'], '1129': ['1129'], '1131': ['1131'], '1032': ['1032', '1160', '1161', '1162', '1146'], '1052': ['1052'], '1063': ['1063'], '1051': ['1051'], '1055': ['1055'], '1057': ['1057', '1060', '1061', '1105', '1106', '1107', '1058', '1059', '1113'], '1071': ['1071'], '1147': ['1147'], '1148': ['1148'], '1158': ['1158'], '1053': ['1053'], '1066': ['1066'], '1056': ['1056'], '1072': ['1072'], '1157': ['1157'], '1159': ['1159'], '1033': ['1033'], '1101': ['1101'], '1109': ['1109'], '1153': ['1153'], '1102': ['1102'], '1103': ['1103'], '1154': ['1154'], '1155': ['1155'], '1108': ['1108'], '1110': ['1110'], '1104': ['1104'], '1114': ['1114'], '1156': ['1156'], '1038': ['1038'], '1048': ['1048'], '1049': ['1049'], '1050': ['1050'], '1054': ['1054'], '1068': ['1068'], '1039': ['1039', '1097', '1098', '1099', '1035'], '1112': ['1112'], '1100': ['1100'], '1034': ['1034'], '1067': ['1067'], '1111': ['1111'], '1030': ['1030'], '1046': ['1046'], '1069': ['1069'], '1064': ['1064'], '1065': ['1065'], '1047': ['1047'], '1070': ['1070'], '1031': ['1031'], '1042': ['1042'], '1083': ['1083'], '1085': ['1085'], '1086': ['1086'], '1089': ['1089'], '1043': ['1043'], '1121': ['1121'], '1122': ['1122'], '1123': ['1123'], '1124': ['1124'], '1036': ['1036'], '1092': ['1092'], '1150': ['1150'], '1093': ['1093'], '1094': ['1094'], '1145': ['1145'], '1151': ['1151'], '1144': ['1144'], '1149': ['1149'], '1037': ['1037'], '1044': ['1044'], '1087': ['1087'], '1088': ['1088'], '1090': ['1090'], '1142': ['1142'], '1141': ['1141'], '1091': ['1091'], '1143': ['1143'], '1045': ['1045'], '1115': ['1115'], '1062': ['1062'], '1077': ['1077'], '1117': ['1117'], '1152': ['1152'], '1075': ['1075'], '1076': ['1076'], '1118': ['1118'], '1073': ['1073'], '1078': ['1078'], '1074': ['1074'], '1116': ['1116'], '1135': ['1135'], '1137': ['1137'], '1140': ['1140'], '1139': ['1139'], '1119': ['1119'], '1120': ['1120'], '1132': ['1132'], '1130': ['1130'], '1134': ['1134'], '1133': ['1133']})"
117,"defaultdict(<class 'list'>, {'1040': ['1040'], '1080': ['1080'], '1079': ['1079', '1077', '1075', '1076', '1074'], '1081': ['1081'], '1095': ['1095'], '1082': ['1082', '1084', '1042', '1083', '1085'], '1096': ['1096'], '1136': ['1136'], '1138': ['1138'], '1041': ['1041'], '1126': ['1126'], '1125': ['1125'], '1127': ['1127'], '1128': ['1128'], '1129': ['1129'], '1131': ['1131'], '1032': ['1032'], '1052': ['1052'], '1063': ['1063'], '1160': ['1160'], '1051': ['1051'], '1055': ['1055'], '1057': ['1057'], '1060': ['1060'], '1071': ['1071'], '1147': ['1147'], '1148': ['1148', '1158', '1157', '1159', '1156'], '1161': ['1161'], '1053': ['1053'], '1066': ['1066'], '1056': ['1056'], '1061': ['1061'], '1072': ['1072'], '1162': ['1162'], '1033': ['1033', '1153', '1154', '1155', '1152'], '1101': ['1101'], '1109': ['1109'], '1102': ['1102'], '1103': ['1103'], '1105': ['1105'], '1106': ['1106'], '1113': ['1113'], '1108': ['1108'], '1110': ['1110'], '1104': ['1104'], '1107': ['1107'], '1114': ['1114'], '1038': ['1038'], '1048': ['1048'], '1049': ['1049'], '1050': ['1050'], '1054': ['1054'], '1068': ['1068'], '1039': ['1039'], '1097': ['1097'], '1098': ['1098'], '1099': ['1099'], '1112': ['1112'], '1100': ['1100'], '1034': ['1034'], '1067': ['1067'], '1035': ['1035'], '1111': ['1111'], '1030': ['1030'], '1046': ['1046'], '1069': ['1069'], '1058': ['1058'], '1059': ['1059'], '1064': ['1064'], '1065': ['1065'], '1047': ['1047'], '1070': ['1070'], '1031': ['1031'], '1086': ['1086'], '1089': ['1089'], '1043': ['1043'], '1121': ['1121'], '1122': ['1122'], '1123': ['1123'], '1124': ['1124'], '1036': ['1036'], '1092': ['1092'], '1150': ['1150'], '1093': ['1093'], '1094': ['1094'], '1145': ['1145'], '1151': ['1151'], '1144': ['1144'], '1149': ['1149'], '1037': ['1037'], '1044': ['1044'], '1087': ['1087'], '1088': ['1088'], '1090': ['1090'], '1142': ['1142'], '1141': ['1141'], '1091': ['1091'], '1143': ['1143'], '1045': ['1045'], '1115': ['1115'], '1062': ['1062'], '1117': ['1117'], '1146': ['1146'], '1118': ['1118'], '1073': ['1073'], '1078': ['1078'], '1116': ['1116'], '1135': ['1135'], '1137': ['1137'], '1140': ['1140'], '1139': ['1139'], '1119': ['1119'], '1120': ['1120'], '1132': ['1132'], '1130': ['1130'], '1134': ['1134'], '1133': ['1133']})"
117,"defaultdict(<class 'list'>, {'1040': ['1040'], '1080': ['1080'], '1079': ['1079'], '1081': ['1081'], '1095': ['1095'], '1082': ['1082'], '1084': ['1084'], '1096': ['1096'], '1136': ['1136'], '1138': ['1138'], '1041': ['1041'], '1126': ['1126'], '1125': ['1125'], '1127': ['1127'], '1128': ['1128'], '1129': ['1129'], '1131': ['1131'], '1032': ['1032', '1160', '1161', '1162', '1146'], '1052': ['1052'], '1063': ['1063'], '1051': ['1051'], '1055': ['1055'], '1057': ['1057'], '1060': ['1060'], '1071': ['1071'], '1147': ['1147'], '1148': ['1148'], '1158': ['1158'], '1053': ['1053'], '1066': ['1066'], '1056': ['1056'], '1061': ['1061'], '1072': ['1072'], '1157': ['1157'], '1159': ['1159'], '1033': ['1033'], '1101': ['1101', '1102', '1098', '1099', '1100'], '1109': ['1109'], '1153': ['1153'], '1103': ['1103'], '1105': ['1105'], '1106': ['1106'], '1113': ['1113'], '1154': ['1154'], '1155': ['1155'], '1108': ['1108'], '1110': ['1110', '1111', '1064', '1065', '1031'], '1104': ['1104'], '1107': ['1107'], '1114': ['1114'], '1156': ['1156'], '1038': ['1038'], '1048': ['1048'], '1049': ['1049'], '1050': ['1050'], '1054': ['1054'], '1068': ['1068'], '1039': ['1039'], '1097': ['1097'], '1112': ['1112'], '1034': ['1034'], '1067': ['1067'], '1035': ['1035'], '1030': ['1030'], '1046': ['1046'], '1069': ['1069'], '1058': ['1058'], '1059': ['1059'], '1047': ['1047'], '1070': ['1070'], '1042': ['1042'], '1083': ['1083'], '1085': ['1085'], '1086': ['1086'], '1089': ['1089'], '1043': ['1043'], '1121': ['1121'], '1122': ['1122'], '1123': ['1123'], '1124': ['1124'], '1036': ['1036'], '1092': ['1092'], '1150': ['1150'], '1093': ['1093', '1094', '1151', '1149', '1037'], '1145': ['1145'], '1144': ['1144'], '1044': ['1044'], '1087': ['1087'], '1088': ['1088'], '1090': ['1090'], '1142': ['1142'], '1141': ['1141'], '1091': ['1091'], '1143': ['1143'], '1045': ['1045'], '1115': ['1115'], '1062': ['1062'], '1077': ['1077'], '1117': ['1117'], '1152': ['1152'], '1075': ['1075'], '1076': ['1076'], '1118': ['1118'], '1073': ['1073'], '1078': ['1078'], '1074': ['1074'], '1116': ['1116'], '1135': ['1135'], '1137': ['1137'], '1140': ['1140'], '1139': ['1139'], '1119': ['1119'], '1120': ['1120'], '1132': ['1132'], '1130': ['1130'], '1134': ['1134'], '1133': ['1133']})"
117,"defaultdict(<class 'list'>, {'1040': ['1040'], '1080': ['1080'], '1079': ['1079'], '1081': ['1081'], '1095': ['1095'], '1082': ['1082'], '1084': ['1084'], '1096': ['1096', '1138', '1135', '1137', '1139'], '1136': ['1136'], '1041': ['1041'], '1126': ['1126'], '1125': ['1125'], '1127': ['1127'], '1128': ['1128'], '1129': ['1129'], '1131': ['1131'], '1032': ['1032'], '1052': ['1052'], '1063': ['1063'], '1160': ['1160'], '1051': ['1051'], '1055': ['1055'], '1057': ['1057'], '1060': ['1060'], '1071': ['1071'], '1147': ['1147'], '1148': ['1148'], '1158': ['1158'], '1161': ['1161'], '1053': ['1053'], '1066': ['1066'], '1056': ['1056'], '1061': ['1061'], '1072': ['1072'], '1157': ['1157'], '1159': ['1159'], '1162': ['1162'], '1033': ['1033', '1153', '1154', '1155', '1152'], '1101': ['1101'], '1109': ['1109'], '1102': ['1102'], '1103': ['1103'], '1105': ['1105'], '1106': ['1106'], '1113': ['1113'], '1108': ['1108'], '1110': ['1110'], '1104': ['1104'], '1107': ['1107'], '1114': ['1114'], '1156': ['1156'], '1038': ['1038'], '1048': ['1048'], '1049': ['1049'], '1050': ['1050'], '1054': ['1054'], '1068': ['1068'], '1039': ['1039'], '1097': ['1097'], '1098': ['1098'], '1099': ['1099'], '1112': ['1112'], '1100': ['1100'], '1034': ['1034'], '1067': ['1067'], '1035': ['1035'], '1111': ['1111'], '1030': ['1030'], '1046': ['1046'], '1069': ['1069'], '1058': ['1058'], '1059': ['1059'], '1064': ['1064'], '1065': ['1065'], '1047': ['1047'], '1070': ['1070'], '1031': ['1031'], '1042': ['1042'], '1083': ['1083'], '1085': ['1085'], '1086': ['1086', '1089', '1044', '1087', '1090'], '1043': ['1043', '1121', '1122', '1123', '1045'], '1124': ['1124'], '1036': ['1036'], '1092': ['1092'], '1150': ['1150'], '1093': ['1093'], '1094': ['1094'], '1145': ['1145'], '1151': ['1151'], '1144': ['1144'], '1149': ['1149'], '1037': ['1037'], '1088': ['1088'], '1142': ['1142'], '1141': ['1141'], '1091': ['1091'], '1143': ['1143'], '1115': ['1115'], '1062': ['1062'], '1077': ['1077'], '1117': ['1117'], '1146': ['1146'], '1075': ['1075'], '1076': ['1076'], '1118': ['1118'], '1073': ['1073'], '1078': ['1078'], '1074': ['1074'], '1116': ['1116'], '1140': ['1140'], '1119': ['1119'], '1120': ['1120'], '1132': ['1132'], '1130': ['1130'], '1134': ['1134'], '1133': ['1133']})"
117,"defaultdict(<class 'list'>, {'1040': ['1040'], '1080': ['1080'], '1079': ['1079'], '1081': ['1081'], '1095': ['1095'], '1082': ['1082', '1084', '1042', '1083', '1085'], '1096': ['1096', '1138', '1135', '1137', '1139'], '1136': ['1136'], '1041': ['1041'], '1126': ['1126'], '1125': ['1125'], '1127': ['1127'], '1128': ['1128'], '1129': ['1129'], '1131': ['1131'], '1032': ['1032'], '1052': ['1052'], '1063': ['1063'], '1160': ['1160'], '1051': ['1051'], '1055': ['1055'], '1057': ['1057'], '1060': ['1060'], '1071': ['1071'], '1147': ['1147'], '1148': ['1148'], '1158': ['1158'], '1161': ['1161'], '1053': ['1053'], '1066': ['1066'], '1056': ['1056'], '1061': ['1061'], '1072': ['1072'], '1157': ['1157'], '1159': ['1159'], '1162': ['1162'], '1033': ['1033'], '1101': ['1101'], '1109': ['1109'], '1153': ['1153'], '1102': ['1102'], '1103': ['1103'], '1105': ['1105'], '1106': ['1106'], '1113': ['1113'], '1154': ['1154'], '1155': ['1155'], '1108': ['1108'], '1110': ['1110'], '1104': ['1104'], '1107': ['1107'], '1114': ['1114'], '1156': ['1156'], '1038': ['1038', '1048', '1068', '1034', '1067'], '1049': ['1049'], '1050': ['1050'], '1054': ['1054'], '1039': ['1039'], '1097': ['1097'], '1098': ['1098'], '1099': ['1099'], '1112': ['1112'], '1100': ['1100'], '1035': ['1035'], '1111': ['1111'], '1030': ['1030'], '1046': ['1046'], '1069': ['1069'], '1058': ['1058'], '1059': ['1059'], '1064': ['1064'], '1065': ['1065'], '1047': ['1047'], '1070': ['1070'], '1031': ['1031'], '1086': ['1086'], '1089': ['1089'], '1043': ['1043', '1121', '1122', '1123', '1045'], '1124': ['1124'], '1036': ['1036'], '1092': ['1092'], '1150': ['1150'], '1093': ['1093'], '1094': ['1094'], '1145': ['1145'], '1151': ['1151'], '1144': ['1144'], '1149': ['1149'], '1037': ['1037'], '1044': ['1044'], '1087': ['1087'], '1088': ['1088'], '1090': ['1090'], '1142': ['1142'], '1141': ['1141'], '1091': ['1091'], '1143': ['1143'], '1115': ['1115'], '1062': ['1062'], '1077': ['1077'], '1117': ['1117'], '1146': ['1146'], '1152': ['1152'], '1075': ['1075'], '1076': ['1076'], '1118': ['1118'], '1073': ['1073'], '1078': ['1078'], '1074': ['1074'], '1116': ['1116'], '1140': ['1140'], '1119': ['1119'], '1120': ['1120'], '1132': ['1132'], '1130': ['1130'], '1134': ['1134'], '1133': ['1133']})"
117,"defaultdict(<class 'list'>, {'1040': ['1040'], '1080': ['1080'], '1079': ['1079'], '1081': ['1081'], '1095': ['1095'], '1082': ['1082'], '1084': ['1084'], '1096': ['1096'], '1136': ['1136'], '1138': ['1138'], '1041': ['1041'], '1126': ['1126'], '1125': ['1125'], '1127': ['1127'], '1128': ['1128'], '1129': ['1129'], '1131': ['1131'], '1032': ['1032'], '1052': ['1052'], '1063': ['1063'], '1160': ['1160'], '1051': ['1051'], '1055': ['1055'], '1057': ['1057'], '1060': ['1060'], '1071': ['1071'], '1147': ['1147'], '1148': ['1148', '1158', '1157', '1159', '1156'], '1161': ['1161'], '1053': ['1053'], '1066': ['1066'], '1056': ['1056'], '1061': ['1061'], '1072': ['1072'], '1162': ['1162'], '1033': ['1033', '1153', '1154', '1155', '1152'], '1101': ['1101'], '1109': ['1109'], '1102': ['1102'], '1103': ['1103'], '1105': ['1105'], '1106': ['1106'], '1113': ['1113'], '1108': ['1108'], '1110': ['1110'], '1104': ['1104'], '1107': ['1107'], '1114': ['1114'], '1038': ['1038'], '1048': ['1048'], '1049': ['1049'], '1050': ['1050'], '1054': ['1054'], '1068': ['1068'], '1039': ['1039', '1097', '1098', '1099', '1035'], '1112': ['1112'], '1100': ['1100'], '1034': ['1034'], '1067': ['1067'], '1111': ['1111'], '1030': ['1030'], '1046': ['1046'], '1069': ['1069'], '1058': ['1058'], '1059': ['1059'], '1064': ['1064'], '1065': ['1065'], '1047': ['1047'], '1070': ['1070'], '1031': ['1031'], '1042': ['1042'], '1083': ['1083'], '1085': ['1085'], '1086': ['1086'], '1089': ['1089'], '1043': ['1043'], '1121': ['1121'], '1122': ['1122'], '1123': ['1123'], '1124': ['1124'], '1036': ['1036'], '1092': ['1092'], '1150': ['1150'], '1093': ['1093'], '1094': ['1094'], '1145': ['1145'], '1151': ['1151'], '1144': ['1144'], '1149': ['1149'], '1037': ['1037'], '1044': ['1044'], '1087': ['1087'], '1088': ['1088'], '1090': ['1090'], '1142': ['1142'], '1141': ['1141'], '1091': ['1091'], '1143': ['1143'], '1045': ['1045'], '1115': ['1115'], '1062': ['1062'], '1077': ['1077'], '1117': ['1117', '1118', '1116', '1119', '1120'], '1146': ['1146'], '1075': ['1075'], '1076': ['1076'], '1073': ['1073'], '1078': ['1078'], '1074': ['1074'], '1135': ['1135'], '1137': ['1137'], '1140': ['1140'], '1139': ['1139'], '1132': ['1132'], '1130': ['1130'], '1134': ['1134'], '1133': ['1133']})"
117,"defaultdict(<class 'list'>, {'1040': ['1040'], '1080': ['1080'], '1079': ['1079'], '1081': ['1081'], '1095': ['1095'], '1082': ['1082'], '1084': ['1084'], '1096': ['1096'], '1136': ['1136'], '1138': ['1138'], '1041': ['1041'], '1126': ['1126'], '1125': ['1125'], '1127': ['1127'], '1128': ['1128'], '1129': ['1129'], '1131': ['1131'], '1032': ['1032'], '1052': ['1052'], '1063': ['1063'], '1160': ['1160'], '1051': ['1051'], '1055': ['1055'], '1057': ['1057'], '1060': ['1060'], '1071': ['1071'], '1147': ['1147'], '1148': ['1148'], '1158': ['1158'], '1161': ['1161'], '1053': ['1053'], '1066': ['1066'], '1056': ['1056'], '1061': ['1061'], '1072': ['1072'], '1157': ['1157'], '1159': ['1159'], '1162': ['1162'], '1033': ['1033'], '1101': ['1101'], '1109': ['1109'], '1153': ['1153'], '1102': ['1102'], '1103': ['1103'], '1105': ['1105'], '1106': ['1106'], '1113': ['1113'], '1154': ['1154'], '1155': ['1155'], '1108': ['1108'], '1110': ['1110'], '1104': ['1104'], '1107': ['1107'], '1114': ['1114'], '1156': ['1156'], '1038': ['1038'], '1048': ['1048'], '1049': ['1049'], '1050': ['1050'], '1054': ['1054'], '1068': ['1068'], '1039': ['1039'], '1097': ['1097'], '1098': ['1098'], '1099': ['1099'], '1112': ['1112'], '1100': ['1100'], '1034': ['1034'], '1067': ['1067'], '1035': ['1035'], '1111': ['1111'], '1030': ['1030', '1046', '1069', '1047', '1070'], '1058': ['1058'], '1059': ['1059'], '1064': ['1064'], '1065': ['1065'], '1031': ['1031'], '1042': ['1042'], '1083': ['1083'], '1085': ['1085'], '1086': ['1086', '1089', '1087', '1090', '1091'], '1043': ['1043', '1121', '1122', '1123', '1045'], '1124': ['1124'], '1036': ['1036'], '1092': ['1092'], '1150': ['1150'], '1093': ['1093', '1094', '1151', '1149', '1037'], '1145': ['1145'], '1144': ['1144'], '1044': ['1044'], '1088': ['1088'], '1142': ['1142'], '1141': ['1141'], '1143': ['1143'], '1115': ['1115'], '1062': ['1062'], '1077': ['1077'], '1117': ['1117'], '1146': ['1146'], '1152': ['1152'], '1075': ['1075'], '1076': ['1076'], '1118': ['1118'], '1073': ['1073'], '1078': ['1078'], '1074': ['1074'], '1116': ['1116'], '1135': ['1135'], '1137': ['1137'], '1140': ['1140'], '1139': ['1139'], '1119': ['1119'], '1120': ['1120'], '1132': ['1132'], '1130': ['1130'], '1134': ['1134'], '1133': ['1133']})"
117,"defaultdict(<class 'list'>, {'1040': ['1040', '1080', '1079', '1081', '1078'], '1095': ['1095'], '1082': ['1082'], '1084': ['1084'], '1096': ['1096'], '1136': ['1136'], '1138': ['1138'], '1041': ['1041'], '1126': ['1126', '1125', '1127', '1128', '1124'], '1129': ['1129'], '1131': ['1131'], '1032': ['1032', '1160', '1161', '1162', '1146'], '1052': ['1052'], '1063': ['1063'], '1051': ['1051'], '1055': ['1055'], '1057': ['1057'], '1060': ['1060'], '1071': ['1071'], '1147': ['1147'], '1148': ['1148'], '1158': ['1158'], '1053': ['1053'], '1066': ['1066'], '1056': ['1056'], '1061': ['1061'], '1072': ['1072'], '1157': ['1157'], '1159': ['1159'], '1033': ['1033'], '1101': ['1101'], '1109': ['1109'], '1153': ['1153'], '1102': ['1102'], '1103': ['1103'], '1105': ['1105'], '1106': ['1106'], '1113': ['1113'], '1154': ['1154'], '1155': ['1155'], '1108': ['1108'], '1110': ['1110'], '1104': ['1104'], '1107': ['1107'], '1114': ['1114'], '1156': ['1156'], '1038': ['1038'], '1048': ['1048'], '1049': ['1049'], '1050': ['1050'], '1054': ['1054'], '1068': ['1068'], '1039': ['1039'], '1097': ['1097'], '1098': ['1098'], '1099': ['1099'], '1112': ['1112'], '1100': ['1100'], '1034': ['1034'], '1067': ['1067'], '1035': ['1035'], '1111': ['1111'], '1030': ['1030'], '1046': ['1046'], '1069': ['1069'], '1058': ['1058'], '1059': ['1059'], '1064': ['1064'], '1065': ['1065'], '1047': ['1047'], '1070': ['1070'], '1031': ['1031'], '1042': ['1042'], '1083': ['1083'], '1085': ['1085'], '1086': ['1086'], '1089': ['1089'], '1043': ['1043'], '1121': ['1121'], '1122': ['1122'], '1123': ['1123'], '1036': ['1036'], '1092': ['1092'], '1150': ['1150'], '1093': ['1093', '1094', '1151', '1149', '1037'], '1145': ['1145'], '1144': ['1144'], '1044': ['1044'], '1087': ['1087'], '1088': ['1088'], '1090': ['1090'], '1142': ['1142'], '1141': ['1141'], '1091': ['1091'], '1143': ['1143'], '1045': ['1045'], '1115': ['1115'], '1062': ['1062'], '1077': ['1077'], '1117': ['1117'], '1152': ['1152'], '1075': ['1075'], '1076': ['1076'], '1118': ['1118'], '1073': ['1073'], '1074': ['1074'], '1116': ['1116'], '1135': ['1135'], '1137': ['1137'], '1140': ['1140'], '1139': ['1139'], '1119': ['1119'], '1120': ['1120'], '1132': ['1132'], '1130': ['1130'], '1134': ['1134'], '1133': ['1133']})"
117,"defaultdict(<class 'list'>, {'1040': ['1040'], '1080': ['1080'], '1079': ['1079'], '1081': ['1081'], '1095': ['1095'], '1082': ['1082'], '1084': ['1084'], '1096': ['1096'], '1136': ['1136'], '1138': ['1138'], '1041': ['1041'], '1126': ['1126'], '1125': ['1125'], '1127': ['1127'], '1128': ['1128'], '1129': ['1129'], '1131': ['1131'], '1032': ['1032'], '1052': ['1052'], '1063': ['1063'], '1160': ['1160', '1147', '1161', '1145', '1146'], '1051': ['1051'], '1055': ['1055'], '1057': ['1057'], '1060': ['1060'], '1071': ['1071'], '1148': ['1148'], '1158': ['1158'], '1053': ['1053'], '1066': ['1066'], '1056': ['1056'], '1061': ['1061'], '1072': ['1072'], '1157': ['1157'], '1159': ['1159'], '1162': ['1162'], '1033': ['1033', '1101', '1109', '1153', '1100'], '1102': ['1102'], '1103': ['1103'], '1105': ['1105', '1106', '1107', '1058', '1059'], '1113': ['1113'], '1154': ['1154'], '1155': ['1155'], '1108': ['1108'], '1110': ['1110'], '1104': ['1104'], '1114': ['1114'], '1156': ['1156'], '1038': ['1038'], '1048': ['1048'], '1049': ['1049'], '1050': ['1050'], '1054': ['1054'], '1068': ['1068'], '1039': ['1039'], '1097': ['1097'], '1098': ['1098'], '1099': ['1099'], '1112': ['1112'], '1034': ['1034'], '1067': ['1067'], '1035': ['1035'], '1111': ['1111'], '1030': ['1030'], '1046': ['1046'], '1069': ['1069'], '1064': ['1064'], '1065': ['1065'], '1047': ['1047'], '1070': ['1070'], '1031': ['1031'], '1042': ['1042'], '1083': ['1083'], '1085': ['1085'], '1086': ['1086'], '1089': ['1089'], '1043': ['1043'], '1121': ['1121'], '1122': ['1122'], '1123': ['1123'], '1124': ['1124'], '1036': ['1036'], '1092': ['1092'], '1150': ['1150'], '1093': ['1093', '1094', '1151', '1149', '1037'], '1144': ['1144'], '1044': ['1044'], '1087': ['1087'], '1088': ['1088'], '1090': ['1090'], '1142': ['1142'], '1141': ['1141'], '1091': ['1091'], '1143': ['1143'], '1045': ['1045'], '1115': ['1115'], '1062': ['1062'], '1077': ['1077'], '1117': ['1117'], '1152': ['1152'], '1075': ['1075'], '1076': ['1076'], '1118': ['1118'], '1073': ['1073'], '1078': ['1078'], '1074': ['1074'], '1116': ['1116'], '1135': ['1135'], '1137': ['1137'], '1140': ['1140'], '1139': ['1139'], '1119': ['1119'], '1120': ['1120'], '1132': ['1132'], '1130': ['1130'], '1134': ['1134'], '1133': ['1133']})"
117,"defaultdict(<class 'list'>, {'1040': ['1040'], '1080': ['1080', '1079', '1077', '1076', '1078'], '1081': ['1081'], '1095': ['1095'], '1082': ['1082'], '1084': ['1084'], '1096': ['1096', '1138', '1135', '1137', '1139'], '1136': ['1136'], '1041': ['1041'], '1126': ['1126'], '1125': ['1125'], '1127': ['1127'], '1128': ['1128'], '1129': ['1129'], '1131': ['1131'], '1032': ['1032'], '1052': ['1052'], '1063': ['1063'], '1160': ['1160'], '1051': ['1051'], '1055': ['1055'], '1057': ['1057'], '1060': ['1060'], '1071': ['1071'], '1147': ['1147'], '1148': ['1148'], '1158': ['1158'], '1161': ['1161'], '1053': ['1053'], '1066': ['1066'], '1056': ['1056'], '1061': ['1061'], '1072': ['1072'], '1157': ['1157'], '1159': ['1159'], '1162': ['1162'], '1033': ['1033'], '1101': ['1101'], '1109': ['1109'], '1153': ['1153'], '1102': ['1102'], '1103': ['1103'], '1105': ['1105'], '1106': ['1106'], '1113': ['1113'], '1154': ['1154'], '1155': ['1155'], '1108': ['1108'], '1110': ['1110'], '1104': ['1104'], '1107': ['1107'], '1114': ['1114'], '1156': ['1156'], '1038': ['1038'], '1048': ['1048'], '1049': ['1049'], '1050': ['1050'], '1054': ['1054'], '1068': ['1068'], '1039': ['1039'], '1097': ['1097'], '1098': ['1098'], '1099': ['1099'], '1112': ['1112'], '1100': ['1100'], '1034': ['1034'], '1067': ['1067'], '1035': ['1035'], '1111': ['1111'], '1030': ['1030'], '1046': ['1046'], '1069': ['1069'], '1058': ['1058'], '1059': ['1059'], '1064': ['1064'], '1065': ['1065'], '1047': ['1047'], '1070': ['1070'], '1031': ['1031'], '1042': ['1042'], '1083': ['1083'], '1085': ['1085'], '1086': ['1086'], '1089': ['1089'], '1043': ['1043'], '1121': ['1121'], '1122': ['1122'], '1123': ['1123'], '1124': ['1124'], '1036': ['1036'], '1092': ['1092'], '1150': ['1150'], '1093': ['1093', '1094', '1151', '1149', '1037'], '1145': ['1145'], '1144': ['1144'], '1044': ['1044'], '1087': ['1087'], '1088': ['1088', '1142', '1141', '1143', '1140'], '1090': ['1090'], '1091': ['1091'], '1045': ['1045'], '1115': ['1115'], '1062': ['1062'], '1117': ['1117'], '1146': ['1146'], '1152': ['1152'], '1075': ['1075'], '1118': ['1118'], '1073': ['1073'], '1074': ['1074'], '1116': ['1116'], '1119': ['1119'], '1120': ['1120'], '1132': ['1132'], '1130': ['1130'], '1134': ['1134'], '1133': ['1133']})"
117,"defaultdict(<class 'list'>, {'1040': ['1040'], '1080': ['1080'], '1079': ['1079', '1077', '1075', '1076', '1074'], '1081': ['1081'], '1095': ['1095'], '1082': ['1082'], '1084': ['1084'], '1096': ['1096'], '1136': ['1136'], '1138': ['1138'], '1041': ['1041'], '1126': ['1126'], '1125': ['1125'], '1127': ['1127'], '1128': ['1128'], '1129': ['1129'], '1131': ['1131'], '1032': ['1032'], '1052': ['1052'], '1063': ['1063'], '1160': ['1160'], '1051': ['1051'], '1055': ['1055'], '1057': ['1057'], '1060': ['1060'], '1071': ['1071'], '1147': ['1147'], '1148': ['1148'], '1158': ['1158'], '1161': ['1161'], '1053': ['1053'], '1066': ['1066'], '1056': ['1056'], '1061': ['1061'], '1072': ['1072'], '1157': ['1157'], '1159': ['1159'], '1162': ['1162'], '1033': ['1033'], '1101': ['1101'], '1109': ['1109'], '1153': ['1153'], '1102': ['1102'], '1103': ['1103'], '1105': ['1105', '1106', '1107', '1058', '1059'], '1113': ['1113'], '1154': ['1154', '1036', '1150', '1151', '1152'], '1155': ['1155'], '1108': ['1108'], '1110': ['1110'], '1104': ['1104'], '1114': ['1114'], '1156': ['1156'], '1038': ['1038'], '1048': ['1048'], '1049': ['1049'], '1050': ['1050'], '1054': ['1054'], '1068': ['1068'], '1039': ['1039', '1097', '1098', '1099', '1035'], '1112': ['1112'], '1100': ['1100'], '1034': ['1034'], '1067': ['1067'], '1111': ['1111'], '1030': ['1030'], '1046': ['1046'], '1069': ['1069'], '1064': ['1064'], '1065': ['1065'], '1047': ['1047'], '1070': ['1070'], '1031': ['1031'], '1042': ['1042'], '1083': ['1083'], '1085': ['1085'], '1086': ['1086'], '1089': ['1089'], '1043': ['1043'], '1121': ['1121'], '1122': ['1122'], '1123': ['1123'], '1124': ['1124'], '1092': ['1092'], '1093': ['1093'], '1094': ['1094'], '1145': ['1145'], '1144': ['1144'], '1149': ['1149'], '1037': ['1037'], '1044': ['1044'], '1087': ['1087'], '1088': ['1088'], '1090': ['1090'], '1142': ['1142'], '1141': ['1141'], '1091': ['1091'], '1143': ['1143'], '1045': ['1045'], '1115': ['1115'], '1062': ['1062'], '1117': ['1117'], '1146': ['1146'], '1118': ['1118'], '1073': ['1073'], '1078': ['1078'], '1116': ['1116'], '1135': ['1135'], '1137': ['1137'], '1140': ['1140'], '1139': ['1139'], '1119': ['1119'], '1120': ['1120'], '1132': ['1132'], '1130': ['1130'], '1134': ['1134'], '1133': ['1133']})"
117,"defaultdict(<class 'list'>, {'1040': ['1040'], '1080': ['1080'], '1079': ['1079'], '1081': ['1081'], '1095': ['1095'], '1082': ['1082'], '1084': ['1084'], '1096': ['1096'], '1136': ['1136'], '1138': ['1138'], '1041': ['1041'], '1126': ['1126'], '1125': ['1125'], '1127': ['1127'], '1128': ['1128'], '1129': ['1129'], '1131': ['1131'], '1032': ['1032', '1052', '1063', '1053', '1049'], '1160': ['1160'], '1051': ['1051'], '1055': ['1055'], '1057': ['1057'], '1060': ['1060'], '1071': ['1071'], '1147': ['1147'], '1148': ['1148', '1158', '1157', '1159', '1156', '1153', '1154', '1155', '1152'], '1161': ['1161'], '1066': ['1066'], '1056': ['1056'], '1061': ['1061'], '1072': ['1072'], '1162': ['1162'], '1033': ['1033'], '1101': ['1101'], '1109': ['1109'], '1102': ['1102'], '1103': ['1103'], '1105': ['1105'], '1106': ['1106'], '1113': ['1113'], '1108': ['1108'], '1110': ['1110'], '1104': ['1104'], '1107': ['1107'], '1114': ['1114'], '1038': ['1038'], '1048': ['1048'], '1050': ['1050'], '1054': ['1054'], '1068': ['1068'], '1039': ['1039', '1097', '1098', '1099', '1035'], '1112': ['1112'], '1100': ['1100'], '1034': ['1034'], '1067': ['1067'], '1111': ['1111'], '1030': ['1030'], '1046': ['1046'], '1069': ['1069'], '1058': ['1058'], '1059': ['1059'], '1064': ['1064'], '1065': ['1065'], '1047': ['1047'], '1070': ['1070'], '1031': ['1031'], '1042': ['1042'], '1083': ['1083'], '1085': ['1085'], '1086': ['1086'], '1089': ['1089'], '1043': ['1043'], '1121': ['1121'], '1122': ['1122'], '1123': ['1123'], '1124': ['1124'], '1036': ['1036'], '1092': ['1092'], '1150': ['1150'], '1093': ['1093'], '1094': ['1094'], '1145': ['1145'], '1151': ['1151'], '1144': ['1144'], '1149': ['1149'], '1037': ['1037'], '1044': ['1044'], '1087': ['1087'], '1088': ['1088'], '1090': ['1090'], '1142': ['1142'], '1141': ['1141'], '1091': ['1091'], '1143': ['1143'], '1045': ['1045'], '1115': ['1115'], '1062': ['1062'], '1077': ['1077'], '1117': ['1117'], '1146': ['1146'], '1075': ['1075'], '1076': ['1076'], '1118': ['1118'], '1073': ['1073'], '1078': ['1078'], '1074': ['1074'], '1116': ['1116'], '1135': ['1135'], '1137': ['1137'], '1140': ['1140'], '1139': ['1139'], '1119': ['1119'], '1120': ['1120'], '1132': ['1132'], '1130': ['1130'], '1134': ['1134'], '1133': ['1133']})"
117,"defaultdict(<class 'list'>, {'1040': ['1040'], '1080': ['1080'], '1079': ['1079'], '1081': ['1081'], '1095': ['1095'], '1082': ['1082'], '1084': ['1084'], '1096': ['1096'], '1136': ['1136'], '1138': ['1138'], '1041': ['1041'], '1126': ['1126'], '1125': ['1125'], '1127': ['1127'], '1128': ['1128'], '1129': ['1129'], '1131': ['1131'], '1032': ['1032'], '1052': ['1052'], '1063': ['1063'], '1160': ['1160'], '1051': ['1051'], '1055': ['1055'], '1057': ['1057'], '1060': ['1060'], '1071': ['1071'], '1147': ['1147'], '1148': ['1148', '1158', '1157', '1159', '1156'], '1161': ['1161'], '1053': ['1053'], '1066': ['1066'], '1056': ['1056'], '1061': ['1061', '1062', '1075', '1073', '1074'], '1072': ['1072'], '1162': ['1162'], '1033': ['1033'], '1101': ['1101'], '1109': ['1109'], '1153': ['1153'], '1102': ['1102', '1103', '1104', '1117', '1118'], '1105': ['1105'], '1106': ['1106'], '1113': ['1113'], '1154': ['1154'], '1155': ['1155'], '1108': ['1108'], '1110': ['1110'], '1107': ['1107'], '1114': ['1114'], '1038': ['1038'], '1048': ['1048'], '1049': ['1049'], '1050': ['1050'], '1054': ['1054'], '1068': ['1068'], '1039': ['1039'], '1097': ['1097'], '1098': ['1098'], '1099': ['1099'], '1112': ['1112'], '1100': ['1100'], '1034': ['1034'], '1067': ['1067'], '1035': ['1035'], '1111': ['1111'], '1030': ['1030'], '1046': ['1046'], '1069': ['1069', '1064', '1065', '1070', '1031'], '1058': ['1058'], '1059': ['1059'], '1047': ['1047'], '1042': ['1042'], '1083': ['1083'], '1085': ['1085'], '1086': ['1086'], '1089': ['1089'], '1043': ['1043'], '1121': ['1121'], '1122': ['1122'], '1123': ['1123'], '1124': ['1124'], '1036': ['1036'], '1092': ['1092'], '1150': ['1150'], '1093': ['1093'], '1094': ['1094'], '1145': ['1145'], '1151': ['1151'], '1144': ['1144'], '1149': ['1149'], '1037': ['1037'], '1044': ['1044'], '1087': ['1087'], '1088': ['1088'], '1090': ['1090'], '1142': ['1142'], '1141': ['1141'], '1091': ['1091'], '1143': ['1143'], '1045': ['1045'], '1115': ['1115'], '1077': ['1077'], '1146': ['1146'], '1152': ['1152'], '1076': ['1076'], '1078': ['1078'], '1116': ['1116'], '1135': ['1135'], '1137': ['1137'], '1140': ['1140'], '1139': ['1139'], '1119': ['1119'], '1120': ['1120'], '1132': ['1132'], '1130': ['1130'], '1134': ['1134'], '1133': ['1133']})"
117,"defaultdict(<class 'list'>, {'1040': ['1040'], '1080': ['1080'], '1079': ['1079'], '1081': ['1081'], '1095': ['1095'], '1082': ['1082'], '1084': ['1084'], '1096': ['1096'], '1136': ['1136'], '1138': ['1138'], '1041': ['1041'], '1126': ['1126'], '1125': ['1125'], '1127': ['1127'], '1128': ['1128'], '1129': ['1129'], '1131': ['1131'], '1032': ['1032', '1160', '1161', '1162', '1146'], '1052': ['1052', '1051', '1053', '1049', '1050'], '1063': ['1063'], '1055': ['1055'], '1057': ['1057'], '1060': ['1060'], '1071': ['1071'], '1147': ['1147'], '1148': ['1148'], '1158': ['1158'], '1066': ['1066'], '1056': ['1056'], '1061': ['1061'], '1072': ['1072'], '1157': ['1157'], '1159': ['1159'], '1033': ['1033'], '1101': ['1101'], '1109': ['1109'], '1153': ['1153', '1154', '1155', '1156', '1152'], '1102': ['1102'], '1103': ['1103'], '1105': ['1105'], '1106': ['1106'], '1113': ['1113'], '1108': ['1108'], '1110': ['1110'], '1104': ['1104'], '1107': ['1107'], '1114': ['1114'], '1038': ['1038'], '1048': ['1048'], '1054': ['1054'], '1068': ['1068'], '1039': ['1039'], '1097': ['1097'], '1098': ['1098'], '1099': ['1099'], '1112': ['1112'], '1100': ['1100'], '1034': ['1034'], '1067': ['1067'], '1035': ['1035'], '1111': ['1111'], '1030': ['1030'], '1046': ['1046'], '1069': ['1069'], '1058': ['1058'], '1059': ['1059'], '1064': ['1064'], '1065': ['1065'], '1047': ['1047'], '1070': ['1070'], '1031': ['1031'], '1042': ['1042'], '1083': ['1083'], '1085': ['1085'], '1086': ['1086'], '1089': ['1089'], '1043': ['1043'], '1121': ['1121'], '1122': ['1122'], '1123': ['1123'], '1124': ['1124'], '1036': ['1036'], '1092': ['1092'], '1150': ['1150'], '1093': ['1093'], '1094': ['1094'], '1145': ['1145'], '1151': ['1151'], '1144': ['1144'], '1149': ['1149'], '1037': ['1037'], '1044': ['1044'], '1087': ['1087'], '1088': ['1088', '1142', '1141', '1143', '1139'], '1090': ['1090'], '1091': ['1091'], '1045': ['1045'], '1115': ['1115'], '1062': ['1062'], '1077': ['1077'], '1117': ['1117'], '1075': ['1075'], '1076': ['1076'], '1118': ['1118'], '1073': ['1073'], '1078': ['1078'], '1074': ['1074'], '1116': ['1116'], '1135': ['1135'], '1137': ['1137'], '1140': ['1140'], '1119': ['1119'], '1120': ['1120'], '1132': ['1132'], '1130': ['1130'], '1134': ['1134'], '1133': ['1133']})"
117,"defaultdict(<class 'list'>, {'1040': ['1040'], '1080': ['1080'], '1079': ['1079'], '1081': ['1081'], '1095': ['1095'], '1082': ['1082'], '1084': ['1084'], '1096': ['1096'], '1136': ['1136'], '1138': ['1138'], '1041': ['1041'], '1126': ['1126'], '1125': ['1125'], '1127': ['1127'], '1128': ['1128', '1129', '1132', '1130', '1134'], '1131': ['1131'], '1032': ['1032'], '1052': ['1052'], '1063': ['1063'], '1160': ['1160'], '1051': ['1051'], '1055': ['1055'], '1057': ['1057'], '1060': ['1060'], '1071': ['1071'], '1147': ['1147'], '1148': ['1148'], '1158': ['1158'], '1161': ['1161'], '1053': ['1053'], '1066': ['1066'], '1056': ['1056'], '1061': ['1061'], '1072': ['1072'], '1157': ['1157'], '1159': ['1159'], '1162': ['1162'], '1033': ['1033'], '1101': ['1101'], '1109': ['1109'], '1153': ['1153'], '1102': ['1102'], '1103': ['1103'], '1105': ['1105'], '1106': ['1106'], '1113': ['1113'], '1154': ['1154'], '1155': ['1155'], '1108': ['1108'], '1110': ['1110'], '1104': ['1104'], '1107': ['1107'], '1114': ['1114'], '1156': ['1156'], '1038': ['1038', '1048', '1068', '1034', '1067'], '1049': ['1049'], '1050': ['1050'], '1054': ['1054'], '1039': ['1039'], '1097': ['1097'], '1098': ['1098'], '1099': ['1099'], '1112': ['1112'], '1100': ['1100'], '1035': ['1035'], '1111': ['1111'], '1030': ['1030'], '1046': ['1046'], '1069': ['1069'], '1058': ['1058'], '1059': ['1059'], '1064': ['1064'], '1065': ['1065'], '1047': ['1047'], '1070': ['1070'], '1031': ['1031'], '1042': ['1042'], '1083': ['1083'], '1085': ['1085'], '1086': ['1086'], '1089': ['1089'], '1043': ['1043'], '1121': ['1121'], '1122': ['1122'], '1123': ['1123'], '1124': ['1124'], '1036': ['1036'], '1092': ['1092'], '1150': ['1150'], '1093': ['1093'], '1094': ['1094'], '1145': ['1145'], '1151': ['1151'], '1144': ['1144'], '1149': ['1149'], '1037': ['1037'], '1044': ['1044'], '1087': ['1087'], '1088': ['1088', '1142', '1141', '1143', '1140'], '1090': ['1090'], '1091': ['1091'], '1045': ['1045'], '1115': ['1115'], '1062': ['1062'], '1077': ['1077'], '1117': ['1117', '1118', '1116', '1119', '1120'], '1146': ['1146'], '1152': ['1152'], '1075': ['1075'], '1076': ['1076'], '1073': ['1073'], '1078': ['1078'], '1074': ['1074'], '1135': ['1135'], '1137': ['1137'], '1139': ['1139'], '1133': ['1133']})"
117,"defaultdict(<class 'list'>, {'1040': ['1040'], '1080': ['1080'], '1079': ['1079'], '1081': ['1081'], '1095': ['1095'], '1082': ['1082'], '1084': ['1084', '1042', '1085', '1086', '1087'], '1096': ['1096'], '1136': ['1136'], '1138': ['1138'], '1041': ['1041'], '1126': ['1126'], '1125': ['1125'], '1127': ['1127'], '1128': ['1128'], '1129': ['1129'], '1131': ['1131'], '1032': ['1032'], '1052': ['1052'], '1063': ['1063'], '1160': ['1160'], '1051': ['1051'], '1055': ['1055'], '1057': ['1057'], '1060': ['1060'], '1071': ['1071'], '1147': ['1147'], '1148': ['1148'], '1158': ['1158'], '1161': ['1161'], '1053': ['1053'], '1066': ['1066'], '1056': ['1056'], '1061': ['1061'], '1072': ['1072'], '1157': ['1157'], '1159': ['1159'], '1162': ['1162'], '1033': ['1033'], '1101': ['1101', '1102', '1098', '1099', '1100'], '1109': ['1109'], '1153': ['1153'], '1103': ['1103'], '1105': ['1105'], '1106': ['1106'], '1113': ['1113'], '1154': ['1154'], '1155': ['1155'], '1108': ['1108'], '1110': ['1110'], '1104': ['1104'], '1107': ['1107'], '1114': ['1114'], '1156': ['1156'], '1038': ['1038'], '1048': ['1048'], '1049': ['1049'], '1050': ['1050'], '1054': ['1054'], '1068': ['1068'], '1039': ['1039', '1097', '1112', '1035', '1111'], '1034': ['1034'], '1067': ['1067'], '1030': ['1030'], '1046': ['1046'], '1069': ['1069'], '1058': ['1058'], '1059': ['1059'], '1064': ['1064'], '1065': ['1065'], '1047': ['1047'], '1070': ['1070'], '1031': ['1031'], '1083': ['1083'], '1089': ['1089'], '1043': ['1043'], '1121': ['1121'], '1122': ['1122'], '1123': ['1123'], '1124': ['1124'], '1036': ['1036'], '1092': ['1092'], '1150': ['1150'], '1093': ['1093'], '1094': ['1094'], '1145': ['1145'], '1151': ['1151'], '1144': ['1144'], '1149': ['1149'], '1037': ['1037'], '1044': ['1044'], '1088': ['1088'], '1090': ['1090'], '1142': ['1142'], '1141': ['1141'], '1091': ['1091'], '1143': ['1143'], '1045': ['1045'], '1115': ['1115'], '1062': ['1062'], '1077': ['1077'], '1117': ['1117', '1118', '1116', '1119', '1120'], '1146': ['1146'], '1152': ['1152'], '1075': ['1075'], '1076': ['1076'], '1073': ['1073'], '1078': ['1078'], '1074': ['1074'], '1135': ['1135'], '1137': ['1137'], '1140': ['1140'], '1139': ['1139'], '1132': ['1132'], '1130': ['1130'], '1134': ['1134'], '1133': ['1133']})"
117,"defaultdict(<class 'list'>, {'1040': ['1040'], '1080': ['1080'], '1079': ['1079'], '1081': ['1081'], '1095': ['1095'], '1082': ['1082'], '1084': ['1084'], '1096': ['1096'], '1136': ['1136'], '1138': ['1138'], '1041': ['1041'], '1126': ['1126'], '1125': ['1125'], '1127': ['1127'], '1128': ['1128'], '1129': ['1129'], '1131': ['1131'], '1032': ['1032'], '1052': ['1052'], '1063': ['1063'], '1160': ['1160'], '1051': ['1051'], '1055': ['1055'], '1057': ['1057', '1060', '1061', '1058', '1059', '1071', '1072', '1062', '1073'], '1147': ['1147'], '1148': ['1148'], '1158': ['1158'], '1161': ['1161'], '1053': ['1053'], '1066': ['1066'], '1056': ['1056', '1077', '1075', '1076', '1074'], '1157': ['1157'], '1159': ['1159'], '1162': ['1162'], '1033': ['1033'], '1101': ['1101'], '1109': ['1109'], '1153': ['1153'], '1102': ['1102'], '1103': ['1103'], '1105': ['1105'], '1106': ['1106'], '1113': ['1113'], '1154': ['1154'], '1155': ['1155'], '1108': ['1108'], '1110': ['1110'], '1104': ['1104'], '1107': ['1107'], '1114': ['1114'], '1156': ['1156'], '1038': ['1038'], '1048': ['1048'], '1049': ['1049'], '1050': ['1050'], '1054': ['1054'], '1068': ['1068'], '1039': ['1039'], '1097': ['1097'], '1098': ['1098'], '1099': ['1099'], '1112': ['1112'], '1100': ['1100'], '1034': ['1034'], '1067': ['1067'], '1035': ['1035'], '1111': ['1111'], '1030': ['1030'], '1046': ['1046'], '1069': ['1069'], '1064': ['1064'], '1065': ['1065'], '1047': ['1047'], '1070': ['1070'], '1031': ['1031'], '1042': ['1042'], '1083': ['1083'], '1085': ['1085'], '1086': ['1086'], '1089': ['1089'], '1043': ['1043'], '1121': ['1121'], '1122': ['1122'], '1123': ['1123'], '1124': ['1124'], '1036': ['1036'], '1092': ['1092'], '1150': ['1150'], '1093': ['1093'], '1094': ['1094'], '1145': ['1145'], '1151': ['1151'], '1144': ['1144'], '1149': ['1149'], '1037': ['1037'], '1044': ['1044'], '1087': ['1087'], '1088': ['1088'], '1090': ['1090'], '1142': ['1142'], '1141': ['1141'], '1091': ['1091'], '1143': ['1143'], '1045': ['1045'], '1115': ['1115', '1118', '1116', '1119', '1120'], '1117': ['1117'], '1146': ['1146'], '1152': ['1152'], '1078': ['1078'], '1135': ['1135'], '1137': ['1137'], '1140': ['1140'], '1139': ['1139'], '1132': ['1132'], '1130': ['1130'], '1134': ['1134'], '1133': ['1133']})"
117,"defaultdict(<class 'list'>, {'1040': ['1040'], '1080': ['1080'], '1079': ['1079'], '1081': ['1081'], '1095': ['1095'], '1082': ['1082'], '1084': ['1084'], '1096': ['1096'], '1136': ['1136'], '1138': ['1138'], '1041': ['1041'], '1126': ['1126'], '1125': ['1125'], '1127': ['1127'], '1128': ['1128', '1131', '1132', '1130', '1133'], '1129': ['1129'], '1032': ['1032'], '1052': ['1052'], '1063': ['1063'], '1160': ['1160'], '1051': ['1051'], '1055': ['1055'], '1057': ['1057'], '1060': ['1060'], '1071': ['1071'], '1147': ['1147'], '1148': ['1148'], '1158': ['1158'], '1161': ['1161'], '1053': ['1053'], '1066': ['1066'], '1056': ['1056'], '1061': ['1061'], '1072': ['1072'], '1157': ['1157'], '1159': ['1159'], '1162': ['1162'], '1033': ['1033'], '1101': ['1101'], '1109': ['1109'], '1153': ['1153'], '1102': ['1102'], '1103': ['1103'], '1105': ['1105'], '1106': ['1106'], '1113': ['1113'], '1154': ['1154'], '1155': ['1155'], '1108': ['1108'], '1110': ['1110'], '1104': ['1104'], '1107': ['1107'], '1114': ['1114', '1115', '1118', '1116', '1119'], '1156': ['1156'], '1038': ['1038'], '1048': ['1048'], '1049': ['1049'], '1050': ['1050'], '1054': ['1054'], '1068': ['1068'], '1039': ['1039', '1097', '1098', '1099', '1035'], '1112': ['1112'], '1100': ['1100'], '1034': ['1034'], '1067': ['1067'], '1111': ['1111'], '1030': ['1030'], '1046': ['1046'], '1069': ['1069'], '1058': ['1058'], '1059': ['1059'], '1064': ['1064'], '1065': ['1065'], '1047': ['1047'], '1070': ['1070'], '1031': ['1031'], '1042': ['1042'], '1083': ['1083'], '1085': ['1085'], '1086': ['1086', '1089', '1044', '1087', '1090'], '1043': ['1043'], '1121': ['1121'], '1122': ['1122'], '1123': ['1123'], '1124': ['1124'], '1036': ['1036'], '1092': ['1092'], '1150': ['1150'], '1093': ['1093'], '1094': ['1094'], '1145': ['1145'], '1151': ['1151'], '1144': ['1144'], '1149': ['1149'], '1037': ['1037'], '1088': ['1088'], '1142': ['1142'], '1141': ['1141'], '1091': ['1091'], '1143': ['1143'], '1045': ['1045'], '1062': ['1062'], '1077': ['1077'], '1117': ['1117'], '1146': ['1146'], '1152': ['1152'], '1075': ['1075'], '1076': ['1076'], '1073': ['1073'], '1078': ['1078'], '1074': ['1074'], '1135': ['1135'], '1137': ['1137'], '1140': ['1140'], '1139': ['1139'], '1120': ['1120'], '1134': ['1134']})"
117,"defaultdict(<class 'list'>, {'1040': ['1040'], '1080': ['1080'], '1079': ['1079'], '1081': ['1081'], '1095': ['1095'], '1082': ['1082'], '1084': ['1084'], '1096': ['1096'], '1136': ['1136'], '1138': ['1138'], '1041': ['1041'], '1126': ['1126'], '1125': ['1125'], '1127': ['1127'], '1128': ['1128', '1131', '1132', '1130', '1133'], '1129': ['1129'], '1032': ['1032'], '1052': ['1052'], '1063': ['1063'], '1160': ['1160'], '1051': ['1051'], '1055': ['1055'], '1057': ['1057'], '1060': ['1060'], '1071': ['1071'], '1147': ['1147'], '1148': ['1148', '1158', '1157', '1159', '1156'], '1161': ['1161'], '1053': ['1053'], '1066': ['1066'], '1056': ['1056'], '1061': ['1061'], '1072': ['1072'], '1162': ['1162'], '1033': ['1033'], '1101': ['1101'], '1109': ['1109'], '1153': ['1153'], '1102': ['1102'], '1103': ['1103'], '1105': ['1105', '1106', '1107', '1058', '1059'], '1113': ['1113'], '1154': ['1154'], '1155': ['1155'], '1108': ['1108'], '1110': ['1110'], '1104': ['1104'], '1114': ['1114'], '1038': ['1038'], '1048': ['1048'], '1049': ['1049'], '1050': ['1050'], '1054': ['1054'], '1068': ['1068'], '1039': ['1039'], '1097': ['1097'], '1098': ['1098'], '1099': ['1099'], '1112': ['1112'], '1100': ['1100'], '1034': ['1034'], '1067': ['1067'], '1035': ['1035'], '1111': ['1111'], '1030': ['1030'], '1046': ['1046'], '1069': ['1069'], '1064': ['1064'], '1065': ['1065'], '1047': ['1047'], '1070': ['1070'], '1031': ['1031'], '1042': ['1042'], '1083': ['1083'], '1085': ['1085'], '1086': ['1086'], '1089': ['1089'], '1043': ['1043'], '1121': ['1121'], '1122': ['1122'], '1123': ['1123'], '1124': ['1124'], '1036': ['1036'], '1092': ['1092'], '1150': ['1150'], '1093': ['1093', '1094', '1151', '1149', '1037'], '1145': ['1145'], '1144': ['1144'], '1044': ['1044'], '1087': ['1087'], '1088': ['1088'], '1090': ['1090'], '1142': ['1142'], '1141': ['1141'], '1091': ['1091'], '1143': ['1143'], '1045': ['1045'], '1115': ['1115'], '1062': ['1062'], '1077': ['1077'], '1117': ['1117'], '1146': ['1146'], '1152': ['1152'], '1075': ['1075'], '1076': ['1076'], '1118': ['1118'], '1073': ['1073'], '1078': ['1078'], '1074': ['1074'], '1116': ['1116'], '1135': ['1135'], '1137': ['1137'], '1140': ['1140'], '1139': ['1139'], '1119': ['1119'], '1120': ['1120'], '1134': ['1134']})"
117,"defaultdict(<class 'list'>, {'1040': ['1040', '1080', '1079', '1081', '1078'], '1095': ['1095'], '1082': ['1082'], '1084': ['1084'], '1096': ['1096'], '1136': ['1136'], '1138': ['1138'], '1041': ['1041'], '1126': ['1126'], '1125': ['1125'], '1127': ['1127'], '1128': ['1128'], '1129': ['1129'], '1131': ['1131'], '1032': ['1032'], '1052': ['1052'], '1063': ['1063'], '1160': ['1160'], '1051': ['1051'], '1055': ['1055'], '1057': ['1057'], '1060': ['1060'], '1071': ['1071'], '1147': ['1147'], '1148': ['1148'], '1158': ['1158'], '1161': ['1161'], '1053': ['1053'], '1066': ['1066'], '1056': ['1056'], '1061': ['1061'], '1072': ['1072'], '1157': ['1157'], '1159': ['1159'], '1162': ['1162'], '1033': ['1033', '1153', '1154', '1155', '1152'], '1101': ['1101'], '1109': ['1109'], '1102': ['1102'], '1103': ['1103'], '1105': ['1105'], '1106': ['1106'], '1113': ['1113'], '1108': ['1108'], '1110': ['1110'], '1104': ['1104'], '1107': ['1107'], '1114': ['1114'], '1156': ['1156'], '1038': ['1038'], '1048': ['1048'], '1049': ['1049'], '1050': ['1050'], '1054': ['1054'], '1068': ['1068'], '1039': ['1039'], '1097': ['1097'], '1098': ['1098'], '1099': ['1099'], '1112': ['1112'], '1100': ['1100'], '1034': ['1034'], '1067': ['1067'], '1035': ['1035'], '1111': ['1111'], '1030': ['1030'], '1046': ['1046'], '1069': ['1069', '1064', '1065', '1070', '1031'], '1058': ['1058'], '1059': ['1059'], '1047': ['1047'], '1042': ['1042'], '1083': ['1083'], '1085': ['1085'], '1086': ['1086'], '1089': ['1089'], '1043': ['1043'], '1121': ['1121'], '1122': ['1122'], '1123': ['1123'], '1124': ['1124'], '1036': ['1036'], '1092': ['1092'], '1150': ['1150'], '1093': ['1093', '1094', '1151', '1149', '1037'], '1145': ['1145'], '1144': ['1144'], '1044': ['1044'], '1087': ['1087'], '1088': ['1088'], '1090': ['1090'], '1142': ['1142'], '1141': ['1141'], '1091': ['1091'], '1143': ['1143'], '1045': ['1045'], '1115': ['1115'], '1062': ['1062'], '1077': ['1077'], '1117': ['1117'], '1146': ['1146'], '1075': ['1075'], '1076': ['1076'], '1118': ['1118'], '1073': ['1073'], '1074': ['1074'], '1116': ['1116'], '1135': ['1135'], '1137': ['1137'], '1140': ['1140'], '1139': ['1139'], '1119': ['1119'], '1120': ['1120'], '1132': ['1132'], '1130': ['1130'], '1134': ['1134'], '1133': ['1133']})"
117,"defaultdict(<class 'list'>, {'1040': ['1040'], '1080': ['1080'], '1079': ['1079'], '1081': ['1081'], '1095': ['1095'], '1082': ['1082'], '1084': ['1084', '1042', '1085', '1086', '1087'], '1096': ['1096'], '1136': ['1136'], '1138': ['1138'], '1041': ['1041'], '1126': ['1126'], '1125': ['1125'], '1127': ['1127'], '1128': ['1128'], '1129': ['1129'], '1131': ['1131'], '1032': ['1032'], '1052': ['1052'], '1063': ['1063'], '1160': ['1160'], '1051': ['1051', '1055', '1056', '1049', '1050'], '1057': ['1057'], '1060': ['1060'], '1071': ['1071'], '1147': ['1147'], '1148': ['1148'], '1158': ['1158'], '1161': ['1161'], '1053': ['1053'], '1066': ['1066'], '1061': ['1061'], '1072': ['1072'], '1157': ['1157'], '1159': ['1159'], '1162': ['1162'], '1033': ['1033'], '1101': ['1101', '1102', '1098', '1099', '1100'], '1109': ['1109'], '1153': ['1153'], '1103': ['1103'], '1105': ['1105'], '1106': ['1106'], '1113': ['1113'], '1154': ['1154'], '1155': ['1155'], '1108': ['1108'], '1110': ['1110'], '1104': ['1104'], '1107': ['1107'], '1114': ['1114'], '1156': ['1156'], '1038': ['1038'], '1048': ['1048'], '1054': ['1054'], '1068': ['1068'], '1039': ['1039'], '1097': ['1097'], '1112': ['1112'], '1034': ['1034'], '1067': ['1067'], '1035': ['1035'], '1111': ['1111'], '1030': ['1030'], '1046': ['1046'], '1069': ['1069', '1064', '1065', '1070', '1031'], '1058': ['1058'], '1059': ['1059'], '1047': ['1047'], '1083': ['1083'], '1089': ['1089'], '1043': ['1043'], '1121': ['1121'], '1122': ['1122'], '1123': ['1123'], '1124': ['1124'], '1036': ['1036'], '1092': ['1092'], '1150': ['1150'], '1093': ['1093'], '1094': ['1094'], '1145': ['1145'], '1151': ['1151'], '1144': ['1144'], '1149': ['1149'], '1037': ['1037'], '1044': ['1044'], '1088': ['1088'], '1090': ['1090'], '1142': ['1142'], '1141': ['1141'], '1091': ['1091'], '1143': ['1143'], '1045': ['1045'], '1115': ['1115'], '1062': ['1062'], '1077': ['1077'], '1117': ['1117'], '1146': ['1146'], '1152': ['1152'], '1075': ['1075'], '1076': ['1076'], '1118': ['1118'], '1073': ['1073'], '1078': ['1078'], '1074': ['1074'], '1116': ['1116'], '1135': ['1135'], '1137': ['1137'], '1140': ['1140'], '1139': ['1139'], '1119': ['1119'], '1120': ['1120'], '1132': ['1132'], '1130': ['1130'], '1134': ['1134'], '1133': ['1133']})"
117,"defaultdict(<class 'list'>, {'1040': ['1040'], '1080': ['1080'], '1079': ['1079'], '1081': ['1081'], '1095': ['1095'], '1082': ['1082'], '1084': ['1084'], '1096': ['1096', '1138', '1135', '1137', '1139'], '1136': ['1136'], '1041': ['1041'], '1126': ['1126'], '1125': ['1125'], '1127': ['1127'], '1128': ['1128'], '1129': ['1129'], '1131': ['1131'], '1032': ['1032', '1052', '1063', '1053', '1049'], '1160': ['1160'], '1051': ['1051'], '1055': ['1055'], '1057': ['1057'], '1060': ['1060'], '1071': ['1071'], '1147': ['1147'], '1148': ['1148'], '1158': ['1158'], '1161': ['1161'], '1066': ['1066'], '1056': ['1056'], '1061': ['1061'], '1072': ['1072'], '1157': ['1157'], '1159': ['1159'], '1162': ['1162'], '1033': ['1033'], '1101': ['1101'], '1109': ['1109'], '1153': ['1153'], '1102': ['1102'], '1103': ['1103'], '1105': ['1105'], '1106': ['1106'], '1113': ['1113'], '1154': ['1154'], '1155': ['1155'], '1108': ['1108'], '1110': ['1110'], '1104': ['1104'], '1107': ['1107'], '1114': ['1114'], '1156': ['1156'], '1038': ['1038'], '1048': ['1048'], '1050': ['1050'], '1054': ['1054'], '1068': ['1068'], '1039': ['1039'], '1097': ['1097'], '1098': ['1098'], '1099': ['1099'], '1112': ['1112'], '1100': ['1100'], '1034': ['1034'], '1067': ['1067'], '1035': ['1035'], '1111': ['1111'], '1030': ['1030'], '1046': ['1046'], '1069': ['1069', '1064', '1065', '1070', '1031'], '1058': ['1058'], '1059': ['1059'], '1047': ['1047'], '1042': ['1042'], '1083': ['1083'], '1085': ['1085'], '1086': ['1086'], '1089': ['1089'], '1043': ['1043', '1121', '1122', '1123', '1045'], '1124': ['1124'], '1036': ['1036'], '1092': ['1092'], '1150': ['1150'], '1093': ['1093'], '1094': ['1094'], '1145': ['1145'], '1151': ['1151'], '1144': ['1144'], '1149': ['1149'], '1037': ['1037'], '1044': ['1044'], '1087': ['1087'], '1088': ['1088'], '1090': ['1090'], '1142': ['1142'], '1141': ['1141'], '1091': ['1091'], '1143': ['1143'], '1115': ['1115'], '1062': ['1062'], '1077': ['1077'], '1117': ['1117'], '1146': ['1146'], '1152': ['1152'], '1075': ['1075'], '1076': ['1076'], '1118': ['1118'], '1073': ['1073'], '1078': ['1078'], '1074': ['1074'], '1116': ['1116'], '1140': ['1140'], '1119': ['1119'], '1120': ['1120'], '1132': ['1132'], '1130': ['1130'], '1134': ['1134'], '1133': ['1133']})"
117,"defaultdict(<class 'list'>, {'1040': ['1040'], '1080': ['1080'], '1079': ['1079'], '1081': ['1081'], '1095': ['1095'], '1082': ['1082'], '1084': ['1084'], '1096': ['1096'], '1136': ['1136'], '1138': ['1138'], '1041': ['1041'], '1126': ['1126'], '1125': ['1125'], '1127': ['1127'], '1128': ['1128'], '1129': ['1129'], '1131': ['1131'], '1032': ['1032'], '1052': ['1052'], '1063': ['1063'], '1160': ['1160'], '1051': ['1051'], '1055': ['1055'], '1057': ['1057'], '1060': ['1060'], '1071': ['1071'], '1147': ['1147'], '1148': ['1148'], '1158': ['1158'], '1161': ['1161'], '1053': ['1053'], '1066': ['1066'], '1056': ['1056'], '1061': ['1061'], '1072': ['1072'], '1157': ['1157'], '1159': ['1159'], '1162': ['1162'], '1033': ['1033'], '1101': ['1101'], '1109': ['1109'], '1153': ['1153'], '1102': ['1102'], '1103': ['1103'], '1105': ['1105', '1106', '1107', '1058', '1059'], '1113': ['1113'], '1154': ['1154'], '1155': ['1155'], '1108': ['1108'], '1110': ['1110', '1111', '1064', '1065', '1031'], '1104': ['1104'], '1114': ['1114'], '1156': ['1156'], '1038': ['1038'], '1048': ['1048'], '1049': ['1049'], '1050': ['1050'], '1054': ['1054'], '1068': ['1068'], '1039': ['1039'], '1097': ['1097'], '1098': ['1098'], '1099': ['1099'], '1112': ['1112'], '1100': ['1100'], '1034': ['1034'], '1067': ['1067'], '1035': ['1035'], '1030': ['1030'], '1046': ['1046'], '1069': ['1069'], '1047': ['1047'], '1070': ['1070'], '1042': ['1042'], '1083': ['1083'], '1085': ['1085'], '1086': ['1086'], '1089': ['1089'], '1043': ['1043'], '1121': ['1121'], '1122': ['1122'], '1123': ['1123'], '1124': ['1124'], '1036': ['1036'], '1092': ['1092'], '1150': ['1150'], '1093': ['1093'], '1094': ['1094'], '1145': ['1145'], '1151': ['1151'], '1144': ['1144'], '1149': ['1149'], '1037': ['1037'], '1044': ['1044'], '1087': ['1087'], '1088': ['1088', '1142', '1141', '1143', '1140'], '1090': ['1090'], '1091': ['1091'], '1045': ['1045'], '1115': ['1115'], '1062': ['1062'], '1077': ['1077'], '1117': ['1117', '1118', '1116', '1119', '1120'], '1146': ['1146'], '1152': ['1152'], '1075': ['1075'], '1076': ['1076'], '1073': ['1073'], '1078': ['1078'], '1074': ['1074'], '1135': ['1135'], '1137': ['1137'], '1139': ['1139'], '1132': ['1132'], '1130': ['1130'], '1134': ['1134'], '1133': ['1133']})"
117,"defaultdict(<class 'list'>, {'1040': ['1040'], '1080': ['1080'], '1079': ['1079'], '1081': ['1081'], '1095': ['1095'], '1082': ['1082'], '1084': ['1084'], '1096': ['1096'], '1136': ['1136'], '1138': ['1138'], '1041': ['1041', '1126', '1125', '1127', '1124'], '1128': ['1128'], '1129': ['1129'], '1131': ['1131'], '1032': ['1032'], '1052': ['1052'], '1063': ['1063'], '1160': ['1160'], '1051': ['1051'], '1055': ['1055'], '1057': ['1057'], '1060': ['1060'], '1071': ['1071'], '1147': ['1147', '1148', '1158', '1157', '1159'], '1161': ['1161'], '1053': ['1053'], '1066': ['1066'], '1056': ['1056'], '1061': ['1061', '1062', '1075', '1073', '1074'], '1072': ['1072'], '1162': ['1162'], '1033': ['1033'], '1101': ['1101'], '1109': ['1109'], '1153': ['1153'], '1102': ['1102'], '1103': ['1103'], '1105': ['1105'], '1106': ['1106'], '1113': ['1113'], '1154': ['1154'], '1155': ['1155'], '1108': ['1108'], '1110': ['1110'], '1104': ['1104'], '1107': ['1107'], '1114': ['1114'], '1156': ['1156'], '1038': ['1038', '1048', '1068', '1034', '1067'], '1049': ['1049'], '1050': ['1050'], '1054': ['1054'], '1039': ['1039'], '1097': ['1097'], '1098': ['1098'], '1099': ['1099'], '1112': ['1112'], '1100': ['1100'], '1035': ['1035'], '1111': ['1111'], '1030': ['1030'], '1046': ['1046'], '1069': ['1069'], '1058': ['1058'], '1059': ['1059'], '1064': ['1064'], '1065': ['1065'], '1047': ['1047'], '1070': ['1070'], '1031': ['1031'], '1042': ['1042'], '1083': ['1083'], '1085': ['1085'], '1086': ['1086'], '1089': ['1089'], '1043': ['1043'], '1121': ['1121'], '1122': ['1122'], '1123': ['1123'], '1036': ['1036'], '1092': ['1092'], '1150': ['1150'], '1093': ['1093'], '1094': ['1094'], '1145': ['1145'], '1151': ['1151'], '1144': ['1144'], '1149': ['1149'], '1037': ['1037'], '1044': ['1044'], '1087': ['1087'], '1088': ['1088'], '1090': ['1090'], '1142': ['1142'], '1141': ['1141'], '1091': ['1091'], '1143': ['1143'], '1045': ['1045'], '1115': ['1115'], '1077': ['1077'], '1117': ['1117'], '1146': ['1146'], '1152': ['1152'], '1076': ['1076'], '1118': ['1118'], '1078': ['1078'], '1116': ['1116'], '1135': ['1135'], '1137': ['1137'], '1140': ['1140'], '1139': ['1139'], '1119': ['1119'], '1120': ['1120'], '1132': ['1132'], '1130': ['1130'], '1134': ['1134'], '1133': ['1133']})"
117,"defaultdict(<class 'list'>, {'1040': ['1040', '1080', '1081', '1082', '1078'], '1079': ['1079'], '1095': ['1095'], '1084': ['1084'], '1096': ['1096'], '1136': ['1136'], '1138': ['1138'], '1041': ['1041'], '1126': ['1126'], '1125': ['1125'], '1127': ['1127'], '1128': ['1128'], '1129': ['1129'], '1131': ['1131'], '1032': ['1032', '1160', '1161', '1162', '1146'], '1052': ['1052', '1051', '1053', '1049', '1050'], '1063': ['1063'], '1055': ['1055'], '1057': ['1057'], '1060': ['1060'], '1071': ['1071'], '1147': ['1147'], '1148': ['1148'], '1158': ['1158'], '1066': ['1066'], '1056': ['1056'], '1061': ['1061'], '1072': ['1072'], '1157': ['1157'], '1159': ['1159'], '1033': ['1033'], '1101': ['1101'], '1109': ['1109'], '1153': ['1153'], '1102': ['1102'], '1103': ['1103'], '1105': ['1105'], '1106': ['1106'], '1113': ['1113'], '1154': ['1154'], '1155': ['1155'], '1108': ['1108'], '1110': ['1110'], '1104': ['1104'], '1107': ['1107'], '1114': ['1114'], '1156': ['1156'], '1038': ['1038', '1048', '1068', '1034', '1067'], '1054': ['1054'], '1039': ['1039'], '1097': ['1097'], '1098': ['1098'], '1099': ['1099'], '1112': ['1112'], '1100': ['1100'], '1035': ['1035'], '1111': ['1111'], '1030': ['1030'], '1046': ['1046'], '1069': ['1069'], '1058': ['1058'], '1059': ['1059'], '1064': ['1064'], '1065': ['1065'], '1047': ['1047'], '1070': ['1070'], '1031': ['1031'], '1042': ['1042'], '1083': ['1083'], '1085': ['1085'], '1086': ['1086'], '1089': ['1089'], '1043': ['1043'], '1121': ['1121'], '1122': ['1122'], '1123': ['1123'], '1124': ['1124'], '1036': ['1036'], '1092': ['1092'], '1150': ['1150'], '1093': ['1093'], '1094': ['1094'], '1145': ['1145'], '1151': ['1151'], '1144': ['1144'], '1149': ['1149'], '1037': ['1037'], '1044': ['1044'], '1087': ['1087'], '1088': ['1088'], '1090': ['1090'], '1142': ['1142'], '1141': ['1141'], '1091': ['1091'], '1143': ['1143'], '1045': ['1045'], '1115': ['1115'], '1062': ['1062'], '1077': ['1077'], '1117': ['1117'], '1152': ['1152'], '1075': ['1075'], '1076': ['1076'], '1118': ['1118'], '1073': ['1073'], '1074': ['1074'], '1116': ['1116'], '1135': ['1135'], '1137': ['1137'], '1140': ['1140'], '1139': ['1139'], '1119': ['1119'], '1120': ['1120'], '1132': ['1132'], '1130': ['1130'], '1134': ['1134'], '1133': ['1133']})"
117,"defaultdict(<class 'list'>, {'1040': ['1040'], '1080': ['1080'], '1079': ['1079'], '1081': ['1081'], '1095': ['1095'], '1082': ['1082', '1084', '1042', '1083', '1085'], '1096': ['1096'], '1136': ['1136'], '1138': ['1138'], '1041': ['1041'], '1126': ['1126'], '1125': ['1125'], '1127': ['1127'], '1128': ['1128'], '1129': ['1129'], '1131': ['1131'], '1032': ['1032', '1052', '1063', '1053', '1049'], '1160': ['1160'], '1051': ['1051'], '1055': ['1055'], '1057': ['1057'], '1060': ['1060'], '1071': ['1071'], '1147': ['1147'], '1148': ['1148', '1158', '1157', '1159', '1156'], '1161': ['1161'], '1066': ['1066'], '1056': ['1056'], '1061': ['1061'], '1072': ['1072'], '1162': ['1162'], '1033': ['1033'], '1101': ['1101'], '1109': ['1109'], '1153': ['1153'], '1102': ['1102'], '1103': ['1103'], '1105': ['1105'], '1106': ['1106'], '1113': ['1113'], '1154': ['1154'], '1155': ['1155'], '1108': ['1108'], '1110': ['1110'], '1104': ['1104'], '1107': ['1107'], '1114': ['1114'], '1038': ['1038'], '1048': ['1048'], '1050': ['1050'], '1054': ['1054'], '1068': ['1068'], '1039': ['1039'], '1097': ['1097'], '1098': ['1098'], '1099': ['1099'], '1112': ['1112'], '1100': ['1100'], '1034': ['1034'], '1067': ['1067'], '1035': ['1035'], '1111': ['1111'], '1030': ['1030'], '1046': ['1046'], '1069': ['1069'], '1058': ['1058'], '1059': ['1059'], '1064': ['1064'], '1065': ['1065'], '1047': ['1047'], '1070': ['1070'], '1031': ['1031'], '1086': ['1086'], '1089': ['1089'], '1043': ['1043'], '1121': ['1121'], '1122': ['1122'], '1123': ['1123'], '1124': ['1124'], '1036': ['1036'], '1092': ['1092'], '1150': ['1150'], '1093': ['1093', '1094', '1151', '1149', '1037'], '1145': ['1145'], '1144': ['1144'], '1044': ['1044'], '1087': ['1087'], '1088': ['1088'], '1090': ['1090'], '1142': ['1142'], '1141': ['1141'], '1091': ['1091'], '1143': ['1143'], '1045': ['1045'], '1115': ['1115'], '1062': ['1062'], '1077': ['1077'], '1117': ['1117'], '1146': ['1146'], '1152': ['1152'], '1075': ['1075'], '1076': ['1076'], '1118': ['1118'], '1073': ['1073'], '1078': ['1078'], '1074': ['1074'], '1116': ['1116'], '1135': ['1135'], '1137': ['1137'], '1140': ['1140'], '1139': ['1139'], '1119': ['1119'], '1120': ['1120'], '1132': ['1132'], '1130': ['1130'], '1134': ['1134'], '1133': ['1133']})"
117,"defaultdict(<class 'list'>, {'1040': ['1040'], '1080': ['1080'], '1079': ['1079'], '1081': ['1081'], '1095': ['1095'], '1082': ['1082', '1084', '1042', '1083', '1085'], '1096': ['1096'], '1136': ['1136'], '1138': ['1138'], '1041': ['1041'], '1126': ['1126'], '1125': ['1125'], '1127': ['1127'], '1128': ['1128', '1131', '1132', '1130', '1133'], '1129': ['1129'], '1032': ['1032'], '1052': ['1052'], '1063': ['1063'], '1160': ['1160'], '1051': ['1051'], '1055': ['1055'], '1057': ['1057'], '1060': ['1060'], '1071': ['1071'], '1147': ['1147'], '1148': ['1148'], '1158': ['1158'], '1161': ['1161'], '1053': ['1053'], '1066': ['1066'], '1056': ['1056'], '1061': ['1061'], '1072': ['1072'], '1157': ['1157'], '1159': ['1159'], '1162': ['1162'], '1033': ['1033'], '1101': ['1101'], '1109': ['1109'], '1153': ['1153'], '1102': ['1102'], '1103': ['1103'], '1105': ['1105'], '1106': ['1106'], '1113': ['1113'], '1154': ['1154'], '1155': ['1155'], '1108': ['1108'], '1110': ['1110'], '1104': ['1104'], '1107': ['1107'], '1114': ['1114'], '1156': ['1156'], '1038': ['1038'], '1048': ['1048'], '1049': ['1049'], '1050': ['1050'], '1054': ['1054'], '1068': ['1068'], '1039': ['1039', '1097', '1098', '1099', '1035'], '1112': ['1112'], '1100': ['1100'], '1034': ['1034'], '1067': ['1067'], '1111': ['1111'], '1030': ['1030'], '1046': ['1046'], '1069': ['1069'], '1058': ['1058'], '1059': ['1059'], '1064': ['1064'], '1065': ['1065'], '1047': ['1047'], '1070': ['1070'], '1031': ['1031'], '1086': ['1086'], '1089': ['1089'], '1043': ['1043'], '1121': ['1121'], '1122': ['1122'], '1123': ['1123'], '1124': ['1124'], '1036': ['1036'], '1092': ['1092'], '1150': ['1150'], '1093': ['1093', '1094', '1151', '1149', '1037'], '1145': ['1145'], '1144': ['1144'], '1044': ['1044'], '1087': ['1087'], '1088': ['1088'], '1090': ['1090'], '1142': ['1142'], '1141': ['1141'], '1091': ['1091'], '1143': ['1143'], '1045': ['1045'], '1115': ['1115'], '1062': ['1062'], '1077': ['1077'], '1117': ['1117'], '1146': ['1146'], '1152': ['1152'], '1075': ['1075'], '1076': ['1076'], '1118': ['1118'], '1073': ['1073'], '1078': ['1078'], '1074': ['1074'], '1116': ['1116'], '1135': ['1135'], '1137': ['1137'], '1140': ['1140'], '1139': ['1139'], '1119': ['1119'], '1120': ['1120'], '1134': ['1134']})"
117,"defaultdict(<class 'list'>, {'1040': ['1040'], '1080': ['1080'], '1079': ['1079'], '1081': ['1081'], '1095': ['1095'], '1082': ['1082', '1084', '1042', '1083', '1085'], '1096': ['1096'], '1136': ['1136'], '1138': ['1138'], '1041': ['1041'], '1126': ['1126'], '1125': ['1125'], '1127': ['1127'], '1128': ['1128'], '1129': ['1129'], '1131': ['1131'], '1032': ['1032'], '1052': ['1052'], '1063': ['1063'], '1160': ['1160'], '1051': ['1051'], '1055': ['1055'], '1057': ['1057'], '1060': ['1060'], '1071': ['1071'], '1147': ['1147'], '1148': ['1148'], '1158': ['1158'], '1161': ['1161'], '1053': ['1053'], '1066': ['1066'], '1056': ['1056'], '1061': ['1061'], '1072': ['1072'], '1157': ['1157'], '1159': ['1159'], '1162': ['1162'], '1033': ['1033', '1153', '1154', '1155', '1152'], '1101': ['1101'], '1109': ['1109'], '1102': ['1102'], '1103': ['1103'], '1105': ['1105', '1106', '1107', '1058', '1059'], '1113': ['1113'], '1108': ['1108'], '1110': ['1110'], '1104': ['1104'], '1114': ['1114'], '1156': ['1156'], '1038': ['1038', '1048', '1068', '1034', '1067'], '1049': ['1049'], '1050': ['1050'], '1054': ['1054'], '1039': ['1039'], '1097': ['1097'], '1098': ['1098'], '1099': ['1099'], '1112': ['1112'], '1100': ['1100'], '1035': ['1035'], '1111': ['1111'], '1030': ['1030'], '1046': ['1046'], '1069': ['1069'], '1064': ['1064'], '1065': ['1065'], '1047': ['1047'], '1070': ['1070'], '1031': ['1031'], '1086': ['1086'], '1089': ['1089'], '1043': ['1043'], '1121': ['1121'], '1122': ['1122'], '1123': ['1123'], '1124': ['1124'], '1036': ['1036'], '1092': ['1092'], '1150': ['1150'], '1093': ['1093'], '1094': ['1094'], '1145': ['1145'], '1151': ['1151'], '1144': ['1144'], '1149': ['1149'], '1037': ['1037'], '1044': ['1044'], '1087': ['1087'], '1088': ['1088'], '1090': ['1090'], '1142': ['1142'], '1141': ['1141'], '1091': ['1091'], '1143': ['1143'], '1045': ['1045'], '1115': ['1115'], '1062': ['1062'], '1077': ['1077'], '1117': ['1117'], '1146': ['1146'], '1075': ['1075'], '1076': ['1076'], '1118': ['1118'], '1073': ['1073'], '1078': ['1078'], '1074': ['1074'], '1116': ['1116'], '1135': ['1135'], '1137': ['1137'], '1140': ['1140'], '1139': ['1139'], '1119': ['1119'], '1120': ['1120'], '1132': ['1132'], '1130': ['1130'], '1134': ['1134'], '1133': ['1133']})"
117,"defaultdict(<class 'list'>, {'1040': ['1040'], '1080': ['1080'], '1079': ['1079'], '1081': ['1081'], '1095': ['1095'], '1082': ['1082'], '1084': ['1084'], '1096': ['1096'], '1136': ['1136'], '1138': ['1138'], '1041': ['1041'], '1126': ['1126'], '1125': ['1125'], '1127': ['1127'], '1128': ['1128'], '1129': ['1129'], '1131': ['1131'], '1032': ['1032'], '1052': ['1052'], '1063': ['1063'], '1160': ['1160'], '1051': ['1051'], '1055': ['1055'], '1057': ['1057'], '1060': ['1060'], '1071': ['1071'], '1147': ['1147'], '1148': ['1148'], '1158': ['1158'], '1161': ['1161'], '1053': ['1053'], '1066': ['1066'], '1056': ['1056', '1077', '1075', '1076', '1074'], '1061': ['1061'], '1072': ['1072'], '1157': ['1157'], '1159': ['1159'], '1162': ['1162'], '1033': ['1033'], '1101': ['1101'], '1109': ['1109'], '1153': ['1153'], '1102': ['1102', '1103', '1104', '1117', '1118'], '1105': ['1105'], '1106': ['1106'], '1113': ['1113'], '1154': ['1154'], '1155': ['1155'], '1108': ['1108'], '1110': ['1110'], '1107': ['1107'], '1114': ['1114'], '1156': ['1156'], '1038': ['1038'], '1048': ['1048'], '1049': ['1049'], '1050': ['1050'], '1054': ['1054'], '1068': ['1068'], '1039': ['1039'], '1097': ['1097'], '1098': ['1098'], '1099': ['1099'], '1112': ['1112'], '1100': ['1100'], '1034': ['1034'], '1067': ['1067'], '1035': ['1035'], '1111': ['1111'], '1030': ['1030'], '1046': ['1046'], '1069': ['1069', '1064', '1065', '1070', '1031'], '1058': ['1058'], '1059': ['1059'], '1047': ['1047'], '1042': ['1042'], '1083': ['1083'], '1085': ['1085'], '1086': ['1086', '1089', '1087', '1090', '1091'], '1043': ['1043'], '1121': ['1121'], '1122': ['1122'], '1123': ['1123'], '1124': ['1124'], '1036': ['1036'], '1092': ['1092'], '1150': ['1150'], '1093': ['1093'], '1094': ['1094'], '1145': ['1145'], '1151': ['1151'], '1144': ['1144'], '1149': ['1149'], '1037': ['1037'], '1044': ['1044'], '1088': ['1088'], '1142': ['1142'], '1141': ['1141'], '1143': ['1143'], '1045': ['1045'], '1115': ['1115'], '1062': ['1062'], '1146': ['1146'], '1152': ['1152'], '1073': ['1073'], '1078': ['1078'], '1116': ['1116'], '1135': ['1135'], '1137': ['1137'], '1140': ['1140'], '1139': ['1139'], '1119': ['1119'], '1120': ['1120'], '1132': ['1132'], '1130': ['1130'], '1134': ['1134'], '1133': ['1133']})"
117,"defaultdict(<class 'list'>, {'1040': ['1040'], '1080': ['1080'], '1079': ['1079'], '1081': ['1081'], '1095': ['1095'], '1082': ['1082', '1084', '1042', '1083', '1085'], '1096': ['1096'], '1136': ['1136'], '1138': ['1138'], '1041': ['1041', '1126', '1125', '1127', '1124'], '1128': ['1128'], '1129': ['1129'], '1131': ['1131'], '1032': ['1032'], '1052': ['1052'], '1063': ['1063'], '1160': ['1160'], '1051': ['1051'], '1055': ['1055'], '1057': ['1057'], '1060': ['1060'], '1071': ['1071'], '1147': ['1147'], '1148': ['1148'], '1158': ['1158'], '1161': ['1161'], '1053': ['1053'], '1066': ['1066'], '1056': ['1056'], '1061': ['1061'], '1072': ['1072'], '1157': ['1157'], '1159': ['1159'], '1162': ['1162'], '1033': ['1033'], '1101': ['1101'], '1109': ['1109'], '1153': ['1153'], '1102': ['1102'], '1103': ['1103'], '1105': ['1105'], '1106': ['1106'], '1113': ['1113'], '1154': ['1154'], '1155': ['1155'], '1108': ['1108'], '1110': ['1110'], '1104': ['1104'], '1107': ['1107'], '1114': ['1114'], '1156': ['1156'], '1038': ['1038'], '1048': ['1048'], '1049': ['1049'], '1050': ['1050'], '1054': ['1054'], '1068': ['1068'], '1039': ['1039'], '1097': ['1097'], '1098': ['1098'], '1099': ['1099'], '1112': ['1112'], '1100': ['1100'], '1034': ['1034'], '1067': ['1067'], '1035': ['1035'], '1111': ['1111'], '1030': ['1030'], '1046': ['1046'], '1069': ['1069'], '1058': ['1058'], '1059': ['1059'], '1064': ['1064'], '1065': ['1065'], '1047': ['1047'], '1070': ['1070'], '1031': ['1031'], '1086': ['1086'], '1089': ['1089'], '1043': ['1043'], '1121': ['1121'], '1122': ['1122'], '1123': ['1123'], '1036': ['1036'], '1092': ['1092'], '1150': ['1150'], '1093': ['1093', '1094', '1151', '1149', '1037'], '1145': ['1145'], '1144': ['1144'], '1044': ['1044'], '1087': ['1087'], '1088': ['1088'], '1090': ['1090'], '1142': ['1142'], '1141': ['1141'], '1091': ['1091'], '1143': ['1143'], '1045': ['1045'], '1115': ['1115'], '1062': ['1062'], '1077': ['1077'], '1117': ['1117', '1118', '1116', '1119', '1120'], '1146': ['1146'], '1152': ['1152'], '1075': ['1075'], '1076': ['1076'], '1073': ['1073'], '1078': ['1078'], '1074': ['1074'], '1135': ['1135'], '1137': ['1137'], '1140': ['1140'], '1139': ['1139'], '1132': ['1132'], '1130': ['1130'], '1134': ['1134'], '1133': ['1133']})"
117,"defaultdict(<class 'list'>, {'1040': ['1040'], '1080': ['1080'], '1079': ['1079'], '1081': ['1081'], '1095': ['1095'], '1082': ['1082'], '1084': ['1084'], '1096': ['1096', '1138', '1135', '1137', '1139'], '1136': ['1136'], '1041': ['1041'], '1126': ['1126'], '1125': ['1125'], '1127': ['1127'], '1128': ['1128'], '1129': ['1129'], '1131': ['1131'], '1032': ['1032'], '1052': ['1052'], '1063': ['1063'], '1160': ['1160', '1147', '1161', '1145', '1146'], '1051': ['1051'], '1055': ['1055'], '1057': ['1057', '1060', '1061', '1058', '1059'], '1071': ['1071'], '1148': ['1148'], '1158': ['1158'], '1053': ['1053'], '1066': ['1066'], '1056': ['1056'], '1072': ['1072'], '1157': ['1157'], '1159': ['1159'], '1162': ['1162'], '1033': ['1033'], '1101': ['1101'], '1109': ['1109'], '1153': ['1153'], '1102': ['1102'], '1103': ['1103'], '1105': ['1105'], '1106': ['1106'], '1113': ['1113'], '1154': ['1154'], '1155': ['1155'], '1108': ['1108'], '1110': ['1110'], '1104': ['1104'], '1107': ['1107'], '1114': ['1114'], '1156': ['1156'], '1038': ['1038'], '1048': ['1048'], '1049': ['1049'], '1050': ['1050'], '1054': ['1054'], '1068': ['1068'], '1039': ['1039'], '1097': ['1097'], '1098': ['1098'], '1099': ['1099'], '1112': ['1112'], '1100': ['1100'], '1034': ['1034'], '1067': ['1067'], '1035': ['1035'], '1111': ['1111'], '1030': ['1030'], '1046': ['1046'], '1069': ['1069'], '1064': ['1064'], '1065': ['1065'], '1047': ['1047'], '1070': ['1070'], '1031': ['1031'], '1042': ['1042'], '1083': ['1083'], '1085': ['1085'], '1086': ['1086'], '1089': ['1089'], '1043': ['1043'], '1121': ['1121'], '1122': ['1122'], '1123': ['1123'], '1124': ['1124'], '1036': ['1036'], '1092': ['1092'], '1150': ['1150'], '1093': ['1093', '1094', '1144', '1149', '1037'], '1151': ['1151'], '1044': ['1044'], '1087': ['1087'], '1088': ['1088'], '1090': ['1090'], '1142': ['1142'], '1141': ['1141'], '1091': ['1091'], '1143': ['1143'], '1045': ['1045'], '1115': ['1115'], '1062': ['1062'], '1077': ['1077'], '1117': ['1117'], '1152': ['1152'], '1075': ['1075'], '1076': ['1076'], '1118': ['1118'], '1073': ['1073'], '1078': ['1078'], '1074': ['1074'], '1116': ['1116'], '1140': ['1140'], '1119': ['1119'], '1120': ['1120'], '1132': ['1132'], '1130': ['1130'], '1134': ['1134'], '1133': ['1133']})"
117,"defaultdict(<class 'list'>, {'1040': ['1040', '1080', '1081', '1082', '1078'], '1079': ['1079'], '1095': ['1095'], '1084': ['1084'], '1096': ['1096'], '1136': ['1136'], '1138': ['1138'], '1041': ['1041'], '1126': ['1126'], '1125': ['1125'], '1127': ['1127'], '1128': ['1128'], '1129': ['1129'], '1131': ['1131'], '1032': ['1032'], '1052': ['1052'], '1063': ['1063'], '1160': ['1160'], '1051': ['1051'], '1055': ['1055'], '1057': ['1057'], '1060': ['1060'], '1071': ['1071'], '1147': ['1147'], '1148': ['1148'], '1158': ['1158'], '1161': ['1161'], '1053': ['1053'], '1066': ['1066'], '1056': ['1056', '1077', '1075', '1076', '1074'], '1061': ['1061'], '1072': ['1072'], '1157': ['1157'], '1159': ['1159'], '1162': ['1162'], '1033': ['1033'], '1101': ['1101'], '1109': ['1109'], '1153': ['1153', '1154', '1155', '1156', '1152'], '1102': ['1102'], '1103': ['1103'], '1105': ['1105'], '1106': ['1106'], '1113': ['1113'], '1108': ['1108'], '1110': ['1110'], '1104': ['1104'], '1107': ['1107'], '1114': ['1114'], '1038': ['1038'], '1048': ['1048'], '1049': ['1049'], '1050': ['1050'], '1054': ['1054'], '1068': ['1068'], '1039': ['1039'], '1097': ['1097'], '1098': ['1098'], '1099': ['1099'], '1112': ['1112'], '1100': ['1100'], '1034': ['1034'], '1067': ['1067'], '1035': ['1035'], '1111': ['1111'], '1030': ['1030'], '1046': ['1046'], '1069': ['1069'], '1058': ['1058'], '1059': ['1059'], '1064': ['1064'], '1065': ['1065'], '1047': ['1047'], '1070': ['1070'], '1031': ['1031'], '1042': ['1042'], '1083': ['1083'], '1085': ['1085'], '1086': ['1086', '1089', '1044', '1087', '1090'], '1043': ['1043'], '1121': ['1121'], '1122': ['1122'], '1123': ['1123'], '1124': ['1124'], '1036': ['1036'], '1092': ['1092'], '1150': ['1150'], '1093': ['1093'], '1094': ['1094'], '1145': ['1145'], '1151': ['1151'], '1144': ['1144'], '1149': ['1149'], '1037': ['1037'], '1088': ['1088'], '1142': ['1142'], '1141': ['1141'], '1091': ['1091'], '1143': ['1143'], '1045': ['1045'], '1115': ['1115'], '1062': ['1062'], '1117': ['1117'], '1146': ['1146'], '1118': ['1118'], '1073': ['1073'], '1116': ['1116'], '1135': ['1135'], '1137': ['1137'], '1140': ['1140'], '1139': ['1139'], '1119': ['1119'], '1120': ['1120'], '1132': ['1132'], '1130': ['1130'], '1134': ['1134'], '1133': ['1133']})"
117,"defaultdict(<class 'list'>, {'1040': ['1040'], '1080': ['1080'], '1079': ['1079'], '1081': ['1081'], '1095': ['1095'], '1082': ['1082'], '1084': ['1084'], '1096': ['1096'], '1136': ['1136'], '1138': ['1138'], '1041': ['1041'], '1126': ['1126'], '1125': ['1125'], '1127': ['1127'], '1128': ['1128', '1131', '1132', '1130', '1133'], '1129': ['1129'], '1032': ['1032'], '1052': ['1052'], '1063': ['1063'], '1160': ['1160'], '1051': ['1051'], '1055': ['1055'], '1057': ['1057'], '1060': ['1060'], '1071': ['1071'], '1147': ['1147'], '1148': ['1148'], '1158': ['1158'], '1161': ['1161'], '1053': ['1053'], '1066': ['1066'], '1056': ['1056'], '1061': ['1061'], '1072': ['1072'], '1157': ['1157'], '1159': ['1159'], '1162': ['1162'], '1033': ['1033'], '1101': ['1101', '1102', '1098', '1099', '1100'], '1109': ['1109'], '1153': ['1153'], '1103': ['1103'], '1105': ['1105'], '1106': ['1106'], '1113': ['1113'], '1154': ['1154'], '1155': ['1155'], '1108': ['1108'], '1110': ['1110'], '1104': ['1104'], '1107': ['1107'], '1114': ['1114'], '1156': ['1156'], '1038': ['1038', '1048', '1068', '1034', '1067'], '1049': ['1049'], '1050': ['1050'], '1054': ['1054'], '1039': ['1039'], '1097': ['1097'], '1112': ['1112'], '1035': ['1035'], '1111': ['1111'], '1030': ['1030'], '1046': ['1046'], '1069': ['1069'], '1058': ['1058'], '1059': ['1059'], '1064': ['1064'], '1065': ['1065'], '1047': ['1047'], '1070': ['1070'], '1031': ['1031'], '1042': ['1042'], '1083': ['1083'], '1085': ['1085'], '1086': ['1086'], '1089': ['1089'], '1043': ['1043'], '1121': ['1121'], '1122': ['1122'], '1123': ['1123'], '1124': ['1124'], '1036': ['1036'], '1092': ['1092'], '1150': ['1150'], '1093': ['1093'], '1094': ['1094'], '1145': ['1145'], '1151': ['1151'], '1144': ['1144'], '1149': ['1149'], '1037': ['1037'], '1044': ['1044'], '1087': ['1087'], '1088': ['1088'], '1090': ['1090'], '1142': ['1142'], '1141': ['1141'], '1091': ['1091'], '1143': ['1143'], '1045': ['1045'], '1115': ['1115'], '1062': ['1062'], '1077': ['1077', '1075', '1076', '1073', '1074'], '1117': ['1117'], '1146': ['1146'], '1152': ['1152'], '1118': ['1118'], '1078': ['1078'], '1116': ['1116'], '1135': ['1135'], '1137': ['1137'], '1140': ['1140'], '1139': ['1139'], '1119': ['1119'], '1120': ['1120'], '1134': ['1134']})"
117,"defaultdict(<class 'list'>, {'1040': ['1040'], '1080': ['1080'], '1079': ['1079'], '1081': ['1081'], '1095': ['1095'], '1082': ['1082'], '1084': ['1084'], '1096': ['1096'], '1136': ['1136'], '1138': ['1138'], '1041': ['1041'], '1126': ['1126'], '1125': ['1125'], '1127': ['1127'], '1128': ['1128', '1131', '1132', '1130', '1133'], '1129': ['1129'], '1032': ['1032', '1160', '1161', '1162', '1146'], '1052': ['1052'], '1063': ['1063'], '1051': ['1051'], '1055': ['1055'], '1057': ['1057'], '1060': ['1060'], '1071': ['1071'], '1147': ['1147'], '1148': ['1148', '1158', '1157', '1159', '1156', '1153', '1154', '1155', '1152'], '1053': ['1053'], '1066': ['1066'], '1056': ['1056'], '1061': ['1061'], '1072': ['1072'], '1033': ['1033'], '1101': ['1101'], '1109': ['1109'], '1102': ['1102'], '1103': ['1103'], '1105': ['1105'], '1106': ['1106'], '1113': ['1113'], '1108': ['1108'], '1110': ['1110'], '1104': ['1104'], '1107': ['1107'], '1114': ['1114'], '1038': ['1038'], '1048': ['1048'], '1049': ['1049'], '1050': ['1050'], '1054': ['1054'], '1068': ['1068'], '1039': ['1039'], '1097': ['1097'], '1098': ['1098'], '1099': ['1099'], '1112': ['1112'], '1100': ['1100'], '1034': ['1034'], '1067': ['1067'], '1035': ['1035'], '1111': ['1111'], '1030': ['1030'], '1046': ['1046'], '1069': ['1069'], '1058': ['1058'], '1059': ['1059'], '1064': ['1064'], '1065': ['1065'], '1047': ['1047'], '1070': ['1070'], '1031': ['1031'], '1042': ['1042'], '1083': ['1083'], '1085': ['1085'], '1086': ['1086'], '1089': ['1089'], '1043': ['1043'], '1121': ['1121'], '1122': ['1122'], '1123': ['1123'], '1124': ['1124'], '1036': ['1036'], '1092': ['1092'], '1150': ['1150'], '1093': ['1093'], '1094': ['1094'], '1145': ['1145'], '1151': ['1151'], '1144': ['1144'], '1149': ['1149'], '1037': ['1037'], '1044': ['1044'], '1087': ['1087'], '1088': ['1088'], '1090': ['1090'], '1142': ['1142'], '1141': ['1141'], '1091': ['1091'], '1143': ['1143'], '1045': ['1045'], '1115': ['1115'], '1062': ['1062'], '1077': ['1077'], '1117': ['1117'], '1075': ['1075'], '1076': ['1076'], '1118': ['1118'], '1073': ['1073'], '1078': ['1078'], '1074': ['1074'], '1116': ['1116'], '1135': ['1135'], '1137': ['1137'], '1140': ['1140'], '1139': ['1139'], '1119': ['1119'], '1120': ['1120'], '1134': ['1134']})"
117,"defaultdict(<class 'list'>, {'1040': ['1040'], '1080': ['1080'], '1079': ['1079'], '1081': ['1081'], '1095': ['1095'], '1082': ['1082', '1084', '1042', '1083', '1085'], '1096': ['1096', '1138', '1135', '1137', '1139'], '1136': ['1136'], '1041': ['1041'], '1126': ['1126'], '1125': ['1125'], '1127': ['1127'], '1128': ['1128'], '1129': ['1129'], '1131': ['1131'], '1032': ['1032'], '1052': ['1052'], '1063': ['1063'], '1160': ['1160'], '1051': ['1051'], '1055': ['1055'], '1057': ['1057'], '1060': ['1060'], '1071': ['1071'], '1147': ['1147'], '1148': ['1148'], '1158': ['1158'], '1161': ['1161'], '1053': ['1053'], '1066': ['1066'], '1056': ['1056'], '1061': ['1061'], '1072': ['1072'], '1157': ['1157'], '1159': ['1159'], '1162': ['1162'], '1033': ['1033'], '1101': ['1101'], '1109': ['1109'], '1153': ['1153'], '1102': ['1102'], '1103': ['1103'], '1105': ['1105', '1106', '1107', '1058', '1059'], '1113': ['1113'], '1154': ['1154'], '1155': ['1155'], '1108': ['1108'], '1110': ['1110'], '1104': ['1104'], '1114': ['1114'], '1156': ['1156'], '1038': ['1038'], '1048': ['1048'], '1049': ['1049'], '1050': ['1050'], '1054': ['1054'], '1068': ['1068'], '1039': ['1039', '1097', '1098', '1099', '1035'], '1112': ['1112'], '1100': ['1100'], '1034': ['1034'], '1067': ['1067'], '1111': ['1111'], '1030': ['1030'], '1046': ['1046'], '1069': ['1069'], '1064': ['1064'], '1065': ['1065'], '1047': ['1047'], '1070': ['1070'], '1031': ['1031'], '1086': ['1086'], '1089': ['1089'], '1043': ['1043'], '1121': ['1121'], '1122': ['1122'], '1123': ['1123'], '1124': ['1124'], '1036': ['1036'], '1092': ['1092'], '1150': ['1150'], '1093': ['1093'], '1094': ['1094'], '1145': ['1145'], '1151': ['1151'], '1144': ['1144'], '1149': ['1149'], '1037': ['1037'], '1044': ['1044'], '1087': ['1087'], '1088': ['1088'], '1090': ['1090'], '1142': ['1142'], '1141': ['1141'], '1091': ['1091'], '1143': ['1143'], '1045': ['1045'], '1115': ['1115'], '1062': ['1062'], '1077': ['1077'], '1117': ['1117'], '1146': ['1146'], '1152': ['1152'], '1075': ['1075'], '1076': ['1076'], '1118': ['1118'], '1073': ['1073'], '1078': ['1078'], '1074': ['1074'], '1116': ['1116'], '1140': ['1140'], '1119': ['1119'], '1120': ['1120'], '1132': ['1132'], '1130': ['1130'], '1134': ['1134'], '1133': ['1133']})"
117,"defaultdict(<class 'list'>, {'1040': ['1040'], '1080': ['1080'], '1079': ['1079'], '1081': ['1081'], '1095': ['1095'], '1082': ['1082'], '1084': ['1084'], '1096': ['1096'], '1136': ['1136'], '1138': ['1138'], '1041': ['1041'], '1126': ['1126'], '1125': ['1125'], '1127': ['1127'], '1128': ['1128', '1131', '1132', '1130', '1133'], '1129': ['1129'], '1032': ['1032'], '1052': ['1052'], '1063': ['1063'], '1160': ['1160'], '1051': ['1051'], '1055': ['1055'], '1057': ['1057'], '1060': ['1060'], '1071': ['1071'], '1147': ['1147'], '1148': ['1148'], '1158': ['1158'], '1161': ['1161'], '1053': ['1053'], '1066': ['1066', '1067', '1064', '1065', '1031'], '1056': ['1056'], '1061': ['1061', '1062', '1075', '1073', '1074'], '1072': ['1072'], '1157': ['1157'], '1159': ['1159'], '1162': ['1162'], '1033': ['1033'], '1101': ['1101'], '1109': ['1109'], '1153': ['1153'], '1102': ['1102'], '1103': ['1103'], '1105': ['1105'], '1106': ['1106'], '1113': ['1113'], '1154': ['1154'], '1155': ['1155'], '1108': ['1108'], '1110': ['1110'], '1104': ['1104'], '1107': ['1107'], '1114': ['1114'], '1156': ['1156'], '1038': ['1038'], '1048': ['1048'], '1049': ['1049'], '1050': ['1050'], '1054': ['1054'], '1068': ['1068'], '1039': ['1039'], '1097': ['1097'], '1098': ['1098'], '1099': ['1099'], '1112': ['1112'], '1100': ['1100'], '1034': ['1034'], '1035': ['1035'], '1111': ['1111'], '1030': ['1030'], '1046': ['1046'], '1069': ['1069'], '1058': ['1058'], '1059': ['1059'], '1047': ['1047'], '1070': ['1070'], '1042': ['1042'], '1083': ['1083'], '1085': ['1085'], '1086': ['1086', '1089', '1044', '1087', '1090'], '1043': ['1043'], '1121': ['1121'], '1122': ['1122'], '1123': ['1123'], '1124': ['1124'], '1036': ['1036'], '1092': ['1092'], '1150': ['1150'], '1093': ['1093'], '1094': ['1094'], '1145': ['1145'], '1151': ['1151'], '1144': ['1144'], '1149': ['1149'], '1037': ['1037'], '1088': ['1088'], '1142': ['1142'], '1141': ['1141'], '1091': ['1091'], '1143': ['1143'], '1045': ['1045'], '1115': ['1115'], '1077': ['1077'], '1117': ['1117'], '1146': ['1146'], '1152': ['1152'], '1076': ['1076'], '1118': ['1118'], '1078': ['1078'], '1116': ['1116'], '1135': ['1135'], '1137': ['1137'], '1140': ['1140'], '1139': ['1139'], '1119': ['1119'], '1120': ['1120'], '1134': ['1134']})"
117,"defaultdict(<class 'list'>, {'1040': ['1040'], '1080': ['1080'], '1079': ['1079'], '1081': ['1081'], '1095': ['1095'], '1082': ['1082'], '1084': ['1084'], '1096': ['1096'], '1136': ['1136'], '1138': ['1138'], '1041': ['1041'], '1126': ['1126'], '1125': ['1125'], '1127': ['1127'], '1128': ['1128'], '1129': ['1129'], '1131': ['1131'], '1032': ['1032'], '1052': ['1052'], '1063': ['1063'], '1160': ['1160'], '1051': ['1051'], '1055': ['1055'], '1057': ['1057'], '1060': ['1060'], '1071': ['1071'], '1147': ['1147'], '1148': ['1148'], '1158': ['1158'], '1161': ['1161'], '1053': ['1053'], '1066': ['1066'], '1056': ['1056'], '1061': ['1061'], '1072': ['1072'], '1157': ['1157'], '1159': ['1159'], '1162': ['1162'], '1033': ['1033'], '1101': ['1101'], '1109': ['1109'], '1153': ['1153'], '1102': ['1102'], '1103': ['1103'], '1105': ['1105'], '1106': ['1106'], '1113': ['1113'], '1154': ['1154', '1036', '1150', '1151', '1152'], '1155': ['1155'], '1108': ['1108', '1107', '1115', '1116', '1119'], '1110': ['1110'], '1104': ['1104'], '1114': ['1114'], '1156': ['1156'], '1038': ['1038'], '1048': ['1048'], '1049': ['1049'], '1050': ['1050'], '1054': ['1054'], '1068': ['1068'], '1039': ['1039'], '1097': ['1097'], '1098': ['1098'], '1099': ['1099'], '1112': ['1112'], '1100': ['1100'], '1034': ['1034'], '1067': ['1067'], '1035': ['1035'], '1111': ['1111'], '1030': ['1030'], '1046': ['1046'], '1069': ['1069'], '1058': ['1058'], '1059': ['1059'], '1064': ['1064'], '1065': ['1065'], '1047': ['1047'], '1070': ['1070'], '1031': ['1031'], '1042': ['1042'], '1083': ['1083'], '1085': ['1085'], '1086': ['1086'], '1089': ['1089'], '1043': ['1043'], '1121': ['1121'], '1122': ['1122'], '1123': ['1123'], '1124': ['1124'], '1092': ['1092'], '1093': ['1093', '1094', '1144', '1149', '1037'], '1145': ['1145'], '1044': ['1044'], '1087': ['1087'], '1088': ['1088', '1142', '1141', '1143', '1139'], '1090': ['1090'], '1091': ['1091'], '1045': ['1045'], '1062': ['1062'], '1077': ['1077'], '1117': ['1117'], '1146': ['1146'], '1075': ['1075'], '1076': ['1076'], '1118': ['1118'], '1073': ['1073'], '1078': ['1078'], '1074': ['1074'], '1135': ['1135'], '1137': ['1137'], '1140': ['1140'], '1120': ['1120'], '1132': ['1132'], '1130': ['1130'], '1134': ['1134'], '1133': ['1133']})"
117,"defaultdict(<class 'list'>, {'1040': ['1040', '1080', '1079', '1081', '1078'], '1095': ['1095'], '1082': ['1082'], '1084': ['1084'], '1096': ['1096'], '1136': ['1136'], '1138': ['1138'], '1041': ['1041'], '1126': ['1126'], '1125': ['1125'], '1127': ['1127'], '1128': ['1128'], '1129': ['1129'], '1131': ['1131'], '1032': ['1032', '1052', '1063', '1053', '1049'], '1160': ['1160'], '1051': ['1051'], '1055': ['1055'], '1057': ['1057'], '1060': ['1060'], '1071': ['1071'], '1147': ['1147'], '1148': ['1148'], '1158': ['1158'], '1161': ['1161'], '1066': ['1066'], '1056': ['1056'], '1061': ['1061'], '1072': ['1072'], '1157': ['1157'], '1159': ['1159'], '1162': ['1162'], '1033': ['1033'], '1101': ['1101'], '1109': ['1109'], '1153': ['1153'], '1102': ['1102'], '1103': ['1103'], '1105': ['1105'], '1106': ['1106'], '1113': ['1113'], '1154': ['1154', '1036', '1150', '1151', '1152'], '1155': ['1155'], '1108': ['1108'], '1110': ['1110'], '1104': ['1104'], '1107': ['1107'], '1114': ['1114'], '1156': ['1156'], '1038': ['1038'], '1048': ['1048'], '1050': ['1050'], '1054': ['1054'], '1068': ['1068', '1077', '1075', '1076', '1074'], '1039': ['1039'], '1097': ['1097'], '1098': ['1098'], '1099': ['1099'], '1112': ['1112'], '1100': ['1100'], '1034': ['1034'], '1067': ['1067'], '1035': ['1035'], '1111': ['1111'], '1030': ['1030'], '1046': ['1046'], '1069': ['1069'], '1058': ['1058'], '1059': ['1059'], '1064': ['1064'], '1065': ['1065'], '1047': ['1047'], '1070': ['1070'], '1031': ['1031'], '1042': ['1042'], '1083': ['1083'], '1085': ['1085'], '1086': ['1086'], '1089': ['1089'], '1043': ['1043'], '1121': ['1121'], '1122': ['1122'], '1123': ['1123'], '1124': ['1124'], '1092': ['1092'], '1093': ['1093'], '1094': ['1094'], '1145': ['1145'], '1144': ['1144'], '1149': ['1149'], '1037': ['1037'], '1044': ['1044'], '1087': ['1087'], '1088': ['1088'], '1090': ['1090'], '1142': ['1142'], '1141': ['1141'], '1091': ['1091'], '1143': ['1143'], '1045': ['1045'], '1115': ['1115'], '1062': ['1062'], '1117': ['1117'], '1146': ['1146'], '1118': ['1118'], '1073': ['1073'], '1116': ['1116'], '1135': ['1135'], '1137': ['1137'], '1140': ['1140'], '1139': ['1139'], '1119': ['1119'], '1120': ['1120'], '1132': ['1132'], '1130': ['1130'], '1134': ['1134'], '1133': ['1133']})"
117,"defaultdict(<class 'list'>, {'1040': ['1040'], '1080': ['1080', '1079', '1077', '1076', '1078'], '1081': ['1081'], '1095': ['1095'], '1082': ['1082'], '1084': ['1084'], '1096': ['1096'], '1136': ['1136'], '1138': ['1138'], '1041': ['1041'], '1126': ['1126'], '1125': ['1125'], '1127': ['1127'], '1128': ['1128'], '1129': ['1129'], '1131': ['1131'], '1032': ['1032'], '1052': ['1052'], '1063': ['1063'], '1160': ['1160'], '1051': ['1051'], '1055': ['1055'], '1057': ['1057'], '1060': ['1060'], '1071': ['1071'], '1147': ['1147'], '1148': ['1148'], '1158': ['1158'], '1161': ['1161'], '1053': ['1053'], '1066': ['1066'], '1056': ['1056'], '1061': ['1061'], '1072': ['1072'], '1157': ['1157'], '1159': ['1159'], '1162': ['1162'], '1033': ['1033', '1153', '1154', '1155', '1152'], '1101': ['1101', '1102', '1098', '1099', '1100'], '1109': ['1109'], '1103': ['1103'], '1105': ['1105'], '1106': ['1106'], '1113': ['1113'], '1108': ['1108'], '1110': ['1110'], '1104': ['1104'], '1107': ['1107'], '1114': ['1114'], '1156': ['1156'], '1038': ['1038'], '1048': ['1048'], '1049': ['1049'], '1050': ['1050'], '1054': ['1054'], '1068': ['1068'], '1039': ['1039'], '1097': ['1097'], '1112': ['1112'], '1034': ['1034'], '1067': ['1067'], '1035': ['1035'], '1111': ['1111'], '1030': ['1030'], '1046': ['1046'], '1069': ['1069'], '1058': ['1058'], '1059': ['1059'], '1064': ['1064'], '1065': ['1065'], '1047': ['1047'], '1070': ['1070'], '1031': ['1031'], '1042': ['1042'], '1083': ['1083'], '1085': ['1085'], '1086': ['1086'], '1089': ['1089'], '1043': ['1043'], '1121': ['1121'], '1122': ['1122'], '1123': ['1123'], '1124': ['1124'], '1036': ['1036'], '1092': ['1092'], '1150': ['1150'], '1093': ['1093', '1094', '1151', '1149', '1037'], '1145': ['1145'], '1144': ['1144'], '1044': ['1044'], '1087': ['1087'], '1088': ['1088'], '1090': ['1090'], '1142': ['1142'], '1141': ['1141'], '1091': ['1091'], '1143': ['1143'], '1045': ['1045'], '1115': ['1115'], '1062': ['1062'], '1117': ['1117'], '1146': ['1146'], '1075': ['1075'], '1118': ['1118'], '1073': ['1073'], '1074': ['1074'], '1116': ['1116'], '1135': ['1135'], '1137': ['1137'], '1140': ['1140'], '1139': ['1139'], '1119': ['1119'], '1120': ['1120'], '1132': ['1132'], '1130': ['1130'], '1134': ['1134'], '1133': ['1133']})"
117,"defaultdict(<class 'list'>, {'1040': ['1040'], '1080': ['1080'], '1079': ['1079'], '1081': ['1081'], '1095': ['1095'], '1082': ['1082'], '1084': ['1084'], '1096': ['1096'], '1136': ['1136'], '1138': ['1138'], '1041': ['1041'], '1126': ['1126'], '1125': ['1125'], '1127': ['1127'], '1128': ['1128'], '1129': ['1129'], '1131': ['1131'], '1032': ['1032', '1160', '1161', '1162', '1146'], '1052': ['1052'], '1063': ['1063'], '1051': ['1051'], '1055': ['1055'], '1057': ['1057'], '1060': ['1060'], '1071': ['1071'], '1147': ['1147'], '1148': ['1148'], '1158': ['1158'], '1053': ['1053'], '1066': ['1066'], '1056': ['1056'], '1061': ['1061'], '1072': ['1072'], '1157': ['1157'], '1159': ['1159'], '1033': ['1033'], '1101': ['1101'], '1109': ['1109'], '1153': ['1153'], '1102': ['1102'], '1103': ['1103'], '1105': ['1105'], '1106': ['1106'], '1113': ['1113'], '1154': ['1154'], '1155': ['1155'], '1108': ['1108'], '1110': ['1110'], '1104': ['1104'], '1107': ['1107'], '1114': ['1114'], '1156': ['1156'], '1038': ['1038'], '1048': ['1048'], '1049': ['1049'], '1050': ['1050'], '1054': ['1054'], '1068': ['1068'], '1039': ['1039', '1097', '1112', '1035', '1111'], '1098': ['1098'], '1099': ['1099'], '1100': ['1100'], '1034': ['1034'], '1067': ['1067'], '1030': ['1030'], '1046': ['1046'], '1069': ['1069', '1064', '1065', '1070', '1031'], '1058': ['1058'], '1059': ['1059'], '1047': ['1047'], '1042': ['1042'], '1083': ['1083'], '1085': ['1085'], '1086': ['1086'], '1089': ['1089'], '1043': ['1043'], '1121': ['1121'], '1122': ['1122'], '1123': ['1123'], '1124': ['1124'], '1036': ['1036'], '1092': ['1092'], '1150': ['1150'], '1093': ['1093', '1094', '1151', '1149', '1037'], '1145': ['1145'], '1144': ['1144'], '1044': ['1044'], '1087': ['1087'], '1088': ['1088'], '1090': ['1090'], '1142': ['1142'], '1141': ['1141'], '1091': ['1091'], '1143': ['1143'], '1045': ['1045'], '1115': ['1115'], '1062': ['1062'], '1077': ['1077'], '1117': ['1117'], '1152': ['1152'], '1075': ['1075'], '1076': ['1076'], '1118': ['1118'], '1073': ['1073'], '1078': ['1078'], '1074': ['1074'], '1116': ['1116'], '1135': ['1135'], '1137': ['1137'], '1140': ['1140'], '1139': ['1139'], '1119': ['1119'], '1120': ['1120'], '1132': ['1132'], '1130': ['1130'], '1134': ['1134'], '1133': ['1133']})"
117,"defaultdict(<class 'list'>, {'1040': ['1040', '1080', '1079', '1081', '1078'], '1095': ['1095'], '1082': ['1082'], '1084': ['1084'], '1096': ['1096'], '1136': ['1136'], '1138': ['1138'], '1041': ['1041'], '1126': ['1126'], '1125': ['1125'], '1127': ['1127'], '1128': ['1128'], '1129': ['1129'], '1131': ['1131'], '1032': ['1032'], '1052': ['1052', '1053', '1049', '1050', '1054'], '1063': ['1063'], '1160': ['1160'], '1051': ['1051'], '1055': ['1055'], '1057': ['1057'], '1060': ['1060'], '1071': ['1071'], '1147': ['1147'], '1148': ['1148'], '1158': ['1158'], '1161': ['1161'], '1066': ['1066'], '1056': ['1056'], '1061': ['1061'], '1072': ['1072'], '1157': ['1157'], '1159': ['1159'], '1162': ['1162'], '1033': ['1033'], '1101': ['1101'], '1109': ['1109'], '1153': ['1153'], '1102': ['1102'], '1103': ['1103'], '1105': ['1105'], '1106': ['1106'], '1113': ['1113'], '1154': ['1154'], '1155': ['1155'], '1108': ['1108'], '1110': ['1110'], '1104': ['1104'], '1107': ['1107'], '1114': ['1114'], '1156': ['1156'], '1038': ['1038', '1048', '1068', '1034', '1067'], '1039': ['1039'], '1097': ['1097'], '1098': ['1098'], '1099': ['1099'], '1112': ['1112'], '1100': ['1100'], '1035': ['1035'], '1111': ['1111'], '1030': ['1030', '1046', '1069', '1047', '1070'], '1058': ['1058'], '1059': ['1059'], '1064': ['1064'], '1065': ['1065'], '1031': ['1031'], '1042': ['1042'], '1083': ['1083'], '1085': ['1085'], '1086': ['1086'], '1089': ['1089'], '1043': ['1043'], '1121': ['1121'], '1122': ['1122'], '1123': ['1123'], '1124': ['1124'], '1036': ['1036'], '1092': ['1092'], '1150': ['1150'], '1093': ['1093'], '1094': ['1094'], '1145': ['1145'], '1151': ['1151'], '1144': ['1144'], '1149': ['1149'], '1037': ['1037'], '1044': ['1044'], '1087': ['1087'], '1088': ['1088'], '1090': ['1090'], '1142': ['1142'], '1141': ['1141'], '1091': ['1091'], '1143': ['1143'], '1045': ['1045'], '1115': ['1115'], '1062': ['1062'], '1077': ['1077'], '1117': ['1117'], '1146': ['1146'], '1152': ['1152'], '1075': ['1075'], '1076': ['1076'], '1118': ['1118'], '1073': ['1073'], '1074': ['1074'], '1116': ['1116'], '1135': ['1135'], '1137': ['1137'], '1140': ['1140'], '1139': ['1139'], '1119': ['1119'], '1120': ['1120'], '1132': ['1132'], '1130': ['1130'], '1134': ['1134'], '1133': ['1133']})"
118,"defaultdict(<class 'list'>, {'1040': ['1040'], '1080': ['1080'], '1079': ['1079'], '1081': ['1081'], '1095': ['1095'], '1082': ['1082'], '1084': ['1084'], '1096': ['1096', '1138', '1135', '1137', '1139'], '1136': ['1136'], '1041': ['1041'], '1126': ['1126'], '1125': ['1125'], '1127': ['1127'], '1128': ['1128', '1131', '1132', '1130', '1133'], '1129': ['1129'], '1032': ['1032'], '1052': ['1052'], '1063': ['1063'], '1160': ['1160'], '1051': ['1051'], '1055': ['1055'], '1057': ['1057'], '1060': ['1060'], '1071': ['1071'], '1147': ['1147'], '1148': ['1148'], '1158': ['1158'], '1161': ['1161'], '1053': ['1053'], '1066': ['1066'], '1056': ['1056'], '1061': ['1061'], '1072': ['1072'], '1157': ['1157'], '1159': ['1159'], '1162': ['1162'], '1033': ['1033'], '1101': ['1101'], '1109': ['1109'], '1153': ['1153'], '1102': ['1102'], '1103': ['1103'], '1105': ['1105'], '1106': ['1106'], '1113': ['1113'], '1154': ['1154'], '1155': ['1155'], '1108': ['1108'], '1110': ['1110'], '1104': ['1104'], '1107': ['1107'], '1114': ['1114'], '1156': ['1156'], '1038': ['1038'], '1048': ['1048'], '1049': ['1049'], '1050': ['1050'], '1054': ['1054'], '1068': ['1068'], '1039': ['1039'], '1097': ['1097'], '1098': ['1098'], '1099': ['1099'], '1112': ['1112'], '1100': ['1100'], '1034': ['1034'], '1067': ['1067'], '1035': ['1035'], '1111': ['1111'], '1030': ['1030'], '1046': ['1046'], '1069': ['1069'], '1058': ['1058'], '1059': ['1059'], '1064': ['1064'], '1065': ['1065'], '1047': ['1047'], '1070': ['1070'], '1031': ['1031'], '1042': ['1042'], '1083': ['1083'], '1085': ['1085'], '1086': ['1086'], '1089': ['1089'], '1043': ['1043'], '1121': ['1121'], '1122': ['1122'], '1123': ['1123'], '1124': ['1124'], '1036': ['1036', '1092', '1150', '1151', '1149'], '1093': ['1093'], '1094': ['1094'], '1145': ['1145'], '1144': ['1144'], '1037': ['1037'], '1044': ['1044'], '1087': ['1087'], '1088': ['1088', '1142', '1141', '1143'], '1090': ['1090'], '1091': ['1091'], '1045': ['1045'], '1115': ['1115'], '1062': ['1062'], '1077': ['1077'], '1117': ['1117'], '1146': ['1146'], '1152': ['1152'], '1075': ['1075'], '1076': ['1076'], '1118': ['1118'], '1073': ['1073'], '1078': ['1078'], '1074': ['1074'], '1116': ['1116'], '1140': ['1140'], '1119': ['1119'], '1120': ['1120'], '1134': ['1134']})"
119,"defaultdict(<class 'list'>, {'1040': ['1040', '1080', '1079', '1081', '1078'], '1095': ['1095'], '1082': ['1082'], '1084': ['1084'], '1096': ['1096'], '1136': ['1136'], '1138': ['1138'], '1041': ['1041'], '1126': ['1126'], '1125': ['1125'], '1127': ['1127'], '1128': ['1128'], '1129': ['1129'], '1131': ['1131'], '1032': ['1032', '1160', '1147', '1161', '1145', '1146', '1162'], '1052': ['1052'], '1063': ['1063'], '1051': ['1051'], '1055': ['1055'], '1057': ['1057'], '1060': ['1060'], '1071': ['1071'], '1148': ['1148'], '1158': ['1158'], '1053': ['1053'], '1066': ['1066'], '1056': ['1056'], '1061': ['1061'], '1072': ['1072'], '1157': ['1157'], '1159': ['1159'], '1033': ['1033'], '1101': ['1101'], '1109': ['1109'], '1153': ['1153'], '1102': ['1102'], '1103': ['1103'], '1105': ['1105'], '1106': ['1106'], '1113': ['1113'], '1154': ['1154'], '1155': ['1155'], '1108': ['1108'], '1110': ['1110'], '1104': ['1104'], '1107': ['1107'], '1114': ['1114'], '1156': ['1156'], '1038': ['1038'], '1048': ['1048'], '1049': ['1049'], '1050': ['1050'], '1054': ['1054'], '1068': ['1068'], '1039': ['1039'], '1097': ['1097'], '1098': ['1098'], '1099': ['1099'], '1112': ['1112'], '1100': ['1100'], '1034': ['1034'], '1067': ['1067'], '1035': ['1035'], '1111': ['1111'], '1030': ['1030', '1046', '1069', '1047', '1070'], '1058': ['1058'], '1059': ['1059'], '1064': ['1064'], '1065': ['1065'], '1031': ['1031'], '1042': ['1042'], '1083': ['1083'], '1085': ['1085'], '1086': ['1086'], '1089': ['1089'], '1043': ['1043'], '1121': ['1121'], '1122': ['1122'], '1123': ['1123'], '1124': ['1124'], '1036': ['1036'], '1092': ['1092'], '1150': ['1150'], '1093': ['1093'], '1094': ['1094'], '1151': ['1151'], '1144': ['1144'], '1149': ['1149'], '1037': ['1037'], '1044': ['1044'], '1087': ['1087'], '1088': ['1088'], '1090': ['1090'], '1142': ['1142'], '1141': ['1141'], '1091': ['1091'], '1143': ['1143'], '1045': ['1045'], '1115': ['1115'], '1062': ['1062'], '1077': ['1077'], '1117': ['1117'], '1152': ['1152'], '1075': ['1075'], '1076': ['1076'], '1118': ['1118'], '1073': ['1073'], '1074': ['1074'], '1116': ['1116'], '1135': ['1135'], '1137': ['1137'], '1140': ['1140'], '1139': ['1139'], '1119': ['1119'], '1120': ['1120'], '1132': ['1132'], '1130': ['1130'], '1134': ['1134'], '1133': ['1133']})"
119,"defaultdict(<class 'list'>, {'1040': ['1040'], '1080': ['1080'], '1079': ['1079'], '1081': ['1081'], '1095': ['1095'], '1082': ['1082'], '1084': ['1084'], '1096': ['1096'], '1136': ['1136'], '1138': ['1138'], '1041': ['1041'], '1126': ['1126'], '1125': ['1125'], '1127': ['1127'], '1128': ['1128', '1131', '1132', '1130', '1133'], '1129': ['1129'], '1032': ['1032'], '1052': ['1052'], '1063': ['1063'], '1160': ['1160'], '1051': ['1051'], '1055': ['1055'], '1057': ['1057'], '1060': ['1060'], '1071': ['1071'], '1147': ['1147'], '1148': ['1148'], '1158': ['1158'], '1161': ['1161'], '1053': ['1053'], '1066': ['1066'], '1056': ['1056'], '1061': ['1061'], '1072': ['1072'], '1157': ['1157'], '1159': ['1159'], '1162': ['1162'], '1033': ['1033', '1101', '1109', '1153', '1100'], '1102': ['1102'], '1103': ['1103'], '1105': ['1105'], '1106': ['1106'], '1113': ['1113'], '1154': ['1154', '1151', '1152'], '1155': ['1155'], '1108': ['1108'], '1110': ['1110'], '1104': ['1104'], '1107': ['1107'], '1114': ['1114'], '1156': ['1156'], '1038': ['1038'], '1048': ['1048'], '1049': ['1049'], '1050': ['1050'], '1054': ['1054'], '1068': ['1068'], '1039': ['1039'], '1097': ['1097'], '1098': ['1098'], '1099': ['1099'], '1112': ['1112'], '1034': ['1034'], '1067': ['1067'], '1035': ['1035'], '1111': ['1111'], '1030': ['1030'], '1046': ['1046'], '1069': ['1069'], '1058': ['1058'], '1059': ['1059'], '1064': ['1064'], '1065': ['1065'], '1047': ['1047'], '1070': ['1070'], '1031': ['1031'], '1042': ['1042'], '1083': ['1083'], '1085': ['1085'], '1086': ['1086', '1089', '1044', '1087', '1090'], '1043': ['1043'], '1121': ['1121'], '1122': ['1122'], '1123': ['1123'], '1124': ['1124'], '1036': ['1036'], '1092': ['1092'], '1150': ['1150'], '1093': ['1093'], '1094': ['1094'], '1145': ['1145'], '1144': ['1144'], '1149': ['1149'], '1037': ['1037'], '1088': ['1088'], '1142': ['1142'], '1141': ['1141'], '1091': ['1091'], '1143': ['1143'], '1045': ['1045'], '1115': ['1115'], '1062': ['1062'], '1077': ['1077'], '1117': ['1117'], '1146': ['1146'], '1075': ['1075'], '1076': ['1076'], '1118': ['1118'], '1073': ['1073'], '1078': ['1078'], '1074': ['1074'], '1116': ['1116'], '1135': ['1135'], '1137': ['1137'], '1140': ['1140'], '1139': ['1139'], '1119': ['1119'], '1120': ['1120'], '1134': ['1134']})"
121,"defaultdict(<class 'list'>, {'1040': ['1040'], '1080': ['1080'], '1079': ['1079'], '1081': ['1081'], '1095': ['1095'], '1082': ['1082'], '1084': ['1084'], '1096': ['1096'], '1136': ['1136'], '1138': ['1138'], '1041': ['1041'], '1126': ['1126'], '1125': ['1125'], '1127': ['1127'], '1128': ['1128', '1131', '1132', '1130', '1133'], '1129': ['1129'], '1032': ['1032'], '1052': ['1052'], '1063': ['1063'], '1160': ['1160'], '1051': ['1051'], '1055': ['1055'], '1057': ['1057'], '1060': ['1060'], '1071': ['1071'], '1147': ['1147'], '1148': ['1148'], '1158': ['1158'], '1161': ['1161'], '1053': ['1053'], '1066': ['1066'], '1056': ['1056'], '1061': ['1061'], '1072': ['1072'], '1157': ['1157'], '1159': ['1159'], '1162': ['1162'], '1033': ['1033'], '1101': ['1101'], '1109': ['1109'], '1153': ['1153'], '1102': ['1102'], '1103': ['1103'], '1105': ['1105'], '1106': ['1106'], '1113': ['1113'], '1154': ['1154'], '1155': ['1155'], '1108': ['1108'], '1110': ['1110'], '1104': ['1104'], '1107': ['1107'], '1114': ['1114'], '1156': ['1156'], '1038': ['1038'], '1048': ['1048'], '1049': ['1049'], '1050': ['1050'], '1054': ['1054'], '1068': ['1068'], '1039': ['1039', '1097', '1098', '1099', '1035'], '1112': ['1112'], '1100': ['1100'], '1034': ['1034'], '1067': ['1067'], '1111': ['1111'], '1030': ['1030'], '1046': ['1046'], '1069': ['1069'], '1058': ['1058'], '1059': ['1059'], '1064': ['1064'], '1065': ['1065'], '1047': ['1047'], '1070': ['1070'], '1031': ['1031'], '1042': ['1042'], '1083': ['1083'], '1085': ['1085'], '1086': ['1086', '1089', '1044', '1087', '1090'], '1043': ['1043'], '1121': ['1121'], '1122': ['1122'], '1123': ['1123'], '1124': ['1124'], '1036': ['1036'], '1092': ['1092'], '1150': ['1150'], '1093': ['1093'], '1094': ['1094'], '1145': ['1145'], '1151': ['1151'], '1144': ['1144'], '1149': ['1149'], '1037': ['1037'], '1088': ['1088'], '1142': ['1142'], '1141': ['1141'], '1091': ['1091'], '1143': ['1143'], '1045': ['1045'], '1115': ['1115'], '1062': ['1062'], '1077': ['1077'], '1117': ['1117'], '1146': ['1146'], '1152': ['1152'], '1075': ['1075'], '1076': ['1076'], '1118': ['1118'], '1073': ['1073'], '1078': ['1078'], '1074': ['1074'], '1116': ['1116'], '1135': ['1135'], '1137': ['1137'], '1140': ['1140'], '1139': ['1139'], '1119': ['1119'], '1120': ['1120'], '1134': ['1134']})"
121,"defaultdict(<class 'list'>, {'1040': ['1040'], '1080': ['1080'], '1079': ['1079'], '1081': ['1081'], '1095': ['1095'], '1082': ['1082', '1084', '1042', '1083', '1085'], '1096': ['1096'], '1136': ['1136'], '1138': ['1138'], '1041': ['1041', '1126', '1125', '1127', '1124'], '1128': ['1128'], '1129': ['1129'], '1131': ['1131'], '1032': ['1032'], '1052': ['1052'], '1063': ['1063'], '1160': ['1160'], '1051': ['1051'], '1055': ['1055'], '1057': ['1057'], '1060': ['1060'], '1071': ['1071'], '1147': ['1147'], '1148': ['1148'], '1158': ['1158'], '1161': ['1161'], '1053': ['1053'], '1066': ['1066'], '1056': ['1056'], '1061': ['1061'], '1072': ['1072'], '1157': ['1157'], '1159': ['1159'], '1162': ['1162'], '1033': ['1033'], '1101': ['1101'], '1109': ['1109'], '1153': ['1153'], '1102': ['1102'], '1103': ['1103'], '1105': ['1105'], '1106': ['1106'], '1113': ['1113'], '1154': ['1154'], '1155': ['1155'], '1108': ['1108'], '1110': ['1110'], '1104': ['1104'], '1107': ['1107'], '1114': ['1114'], '1156': ['1156'], '1038': ['1038'], '1048': ['1048'], '1049': ['1049'], '1050': ['1050'], '1054': ['1054'], '1068': ['1068'], '1039': ['1039'], '1097': ['1097'], '1098': ['1098'], '1099': ['1099'], '1112': ['1112'], '1100': ['1100'], '1034': ['1034'], '1067': ['1067'], '1035': ['1035'], '1111': ['1111'], '1030': ['1030'], '1046': ['1046'], '1069': ['1069'], '1058': ['1058'], '1059': ['1059'], '1064': ['1064'], '1065': ['1065'], '1047': ['1047'], '1070': ['1070'], '1031': ['1031'], '1086': ['1086'], '1089': ['1089'], '1043': ['1043'], '1121': ['1121'], '1122': ['1122'], '1123': ['1123'], '1036': ['1036'], '1092': ['1092'], '1150': ['1150'], '1093': ['1093'], '1094': ['1094'], '1145': ['1145'], '1151': ['1151'], '1144': ['1144'], '1149': ['1149'], '1037': ['1037'], '1044': ['1044'], '1087': ['1087'], '1088': ['1088'], '1090': ['1090'], '1142': ['1142'], '1141': ['1141'], '1091': ['1091'], '1143': ['1143'], '1045': ['1045'], '1115': ['1115'], '1062': ['1062'], '1077': ['1077'], '1117': ['1117', '1118', '1116', '1119', '1120'], '1146': ['1146'], '1152': ['1152'], '1075': ['1075'], '1076': ['1076'], '1073': ['1073'], '1078': ['1078'], '1074': ['1074'], '1135': ['1135'], '1137': ['1137'], '1140': ['1140'], '1139': ['1139'], '1132': ['1132'], '1130': ['1130'], '1134': ['1134'], '1133': ['1133']})"
121,"defaultdict(<class 'list'>, {'1040': ['1040'], '1080': ['1080'], '1079': ['1079', '1077', '1075', '1076', '1074'], '1081': ['1081'], '1095': ['1095'], '1082': ['1082'], '1084': ['1084'], '1096': ['1096'], '1136': ['1136'], '1138': ['1138'], '1041': ['1041'], '1126': ['1126'], '1125': ['1125'], '1127': ['1127'], '1128': ['1128'], '1129': ['1129'], '1131': ['1131'], '1032': ['1032'], '1052': ['1052'], '1063': ['1063'], '1160': ['1160'], '1051': ['1051'], '1055': ['1055'], '1057': ['1057'], '1060': ['1060'], '1071': ['1071'], '1147': ['1147'], '1148': ['1148'], '1158': ['1158'], '1161': ['1161'], '1053': ['1053'], '1066': ['1066'], '1056': ['1056'], '1061': ['1061'], '1072': ['1072'], '1157': ['1157'], '1159': ['1159'], '1162': ['1162'], '1033': ['1033'], '1101': ['1101'], '1109': ['1109'], '1153': ['1153'], '1102': ['1102'], '1103': ['1103'], '1105': ['1105', '1106', '1107', '1058', '1059'], '1113': ['1113'], '1154': ['1154'], '1155': ['1155'], '1108': ['1108'], '1110': ['1110'], '1104': ['1104'], '1114': ['1114'], '1156': ['1156'], '1038': ['1038'], '1048': ['1048'], '1049': ['1049'], '1050': ['1050'], '1054': ['1054'], '1068': ['1068'], '1039': ['1039', '1097', '1098', '1099', '1035'], '1112': ['1112'], '1100': ['1100'], '1034': ['1034'], '1067': ['1067'], '1111': ['1111'], '1030': ['1030'], '1046': ['1046'], '1069': ['1069'], '1064': ['1064'], '1065': ['1065'], '1047': ['1047'], '1070': ['1070'], '1031': ['1031'], '1042': ['1042'], '1083': ['1083'], '1085': ['1085'], '1086': ['1086'], '1089': ['1089'], '1043': ['1043'], '1121': ['1121'], '1122': ['1122'], '1123': ['1123'], '1124': ['1124'], '1036': ['1036'], '1092': ['1092'], '1150': ['1150'], '1093': ['1093'], '1094': ['1094'], '1145': ['1145'], '1151': ['1151'], '1144': ['1144'], '1149': ['1149'], '1037': ['1037'], '1044': ['1044'], '1087': ['1087'], '1088': ['1088'], '1090': ['1090'], '1142': ['1142'], '1141': ['1141'], '1091': ['1091'], '1143': ['1143'], '1045': ['1045'], '1115': ['1115'], '1062': ['1062'], '1117': ['1117'], '1146': ['1146'], '1152': ['1152'], '1118': ['1118'], '1073': ['1073'], '1078': ['1078'], '1116': ['1116'], '1135': ['1135'], '1137': ['1137'], '1140': ['1140'], '1139': ['1139'], '1119': ['1119'], '1120': ['1120'], '1132': ['1132'], '1130': ['1130'], '1134': ['1134'], '1133': ['1133']})"
121,"defaultdict(<class 'list'>, {'1040': ['1040'], '1080': ['1080'], '1079': ['1079'], '1081': ['1081'], '1095': ['1095'], '1082': ['1082'], '1084': ['1084'], '1096': ['1096'], '1136': ['1136'], '1138': ['1138'], '1041': ['1041'], '1126': ['1126'], '1125': ['1125'], '1127': ['1127'], '1128': ['1128'], '1129': ['1129'], '1131': ['1131'], '1032': ['1032', '1160', '1161', '1162', '1146'], '1052': ['1052'], '1063': ['1063'], '1051': ['1051'], '1055': ['1055'], '1057': ['1057'], '1060': ['1060'], '1071': ['1071'], '1147': ['1147'], '1148': ['1148'], '1158': ['1158'], '1053': ['1053'], '1066': ['1066'], '1056': ['1056'], '1061': ['1061'], '1072': ['1072'], '1157': ['1157'], '1159': ['1159'], '1033': ['1033'], '1101': ['1101'], '1109': ['1109'], '1153': ['1153'], '1102': ['1102'], '1103': ['1103'], '1105': ['1105'], '1106': ['1106'], '1113': ['1113'], '1154': ['1154'], '1155': ['1155'], '1108': ['1108'], '1110': ['1110', '1111', '1064', '1065', '1031'], '1104': ['1104'], '1107': ['1107'], '1114': ['1114'], '1156': ['1156'], '1038': ['1038'], '1048': ['1048'], '1049': ['1049'], '1050': ['1050'], '1054': ['1054'], '1068': ['1068'], '1039': ['1039'], '1097': ['1097'], '1098': ['1098'], '1099': ['1099'], '1112': ['1112'], '1100': ['1100'], '1034': ['1034'], '1067': ['1067'], '1035': ['1035'], '1030': ['1030'], '1046': ['1046'], '1069': ['1069'], '1058': ['1058'], '1059': ['1059'], '1047': ['1047'], '1070': ['1070'], '1042': ['1042'], '1083': ['1083'], '1085': ['1085'], '1086': ['1086'], '1089': ['1089'], '1043': ['1043'], '1121': ['1121'], '1122': ['1122'], '1123': ['1123'], '1124': ['1124'], '1036': ['1036'], '1092': ['1092'], '1150': ['1150'], '1093': ['1093', '1094', '1151', '1149', '1037'], '1145': ['1145'], '1144': ['1144'], '1044': ['1044'], '1087': ['1087'], '1088': ['1088'], '1090': ['1090'], '1142': ['1142'], '1141': ['1141'], '1091': ['1091'], '1143': ['1143'], '1045': ['1045'], '1115': ['1115'], '1062': ['1062'], '1077': ['1077'], '1117': ['1117'], '1152': ['1152'], '1075': ['1075'], '1076': ['1076'], '1118': ['1118'], '1073': ['1073'], '1078': ['1078'], '1074': ['1074'], '1116': ['1116'], '1135': ['1135'], '1137': ['1137'], '1140': ['1140'], '1139': ['1139'], '1119': ['1119'], '1120': ['1120'], '1132': ['1132'], '1130': ['1130'], '1134': ['1134'], '1133': ['1133']})"
121,"defaultdict(<class 'list'>, {'1040': ['1040'], '1080': ['1080'], '1079': ['1079'], '1081': ['1081'], '1095': ['1095'], '1082': ['1082'], '1084': ['1084'], '1096': ['1096'], '1136': ['1136'], '1138': ['1138'], '1041': ['1041'], '1126': ['1126', '1125', '1127', '1128', '1124'], '1129': ['1129'], '1131': ['1131'], '1032': ['1032', '1160', '1161', '1162', '1146'], '1052': ['1052'], '1063': ['1063'], '1051': ['1051'], '1055': ['1055'], '1057': ['1057'], '1060': ['1060'], '1071': ['1071'], '1147': ['1147'], '1148': ['1148'], '1158': ['1158'], '1053': ['1053'], '1066': ['1066'], '1056': ['1056'], '1061': ['1061'], '1072': ['1072'], '1157': ['1157'], '1159': ['1159'], '1033': ['1033'], '1101': ['1101'], '1109': ['1109'], '1153': ['1153'], '1102': ['1102'], '1103': ['1103'], '1105': ['1105'], '1106': ['1106'], '1113': ['1113'], '1154': ['1154'], '1155': ['1155'], '1108': ['1108'], '1110': ['1110'], '1104': ['1104'], '1107': ['1107'], '1114': ['1114'], '1156': ['1156'], '1038': ['1038'], '1048': ['1048'], '1049': ['1049'], '1050': ['1050'], '1054': ['1054'], '1068': ['1068'], '1039': ['1039'], '1097': ['1097'], '1098': ['1098'], '1099': ['1099'], '1112': ['1112'], '1100': ['1100'], '1034': ['1034'], '1067': ['1067'], '1035': ['1035'], '1111': ['1111'], '1030': ['1030'], '1046': ['1046'], '1069': ['1069'], '1058': ['1058'], '1059': ['1059'], '1064': ['1064'], '1065': ['1065'], '1047': ['1047'], '1070': ['1070'], '1031': ['1031'], '1042': ['1042'], '1083': ['1083'], '1085': ['1085'], '1086': ['1086'], '1089': ['1089'], '1043': ['1043'], '1121': ['1121'], '1122': ['1122'], '1123': ['1123'], '1036': ['1036'], '1092': ['1092'], '1150': ['1150'], '1093': ['1093', '1094', '1151', '1149', '1037'], '1145': ['1145'], '1144': ['1144'], '1044': ['1044'], '1087': ['1087'], '1088': ['1088'], '1090': ['1090'], '1142': ['1142'], '1141': ['1141'], '1091': ['1091'], '1143': ['1143'], '1045': ['1045'], '1115': ['1115'], '1062': ['1062'], '1077': ['1077'], '1117': ['1117'], '1152': ['1152'], '1075': ['1075'], '1076': ['1076'], '1118': ['1118'], '1073': ['1073'], '1078': ['1078'], '1074': ['1074'], '1116': ['1116'], '1135': ['1135'], '1137': ['1137'], '1140': ['1140'], '1139': ['1139'], '1119': ['1119'], '1120': ['1120'], '1132': ['1132'], '1130': ['1130'], '1134': ['1134'], '1133': ['1133']})"
121,"defaultdict(<class 'list'>, {'1040': ['1040'], '1080': ['1080'], '1079': ['1079'], '1081': ['1081'], '1095': ['1095'], '1082': ['1082', '1084', '1042', '1083', '1085'], '1096': ['1096'], '1136': ['1136'], '1138': ['1138'], '1041': ['1041'], '1126': ['1126'], '1125': ['1125'], '1127': ['1127'], '1128': ['1128'], '1129': ['1129'], '1131': ['1131'], '1032': ['1032'], '1052': ['1052'], '1063': ['1063'], '1160': ['1160'], '1051': ['1051'], '1055': ['1055'], '1057': ['1057'], '1060': ['1060'], '1071': ['1071'], '1147': ['1147'], '1148': ['1148'], '1158': ['1158'], '1161': ['1161'], '1053': ['1053'], '1066': ['1066'], '1056': ['1056'], '1061': ['1061'], '1072': ['1072'], '1157': ['1157'], '1159': ['1159'], '1162': ['1162'], '1033': ['1033'], '1101': ['1101'], '1109': ['1109'], '1153': ['1153'], '1102': ['1102'], '1103': ['1103'], '1105': ['1105', '1106', '1107', '1058', '1059'], '1113': ['1113'], '1154': ['1154'], '1155': ['1155'], '1108': ['1108'], '1110': ['1110'], '1104': ['1104'], '1114': ['1114'], '1156': ['1156'], '1038': ['1038', '1048', '1068', '1034', '1067'], '1049': ['1049'], '1050': ['1050'], '1054': ['1054'], '1039': ['1039'], '1097': ['1097'], '1098': ['1098'], '1099': ['1099'], '1112': ['1112'], '1100': ['1100'], '1035': ['1035'], '1111': ['1111'], '1030': ['1030'], '1046': ['1046'], '1069': ['1069'], '1064': ['1064'], '1065': ['1065'], '1047': ['1047'], '1070': ['1070'], '1031': ['1031'], '1086': ['1086'], '1089': ['1089'], '1043': ['1043'], '1121': ['1121'], '1122': ['1122'], '1123': ['1123'], '1124': ['1124'], '1036': ['1036'], '1092': ['1092'], '1150': ['1150'], '1093': ['1093'], '1094': ['1094'], '1145': ['1145'], '1151': ['1151'], '1144': ['1144'], '1149': ['1149'], '1037': ['1037'], '1044': ['1044'], '1087': ['1087'], '1088': ['1088'], '1090': ['1090'], '1142': ['1142'], '1141': ['1141'], '1091': ['1091'], '1143': ['1143'], '1045': ['1045'], '1115': ['1115'], '1062': ['1062'], '1077': ['1077'], '1117': ['1117'], '1146': ['1146'], '1152': ['1152'], '1075': ['1075'], '1076': ['1076'], '1118': ['1118'], '1073': ['1073'], '1078': ['1078'], '1074': ['1074'], '1116': ['1116'], '1135': ['1135'], '1137': ['1137'], '1140': ['1140'], '1139': ['1139'], '1119': ['1119'], '1120': ['1120'], '1132': ['1132'], '1130': ['1130'], '1134': ['1134'], '1133': ['1133']})"
121,"defaultdict(<class 'list'>, {'1040': ['1040'], '1080': ['1080'], '1079': ['1079'], '1081': ['1081'], '1095': ['1095'], '1082': ['1082'], '1084': ['1084'], '1096': ['1096'], '1136': ['1136'], '1138': ['1138'], '1041': ['1041'], '1126': ['1126'], '1125': ['1125'], '1127': ['1127'], '1128': ['1128'], '1129': ['1129'], '1131': ['1131'], '1032': ['1032', '1160', '1161', '1162', '1146'], '1052': ['1052'], '1063': ['1063'], '1051': ['1051'], '1055': ['1055'], '1057': ['1057'], '1060': ['1060'], '1071': ['1071'], '1147': ['1147'], '1148': ['1148'], '1158': ['1158'], '1053': ['1053'], '1066': ['1066'], '1056': ['1056'], '1061': ['1061'], '1072': ['1072'], '1157': ['1157'], '1159': ['1159'], '1033': ['1033'], '1101': ['1101'], '1109': ['1109'], '1153': ['1153'], '1102': ['1102'], '1103': ['1103'], '1105': ['1105', '1106', '1107', '1058', '1059'], '1113': ['1113'], '1154': ['1154'], '1155': ['1155'], '1108': ['1108'], '1110': ['1110'], '1104': ['1104'], '1114': ['1114'], '1156': ['1156'], '1038': ['1038'], '1048': ['1048'], '1049': ['1049'], '1050': ['1050'], '1054': ['1054'], '1068': ['1068'], '1039': ['1039', '1097', '1098', '1099', '1035'], '1112': ['1112'], '1100': ['1100'], '1034': ['1034'], '1067': ['1067'], '1111': ['1111'], '1030': ['1030'], '1046': ['1046'], '1069': ['1069'], '1064': ['1064'], '1065': ['1065'], '1047': ['1047'], '1070': ['1070'], '1031': ['1031'], '1042': ['1042'], '1083': ['1083'], '1085': ['1085'], '1086': ['1086'], '1089': ['1089'], '1043': ['1043'], '1121': ['1121'], '1122': ['1122'], '1123': ['1123'], '1124': ['1124'], '1036': ['1036'], '1092': ['1092'], '1150': ['1150'], '1093': ['1093'], '1094': ['1094'], '1145': ['1145'], '1151': ['1151'], '1144': ['1144'], '1149': ['1149'], '1037': ['1037'], '1044': ['1044'], '1087': ['1087'], '1088': ['1088'], '1090': ['1090'], '1142': ['1142'], '1141': ['1141'], '1091': ['1091'], '1143': ['1143'], '1045': ['1045'], '1115': ['1115'], '1062': ['1062'], '1077': ['1077'], '1117': ['1117'], '1152': ['1152'], '1075': ['1075'], '1076': ['1076'], '1118': ['1118'], '1073': ['1073'], '1078': ['1078'], '1074': ['1074'], '1116': ['1116'], '1135': ['1135'], '1137': ['1137'], '1140': ['1140'], '1139': ['1139'], '1119': ['1119'], '1120': ['1120'], '1132': ['1132'], '1130': ['1130'], '1134': ['1134'], '1133': ['1133']})"
121,"defaultdict(<class 'list'>, {'1040': ['1040'], '1080': ['1080'], '1079': ['1079'], '1081': ['1081'], '1095': ['1095'], '1082': ['1082'], '1084': ['1084'], '1096': ['1096'], '1136': ['1136'], '1138': ['1138'], '1041': ['1041'], '1126': ['1126'], '1125': ['1125'], '1127': ['1127'], '1128': ['1128'], '1129': ['1129'], '1131': ['1131'], '1032': ['1032'], '1052': ['1052'], '1063': ['1063'], '1160': ['1160'], '1051': ['1051'], '1055': ['1055'], '1057': ['1057'], '1060': ['1060'], '1071': ['1071'], '1147': ['1147'], '1148': ['1148'], '1158': ['1158'], '1161': ['1161'], '1053': ['1053'], '1066': ['1066'], '1056': ['1056'], '1061': ['1061'], '1072': ['1072'], '1157': ['1157'], '1159': ['1159'], '1162': ['1162'], '1033': ['1033'], '1101': ['1101'], '1109': ['1109'], '1153': ['1153'], '1102': ['1102'], '1103': ['1103'], '1105': ['1105'], '1106': ['1106'], '1113': ['1113'], '1154': ['1154', '1036', '1150', '1151', '1152'], '1155': ['1155'], '1108': ['1108', '1107', '1115', '1116', '1119'], '1110': ['1110'], '1104': ['1104'], '1114': ['1114'], '1156': ['1156'], '1038': ['1038'], '1048': ['1048'], '1049': ['1049'], '1050': ['1050'], '1054': ['1054'], '1068': ['1068'], '1039': ['1039'], '1097': ['1097'], '1098': ['1098'], '1099': ['1099'], '1112': ['1112'], '1100': ['1100'], '1034': ['1034'], '1067': ['1067'], '1035': ['1035'], '1111': ['1111'], '1030': ['1030'], '1046': ['1046'], '1069': ['1069'], '1058': ['1058'], '1059': ['1059'], '1064': ['1064'], '1065': ['1065'], '1047': ['1047'], '1070': ['1070'], '1031': ['1031'], '1042': ['1042'], '1083': ['1083'], '1085': ['1085'], '1086': ['1086'], '1089': ['1089'], '1043': ['1043'], '1121': ['1121'], '1122': ['1122'], '1123': ['1123'], '1124': ['1124'], '1092': ['1092'], '1093': ['1093', '1094', '1144', '1149', '1037'], '1145': ['1145'], '1044': ['1044'], '1087': ['1087'], '1088': ['1088'], '1090': ['1090'], '1142': ['1142'], '1141': ['1141'], '1091': ['1091'], '1143': ['1143'], '1045': ['1045'], '1062': ['1062'], '1077': ['1077'], '1117': ['1117'], '1146': ['1146'], '1075': ['1075'], '1076': ['1076'], '1118': ['1118'], '1073': ['1073'], '1078': ['1078'], '1074': ['1074'], '1135': ['1135'], '1137': ['1137'], '1140': ['1140'], '1139': ['1139'], '1120': ['1120'], '1132': ['1132'], '1130': ['1130'], '1134': ['1134'], '1133': ['1133']})"
121,"defaultdict(<class 'list'>, {'1040': ['1040'], '1080': ['1080', '1079', '1077', '1076', '1078'], '1081': ['1081'], '1095': ['1095'], '1082': ['1082'], '1084': ['1084'], '1096': ['1096', '1138', '1135', '1137', '1139'], '1136': ['1136'], '1041': ['1041', '1126', '1125', '1127', '1124'], '1128': ['1128'], '1129': ['1129'], '1131': ['1131'], '1032': ['1032'], '1052': ['1052'], '1063': ['1063'], '1160': ['1160'], '1051': ['1051'], '1055': ['1055'], '1057': ['1057'], '1060': ['1060'], '1071': ['1071'], '1147': ['1147'], '1148': ['1148'], '1158': ['1158'], '1161': ['1161'], '1053': ['1053'], '1066': ['1066'], '1056': ['1056'], '1061': ['1061'], '1072': ['1072'], '1157': ['1157'], '1159': ['1159'], '1162': ['1162'], '1033': ['1033'], '1101': ['1101'], '1109': ['1109'], '1153': ['1153'], '1102': ['1102'], '1103': ['1103'], '1105': ['1105'], '1106': ['1106'], '1113': ['1113'], '1154': ['1154'], '1155': ['1155'], '1108': ['1108'], '1110': ['1110'], '1104': ['1104'], '1107': ['1107'], '1114': ['1114'], '1156': ['1156'], '1038': ['1038'], '1048': ['1048'], '1049': ['1049'], '1050': ['1050'], '1054': ['1054'], '1068': ['1068'], '1039': ['1039'], '1097': ['1097'], '1098': ['1098'], '1099': ['1099'], '1112': ['1112'], '1100': ['1100'], '1034': ['1034'], '1067': ['1067'], '1035': ['1035'], '1111': ['1111'], '1030': ['1030'], '1046': ['1046'], '1069': ['1069'], '1058': ['1058'], '1059': ['1059'], '1064': ['1064'], '1065': ['1065'], '1047': ['1047'], '1070': ['1070'], '1031': ['1031'], '1042': ['1042'], '1083': ['1083'], '1085': ['1085'], '1086': ['1086'], '1089': ['1089'], '1043': ['1043'], '1121': ['1121'], '1122': ['1122'], '1123': ['1123'], '1036': ['1036'], '1092': ['1092'], '1150': ['1150'], '1093': ['1093'], '1094': ['1094'], '1145': ['1145'], '1151': ['1151'], '1144': ['1144'], '1149': ['1149'], '1037': ['1037'], '1044': ['1044'], '1087': ['1087'], '1088': ['1088'], '1090': ['1090'], '1142': ['1142'], '1141': ['1141'], '1091': ['1091'], '1143': ['1143'], '1045': ['1045'], '1115': ['1115'], '1062': ['1062'], '1117': ['1117'], '1146': ['1146'], '1152': ['1152'], '1075': ['1075'], '1118': ['1118'], '1073': ['1073'], '1074': ['1074'], '1116': ['1116'], '1140': ['1140'], '1119': ['1119'], '1120': ['1120'], '1132': ['1132'], '1130': ['1130'], '1134': ['1134'], '1133': ['1133']})"
121,"defaultdict(<class 'list'>, {'1040': ['1040'], '1080': ['1080'], '1079': ['1079'], '1081': ['1081'], '1095': ['1095'], '1082': ['1082'], '1084': ['1084'], '1096': ['1096', '1138', '1135', '1137', '1139'], '1136': ['1136'], '1041': ['1041'], '1126': ['1126'], '1125': ['1125'], '1127': ['1127'], '1128': ['1128'], '1129': ['1129'], '1131': ['1131'], '1032': ['1032'], '1052': ['1052'], '1063': ['1063'], '1160': ['1160'], '1051': ['1051'], '1055': ['1055'], '1057': ['1057'], '1060': ['1060'], '1071': ['1071'], '1147': ['1147'], '1148': ['1148'], '1158': ['1158'], '1161': ['1161'], '1053': ['1053'], '1066': ['1066'], '1056': ['1056'], '1061': ['1061'], '1072': ['1072'], '1157': ['1157'], '1159': ['1159'], '1162': ['1162'], '1033': ['1033'], '1101': ['1101'], '1109': ['1109'], '1153': ['1153'], '1102': ['1102'], '1103': ['1103'], '1105': ['1105'], '1106': ['1106'], '1113': ['1113'], '1154': ['1154'], '1155': ['1155'], '1108': ['1108'], '1110': ['1110'], '1104': ['1104'], '1107': ['1107'], '1114': ['1114'], '1156': ['1156'], '1038': ['1038'], '1048': ['1048'], '1049': ['1049'], '1050': ['1050'], '1054': ['1054'], '1068': ['1068'], '1039': ['1039'], '1097': ['1097'], '1098': ['1098'], '1099': ['1099'], '1112': ['1112'], '1100': ['1100'], '1034': ['1034'], '1067': ['1067'], '1035': ['1035'], '1111': ['1111'], '1030': ['1030'], '1046': ['1046'], '1069': ['1069'], '1058': ['1058'], '1059': ['1059'], '1064': ['1064'], '1065': ['1065'], '1047': ['1047'], '1070': ['1070'], '1031': ['1031'], '1042': ['1042'], '1083': ['1083'], '1085': ['1085'], '1086': ['1086', '1089', '1044', '1087', '1090'], '1043': ['1043'], '1121': ['1121'], '1122': ['1122'], '1123': ['1123'], '1124': ['1124'], '1036': ['1036'], '1092': ['1092'], '1150': ['1150'], '1093': ['1093'], '1094': ['1094'], '1145': ['1145'], '1151': ['1151'], '1144': ['1144'], '1149': ['1149'], '1037': ['1037'], '1088': ['1088', '1142', '1141', '1143', '1140'], '1091': ['1091'], '1045': ['1045'], '1115': ['1115'], '1062': ['1062'], '1077': ['1077'], '1117': ['1117'], '1146': ['1146'], '1152': ['1152'], '1075': ['1075'], '1076': ['1076'], '1118': ['1118'], '1073': ['1073'], '1078': ['1078'], '1074': ['1074'], '1116': ['1116'], '1119': ['1119'], '1120': ['1120'], '1132': ['1132'], '1130': ['1130'], '1134': ['1134'], '1133': ['1133']})"
121,"defaultdict(<class 'list'>, {'1040': ['1040'], '1080': ['1080'], '1079': ['1079'], '1081': ['1081'], '1095': ['1095'], '1082': ['1082'], '1084': ['1084'], '1096': ['1096'], '1136': ['1136'], '1138': ['1138'], '1041': ['1041'], '1126': ['1126'], '1125': ['1125'], '1127': ['1127'], '1128': ['1128'], '1129': ['1129'], '1131': ['1131'], '1032': ['1032'], '1052': ['1052'], '1063': ['1063'], '1160': ['1160'], '1051': ['1051'], '1055': ['1055'], '1057': ['1057'], '1060': ['1060'], '1071': ['1071'], '1147': ['1147'], '1148': ['1148', '1158', '1157', '1159', '1156'], '1161': ['1161'], '1053': ['1053'], '1066': ['1066'], '1056': ['1056'], '1061': ['1061'], '1072': ['1072'], '1162': ['1162'], '1033': ['1033', '1153', '1154', '1155', '1152'], '1101': ['1101'], '1109': ['1109'], '1102': ['1102'], '1103': ['1103'], '1105': ['1105'], '1106': ['1106'], '1113': ['1113'], '1108': ['1108'], '1110': ['1110'], '1104': ['1104'], '1107': ['1107'], '1114': ['1114'], '1038': ['1038'], '1048': ['1048'], '1049': ['1049'], '1050': ['1050'], '1054': ['1054'], '1068': ['1068'], '1039': ['1039'], '1097': ['1097'], '1098': ['1098'], '1099': ['1099'], '1112': ['1112'], '1100': ['1100'], '1034': ['1034'], '1067': ['1067'], '1035': ['1035'], '1111': ['1111'], '1030': ['1030'], '1046': ['1046'], '1069': ['1069'], '1058': ['1058'], '1059': ['1059'], '1064': ['1064'], '1065': ['1065'], '1047': ['1047'], '1070': ['1070'], '1031': ['1031'], '1042': ['1042'], '1083': ['1083'], '1085': ['1085'], '1086': ['1086'], '1089': ['1089'], '1043': ['1043'], '1121': ['1121'], '1122': ['1122'], '1123': ['1123'], '1124': ['1124'], '1036': ['1036'], '1092': ['1092'], '1150': ['1150'], '1093': ['1093'], '1094': ['1094'], '1145': ['1145'], '1151': ['1151'], '1144': ['1144'], '1149': ['1149'], '1037': ['1037'], '1044': ['1044'], '1087': ['1087'], '1088': ['1088'], '1090': ['1090'], '1142': ['1142'], '1141': ['1141'], '1091': ['1091'], '1143': ['1143'], '1045': ['1045'], '1115': ['1115'], '1062': ['1062'], '1077': ['1077'], '1117': ['1117', '1118', '1116', '1119', '1120'], '1146': ['1146'], '1075': ['1075'], '1076': ['1076'], '1073': ['1073'], '1078': ['1078'], '1074': ['1074'], '1135': ['1135'], '1137': ['1137'], '1140': ['1140'], '1139': ['1139'], '1132': ['1132'], '1130': ['1130'], '1134': ['1134'], '1133': ['1133']})"
121,"defaultdict(<class 'list'>, {'1040': ['1040'], '1080': ['1080'], '1079': ['1079'], '1081': ['1081'], '1095': ['1095'], '1082': ['1082'], '1084': ['1084'], '1096': ['1096'], '1136': ['1136'], '1138': ['1138'], '1041': ['1041'], '1126': ['1126'], '1125': ['1125'], '1127': ['1127'], '1128': ['1128', '1131', '1132', '1130', '1133'], '1129': ['1129'], '1032': ['1032'], '1052': ['1052'], '1063': ['1063'], '1160': ['1160'], '1051': ['1051'], '1055': ['1055'], '1057': ['1057'], '1060': ['1060'], '1071': ['1071'], '1147': ['1147'], '1148': ['1148'], '1158': ['1158'], '1161': ['1161'], '1053': ['1053'], '1066': ['1066'], '1056': ['1056'], '1061': ['1061'], '1072': ['1072'], '1157': ['1157'], '1159': ['1159'], '1162': ['1162'], '1033': ['1033'], '1101': ['1101', '1102', '1098', '1099', '1100'], '1109': ['1109'], '1153': ['1153'], '1103': ['1103'], '1105': ['1105'], '1106': ['1106'], '1113': ['1113'], '1154': ['1154'], '1155': ['1155'], '1108': ['1108'], '1110': ['1110'], '1104': ['1104'], '1107': ['1107'], '1114': ['1114'], '1156': ['1156'], '1038': ['1038', '1048', '1068', '1034', '1067'], '1049': ['1049'], '1050': ['1050'], '1054': ['1054'], '1039': ['1039'], '1097': ['1097'], '1112': ['1112'], '1035': ['1035'], '1111': ['1111'], '1030': ['1030'], '1046': ['1046'], '1069': ['1069'], '1058': ['1058'], '1059': ['1059'], '1064': ['1064'], '1065': ['1065'], '1047': ['1047'], '1070': ['1070'], '1031': ['1031'], '1042': ['1042'], '1083': ['1083'], '1085': ['1085'], '1086': ['1086'], '1089': ['1089'], '1043': ['1043'], '1121': ['1121'], '1122': ['1122'], '1123': ['1123'], '1124': ['1124'], '1036': ['1036'], '1092': ['1092'], '1150': ['1150'], '1093': ['1093'], '1094': ['1094'], '1145': ['1145'], '1151': ['1151'], '1144': ['1144'], '1149': ['1149'], '1037': ['1037'], '1044': ['1044'], '1087': ['1087'], '1088': ['1088'], '1090': ['1090'], '1142': ['1142'], '1141': ['1141'], '1091': ['1091'], '1143': ['1143'], '1045': ['1045'], '1115': ['1115'], '1062': ['1062'], '1077': ['1077'], '1117': ['1117'], '1146': ['1146'], '1152': ['1152'], '1075': ['1075'], '1076': ['1076'], '1118': ['1118'], '1073': ['1073'], '1078': ['1078'], '1074': ['1074'], '1116': ['1116'], '1135': ['1135'], '1137': ['1137'], '1140': ['1140'], '1139': ['1139'], '1119': ['1119'], '1120': ['1120'], '1134': ['1134']})"
121,"defaultdict(<class 'list'>, {'1040': ['1040'], '1080': ['1080'], '1079': ['1079'], '1081': ['1081'], '1095': ['1095'], '1082': ['1082'], '1084': ['1084'], '1096': ['1096'], '1136': ['1136'], '1138': ['1138'], '1041': ['1041'], '1126': ['1126'], '1125': ['1125'], '1127': ['1127'], '1128': ['1128'], '1129': ['1129'], '1131': ['1131'], '1032': ['1032', '1160', '1161', '1162', '1146'], '1052': ['1052', '1051', '1053', '1049', '1050'], '1063': ['1063'], '1055': ['1055'], '1057': ['1057'], '1060': ['1060'], '1071': ['1071'], '1147': ['1147'], '1148': ['1148'], '1158': ['1158'], '1066': ['1066'], '1056': ['1056'], '1061': ['1061'], '1072': ['1072'], '1157': ['1157'], '1159': ['1159'], '1033': ['1033'], '1101': ['1101'], '1109': ['1109'], '1153': ['1153'], '1102': ['1102'], '1103': ['1103'], '1105': ['1105'], '1106': ['1106'], '1113': ['1113'], '1154': ['1154'], '1155': ['1155'], '1108': ['1108'], '1110': ['1110'], '1104': ['1104'], '1107': ['1107'], '1114': ['1114'], '1156': ['1156'], '1038': ['1038'], '1048': ['1048'], '1054': ['1054'], '1068': ['1068'], '1039': ['1039'], '1097': ['1097'], '1098': ['1098'], '1099': ['1099'], '1112': ['1112'], '1100': ['1100'], '1034': ['1034'], '1067': ['1067'], '1035': ['1035'], '1111': ['1111'], '1030': ['1030'], '1046': ['1046'], '1069': ['1069'], '1058': ['1058'], '1059': ['1059'], '1064': ['1064'], '1065': ['1065'], '1047': ['1047'], '1070': ['1070'], '1031': ['1031'], '1042': ['1042'], '1083': ['1083'], '1085': ['1085'], '1086': ['1086'], '1089': ['1089'], '1043': ['1043'], '1121': ['1121'], '1122': ['1122'], '1123': ['1123'], '1124': ['1124'], '1036': ['1036'], '1092': ['1092'], '1150': ['1150'], '1093': ['1093'], '1094': ['1094'], '1145': ['1145'], '1151': ['1151'], '1144': ['1144'], '1149': ['1149'], '1037': ['1037'], '1044': ['1044'], '1087': ['1087'], '1088': ['1088', '1142', '1141', '1143', '1139'], '1090': ['1090'], '1091': ['1091'], '1045': ['1045'], '1115': ['1115'], '1062': ['1062'], '1077': ['1077'], '1117': ['1117'], '1152': ['1152'], '1075': ['1075'], '1076': ['1076'], '1118': ['1118'], '1073': ['1073'], '1078': ['1078'], '1074': ['1074'], '1116': ['1116'], '1135': ['1135'], '1137': ['1137'], '1140': ['1140'], '1119': ['1119'], '1120': ['1120'], '1132': ['1132'], '1130': ['1130'], '1134': ['1134'], '1133': ['1133']})"
121,"defaultdict(<class 'list'>, {'1040': ['1040'], '1080': ['1080'], '1079': ['1079'], '1081': ['1081'], '1095': ['1095'], '1082': ['1082', '1084', '1042', '1083', '1085'], '1096': ['1096', '1138', '1135', '1137', '1139'], '1136': ['1136'], '1041': ['1041'], '1126': ['1126'], '1125': ['1125'], '1127': ['1127'], '1128': ['1128'], '1129': ['1129'], '1131': ['1131'], '1032': ['1032'], '1052': ['1052'], '1063': ['1063'], '1160': ['1160'], '1051': ['1051'], '1055': ['1055'], '1057': ['1057'], '1060': ['1060'], '1071': ['1071'], '1147': ['1147'], '1148': ['1148'], '1158': ['1158'], '1161': ['1161'], '1053': ['1053'], '1066': ['1066'], '1056': ['1056'], '1061': ['1061'], '1072': ['1072'], '1157': ['1157'], '1159': ['1159'], '1162': ['1162'], '1033': ['1033'], '1101': ['1101'], '1109': ['1109'], '1153': ['1153'], '1102': ['1102'], '1103': ['1103'], '1105': ['1105'], '1106': ['1106'], '1113': ['1113'], '1154': ['1154'], '1155': ['1155'], '1108': ['1108'], '1110': ['1110'], '1104': ['1104'], '1107': ['1107'], '1114': ['1114'], '1156': ['1156'], '1038': ['1038'], '1048': ['1048'], '1049': ['1049'], '1050': ['1050'], '1054': ['1054'], '1068': ['1068'], '1039': ['1039'], '1097': ['1097'], '1098': ['1098'], '1099': ['1099'], '1112': ['1112'], '1100': ['1100'], '1034': ['1034'], '1067': ['1067'], '1035': ['1035'], '1111': ['1111'], '1030': ['1030'], '1046': ['1046'], '1069': ['1069'], '1058': ['1058'], '1059': ['1059'], '1064': ['1064'], '1065': ['1065'], '1047': ['1047'], '1070': ['1070'], '1031': ['1031'], '1086': ['1086'], '1089': ['1089'], '1043': ['1043', '1121', '1122', '1123', '1045'], '1124': ['1124'], '1036': ['1036'], '1092': ['1092'], '1150': ['1150'], '1093': ['1093'], '1094': ['1094'], '1145': ['1145'], '1151': ['1151'], '1144': ['1144'], '1149': ['1149'], '1037': ['1037'], '1044': ['1044'], '1087': ['1087'], '1088': ['1088'], '1090': ['1090'], '1142': ['1142'], '1141': ['1141'], '1091': ['1091'], '1143': ['1143'], '1115': ['1115'], '1062': ['1062'], '1077': ['1077'], '1117': ['1117'], '1146': ['1146'], '1152': ['1152'], '1075': ['1075'], '1076': ['1076'], '1118': ['1118'], '1073': ['1073'], '1078': ['1078'], '1074': ['1074'], '1116': ['1116'], '1140': ['1140'], '1119': ['1119'], '1120': ['1120'], '1132': ['1132'], '1130': ['1130'], '1134': ['1134'], '1133': ['1133']})"
121,"defaultdict(<class 'list'>, {'1040': ['1040'], '1080': ['1080'], '1079': ['1079'], '1081': ['1081'], '1095': ['1095'], '1082': ['1082'], '1084': ['1084'], '1096': ['1096'], '1136': ['1136'], '1138': ['1138'], '1041': ['1041'], '1126': ['1126'], '1125': ['1125'], '1127': ['1127'], '1128': ['1128'], '1129': ['1129'], '1131': ['1131'], '1032': ['1032', '1052', '1063', '1053', '1049'], '1160': ['1160'], '1051': ['1051'], '1055': ['1055'], '1057': ['1057'], '1060': ['1060'], '1071': ['1071'], '1147': ['1147'], '1148': ['1148', '1158', '1157', '1159', '1156'], '1161': ['1161'], '1066': ['1066'], '1056': ['1056'], '1061': ['1061'], '1072': ['1072'], '1162': ['1162'], '1033': ['1033'], '1101': ['1101'], '1109': ['1109'], '1153': ['1153'], '1102': ['1102'], '1103': ['1103'], '1105': ['1105'], '1106': ['1106'], '1113': ['1113'], '1154': ['1154'], '1155': ['1155'], '1108': ['1108'], '1110': ['1110'], '1104': ['1104'], '1107': ['1107'], '1114': ['1114'], '1038': ['1038'], '1048': ['1048'], '1050': ['1050'], '1054': ['1054'], '1068': ['1068'], '1039': ['1039'], '1097': ['1097'], '1098': ['1098'], '1099': ['1099'], '1112': ['1112'], '1100': ['1100'], '1034': ['1034'], '1067': ['1067'], '1035': ['1035'], '1111': ['1111'], '1030': ['1030'], '1046': ['1046'], '1069': ['1069'], '1058': ['1058'], '1059': ['1059'], '1064': ['1064'], '1065': ['1065'], '1047': ['1047'], '1070': ['1070'], '1031': ['1031'], '1042': ['1042'], '1083': ['1083'], '1085': ['1085'], '1086': ['1086'], '1089': ['1089'], '1043': ['1043'], '1121': ['1121'], '1122': ['1122'], '1123': ['1123'], '1124': ['1124'], '1036': ['1036'], '1092': ['1092'], '1150': ['1150'], '1093': ['1093', '1094', '1151', '1149', '1037'], '1145': ['1145'], '1144': ['1144'], '1044': ['1044'], '1087': ['1087'], '1088': ['1088'], '1090': ['1090'], '1142': ['1142'], '1141': ['1141'], '1091': ['1091'], '1143': ['1143'], '1045': ['1045'], '1115': ['1115'], '1062': ['1062'], '1077': ['1077'], '1117': ['1117'], '1146': ['1146'], '1152': ['1152'], '1075': ['1075'], '1076': ['1076'], '1118': ['1118'], '1073': ['1073'], '1078': ['1078'], '1074': ['1074'], '1116': ['1116'], '1135': ['1135'], '1137': ['1137'], '1140': ['1140'], '1139': ['1139'], '1119': ['1119'], '1120': ['1120'], '1132': ['1132'], '1130': ['1130'], '1134': ['1134'], '1133': ['1133']})"
121,"defaultdict(<class 'list'>, {'1040': ['1040'], '1080': ['1080'], '1079': ['1079'], '1081': ['1081'], '1095': ['1095'], '1082': ['1082'], '1084': ['1084'], '1096': ['1096'], '1136': ['1136'], '1138': ['1138'], '1041': ['1041'], '1126': ['1126'], '1125': ['1125'], '1127': ['1127'], '1128': ['1128'], '1129': ['1129'], '1131': ['1131'], '1032': ['1032'], '1052': ['1052'], '1063': ['1063'], '1160': ['1160'], '1051': ['1051'], '1055': ['1055'], '1057': ['1057', '1060', '1061', '1058', '1059'], '1071': ['1071'], '1147': ['1147'], '1148': ['1148'], '1158': ['1158'], '1161': ['1161'], '1053': ['1053'], '1066': ['1066'], '1056': ['1056'], '1072': ['1072'], '1157': ['1157'], '1159': ['1159'], '1162': ['1162'], '1033': ['1033'], '1101': ['1101'], '1109': ['1109'], '1153': ['1153'], '1102': ['1102'], '1103': ['1103'], '1105': ['1105'], '1106': ['1106'], '1113': ['1113'], '1154': ['1154'], '1155': ['1155'], '1108': ['1108'], '1110': ['1110'], '1104': ['1104'], '1107': ['1107'], '1114': ['1114'], '1156': ['1156'], '1038': ['1038', '1048', '1068', '1034', '1067'], '1049': ['1049'], '1050': ['1050'], '1054': ['1054'], '1039': ['1039'], '1097': ['1097'], '1098': ['1098'], '1099': ['1099'], '1112': ['1112'], '1100': ['1100'], '1035': ['1035'], '1111': ['1111'], '1030': ['1030'], '1046': ['1046'], '1069': ['1069'], '1064': ['1064'], '1065': ['1065'], '1047': ['1047'], '1070': ['1070'], '1031': ['1031'], '1042': ['1042'], '1083': ['1083'], '1085': ['1085'], '1086': ['1086', '1089', '1044', '1087', '1090'], '1043': ['1043'], '1121': ['1121'], '1122': ['1122'], '1123': ['1123'], '1124': ['1124'], '1036': ['1036'], '1092': ['1092'], '1150': ['1150'], '1093': ['1093'], '1094': ['1094'], '1145': ['1145'], '1151': ['1151'], '1144': ['1144'], '1149': ['1149'], '1037': ['1037'], '1088': ['1088'], '1142': ['1142'], '1141': ['1141'], '1091': ['1091'], '1143': ['1143'], '1045': ['1045'], '1115': ['1115'], '1062': ['1062'], '1077': ['1077'], '1117': ['1117'], '1146': ['1146'], '1152': ['1152'], '1075': ['1075'], '1076': ['1076'], '1118': ['1118'], '1073': ['1073'], '1078': ['1078'], '1074': ['1074'], '1116': ['1116'], '1135': ['1135'], '1137': ['1137'], '1140': ['1140'], '1139': ['1139'], '1119': ['1119'], '1120': ['1120'], '1132': ['1132'], '1130': ['1130'], '1134': ['1134'], '1133': ['1133']})"
121,"defaultdict(<class 'list'>, {'1040': ['1040'], '1080': ['1080'], '1079': ['1079'], '1081': ['1081'], '1095': ['1095'], '1082': ['1082'], '1084': ['1084'], '1096': ['1096'], '1136': ['1136'], '1138': ['1138'], '1041': ['1041'], '1126': ['1126'], '1125': ['1125'], '1127': ['1127'], '1128': ['1128'], '1129': ['1129'], '1131': ['1131'], '1032': ['1032'], '1052': ['1052'], '1063': ['1063'], '1160': ['1160'], '1051': ['1051'], '1055': ['1055'], '1057': ['1057'], '1060': ['1060'], '1071': ['1071'], '1147': ['1147'], '1148': ['1148'], '1158': ['1158'], '1161': ['1161'], '1053': ['1053'], '1066': ['1066'], '1056': ['1056'], '1061': ['1061'], '1072': ['1072'], '1157': ['1157'], '1159': ['1159'], '1162': ['1162'], '1033': ['1033'], '1101': ['1101'], '1109': ['1109'], '1153': ['1153'], '1102': ['1102'], '1103': ['1103'], '1105': ['1105', '1106', '1107', '1058', '1059'], '1113': ['1113'], '1154': ['1154'], '1155': ['1155'], '1108': ['1108'], '1110': ['1110'], '1104': ['1104'], '1114': ['1114'], '1156': ['1156'], '1038': ['1038'], '1048': ['1048'], '1049': ['1049'], '1050': ['1050'], '1054': ['1054'], '1068': ['1068'], '1039': ['1039'], '1097': ['1097'], '1098': ['1098'], '1099': ['1099'], '1112': ['1112'], '1100': ['1100'], '1034': ['1034'], '1067': ['1067'], '1035': ['1035'], '1111': ['1111'], '1030': ['1030'], '1046': ['1046'], '1069': ['1069'], '1064': ['1064'], '1065': ['1065'], '1047': ['1047'], '1070': ['1070'], '1031': ['1031'], '1042': ['1042'], '1083': ['1083'], '1085': ['1085'], '1086': ['1086'], '1089': ['1089'], '1043': ['1043'], '1121': ['1121'], '1122': ['1122'], '1123': ['1123'], '1124': ['1124'], '1036': ['1036'], '1092': ['1092'], '1150': ['1150'], '1093': ['1093'], '1094': ['1094'], '1145': ['1145'], '1151': ['1151'], '1144': ['1144'], '1149': ['1149'], '1037': ['1037'], '1044': ['1044'], '1087': ['1087'], '1088': ['1088', '1142', '1141', '1143', '1140'], '1090': ['1090'], '1091': ['1091'], '1045': ['1045'], '1115': ['1115'], '1062': ['1062'], '1077': ['1077'], '1117': ['1117', '1118', '1116', '1119', '1120'], '1146': ['1146'], '1152': ['1152'], '1075': ['1075'], '1076': ['1076'], '1073': ['1073'], '1078': ['1078'], '1074': ['1074'], '1135': ['1135'], '1137': ['1137'], '1139': ['1139'], '1132': ['1132'], '1130': ['1130'], '1134': ['1134'], '1133': ['1133']})"
121,"defaultdict(<class 'list'>, {'1040': ['1040'], '1080': ['1080'], '1079': ['1079'], '1081': ['1081'], '1095': ['1095'], '1082': ['1082'], '1084': ['1084'], '1096': ['1096'], '1136': ['1136'], '1138': ['1138'], '1041': ['1041'], '1126': ['1126'], '1125': ['1125'], '1127': ['1127'], '1128': ['1128', '1129', '1132', '1130', '1134'], '1131': ['1131'], '1032': ['1032'], '1052': ['1052', '1051', '1053', '1049', '1050'], '1063': ['1063'], '1160': ['1160'], '1055': ['1055'], '1057': ['1057'], '1060': ['1060'], '1071': ['1071'], '1147': ['1147'], '1148': ['1148'], '1158': ['1158'], '1161': ['1161'], '1066': ['1066'], '1056': ['1056'], '1061': ['1061'], '1072': ['1072'], '1157': ['1157'], '1159': ['1159'], '1162': ['1162'], '1033': ['1033'], '1101': ['1101'], '1109': ['1109'], '1153': ['1153'], '1102': ['1102'], '1103': ['1103'], '1105': ['1105'], '1106': ['1106'], '1113': ['1113'], '1154': ['1154'], '1155': ['1155'], '1108': ['1108'], '1110': ['1110'], '1104': ['1104'], '1107': ['1107'], '1114': ['1114'], '1156': ['1156'], '1038': ['1038', '1048', '1068', '1034', '1067'], '1054': ['1054'], '1039': ['1039'], '1097': ['1097'], '1098': ['1098'], '1099': ['1099'], '1112': ['1112'], '1100': ['1100'], '1035': ['1035'], '1111': ['1111'], '1030': ['1030'], '1046': ['1046'], '1069': ['1069'], '1058': ['1058'], '1059': ['1059'], '1064': ['1064'], '1065': ['1065'], '1047': ['1047'], '1070': ['1070'], '1031': ['1031'], '1042': ['1042'], '1083': ['1083'], '1085': ['1085'], '1086': ['1086'], '1089': ['1089'], '1043': ['1043'], '1121': ['1121'], '1122': ['1122'], '1123': ['1123'], '1124': ['1124'], '1036': ['1036'], '1092': ['1092'], '1150': ['1150'], '1093': ['1093'], '1094': ['1094'], '1145': ['1145'], '1151': ['1151'], '1144': ['1144'], '1149': ['1149'], '1037': ['1037'], '1044': ['1044'], '1087': ['1087'], '1088': ['1088'], '1090': ['1090'], '1142': ['1142'], '1141': ['1141'], '1091': ['1091'], '1143': ['1143'], '1045': ['1045'], '1115': ['1115'], '1062': ['1062'], '1077': ['1077'], '1117': ['1117'], '1146': ['1146'], '1152': ['1152'], '1075': ['1075'], '1076': ['1076'], '1118': ['1118'], '1073': ['1073'], '1078': ['1078'], '1074': ['1074'], '1116': ['1116'], '1135': ['1135'], '1137': ['1137'], '1140': ['1140'], '1139': ['1139'], '1119': ['1119'], '1120': ['1120'], '1133': ['1133']})"
121,"defaultdict(<class 'list'>, {'1040': ['1040'], '1080': ['1080'], '1079': ['1079'], '1081': ['1081'], '1095': ['1095'], '1082': ['1082'], '1084': ['1084'], '1096': ['1096'], '1136': ['1136'], '1138': ['1138'], '1041': ['1041'], '1126': ['1126'], '1125': ['1125'], '1127': ['1127'], '1128': ['1128'], '1129': ['1129'], '1131': ['1131'], '1032': ['1032'], '1052': ['1052'], '1063': ['1063'], '1160': ['1160'], '1051': ['1051'], '1055': ['1055'], '1057': ['1057'], '1060': ['1060'], '1071': ['1071'], '1147': ['1147'], '1148': ['1148', '1158', '1157', '1159', '1156'], '1161': ['1161'], '1053': ['1053'], '1066': ['1066'], '1056': ['1056'], '1061': ['1061', '1062', '1075', '1073', '1074'], '1072': ['1072'], '1162': ['1162'], '1033': ['1033'], '1101': ['1101'], '1109': ['1109'], '1153': ['1153'], '1102': ['1102', '1103', '1104', '1117', '1118'], '1105': ['1105'], '1106': ['1106'], '1113': ['1113'], '1154': ['1154'], '1155': ['1155'], '1108': ['1108'], '1110': ['1110'], '1107': ['1107'], '1114': ['1114'], '1038': ['1038'], '1048': ['1048'], '1049': ['1049'], '1050': ['1050'], '1054': ['1054'], '1068': ['1068'], '1039': ['1039'], '1097': ['1097'], '1098': ['1098'], '1099': ['1099'], '1112': ['1112'], '1100': ['1100'], '1034': ['1034'], '1067': ['1067'], '1035': ['1035'], '1111': ['1111'], '1030': ['1030'], '1046': ['1046'], '1069': ['1069'], '1058': ['1058'], '1059': ['1059'], '1064': ['1064'], '1065': ['1065'], '1047': ['1047'], '1070': ['1070'], '1031': ['1031'], '1042': ['1042'], '1083': ['1083'], '1085': ['1085'], '1086': ['1086'], '1089': ['1089'], '1043': ['1043'], '1121': ['1121'], '1122': ['1122'], '1123': ['1123'], '1124': ['1124'], '1036': ['1036'], '1092': ['1092'], '1150': ['1150'], '1093': ['1093'], '1094': ['1094'], '1145': ['1145'], '1151': ['1151'], '1144': ['1144'], '1149': ['1149'], '1037': ['1037'], '1044': ['1044'], '1087': ['1087'], '1088': ['1088'], '1090': ['1090'], '1142': ['1142'], '1141': ['1141'], '1091': ['1091'], '1143': ['1143'], '1045': ['1045'], '1115': ['1115'], '1077': ['1077'], '1146': ['1146'], '1152': ['1152'], '1076': ['1076'], '1078': ['1078'], '1116': ['1116'], '1135': ['1135'], '1137': ['1137'], '1140': ['1140'], '1139': ['1139'], '1119': ['1119'], '1120': ['1120'], '1132': ['1132'], '1130': ['1130'], '1134': ['1134'], '1133': ['1133']})"
121,"defaultdict(<class 'list'>, {'1040': ['1040', '1080', '1079', '1081', '1078'], '1095': ['1095'], '1082': ['1082'], '1084': ['1084'], '1096': ['1096'], '1136': ['1136'], '1138': ['1138'], '1041': ['1041'], '1126': ['1126'], '1125': ['1125'], '1127': ['1127'], '1128': ['1128'], '1129': ['1129'], '1131': ['1131'], '1032': ['1032', '1052', '1063', '1053', '1049'], '1160': ['1160'], '1051': ['1051'], '1055': ['1055'], '1057': ['1057'], '1060': ['1060'], '1071': ['1071'], '1147': ['1147'], '1148': ['1148'], '1158': ['1158'], '1161': ['1161'], '1066': ['1066'], '1056': ['1056'], '1061': ['1061'], '1072': ['1072'], '1157': ['1157'], '1159': ['1159'], '1162': ['1162'], '1033': ['1033'], '1101': ['1101'], '1109': ['1109'], '1153': ['1153'], '1102': ['1102'], '1103': ['1103'], '1105': ['1105'], '1106': ['1106'], '1113': ['1113'], '1154': ['1154'], '1155': ['1155'], '1108': ['1108'], '1110': ['1110'], '1104': ['1104'], '1107': ['1107'], '1114': ['1114'], '1156': ['1156'], '1038': ['1038'], '1048': ['1048'], '1050': ['1050'], '1054': ['1054'], '1068': ['1068', '1077', '1075', '1076', '1074'], '1039': ['1039'], '1097': ['1097'], '1098': ['1098'], '1099': ['1099'], '1112': ['1112'], '1100': ['1100'], '1034': ['1034'], '1067': ['1067'], '1035': ['1035'], '1111': ['1111'], '1030': ['1030'], '1046': ['1046'], '1069': ['1069'], '1058': ['1058'], '1059': ['1059'], '1064': ['1064'], '1065': ['1065'], '1047': ['1047'], '1070': ['1070'], '1031': ['1031'], '1042': ['1042'], '1083': ['1083'], '1085': ['1085'], '1086': ['1086'], '1089': ['1089'], '1043': ['1043'], '1121': ['1121'], '1122': ['1122'], '1123': ['1123'], '1124': ['1124'], '1036': ['1036'], '1092': ['1092'], '1150': ['1150'], '1093': ['1093'], '1094': ['1094'], '1145': ['1145'], '1151': ['1151'], '1144': ['1144'], '1149': ['1149'], '1037': ['1037'], '1044': ['1044'], '1087': ['1087'], '1088': ['1088'], '1090': ['1090'], '1142': ['1142'], '1141': ['1141'], '1091': ['1091'], '1143': ['1143'], '1045': ['1045'], '1115': ['1115'], '1062': ['1062'], '1117': ['1117'], '1146': ['1146'], '1152': ['1152'], '1118': ['1118'], '1073': ['1073'], '1116': ['1116'], '1135': ['1135'], '1137': ['1137'], '1140': ['1140'], '1139': ['1139'], '1119': ['1119'], '1120': ['1120'], '1132': ['1132'], '1130': ['1130'], '1134': ['1134'], '1133': ['1133']})"
121,"defaultdict(<class 'list'>, {'1040': ['1040', '1080', '1079', '1081', '1078'], '1095': ['1095'], '1082': ['1082'], '1084': ['1084'], '1096': ['1096'], '1136': ['1136'], '1138': ['1138'], '1041': ['1041'], '1126': ['1126'], '1125': ['1125'], '1127': ['1127'], '1128': ['1128'], '1129': ['1129'], '1131': ['1131'], '1032': ['1032'], '1052': ['1052'], '1063': ['1063'], '1160': ['1160'], '1051': ['1051'], '1055': ['1055'], '1057': ['1057'], '1060': ['1060'], '1071': ['1071'], '1147': ['1147'], '1148': ['1148'], '1158': ['1158'], '1161': ['1161'], '1053': ['1053'], '1066': ['1066'], '1056': ['1056'], '1061': ['1061'], '1072': ['1072'], '1157': ['1157'], '1159': ['1159'], '1162': ['1162'], '1033': ['1033', '1153', '1154', '1155', '1152'], '1101': ['1101'], '1109': ['1109'], '1102': ['1102'], '1103': ['1103'], '1105': ['1105'], '1106': ['1106'], '1113': ['1113'], '1108': ['1108'], '1110': ['1110'], '1104': ['1104'], '1107': ['1107'], '1114': ['1114'], '1156': ['1156'], '1038': ['1038'], '1048': ['1048'], '1049': ['1049'], '1050': ['1050'], '1054': ['1054'], '1068': ['1068'], '1039': ['1039'], '1097': ['1097'], '1098': ['1098'], '1099': ['1099'], '1112': ['1112'], '1100': ['1100'], '1034': ['1034'], '1067': ['1067'], '1035': ['1035'], '1111': ['1111'], '1030': ['1030'], '1046': ['1046'], '1069': ['1069'], '1058': ['1058'], '1059': ['1059'], '1064': ['1064'], '1065': ['1065'], '1047': ['1047'], '1070': ['1070'], '1031': ['1031'], '1042': ['1042'], '1083': ['1083'], '1085': ['1085'], '1086': ['1086'], '1089': ['1089'], '1043': ['1043'], '1121': ['1121'], '1122': ['1122'], '1123': ['1123'], '1124': ['1124'], '1036': ['1036'], '1092': ['1092'], '1150': ['1150'], '1093': ['1093', '1094', '1151', '1149', '1037'], '1145': ['1145'], '1144': ['1144'], '1044': ['1044'], '1087': ['1087'], '1088': ['1088'], '1090': ['1090'], '1142': ['1142'], '1141': ['1141'], '1091': ['1091'], '1143': ['1143'], '1045': ['1045'], '1115': ['1115'], '1062': ['1062'], '1077': ['1077'], '1117': ['1117'], '1146': ['1146'], '1075': ['1075'], '1076': ['1076'], '1118': ['1118'], '1073': ['1073'], '1074': ['1074'], '1116': ['1116'], '1135': ['1135'], '1137': ['1137'], '1140': ['1140'], '1139': ['1139'], '1119': ['1119'], '1120': ['1120'], '1132': ['1132'], '1130': ['1130'], '1134': ['1134'], '1133': ['1133']})"
121,"defaultdict(<class 'list'>, {'1040': ['1040'], '1080': ['1080'], '1079': ['1079'], '1081': ['1081'], '1095': ['1095'], '1082': ['1082'], '1084': ['1084'], '1096': ['1096'], '1136': ['1136'], '1138': ['1138'], '1041': ['1041'], '1126': ['1126'], '1125': ['1125'], '1127': ['1127'], '1128': ['1128'], '1129': ['1129'], '1131': ['1131'], '1032': ['1032'], '1052': ['1052'], '1063': ['1063'], '1160': ['1160'], '1051': ['1051'], '1055': ['1055'], '1057': ['1057'], '1060': ['1060'], '1071': ['1071'], '1147': ['1147'], '1148': ['1148'], '1158': ['1158'], '1161': ['1161'], '1053': ['1053'], '1066': ['1066'], '1056': ['1056'], '1061': ['1061'], '1072': ['1072'], '1157': ['1157'], '1159': ['1159'], '1162': ['1162'], '1033': ['1033', '1153', '1154', '1155', '1152'], '1101': ['1101', '1102', '1098', '1099', '1100'], '1109': ['1109'], '1103': ['1103'], '1105': ['1105'], '1106': ['1106'], '1113': ['1113'], '1108': ['1108'], '1110': ['1110'], '1104': ['1104'], '1107': ['1107'], '1114': ['1114'], '1156': ['1156'], '1038': ['1038'], '1048': ['1048'], '1049': ['1049'], '1050': ['1050'], '1054': ['1054'], '1068': ['1068'], '1039': ['1039'], '1097': ['1097'], '1112': ['1112'], '1034': ['1034'], '1067': ['1067'], '1035': ['1035'], '1111': ['1111'], '1030': ['1030'], '1046': ['1046'], '1069': ['1069'], '1058': ['1058'], '1059': ['1059'], '1064': ['1064'], '1065': ['1065'], '1047': ['1047'], '1070': ['1070'], '1031': ['1031'], '1042': ['1042'], '1083': ['1083'], '1085': ['1085'], '1086': ['1086'], '1089': ['1089'], '1043': ['1043'], '1121': ['1121'], '1122': ['1122'], '1123': ['1123'], '1124': ['1124'], '1036': ['1036'], '1092': ['1092'], '1150': ['1150'], '1093': ['1093', '1094', '1151', '1149', '1037'], '1145': ['1145'], '1144': ['1144'], '1044': ['1044'], '1087': ['1087'], '1088': ['1088'], '1090': ['1090'], '1142': ['1142'], '1141': ['1141'], '1091': ['1091'], '1143': ['1143'], '1045': ['1045'], '1115': ['1115'], '1062': ['1062'], '1077': ['1077'], '1117': ['1117'], '1146': ['1146'], '1075': ['1075'], '1076': ['1076'], '1118': ['1118'], '1073': ['1073'], '1078': ['1078'], '1074': ['1074'], '1116': ['1116'], '1135': ['1135'], '1137': ['1137'], '1140': ['1140'], '1139': ['1139'], '1119': ['1119'], '1120': ['1120'], '1132': ['1132'], '1130': ['1130'], '1134': ['1134'], '1133': ['1133']})"
121,"defaultdict(<class 'list'>, {'1040': ['1040'], '1080': ['1080'], '1079': ['1079'], '1081': ['1081'], '1095': ['1095'], '1082': ['1082', '1084', '1042', '1083', '1085'], '1096': ['1096', '1138', '1135', '1137', '1139'], '1136': ['1136'], '1041': ['1041'], '1126': ['1126'], '1125': ['1125'], '1127': ['1127'], '1128': ['1128'], '1129': ['1129'], '1131': ['1131'], '1032': ['1032'], '1052': ['1052'], '1063': ['1063'], '1160': ['1160'], '1051': ['1051'], '1055': ['1055'], '1057': ['1057'], '1060': ['1060'], '1071': ['1071'], '1147': ['1147'], '1148': ['1148'], '1158': ['1158'], '1161': ['1161'], '1053': ['1053'], '1066': ['1066'], '1056': ['1056'], '1061': ['1061'], '1072': ['1072'], '1157': ['1157'], '1159': ['1159'], '1162': ['1162'], '1033': ['1033'], '1101': ['1101'], '1109': ['1109'], '1153': ['1153'], '1102': ['1102'], '1103': ['1103'], '1105': ['1105'], '1106': ['1106'], '1113': ['1113'], '1154': ['1154'], '1155': ['1155'], '1108': ['1108'], '1110': ['1110'], '1104': ['1104'], '1107': ['1107'], '1114': ['1114'], '1156': ['1156'], '1038': ['1038'], '1048': ['1048'], '1049': ['1049'], '1050': ['1050'], '1054': ['1054'], '1068': ['1068'], '1039': ['1039', '1097', '1098', '1099', '1035'], '1112': ['1112'], '1100': ['1100'], '1034': ['1034'], '1067': ['1067'], '1111': ['1111'], '1030': ['1030'], '1046': ['1046'], '1069': ['1069'], '1058': ['1058'], '1059': ['1059'], '1064': ['1064'], '1065': ['1065'], '1047': ['1047'], '1070': ['1070'], '1031': ['1031'], '1086': ['1086'], '1089': ['1089'], '1043': ['1043'], '1121': ['1121'], '1122': ['1122'], '1123': ['1123'], '1124': ['1124'], '1036': ['1036'], '1092': ['1092'], '1150': ['1150'], '1093': ['1093'], '1094': ['1094'], '1145': ['1145'], '1151': ['1151'], '1144': ['1144'], '1149': ['1149'], '1037': ['1037'], '1044': ['1044'], '1087': ['1087'], '1088': ['1088'], '1090': ['1090'], '1142': ['1142'], '1141': ['1141'], '1091': ['1091'], '1143': ['1143'], '1045': ['1045'], '1115': ['1115'], '1062': ['1062'], '1077': ['1077'], '1117': ['1117'], '1146': ['1146'], '1152': ['1152'], '1075': ['1075'], '1076': ['1076'], '1118': ['1118'], '1073': ['1073'], '1078': ['1078'], '1074': ['1074'], '1116': ['1116'], '1140': ['1140'], '1119': ['1119'], '1120': ['1120'], '1132': ['1132'], '1130': ['1130'], '1134': ['1134'], '1133': ['1133']})"
121,"defaultdict(<class 'list'>, {'1040': ['1040'], '1080': ['1080'], '1079': ['1079'], '1081': ['1081'], '1095': ['1095'], '1082': ['1082'], '1084': ['1084'], '1096': ['1096'], '1136': ['1136'], '1138': ['1138'], '1041': ['1041'], '1126': ['1126'], '1125': ['1125'], '1127': ['1127'], '1128': ['1128'], '1129': ['1129'], '1131': ['1131'], '1032': ['1032'], '1052': ['1052'], '1063': ['1063'], '1160': ['1160', '1147', '1161', '1145', '1146'], '1051': ['1051'], '1055': ['1055'], '1057': ['1057'], '1060': ['1060'], '1071': ['1071'], '1148': ['1148'], '1158': ['1158'], '1053': ['1053'], '1066': ['1066'], '1056': ['1056'], '1061': ['1061'], '1072': ['1072'], '1157': ['1157'], '1159': ['1159'], '1162': ['1162'], '1033': ['1033', '1101', '1109', '1153', '1100'], '1102': ['1102'], '1103': ['1103'], '1105': ['1105', '1106', '1107', '1058', '1059'], '1113': ['1113'], '1154': ['1154'], '1155': ['1155'], '1108': ['1108'], '1110': ['1110'], '1104': ['1104'], '1114': ['1114'], '1156': ['1156'], '1038': ['1038'], '1048': ['1048'], '1049': ['1049'], '1050': ['1050'], '1054': ['1054'], '1068': ['1068'], '1039': ['1039'], '1097': ['1097'], '1098': ['1098'], '1099': ['1099'], '1112': ['1112'], '1034': ['1034'], '1067': ['1067'], '1035': ['1035'], '1111': ['1111'], '1030': ['1030'], '1046': ['1046'], '1069': ['1069'], '1064': ['1064'], '1065': ['1065'], '1047': ['1047'], '1070': ['1070'], '1031': ['1031'], '1042': ['1042'], '1083': ['1083'], '1085': ['1085'], '1086': ['1086'], '1089': ['1089'], '1043': ['1043'], '1121': ['1121'], '1122': ['1122'], '1123': ['1123'], '1124': ['1124'], '1036': ['1036'], '1092': ['1092'], '1150': ['1150'], '1093': ['1093'], '1094': ['1094'], '1151': ['1151'], '1144': ['1144'], '1149': ['1149'], '1037': ['1037'], '1044': ['1044'], '1087': ['1087'], '1088': ['1088'], '1090': ['1090'], '1142': ['1142'], '1141': ['1141'], '1091': ['1091'], '1143': ['1143'], '1045': ['1045'], '1115': ['1115'], '1062': ['1062'], '1077': ['1077'], '1117': ['1117'], '1152': ['1152'], '1075': ['1075'], '1076': ['1076'], '1118': ['1118'], '1073': ['1073'], '1078': ['1078'], '1074': ['1074'], '1116': ['1116'], '1135': ['1135'], '1137': ['1137'], '1140': ['1140'], '1139': ['1139'], '1119': ['1119'], '1120': ['1120'], '1132': ['1132'], '1130': ['1130'], '1134': ['1134'], '1133': ['1133']})"
121,"defaultdict(<class 'list'>, {'1040': ['1040', '1080', '1081', '1082', '1078'], '1079': ['1079'], '1095': ['1095'], '1084': ['1084'], '1096': ['1096'], '1136': ['1136'], '1138': ['1138'], '1041': ['1041'], '1126': ['1126'], '1125': ['1125'], '1127': ['1127'], '1128': ['1128'], '1129': ['1129'], '1131': ['1131'], '1032': ['1032'], '1052': ['1052'], '1063': ['1063'], '1160': ['1160'], '1051': ['1051'], '1055': ['1055'], '1057': ['1057'], '1060': ['1060'], '1071': ['1071'], '1147': ['1147'], '1148': ['1148'], '1158': ['1158'], '1161': ['1161'], '1053': ['1053'], '1066': ['1066'], '1056': ['1056'], '1061': ['1061'], '1072': ['1072'], '1157': ['1157'], '1159': ['1159'], '1162': ['1162'], '1033': ['1033'], '1101': ['1101'], '1109': ['1109'], '1153': ['1153', '1154', '1155', '1156', '1152'], '1102': ['1102'], '1103': ['1103'], '1105': ['1105'], '1106': ['1106'], '1113': ['1113'], '1108': ['1108'], '1110': ['1110'], '1104': ['1104'], '1107': ['1107'], '1114': ['1114'], '1038': ['1038'], '1048': ['1048'], '1049': ['1049'], '1050': ['1050'], '1054': ['1054'], '1068': ['1068'], '1039': ['1039'], '1097': ['1097'], '1098': ['1098'], '1099': ['1099'], '1112': ['1112'], '1100': ['1100'], '1034': ['1034'], '1067': ['1067'], '1035': ['1035'], '1111': ['1111'], '1030': ['1030'], '1046': ['1046'], '1069': ['1069'], '1058': ['1058'], '1059': ['1059'], '1064': ['1064'], '1065': ['1065'], '1047': ['1047'], '1070': ['1070'], '1031': ['1031'], '1042': ['1042'], '1083': ['1083'], '1085': ['1085'], '1086': ['1086', '1089', '1044', '1087', '1090'], '1043': ['1043'], '1121': ['1121'], '1122': ['1122'], '1123': ['1123'], '1124': ['1124'], '1036': ['1036'], '1092': ['1092'], '1150': ['1150'], '1093': ['1093'], '1094': ['1094'], '1145': ['1145'], '1151': ['1151'], '1144': ['1144'], '1149': ['1149'], '1037': ['1037'], '1088': ['1088'], '1142': ['1142'], '1141': ['1141'], '1091': ['1091'], '1143': ['1143'], '1045': ['1045'], '1115': ['1115'], '1062': ['1062'], '1077': ['1077'], '1117': ['1117'], '1146': ['1146'], '1075': ['1075'], '1076': ['1076'], '1118': ['1118'], '1073': ['1073'], '1074': ['1074'], '1116': ['1116'], '1135': ['1135'], '1137': ['1137'], '1140': ['1140'], '1139': ['1139'], '1119': ['1119'], '1120': ['1120'], '1132': ['1132'], '1130': ['1130'], '1134': ['1134'], '1133': ['1133']})"
121,"defaultdict(<class 'list'>, {'1040': ['1040'], '1080': ['1080'], '1079': ['1079'], '1081': ['1081'], '1095': ['1095'], '1082': ['1082'], '1084': ['1084'], '1096': ['1096'], '1136': ['1136'], '1138': ['1138'], '1041': ['1041'], '1126': ['1126'], '1125': ['1125'], '1127': ['1127'], '1128': ['1128', '1129', '1132', '1130', '1134'], '1131': ['1131'], '1032': ['1032'], '1052': ['1052'], '1063': ['1063'], '1160': ['1160'], '1051': ['1051'], '1055': ['1055'], '1057': ['1057'], '1060': ['1060'], '1071': ['1071'], '1147': ['1147'], '1148': ['1148'], '1158': ['1158'], '1161': ['1161'], '1053': ['1053'], '1066': ['1066'], '1056': ['1056'], '1061': ['1061'], '1072': ['1072'], '1157': ['1157'], '1159': ['1159'], '1162': ['1162'], '1033': ['1033'], '1101': ['1101'], '1109': ['1109'], '1153': ['1153'], '1102': ['1102'], '1103': ['1103'], '1105': ['1105'], '1106': ['1106'], '1113': ['1113'], '1154': ['1154'], '1155': ['1155'], '1108': ['1108'], '1110': ['1110'], '1104': ['1104'], '1107': ['1107'], '1114': ['1114'], '1156': ['1156'], '1038': ['1038', '1048', '1068', '1034', '1067'], '1049': ['1049'], '1050': ['1050'], '1054': ['1054'], '1039': ['1039'], '1097': ['1097'], '1098': ['1098'], '1099': ['1099'], '1112': ['1112'], '1100': ['1100'], '1035': ['1035'], '1111': ['1111'], '1030': ['1030'], '1046': ['1046'], '1069': ['1069'], '1058': ['1058'], '1059': ['1059'], '1064': ['1064'], '1065': ['1065'], '1047': ['1047'], '1070': ['1070'], '1031': ['1031'], '1042': ['1042'], '1083': ['1083'], '1085': ['1085'], '1086': ['1086'], '1089': ['1089'], '1043': ['1043'], '1121': ['1121'], '1122': ['1122'], '1123': ['1123'], '1124': ['1124'], '1036': ['1036'], '1092': ['1092'], '1150': ['1150'], '1093': ['1093'], '1094': ['1094'], '1145': ['1145'], '1151': ['1151'], '1144': ['1144'], '1149': ['1149'], '1037': ['1037'], '1044': ['1044'], '1087': ['1087'], '1088': ['1088', '1142', '1141', '1143', '1140'], '1090': ['1090'], '1091': ['1091'], '1045': ['1045'], '1115': ['1115'], '1062': ['1062'], '1077': ['1077'], '1117': ['1117'], '1146': ['1146'], '1152': ['1152'], '1075': ['1075'], '1076': ['1076'], '1118': ['1118'], '1073': ['1073'], '1078': ['1078'], '1074': ['1074'], '1116': ['1116'], '1135': ['1135'], '1137': ['1137'], '1139': ['1139'], '1119': ['1119'], '1120': ['1120'], '1133': ['1133']})"
121,"defaultdict(<class 'list'>, {'1040': ['1040'], '1080': ['1080'], '1079': ['1079'], '1081': ['1081'], '1095': ['1095'], '1082': ['1082'], '1084': ['1084'], '1096': ['1096'], '1136': ['1136'], '1138': ['1138'], '1041': ['1041'], '1126': ['1126'], '1125': ['1125'], '1127': ['1127'], '1128': ['1128'], '1129': ['1129'], '1131': ['1131'], '1032': ['1032'], '1052': ['1052'], '1063': ['1063'], '1160': ['1160'], '1051': ['1051'], '1055': ['1055'], '1057': ['1057'], '1060': ['1060'], '1071': ['1071'], '1147': ['1147'], '1148': ['1148'], '1158': ['1158'], '1161': ['1161'], '1053': ['1053'], '1066': ['1066'], '1056': ['1056', '1077', '1075', '1076', '1074'], '1061': ['1061'], '1072': ['1072'], '1157': ['1157'], '1159': ['1159'], '1162': ['1162'], '1033': ['1033'], '1101': ['1101'], '1109': ['1109'], '1153': ['1153'], '1102': ['1102', '1103', '1104', '1117', '1118'], '1105': ['1105'], '1106': ['1106'], '1113': ['1113'], '1154': ['1154'], '1155': ['1155'], '1108': ['1108'], '1110': ['1110'], '1107': ['1107'], '1114': ['1114'], '1156': ['1156'], '1038': ['1038'], '1048': ['1048'], '1049': ['1049'], '1050': ['1050'], '1054': ['1054'], '1068': ['1068'], '1039': ['1039'], '1097': ['1097'], '1098': ['1098'], '1099': ['1099'], '1112': ['1112'], '1100': ['1100'], '1034': ['1034'], '1067': ['1067'], '1035': ['1035'], '1111': ['1111'], '1030': ['1030'], '1046': ['1046'], '1069': ['1069', '1064', '1065', '1070', '1031'], '1058': ['1058'], '1059': ['1059'], '1047': ['1047'], '1042': ['1042'], '1083': ['1083'], '1085': ['1085'], '1086': ['1086'], '1089': ['1089'], '1043': ['1043'], '1121': ['1121'], '1122': ['1122'], '1123': ['1123'], '1124': ['1124'], '1036': ['1036'], '1092': ['1092'], '1150': ['1150'], '1093': ['1093'], '1094': ['1094'], '1145': ['1145'], '1151': ['1151'], '1144': ['1144'], '1149': ['1149'], '1037': ['1037'], '1044': ['1044'], '1087': ['1087'], '1088': ['1088'], '1090': ['1090'], '1142': ['1142'], '1141': ['1141'], '1091': ['1091'], '1143': ['1143'], '1045': ['1045'], '1115': ['1115'], '1062': ['1062'], '1146': ['1146'], '1152': ['1152'], '1073': ['1073'], '1078': ['1078'], '1116': ['1116'], '1135': ['1135'], '1137': ['1137'], '1140': ['1140'], '1139': ['1139'], '1119': ['1119'], '1120': ['1120'], '1132': ['1132'], '1130': ['1130'], '1134': ['1134'], '1133': ['1133']})"
121,"defaultdict(<class 'list'>, {'1040': ['1040'], '1080': ['1080'], '1079': ['1079'], '1081': ['1081'], '1095': ['1095'], '1082': ['1082'], '1084': ['1084'], '1096': ['1096', '1138', '1135', '1137', '1139'], '1136': ['1136'], '1041': ['1041'], '1126': ['1126'], '1125': ['1125'], '1127': ['1127'], '1128': ['1128', '1131', '1132', '1130', '1133'], '1129': ['1129'], '1032': ['1032'], '1052': ['1052'], '1063': ['1063'], '1160': ['1160'], '1051': ['1051'], '1055': ['1055'], '1057': ['1057'], '1060': ['1060'], '1071': ['1071'], '1147': ['1147'], '1148': ['1148'], '1158': ['1158'], '1161': ['1161'], '1053': ['1053'], '1066': ['1066'], '1056': ['1056'], '1061': ['1061'], '1072': ['1072'], '1157': ['1157'], '1159': ['1159'], '1162': ['1162'], '1033': ['1033'], '1101': ['1101'], '1109': ['1109'], '1153': ['1153'], '1102': ['1102'], '1103': ['1103'], '1105': ['1105'], '1106': ['1106'], '1113': ['1113'], '1154': ['1154'], '1155': ['1155'], '1108': ['1108'], '1110': ['1110'], '1104': ['1104'], '1107': ['1107'], '1114': ['1114'], '1156': ['1156'], '1038': ['1038'], '1048': ['1048'], '1049': ['1049'], '1050': ['1050'], '1054': ['1054'], '1068': ['1068'], '1039': ['1039'], '1097': ['1097'], '1098': ['1098'], '1099': ['1099'], '1112': ['1112'], '1100': ['1100'], '1034': ['1034'], '1067': ['1067'], '1035': ['1035'], '1111': ['1111'], '1030': ['1030'], '1046': ['1046'], '1069': ['1069'], '1058': ['1058'], '1059': ['1059'], '1064': ['1064'], '1065': ['1065'], '1047': ['1047'], '1070': ['1070'], '1031': ['1031'], '1042': ['1042'], '1083': ['1083'], '1085': ['1085'], '1086': ['1086'], '1089': ['1089'], '1043': ['1043'], '1121': ['1121'], '1122': ['1122'], '1123': ['1123'], '1124': ['1124'], '1036': ['1036', '1092', '1150', '1151', '1149'], '1093': ['1093'], '1094': ['1094'], '1145': ['1145'], '1144': ['1144'], '1037': ['1037'], '1044': ['1044'], '1087': ['1087'], '1088': ['1088'], '1090': ['1090'], '1142': ['1142'], '1141': ['1141'], '1091': ['1091'], '1143': ['1143'], '1045': ['1045'], '1115': ['1115'], '1062': ['1062'], '1077': ['1077'], '1117': ['1117'], '1146': ['1146'], '1152': ['1152'], '1075': ['1075'], '1076': ['1076'], '1118': ['1118'], '1073': ['1073'], '1078': ['1078'], '1074': ['1074'], '1116': ['1116'], '1140': ['1140'], '1119': ['1119'], '1120': ['1120'], '1134': ['1134']})"
121,"defaultdict(<class 'list'>, {'1040': ['1040'], '1080': ['1080'], '1079': ['1079'], '1081': ['1081'], '1095': ['1095'], '1082': ['1082'], '1084': ['1084'], '1096': ['1096'], '1136': ['1136'], '1138': ['1138'], '1041': ['1041'], '1126': ['1126'], '1125': ['1125'], '1127': ['1127'], '1128': ['1128', '1131', '1132', '1130', '1133'], '1129': ['1129'], '1032': ['1032'], '1052': ['1052'], '1063': ['1063'], '1160': ['1160'], '1051': ['1051'], '1055': ['1055'], '1057': ['1057'], '1060': ['1060'], '1071': ['1071'], '1147': ['1147'], '1148': ['1148'], '1158': ['1158'], '1161': ['1161'], '1053': ['1053'], '1066': ['1066'], '1056': ['1056'], '1061': ['1061'], '1072': ['1072'], '1157': ['1157'], '1159': ['1159'], '1162': ['1162'], '1033': ['1033'], '1101': ['1101'], '1109': ['1109'], '1153': ['1153'], '1102': ['1102'], '1103': ['1103'], '1105': ['1105'], '1106': ['1106'], '1113': ['1113'], '1154': ['1154'], '1155': ['1155'], '1108': ['1108'], '1110': ['1110'], '1104': ['1104'], '1107': ['1107'], '1114': ['1114'], '1156': ['1156'], '1038': ['1038'], '1048': ['1048'], '1049': ['1049'], '1050': ['1050'], '1054': ['1054'], '1068': ['1068'], '1039': ['1039', '1097', '1098', '1099', '1035'], '1112': ['1112'], '1100': ['1100'], '1034': ['1034'], '1067': ['1067'], '1111': ['1111'], '1030': ['1030'], '1046': ['1046'], '1069': ['1069'], '1058': ['1058'], '1059': ['1059'], '1064': ['1064'], '1065': ['1065'], '1047': ['1047'], '1070': ['1070'], '1031': ['1031'], '1042': ['1042'], '1083': ['1083'], '1085': ['1085'], '1086': ['1086'], '1089': ['1089'], '1043': ['1043'], '1121': ['1121'], '1122': ['1122'], '1123': ['1123'], '1124': ['1124'], '1036': ['1036'], '1092': ['1092'], '1150': ['1150'], '1093': ['1093', '1094', '1151', '1149', '1037'], '1145': ['1145'], '1144': ['1144'], '1044': ['1044'], '1087': ['1087'], '1088': ['1088'], '1090': ['1090'], '1142': ['1142'], '1141': ['1141'], '1091': ['1091'], '1143': ['1143'], '1045': ['1045'], '1115': ['1115'], '1062': ['1062'], '1077': ['1077'], '1117': ['1117'], '1146': ['1146'], '1152': ['1152'], '1075': ['1075'], '1076': ['1076'], '1118': ['1118'], '1073': ['1073'], '1078': ['1078'], '1074': ['1074'], '1116': ['1116'], '1135': ['1135'], '1137': ['1137'], '1140': ['1140'], '1139': ['1139'], '1119': ['1119'], '1120': ['1120'], '1134': ['1134']})"
121,"defaultdict(<class 'list'>, {'1040': ['1040'], '1080': ['1080'], '1079': ['1079'], '1081': ['1081'], '1095': ['1095'], '1082': ['1082'], '1084': ['1084'], '1096': ['1096'], '1136': ['1136'], '1138': ['1138'], '1041': ['1041'], '1126': ['1126'], '1125': ['1125'], '1127': ['1127'], '1128': ['1128'], '1129': ['1129'], '1131': ['1131'], '1032': ['1032'], '1052': ['1052'], '1063': ['1063'], '1160': ['1160'], '1051': ['1051'], '1055': ['1055'], '1057': ['1057', '1060', '1061', '1058', '1059'], '1071': ['1071'], '1147': ['1147'], '1148': ['1148'], '1158': ['1158'], '1161': ['1161'], '1053': ['1053'], '1066': ['1066'], '1056': ['1056', '1077', '1075', '1076', '1074'], '1072': ['1072'], '1157': ['1157'], '1159': ['1159'], '1162': ['1162'], '1033': ['1033'], '1101': ['1101'], '1109': ['1109'], '1153': ['1153'], '1102': ['1102'], '1103': ['1103'], '1105': ['1105'], '1106': ['1106'], '1113': ['1113'], '1154': ['1154'], '1155': ['1155'], '1108': ['1108'], '1110': ['1110'], '1104': ['1104'], '1107': ['1107'], '1114': ['1114'], '1156': ['1156'], '1038': ['1038'], '1048': ['1048'], '1049': ['1049'], '1050': ['1050'], '1054': ['1054'], '1068': ['1068'], '1039': ['1039'], '1097': ['1097'], '1098': ['1098'], '1099': ['1099'], '1112': ['1112'], '1100': ['1100'], '1034': ['1034'], '1067': ['1067'], '1035': ['1035'], '1111': ['1111'], '1030': ['1030'], '1046': ['1046'], '1069': ['1069'], '1064': ['1064'], '1065': ['1065'], '1047': ['1047'], '1070': ['1070'], '1031': ['1031'], '1042': ['1042'], '1083': ['1083'], '1085': ['1085'], '1086': ['1086'], '1089': ['1089'], '1043': ['1043'], '1121': ['1121'], '1122': ['1122'], '1123': ['1123'], '1124': ['1124'], '1036': ['1036'], '1092': ['1092'], '1150': ['1150'], '1093': ['1093'], '1094': ['1094'], '1145': ['1145'], '1151': ['1151'], '1144': ['1144'], '1149': ['1149'], '1037': ['1037'], '1044': ['1044'], '1087': ['1087'], '1088': ['1088'], '1090': ['1090'], '1142': ['1142'], '1141': ['1141'], '1091': ['1091'], '1143': ['1143'], '1045': ['1045'], '1115': ['1115', '1118', '1116', '1119', '1120'], '1062': ['1062'], '1117': ['1117'], '1146': ['1146'], '1152': ['1152'], '1073': ['1073'], '1078': ['1078'], '1135': ['1135'], '1137': ['1137'], '1140': ['1140'], '1139': ['1139'], '1132': ['1132'], '1130': ['1130'], '1134': ['1134'], '1133': ['1133']})"
121,"defaultdict(<class 'list'>, {'1040': ['1040'], '1080': ['1080'], '1079': ['1079'], '1081': ['1081'], '1095': ['1095'], '1082': ['1082'], '1084': ['1084'], '1096': ['1096', '1138', '1135', '1137', '1139'], '1136': ['1136'], '1041': ['1041'], '1126': ['1126'], '1125': ['1125'], '1127': ['1127'], '1128': ['1128'], '1129': ['1129'], '1131': ['1131'], '1032': ['1032', '1052', '1063', '1053', '1049'], '1160': ['1160'], '1051': ['1051'], '1055': ['1055'], '1057': ['1057'], '1060': ['1060'], '1071': ['1071'], '1147': ['1147'], '1148': ['1148'], '1158': ['1158'], '1161': ['1161'], '1066': ['1066'], '1056': ['1056'], '1061': ['1061'], '1072': ['1072'], '1157': ['1157'], '1159': ['1159'], '1162': ['1162'], '1033': ['1033'], '1101': ['1101'], '1109': ['1109'], '1153': ['1153'], '1102': ['1102'], '1103': ['1103'], '1105': ['1105'], '1106': ['1106'], '1113': ['1113'], '1154': ['1154'], '1155': ['1155'], '1108': ['1108'], '1110': ['1110'], '1104': ['1104'], '1107': ['1107'], '1114': ['1114'], '1156': ['1156'], '1038': ['1038'], '1048': ['1048'], '1050': ['1050'], '1054': ['1054'], '1068': ['1068'], '1039': ['1039'], '1097': ['1097'], '1098': ['1098'], '1099': ['1099'], '1112': ['1112'], '1100': ['1100'], '1034': ['1034'], '1067': ['1067'], '1035': ['1035'], '1111': ['1111'], '1030': ['1030'], '1046': ['1046'], '1069': ['1069'], '1058': ['1058'], '1059': ['1059'], '1064': ['1064'], '1065': ['1065'], '1047': ['1047'], '1070': ['1070'], '1031': ['1031'], '1042': ['1042'], '1083': ['1083'], '1085': ['1085'], '1086': ['1086'], '1089': ['1089'], '1043': ['1043', '1121', '1122', '1123', '1045'], '1124': ['1124'], '1036': ['1036'], '1092': ['1092'], '1150': ['1150'], '1093': ['1093'], '1094': ['1094'], '1145': ['1145'], '1151': ['1151'], '1144': ['1144'], '1149': ['1149'], '1037': ['1037'], '1044': ['1044'], '1087': ['1087'], '1088': ['1088'], '1090': ['1090'], '1142': ['1142'], '1141': ['1141'], '1091': ['1091'], '1143': ['1143'], '1115': ['1115'], '1062': ['1062'], '1077': ['1077'], '1117': ['1117'], '1146': ['1146'], '1152': ['1152'], '1075': ['1075'], '1076': ['1076'], '1118': ['1118'], '1073': ['1073'], '1078': ['1078'], '1074': ['1074'], '1116': ['1116'], '1140': ['1140'], '1119': ['1119'], '1120': ['1120'], '1132': ['1132'], '1130': ['1130'], '1134': ['1134'], '1133': ['1133']})"
121,"defaultdict(<class 'list'>, {'1040': ['1040'], '1080': ['1080'], '1079': ['1079'], '1081': ['1081'], '1095': ['1095'], '1082': ['1082'], '1084': ['1084'], '1096': ['1096'], '1136': ['1136'], '1138': ['1138'], '1041': ['1041'], '1126': ['1126'], '1125': ['1125'], '1127': ['1127'], '1128': ['1128'], '1129': ['1129'], '1131': ['1131'], '1032': ['1032'], '1052': ['1052', '1053', '1049', '1050', '1054'], '1063': ['1063'], '1160': ['1160'], '1051': ['1051'], '1055': ['1055'], '1057': ['1057'], '1060': ['1060'], '1071': ['1071'], '1147': ['1147'], '1148': ['1148'], '1158': ['1158'], '1161': ['1161'], '1066': ['1066'], '1056': ['1056'], '1061': ['1061'], '1072': ['1072'], '1157': ['1157'], '1159': ['1159'], '1162': ['1162'], '1033': ['1033'], '1101': ['1101'], '1109': ['1109'], '1153': ['1153'], '1102': ['1102'], '1103': ['1103'], '1105': ['1105'], '1106': ['1106'], '1113': ['1113'], '1154': ['1154'], '1155': ['1155'], '1108': ['1108'], '1110': ['1110'], '1104': ['1104'], '1107': ['1107'], '1114': ['1114'], '1156': ['1156'], '1038': ['1038', '1048', '1068', '1034', '1067'], '1039': ['1039'], '1097': ['1097'], '1098': ['1098'], '1099': ['1099'], '1112': ['1112'], '1100': ['1100'], '1035': ['1035'], '1111': ['1111'], '1030': ['1030', '1046', '1069', '1047', '1070'], '1058': ['1058'], '1059': ['1059'], '1064': ['1064'], '1065': ['1065'], '1031': ['1031'], '1042': ['1042'], '1083': ['1083'], '1085': ['1085'], '1086': ['1086'], '1089': ['1089'], '1043': ['1043'], '1121': ['1121'], '1122': ['1122'], '1123': ['1123'], '1124': ['1124'], '1036': ['1036'], '1092': ['1092'], '1150': ['1150'], '1093': ['1093'], '1094': ['1094'], '1145': ['1145'], '1151': ['1151'], '1144': ['1144'], '1149': ['1149'], '1037': ['1037'], '1044': ['1044'], '1087': ['1087'], '1088': ['1088'], '1090': ['1090'], '1142': ['1142'], '1141': ['1141'], '1091': ['1091'], '1143': ['1143'], '1045': ['1045'], '1115': ['1115'], '1062': ['1062'], '1077': ['1077'], '1117': ['1117'], '1146': ['1146'], '1152': ['1152'], '1075': ['1075'], '1076': ['1076'], '1118': ['1118'], '1073': ['1073'], '1078': ['1078'], '1074': ['1074'], '1116': ['1116'], '1135': ['1135'], '1137': ['1137'], '1140': ['1140'], '1139': ['1139'], '1119': ['1119'], '1120': ['1120'], '1132': ['1132'], '1130': ['1130'], '1134': ['1134'], '1133': ['1133']})"
121,"defaultdict(<class 'list'>, {'1040': ['1040'], '1080': ['1080'], '1079': ['1079'], '1081': ['1081'], '1095': ['1095'], '1082': ['1082'], '1084': ['1084'], '1096': ['1096'], '1136': ['1136'], '1138': ['1138'], '1041': ['1041'], '1126': ['1126'], '1125': ['1125'], '1127': ['1127'], '1128': ['1128'], '1129': ['1129'], '1131': ['1131'], '1032': ['1032'], '1052': ['1052'], '1063': ['1063'], '1160': ['1160'], '1051': ['1051'], '1055': ['1055'], '1057': ['1057'], '1060': ['1060'], '1071': ['1071'], '1147': ['1147'], '1148': ['1148'], '1158': ['1158'], '1161': ['1161'], '1053': ['1053'], '1066': ['1066', '1067', '1064', '1065', '1031'], '1056': ['1056'], '1061': ['1061', '1062', '1075', '1073', '1074'], '1072': ['1072'], '1157': ['1157'], '1159': ['1159'], '1162': ['1162'], '1033': ['1033'], '1101': ['1101'], '1109': ['1109'], '1153': ['1153'], '1102': ['1102'], '1103': ['1103'], '1105': ['1105'], '1106': ['1106'], '1113': ['1113'], '1154': ['1154'], '1155': ['1155'], '1108': ['1108'], '1110': ['1110'], '1104': ['1104'], '1107': ['1107'], '1114': ['1114'], '1156': ['1156'], '1038': ['1038'], '1048': ['1048'], '1049': ['1049'], '1050': ['1050'], '1054': ['1054'], '1068': ['1068'], '1039': ['1039'], '1097': ['1097'], '1098': ['1098'], '1099': ['1099'], '1112': ['1112'], '1100': ['1100'], '1034': ['1034'], '1035': ['1035'], '1111': ['1111'], '1030': ['1030'], '1046': ['1046'], '1069': ['1069'], '1058': ['1058'], '1059': ['1059'], '1047': ['1047'], '1070': ['1070'], '1042': ['1042'], '1083': ['1083'], '1085': ['1085'], '1086': ['1086', '1089', '1044', '1087', '1090'], '1043': ['1043'], '1121': ['1121'], '1122': ['1122'], '1123': ['1123'], '1124': ['1124'], '1036': ['1036'], '1092': ['1092'], '1150': ['1150'], '1093': ['1093'], '1094': ['1094'], '1145': ['1145'], '1151': ['1151'], '1144': ['1144'], '1149': ['1149'], '1037': ['1037'], '1088': ['1088'], '1142': ['1142'], '1141': ['1141'], '1091': ['1091'], '1143': ['1143'], '1045': ['1045'], '1115': ['1115'], '1077': ['1077'], '1117': ['1117'], '1146': ['1146'], '1152': ['1152'], '1076': ['1076'], '1118': ['1118'], '1078': ['1078'], '1116': ['1116'], '1135': ['1135'], '1137': ['1137'], '1140': ['1140'], '1139': ['1139'], '1119': ['1119'], '1120': ['1120'], '1132': ['1132'], '1130': ['1130'], '1134': ['1134'], '1133': ['1133']})"
121,"defaultdict(<class 'list'>, {'1040': ['1040'], '1080': ['1080'], '1079': ['1079'], '1081': ['1081'], '1095': ['1095'], '1082': ['1082'], '1084': ['1084'], '1096': ['1096'], '1136': ['1136'], '1138': ['1138'], '1041': ['1041'], '1126': ['1126'], '1125': ['1125'], '1127': ['1127'], '1128': ['1128'], '1129': ['1129'], '1131': ['1131'], '1032': ['1032', '1052', '1063', '1053', '1049'], '1160': ['1160'], '1051': ['1051'], '1055': ['1055'], '1057': ['1057'], '1060': ['1060'], '1071': ['1071'], '1147': ['1147'], '1148': ['1148'], '1158': ['1158'], '1161': ['1161'], '1066': ['1066'], '1056': ['1056'], '1061': ['1061'], '1072': ['1072'], '1157': ['1157'], '1159': ['1159'], '1162': ['1162'], '1033': ['1033', '1153', '1154', '1155', '1152'], '1101': ['1101'], '1109': ['1109'], '1102': ['1102'], '1103': ['1103'], '1105': ['1105'], '1106': ['1106'], '1113': ['1113'], '1108': ['1108'], '1110': ['1110'], '1104': ['1104'], '1107': ['1107'], '1114': ['1114'], '1156': ['1156'], '1038': ['1038'], '1048': ['1048'], '1050': ['1050'], '1054': ['1054'], '1068': ['1068'], '1039': ['1039'], '1097': ['1097'], '1098': ['1098'], '1099': ['1099'], '1112': ['1112'], '1100': ['1100'], '1034': ['1034'], '1067': ['1067'], '1035': ['1035'], '1111': ['1111'], '1030': ['1030'], '1046': ['1046'], '1069': ['1069'], '1058': ['1058'], '1059': ['1059'], '1064': ['1064'], '1065': ['1065'], '1047': ['1047'], '1070': ['1070'], '1031': ['1031'], '1042': ['1042'], '1083': ['1083'], '1085': ['1085'], '1086': ['1086'], '1089': ['1089'], '1043': ['1043'], '1121': ['1121'], '1122': ['1122'], '1123': ['1123'], '1124': ['1124'], '1036': ['1036'], '1092': ['1092'], '1150': ['1150'], '1093': ['1093'], '1094': ['1094'], '1145': ['1145'], '1151': ['1151'], '1144': ['1144'], '1149': ['1149'], '1037': ['1037'], '1044': ['1044'], '1087': ['1087'], '1088': ['1088'], '1090': ['1090'], '1142': ['1142'], '1141': ['1141'], '1091': ['1091'], '1143': ['1143'], '1045': ['1045'], '1115': ['1115'], '1062': ['1062'], '1077': ['1077'], '1117': ['1117', '1118', '1116', '1119', '1120'], '1146': ['1146'], '1075': ['1075'], '1076': ['1076'], '1073': ['1073'], '1078': ['1078'], '1074': ['1074'], '1135': ['1135'], '1137': ['1137'], '1140': ['1140'], '1139': ['1139'], '1132': ['1132'], '1130': ['1130'], '1134': ['1134'], '1133': ['1133']})"
121,"defaultdict(<class 'list'>, {'1040': ['1040'], '1080': ['1080'], '1079': ['1079'], '1081': ['1081'], '1095': ['1095'], '1082': ['1082'], '1084': ['1084'], '1096': ['1096'], '1136': ['1136'], '1138': ['1138'], '1041': ['1041'], '1126': ['1126'], '1125': ['1125'], '1127': ['1127'], '1128': ['1128'], '1129': ['1129'], '1131': ['1131'], '1032': ['1032'], '1052': ['1052'], '1063': ['1063'], '1160': ['1160'], '1051': ['1051'], '1055': ['1055'], '1057': ['1057'], '1060': ['1060'], '1071': ['1071'], '1147': ['1147', '1148', '1158', '1157', '1159'], '1161': ['1161'], '1053': ['1053'], '1066': ['1066'], '1056': ['1056'], '1061': ['1061', '1062', '1075', '1073', '1074'], '1072': ['1072'], '1162': ['1162'], '1033': ['1033'], '1101': ['1101'], '1109': ['1109'], '1153': ['1153'], '1102': ['1102'], '1103': ['1103'], '1105': ['1105'], '1106': ['1106'], '1113': ['1113'], '1154': ['1154'], '1155': ['1155'], '1108': ['1108'], '1110': ['1110'], '1104': ['1104'], '1107': ['1107'], '1114': ['1114'], '1156': ['1156'], '1038': ['1038', '1048', '1068', '1034', '1067'], '1049': ['1049'], '1050': ['1050'], '1054': ['1054'], '1039': ['1039'], '1097': ['1097'], '1098': ['1098'], '1099': ['1099'], '1112': ['1112'], '1100': ['1100'], '1035': ['1035'], '1111': ['1111'], '1030': ['1030'], '1046': ['1046'], '1069': ['1069'], '1058': ['1058'], '1059': ['1059'], '1064': ['1064'], '1065': ['1065'], '1047': ['1047'], '1070': ['1070'], '1031': ['1031'], '1042': ['1042'], '1083': ['1083'], '1085': ['1085'], '1086': ['1086'], '1089': ['1089'], '1043': ['1043'], '1121': ['1121'], '1122': ['1122'], '1123': ['1123'], '1124': ['1124'], '1036': ['1036'], '1092': ['1092'], '1150': ['1150'], '1093': ['1093'], '1094': ['1094'], '1145': ['1145'], '1151': ['1151'], '1144': ['1144'], '1149': ['1149'], '1037': ['1037'], '1044': ['1044'], '1087': ['1087'], '1088': ['1088'], '1090': ['1090'], '1142': ['1142'], '1141': ['1141'], '1091': ['1091'], '1143': ['1143'], '1045': ['1045'], '1115': ['1115'], '1077': ['1077'], '1117': ['1117'], '1146': ['1146'], '1152': ['1152'], '1076': ['1076'], '1118': ['1118'], '1078': ['1078'], '1116': ['1116'], '1135': ['1135'], '1137': ['1137'], '1140': ['1140'], '1139': ['1139'], '1119': ['1119'], '1120': ['1120'], '1132': ['1132'], '1130': ['1130'], '1134': ['1134'], '1133': ['1133']})"
121,"defaultdict(<class 'list'>, {'1040': ['1040'], '1080': ['1080'], '1079': ['1079'], '1081': ['1081'], '1095': ['1095'], '1082': ['1082'], '1084': ['1084', '1042', '1085', '1086', '1087'], '1096': ['1096'], '1136': ['1136'], '1138': ['1138'], '1041': ['1041'], '1126': ['1126'], '1125': ['1125'], '1127': ['1127'], '1128': ['1128'], '1129': ['1129'], '1131': ['1131'], '1032': ['1032'], '1052': ['1052'], '1063': ['1063'], '1160': ['1160'], '1051': ['1051', '1055', '1056', '1049', '1050'], '1057': ['1057'], '1060': ['1060'], '1071': ['1071'], '1147': ['1147'], '1148': ['1148'], '1158': ['1158'], '1161': ['1161'], '1053': ['1053'], '1066': ['1066'], '1061': ['1061'], '1072': ['1072'], '1157': ['1157'], '1159': ['1159'], '1162': ['1162'], '1033': ['1033'], '1101': ['1101'], '1109': ['1109'], '1153': ['1153'], '1102': ['1102'], '1103': ['1103'], '1105': ['1105'], '1106': ['1106'], '1113': ['1113'], '1154': ['1154'], '1155': ['1155'], '1108': ['1108'], '1110': ['1110'], '1104': ['1104'], '1107': ['1107'], '1114': ['1114'], '1156': ['1156'], '1038': ['1038'], '1048': ['1048'], '1054': ['1054'], '1068': ['1068'], '1039': ['1039'], '1097': ['1097'], '1098': ['1098'], '1099': ['1099'], '1112': ['1112'], '1100': ['1100'], '1034': ['1034'], '1067': ['1067'], '1035': ['1035'], '1111': ['1111'], '1030': ['1030'], '1046': ['1046'], '1069': ['1069', '1064', '1065', '1070', '1031'], '1058': ['1058'], '1059': ['1059'], '1047': ['1047'], '1083': ['1083'], '1089': ['1089'], '1043': ['1043'], '1121': ['1121'], '1122': ['1122'], '1123': ['1123'], '1124': ['1124'], '1036': ['1036'], '1092': ['1092'], '1150': ['1150'], '1093': ['1093'], '1094': ['1094'], '1145': ['1145'], '1151': ['1151'], '1144': ['1144'], '1149': ['1149'], '1037': ['1037'], '1044': ['1044'], '1088': ['1088'], '1090': ['1090'], '1142': ['1142'], '1141': ['1141'], '1091': ['1091'], '1143': ['1143'], '1045': ['1045'], '1115': ['1115'], '1062': ['1062'], '1077': ['1077'], '1117': ['1117'], '1146': ['1146'], '1152': ['1152'], '1075': ['1075'], '1076': ['1076'], '1118': ['1118'], '1073': ['1073'], '1078': ['1078'], '1074': ['1074'], '1116': ['1116'], '1135': ['1135'], '1137': ['1137'], '1140': ['1140'], '1139': ['1139'], '1119': ['1119'], '1120': ['1120'], '1132': ['1132'], '1130': ['1130'], '1134': ['1134'], '1133': ['1133']})"
121,"defaultdict(<class 'list'>, {'1040': ['1040', '1080', '1079', '1081', '1078'], '1095': ['1095'], '1082': ['1082'], '1084': ['1084'], '1096': ['1096'], '1136': ['1136'], '1138': ['1138'], '1041': ['1041'], '1126': ['1126'], '1125': ['1125'], '1127': ['1127'], '1128': ['1128'], '1129': ['1129'], '1131': ['1131'], '1032': ['1032'], '1052': ['1052'], '1063': ['1063'], '1160': ['1160', '1147', '1161', '1145', '1146'], '1051': ['1051'], '1055': ['1055'], '1057': ['1057'], '1060': ['1060'], '1071': ['1071'], '1148': ['1148'], '1158': ['1158'], '1053': ['1053'], '1066': ['1066'], '1056': ['1056'], '1061': ['1061'], '1072': ['1072'], '1157': ['1157'], '1159': ['1159'], '1162': ['1162'], '1033': ['1033'], '1101': ['1101'], '1109': ['1109'], '1153': ['1153'], '1102': ['1102'], '1103': ['1103'], '1105': ['1105'], '1106': ['1106'], '1113': ['1113'], '1154': ['1154'], '1155': ['1155'], '1108': ['1108'], '1110': ['1110'], '1104': ['1104'], '1107': ['1107'], '1114': ['1114'], '1156': ['1156'], '1038': ['1038'], '1048': ['1048'], '1049': ['1049'], '1050': ['1050'], '1054': ['1054'], '1068': ['1068'], '1039': ['1039'], '1097': ['1097'], '1098': ['1098'], '1099': ['1099'], '1112': ['1112'], '1100': ['1100'], '1034': ['1034'], '1067': ['1067'], '1035': ['1035'], '1111': ['1111'], '1030': ['1030', '1046', '1069', '1047', '1070'], '1058': ['1058'], '1059': ['1059'], '1064': ['1064'], '1065': ['1065'], '1031': ['1031'], '1042': ['1042'], '1083': ['1083'], '1085': ['1085'], '1086': ['1086'], '1089': ['1089'], '1043': ['1043'], '1121': ['1121'], '1122': ['1122'], '1123': ['1123'], '1124': ['1124'], '1036': ['1036'], '1092': ['1092'], '1150': ['1150'], '1093': ['1093'], '1094': ['1094'], '1151': ['1151'], '1144': ['1144'], '1149': ['1149'], '1037': ['1037'], '1044': ['1044'], '1087': ['1087'], '1088': ['1088'], '1090': ['1090'], '1142': ['1142'], '1141': ['1141'], '1091': ['1091'], '1143': ['1143'], '1045': ['1045'], '1115': ['1115'], '1062': ['1062'], '1077': ['1077'], '1117': ['1117'], '1152': ['1152'], '1075': ['1075'], '1076': ['1076'], '1118': ['1118'], '1073': ['1073'], '1074': ['1074'], '1116': ['1116'], '1135': ['1135'], '1137': ['1137'], '1140': ['1140'], '1139': ['1139'], '1119': ['1119'], '1120': ['1120'], '1132': ['1132'], '1130': ['1130'], '1134': ['1134'], '1133': ['1133']})"
121,"defaultdict(<class 'list'>, {'1040': ['1040'], '1080': ['1080', '1079', '1077', '1076', '1078'], '1081': ['1081'], '1095': ['1095'], '1082': ['1082'], '1084': ['1084'], '1096': ['1096'], '1136': ['1136'], '1138': ['1138'], '1041': ['1041'], '1126': ['1126'], '1125': ['1125'], '1127': ['1127'], '1128': ['1128'], '1129': ['1129'], '1131': ['1131'], '1032': ['1032'], '1052': ['1052'], '1063': ['1063'], '1160': ['1160'], '1051': ['1051'], '1055': ['1055'], '1057': ['1057'], '1060': ['1060'], '1071': ['1071'], '1147': ['1147'], '1148': ['1148'], '1158': ['1158'], '1161': ['1161'], '1053': ['1053'], '1066': ['1066'], '1056': ['1056'], '1061': ['1061'], '1072': ['1072'], '1157': ['1157'], '1159': ['1159'], '1162': ['1162'], '1033': ['1033'], '1101': ['1101'], '1109': ['1109'], '1153': ['1153'], '1102': ['1102'], '1103': ['1103'], '1105': ['1105'], '1106': ['1106'], '1113': ['1113'], '1154': ['1154'], '1155': ['1155'], '1108': ['1108'], '1110': ['1110'], '1104': ['1104'], '1107': ['1107'], '1114': ['1114'], '1156': ['1156'], '1038': ['1038'], '1048': ['1048'], '1049': ['1049'], '1050': ['1050'], '1054': ['1054'], '1068': ['1068'], '1039': ['1039'], '1097': ['1097'], '1098': ['1098'], '1099': ['1099'], '1112': ['1112'], '1100': ['1100'], '1034': ['1034'], '1067': ['1067'], '1035': ['1035'], '1111': ['1111'], '1030': ['1030'], '1046': ['1046'], '1069': ['1069'], '1058': ['1058'], '1059': ['1059'], '1064': ['1064'], '1065': ['1065'], '1047': ['1047'], '1070': ['1070'], '1031': ['1031'], '1042': ['1042'], '1083': ['1083'], '1085': ['1085'], '1086': ['1086'], '1089': ['1089'], '1043': ['1043'], '1121': ['1121'], '1122': ['1122'], '1123': ['1123'], '1124': ['1124'], '1036': ['1036'], '1092': ['1092'], '1150': ['1150'], '1093': ['1093', '1094', '1151', '1149', '1037'], '1145': ['1145'], '1144': ['1144'], '1044': ['1044'], '1087': ['1087'], '1088': ['1088', '1142', '1141', '1143', '1140'], '1090': ['1090'], '1091': ['1091'], '1045': ['1045'], '1115': ['1115'], '1062': ['1062'], '1117': ['1117'], '1146': ['1146'], '1152': ['1152'], '1075': ['1075'], '1118': ['1118'], '1073': ['1073'], '1074': ['1074'], '1116': ['1116'], '1135': ['1135'], '1137': ['1137'], '1139': ['1139'], '1119': ['1119'], '1120': ['1120'], '1132': ['1132'], '1130': ['1130'], '1134': ['1134'], '1133': ['1133']})"
121,"defaultdict(<class 'list'>, {'1040': ['1040'], '1080': ['1080'], '1079': ['1079'], '1081': ['1081'], '1095': ['1095'], '1082': ['1082', '1084', '1042', '1083', '1085'], '1096': ['1096'], '1136': ['1136'], '1138': ['1138'], '1041': ['1041'], '1126': ['1126'], '1125': ['1125'], '1127': ['1127'], '1128': ['1128'], '1129': ['1129'], '1131': ['1131'], '1032': ['1032'], '1052': ['1052'], '1063': ['1063'], '1160': ['1160'], '1051': ['1051'], '1055': ['1055'], '1057': ['1057'], '1060': ['1060'], '1071': ['1071'], '1147': ['1147'], '1148': ['1148', '1158', '1157', '1159', '1156'], '1161': ['1161'], '1053': ['1053'], '1066': ['1066'], '1056': ['1056'], '1061': ['1061'], '1072': ['1072'], '1162': ['1162'], '1033': ['1033'], '1101': ['1101'], '1109': ['1109'], '1153': ['1153'], '1102': ['1102'], '1103': ['1103'], '1105': ['1105'], '1106': ['1106'], '1113': ['1113'], '1154': ['1154'], '1155': ['1155'], '1108': ['1108'], '1110': ['1110'], '1104': ['1104'], '1107': ['1107'], '1114': ['1114', '1115', '1118', '1116', '1119'], '1038': ['1038'], '1048': ['1048'], '1049': ['1049'], '1050': ['1050'], '1054': ['1054'], '1068': ['1068'], '1039': ['1039'], '1097': ['1097'], '1098': ['1098'], '1099': ['1099'], '1112': ['1112'], '1100': ['1100'], '1034': ['1034'], '1067': ['1067'], '1035': ['1035'], '1111': ['1111'], '1030': ['1030'], '1046': ['1046'], '1069': ['1069'], '1058': ['1058'], '1059': ['1059'], '1064': ['1064'], '1065': ['1065'], '1047': ['1047'], '1070': ['1070'], '1031': ['1031'], '1086': ['1086'], '1089': ['1089'], '1043': ['1043'], '1121': ['1121'], '1122': ['1122'], '1123': ['1123'], '1124': ['1124'], '1036': ['1036'], '1092': ['1092'], '1150': ['1150'], '1093': ['1093'], '1094': ['1094'], '1145': ['1145'], '1151': ['1151'], '1144': ['1144'], '1149': ['1149'], '1037': ['1037'], '1044': ['1044'], '1087': ['1087'], '1088': ['1088'], '1090': ['1090'], '1142': ['1142'], '1141': ['1141'], '1091': ['1091'], '1143': ['1143'], '1045': ['1045'], '1062': ['1062'], '1077': ['1077'], '1117': ['1117'], '1146': ['1146'], '1152': ['1152'], '1075': ['1075'], '1076': ['1076'], '1073': ['1073'], '1078': ['1078'], '1074': ['1074'], '1135': ['1135'], '1137': ['1137'], '1140': ['1140'], '1139': ['1139'], '1120': ['1120'], '1132': ['1132'], '1130': ['1130'], '1134': ['1134'], '1133': ['1133']})"
121,"defaultdict(<class 'list'>, {'1040': ['1040'], '1080': ['1080'], '1079': ['1079', '1077', '1075', '1076', '1074'], '1081': ['1081'], '1095': ['1095'], '1082': ['1082'], '1084': ['1084'], '1096': ['1096'], '1136': ['1136'], '1138': ['1138'], '1041': ['1041'], '1126': ['1126'], '1125': ['1125'], '1127': ['1127'], '1128': ['1128'], '1129': ['1129'], '1131': ['1131'], '1032': ['1032'], '1052': ['1052'], '1063': ['1063'], '1160': ['1160'], '1051': ['1051'], '1055': ['1055'], '1057': ['1057'], '1060': ['1060'], '1071': ['1071'], '1147': ['1147'], '1148': ['1148', '1158', '1157', '1159', '1156'], '1161': ['1161'], '1053': ['1053'], '1066': ['1066'], '1056': ['1056'], '1061': ['1061'], '1072': ['1072'], '1162': ['1162'], '1033': ['1033', '1153', '1154', '1155', '1152'], '1101': ['1101'], '1109': ['1109'], '1102': ['1102'], '1103': ['1103'], '1105': ['1105'], '1106': ['1106'], '1113': ['1113'], '1108': ['1108'], '1110': ['1110'], '1104': ['1104'], '1107': ['1107'], '1114': ['1114'], '1038': ['1038'], '1048': ['1048'], '1049': ['1049'], '1050': ['1050'], '1054': ['1054'], '1068': ['1068'], '1039': ['1039'], '1097': ['1097'], '1098': ['1098'], '1099': ['1099'], '1112': ['1112'], '1100': ['1100'], '1034': ['1034'], '1067': ['1067'], '1035': ['1035'], '1111': ['1111'], '1030': ['1030'], '1046': ['1046'], '1069': ['1069'], '1058': ['1058'], '1059': ['1059'], '1064': ['1064'], '1065': ['1065'], '1047': ['1047'], '1070': ['1070'], '1031': ['1031'], '1042': ['1042'], '1083': ['1083'], '1085': ['1085'], '1086': ['1086'], '1089': ['1089'], '1043': ['1043'], '1121': ['1121'], '1122': ['1122'], '1123': ['1123'], '1124': ['1124'], '1036': ['1036'], '1092': ['1092'], '1150': ['1150'], '1093': ['1093'], '1094': ['1094'], '1145': ['1145'], '1151': ['1151'], '1144': ['1144'], '1149': ['1149'], '1037': ['1037'], '1044': ['1044'], '1087': ['1087'], '1088': ['1088'], '1090': ['1090'], '1142': ['1142'], '1141': ['1141'], '1091': ['1091'], '1143': ['1143'], '1045': ['1045'], '1115': ['1115'], '1062': ['1062'], '1117': ['1117'], '1146': ['1146'], '1118': ['1118'], '1073': ['1073'], '1078': ['1078'], '1116': ['1116'], '1135': ['1135'], '1137': ['1137'], '1140': ['1140'], '1139': ['1139'], '1119': ['1119'], '1120': ['1120'], '1132': ['1132'], '1130': ['1130'], '1134': ['1134'], '1133': ['1133']})"
121,"defaultdict(<class 'list'>, {'1040': ['1040'], '1080': ['1080'], '1079': ['1079'], '1081': ['1081'], '1095': ['1095'], '1082': ['1082'], '1084': ['1084'], '1096': ['1096'], '1136': ['1136'], '1138': ['1138'], '1041': ['1041'], '1126': ['1126'], '1125': ['1125'], '1127': ['1127'], '1128': ['1128'], '1129': ['1129'], '1131': ['1131'], '1032': ['1032'], '1052': ['1052'], '1063': ['1063'], '1160': ['1160'], '1051': ['1051'], '1055': ['1055'], '1057': ['1057'], '1060': ['1060'], '1071': ['1071'], '1147': ['1147'], '1148': ['1148'], '1158': ['1158'], '1161': ['1161'], '1053': ['1053'], '1066': ['1066'], '1056': ['1056'], '1061': ['1061'], '1072': ['1072'], '1157': ['1157'], '1159': ['1159'], '1162': ['1162'], '1033': ['1033'], '1101': ['1101'], '1109': ['1109'], '1153': ['1153'], '1102': ['1102'], '1103': ['1103'], '1105': ['1105'], '1106': ['1106'], '1113': ['1113'], '1154': ['1154'], '1155': ['1155'], '1108': ['1108'], '1110': ['1110'], '1104': ['1104'], '1107': ['1107'], '1114': ['1114'], '1156': ['1156'], '1038': ['1038'], '1048': ['1048'], '1049': ['1049'], '1050': ['1050'], '1054': ['1054'], '1068': ['1068'], '1039': ['1039', '1097', '1112', '1035', '1111'], '1098': ['1098'], '1099': ['1099'], '1100': ['1100'], '1034': ['1034'], '1067': ['1067'], '1030': ['1030'], '1046': ['1046'], '1069': ['1069', '1064', '1065', '1070', '1031'], '1058': ['1058'], '1059': ['1059'], '1047': ['1047'], '1042': ['1042'], '1083': ['1083'], '1085': ['1085'], '1086': ['1086'], '1089': ['1089'], '1043': ['1043'], '1121': ['1121'], '1122': ['1122'], '1123': ['1123'], '1124': ['1124'], '1036': ['1036'], '1092': ['1092'], '1150': ['1150'], '1093': ['1093', '1094', '1151', '1149', '1037'], '1145': ['1145'], '1144': ['1144'], '1044': ['1044'], '1087': ['1087'], '1088': ['1088'], '1090': ['1090'], '1142': ['1142'], '1141': ['1141'], '1091': ['1091'], '1143': ['1143'], '1045': ['1045'], '1115': ['1115'], '1062': ['1062'], '1077': ['1077'], '1117': ['1117'], '1146': ['1146'], '1152': ['1152'], '1075': ['1075'], '1076': ['1076'], '1118': ['1118'], '1073': ['1073'], '1078': ['1078'], '1074': ['1074'], '1116': ['1116'], '1135': ['1135'], '1137': ['1137'], '1140': ['1140'], '1139': ['1139'], '1119': ['1119'], '1120': ['1120'], '1132': ['1132'], '1130': ['1130'], '1134': ['1134'], '1133': ['1133']})"
121,"defaultdict(<class 'list'>, {'1040': ['1040'], '1080': ['1080'], '1079': ['1079'], '1081': ['1081'], '1095': ['1095'], '1082': ['1082'], '1084': ['1084'], '1096': ['1096'], '1136': ['1136'], '1138': ['1138'], '1041': ['1041'], '1126': ['1126'], '1125': ['1125'], '1127': ['1127'], '1128': ['1128'], '1129': ['1129'], '1131': ['1131'], '1032': ['1032', '1052', '1063', '1053', '1049'], '1160': ['1160'], '1051': ['1051'], '1055': ['1055'], '1057': ['1057'], '1060': ['1060'], '1071': ['1071'], '1147': ['1147'], '1148': ['1148', '1158', '1157', '1159', '1156', '1153', '1154', '1155', '1152'], '1161': ['1161'], '1066': ['1066'], '1056': ['1056'], '1061': ['1061'], '1072': ['1072'], '1162': ['1162'], '1033': ['1033'], '1101': ['1101'], '1109': ['1109'], '1102': ['1102'], '1103': ['1103'], '1105': ['1105'], '1106': ['1106'], '1113': ['1113'], '1108': ['1108'], '1110': ['1110'], '1104': ['1104'], '1107': ['1107'], '1114': ['1114'], '1038': ['1038'], '1048': ['1048'], '1050': ['1050'], '1054': ['1054'], '1068': ['1068'], '1039': ['1039'], '1097': ['1097'], '1098': ['1098'], '1099': ['1099'], '1112': ['1112'], '1100': ['1100'], '1034': ['1034'], '1067': ['1067'], '1035': ['1035'], '1111': ['1111'], '1030': ['1030'], '1046': ['1046'], '1069': ['1069'], '1058': ['1058'], '1059': ['1059'], '1064': ['1064'], '1065': ['1065'], '1047': ['1047'], '1070': ['1070'], '1031': ['1031'], '1042': ['1042'], '1083': ['1083'], '1085': ['1085'], '1086': ['1086'], '1089': ['1089'], '1043': ['1043'], '1121': ['1121'], '1122': ['1122'], '1123': ['1123'], '1124': ['1124'], '1036': ['1036'], '1092': ['1092'], '1150': ['1150'], '1093': ['1093'], '1094': ['1094'], '1145': ['1145'], '1151': ['1151'], '1144': ['1144'], '1149': ['1149'], '1037': ['1037'], '1044': ['1044'], '1087': ['1087'], '1088': ['1088'], '1090': ['1090'], '1142': ['1142'], '1141': ['1141'], '1091': ['1091'], '1143': ['1143'], '1045': ['1045'], '1115': ['1115'], '1062': ['1062'], '1077': ['1077'], '1117': ['1117'], '1146': ['1146'], '1075': ['1075'], '1076': ['1076'], '1118': ['1118'], '1073': ['1073'], '1078': ['1078'], '1074': ['1074'], '1116': ['1116'], '1135': ['1135'], '1137': ['1137'], '1140': ['1140'], '1139': ['1139'], '1119': ['1119'], '1120': ['1120'], '1132': ['1132'], '1130': ['1130'], '1134': ['1134'], '1133': ['1133']})"
121,"defaultdict(<class 'list'>, {'1040': ['1040', '1080', '1081', '1082', '1078'], '1079': ['1079'], '1095': ['1095'], '1084': ['1084'], '1096': ['1096'], '1136': ['1136'], '1138': ['1138'], '1041': ['1041'], '1126': ['1126'], '1125': ['1125'], '1127': ['1127'], '1128': ['1128'], '1129': ['1129'], '1131': ['1131'], '1032': ['1032', '1160', '1161', '1162', '1146'], '1052': ['1052', '1051', '1053', '1049', '1050'], '1063': ['1063'], '1055': ['1055'], '1057': ['1057'], '1060': ['1060'], '1071': ['1071'], '1147': ['1147'], '1148': ['1148'], '1158': ['1158'], '1066': ['1066'], '1056': ['1056'], '1061': ['1061'], '1072': ['1072'], '1157': ['1157'], '1159': ['1159'], '1033': ['1033'], '1101': ['1101'], '1109': ['1109'], '1153': ['1153'], '1102': ['1102'], '1103': ['1103'], '1105': ['1105'], '1106': ['1106'], '1113': ['1113'], '1154': ['1154'], '1155': ['1155'], '1108': ['1108'], '1110': ['1110'], '1104': ['1104'], '1107': ['1107'], '1114': ['1114'], '1156': ['1156'], '1038': ['1038'], '1048': ['1048'], '1054': ['1054'], '1068': ['1068'], '1039': ['1039'], '1097': ['1097'], '1098': ['1098'], '1099': ['1099'], '1112': ['1112'], '1100': ['1100'], '1034': ['1034'], '1067': ['1067'], '1035': ['1035'], '1111': ['1111'], '1030': ['1030'], '1046': ['1046'], '1069': ['1069'], '1058': ['1058'], '1059': ['1059'], '1064': ['1064'], '1065': ['1065'], '1047': ['1047'], '1070': ['1070'], '1031': ['1031'], '1042': ['1042'], '1083': ['1083'], '1085': ['1085'], '1086': ['1086'], '1089': ['1089'], '1043': ['1043'], '1121': ['1121'], '1122': ['1122'], '1123': ['1123'], '1124': ['1124'], '1036': ['1036'], '1092': ['1092'], '1150': ['1150'], '1093': ['1093'], '1094': ['1094'], '1145': ['1145'], '1151': ['1151'], '1144': ['1144'], '1149': ['1149'], '1037': ['1037'], '1044': ['1044'], '1087': ['1087'], '1088': ['1088'], '1090': ['1090'], '1142': ['1142'], '1141': ['1141'], '1091': ['1091'], '1143': ['1143'], '1045': ['1045'], '1115': ['1115'], '1062': ['1062'], '1077': ['1077'], '1117': ['1117'], '1152': ['1152'], '1075': ['1075'], '1076': ['1076'], '1118': ['1118'], '1073': ['1073'], '1074': ['1074'], '1116': ['1116'], '1135': ['1135'], '1137': ['1137'], '1140': ['1140'], '1139': ['1139'], '1119': ['1119'], '1120': ['1120'], '1132': ['1132'], '1130': ['1130'], '1134': ['1134'], '1133': ['1133']})"
121,"defaultdict(<class 'list'>, {'1040': ['1040'], '1080': ['1080'], '1079': ['1079'], '1081': ['1081'], '1095': ['1095'], '1082': ['1082'], '1084': ['1084'], '1096': ['1096'], '1136': ['1136'], '1138': ['1138'], '1041': ['1041'], '1126': ['1126'], '1125': ['1125'], '1127': ['1127'], '1128': ['1128'], '1129': ['1129'], '1131': ['1131'], '1032': ['1032', '1160', '1161', '1162', '1146'], '1052': ['1052'], '1063': ['1063'], '1051': ['1051'], '1055': ['1055'], '1057': ['1057'], '1060': ['1060'], '1071': ['1071'], '1147': ['1147'], '1148': ['1148', '1158', '1157', '1159', '1156', '1153', '1154', '1155', '1152'], '1053': ['1053'], '1066': ['1066'], '1056': ['1056'], '1061': ['1061'], '1072': ['1072'], '1033': ['1033'], '1101': ['1101'], '1109': ['1109'], '1102': ['1102'], '1103': ['1103'], '1105': ['1105'], '1106': ['1106'], '1113': ['1113'], '1108': ['1108'], '1110': ['1110'], '1104': ['1104'], '1107': ['1107'], '1114': ['1114'], '1038': ['1038'], '1048': ['1048'], '1049': ['1049'], '1050': ['1050'], '1054': ['1054'], '1068': ['1068'], '1039': ['1039'], '1097': ['1097'], '1098': ['1098'], '1099': ['1099'], '1112': ['1112'], '1100': ['1100'], '1034': ['1034'], '1067': ['1067'], '1035': ['1035'], '1111': ['1111'], '1030': ['1030'], '1046': ['1046'], '1069': ['1069'], '1058': ['1058'], '1059': ['1059'], '1064': ['1064'], '1065': ['1065'], '1047': ['1047'], '1070': ['1070'], '1031': ['1031'], '1042': ['1042'], '1083': ['1083'], '1085': ['1085'], '1086': ['1086'], '1089': ['1089'], '1043': ['1043'], '1121': ['1121'], '1122': ['1122'], '1123': ['1123'], '1124': ['1124'], '1036': ['1036'], '1092': ['1092'], '1150': ['1150'], '1093': ['1093'], '1094': ['1094'], '1145': ['1145'], '1151': ['1151'], '1144': ['1144'], '1149': ['1149'], '1037': ['1037'], '1044': ['1044'], '1087': ['1087'], '1088': ['1088'], '1090': ['1090'], '1142': ['1142'], '1141': ['1141'], '1091': ['1091'], '1143': ['1143'], '1045': ['1045'], '1115': ['1115'], '1062': ['1062'], '1077': ['1077'], '1117': ['1117'], '1075': ['1075'], '1076': ['1076'], '1118': ['1118'], '1073': ['1073'], '1078': ['1078'], '1074': ['1074'], '1116': ['1116'], '1135': ['1135'], '1137': ['1137'], '1140': ['1140'], '1139': ['1139'], '1119': ['1119'], '1120': ['1120'], '1132': ['1132'], '1130': ['1130'], '1134': ['1134'], '1133': ['1133']})"
121,"defaultdict(<class 'list'>, {'1040': ['1040'], '1080': ['1080'], '1079': ['1079'], '1081': ['1081'], '1095': ['1095'], '1082': ['1082'], '1084': ['1084'], '1096': ['1096'], '1136': ['1136'], '1138': ['1138'], '1041': ['1041'], '1126': ['1126'], '1125': ['1125'], '1127': ['1127'], '1128': ['1128'], '1129': ['1129'], '1131': ['1131'], '1032': ['1032'], '1052': ['1052'], '1063': ['1063'], '1160': ['1160'], '1051': ['1051'], '1055': ['1055'], '1057': ['1057'], '1060': ['1060'], '1071': ['1071'], '1147': ['1147'], '1148': ['1148'], '1158': ['1158'], '1161': ['1161'], '1053': ['1053'], '1066': ['1066'], '1056': ['1056'], '1061': ['1061'], '1072': ['1072'], '1157': ['1157'], '1159': ['1159'], '1162': ['1162'], '1033': ['1033', '1153', '1154', '1155', '1152'], '1101': ['1101'], '1109': ['1109'], '1102': ['1102'], '1103': ['1103'], '1105': ['1105'], '1106': ['1106'], '1113': ['1113'], '1108': ['1108'], '1110': ['1110'], '1104': ['1104'], '1107': ['1107'], '1114': ['1114'], '1156': ['1156'], '1038': ['1038'], '1048': ['1048'], '1049': ['1049'], '1050': ['1050'], '1054': ['1054'], '1068': ['1068'], '1039': ['1039'], '1097': ['1097'], '1098': ['1098'], '1099': ['1099'], '1112': ['1112'], '1100': ['1100'], '1034': ['1034'], '1067': ['1067'], '1035': ['1035'], '1111': ['1111'], '1030': ['1030'], '1046': ['1046'], '1069': ['1069'], '1058': ['1058'], '1059': ['1059'], '1064': ['1064'], '1065': ['1065'], '1047': ['1047'], '1070': ['1070'], '1031': ['1031'], '1042': ['1042'], '1083': ['1083'], '1085': ['1085'], '1086': ['1086', '1089', '1044', '1087', '1090'], '1043': ['1043', '1121', '1122', '1123', '1045'], '1124': ['1124'], '1036': ['1036'], '1092': ['1092'], '1150': ['1150'], '1093': ['1093'], '1094': ['1094'], '1145': ['1145'], '1151': ['1151'], '1144': ['1144'], '1149': ['1149'], '1037': ['1037'], '1088': ['1088'], '1142': ['1142'], '1141': ['1141'], '1091': ['1091'], '1143': ['1143'], '1115': ['1115'], '1062': ['1062'], '1077': ['1077'], '1117': ['1117'], '1146': ['1146'], '1075': ['1075'], '1076': ['1076'], '1118': ['1118'], '1073': ['1073'], '1078': ['1078'], '1074': ['1074'], '1116': ['1116'], '1135': ['1135'], '1137': ['1137'], '1140': ['1140'], '1139': ['1139'], '1119': ['1119'], '1120': ['1120'], '1132': ['1132'], '1130': ['1130'], '1134': ['1134'], '1133': ['1133']})"
121,"defaultdict(<class 'list'>, {'1040': ['1040'], '1080': ['1080'], '1079': ['1079'], '1081': ['1081'], '1095': ['1095'], '1082': ['1082'], '1084': ['1084'], '1096': ['1096'], '1136': ['1136'], '1138': ['1138'], '1041': ['1041'], '1126': ['1126'], '1125': ['1125'], '1127': ['1127'], '1128': ['1128'], '1129': ['1129'], '1131': ['1131'], '1032': ['1032'], '1052': ['1052'], '1063': ['1063'], '1160': ['1160', '1147', '1161', '1145', '1146'], '1051': ['1051'], '1055': ['1055'], '1057': ['1057', '1060', '1061', '1058', '1059'], '1071': ['1071'], '1148': ['1148'], '1158': ['1158'], '1053': ['1053'], '1066': ['1066'], '1056': ['1056'], '1072': ['1072'], '1157': ['1157'], '1159': ['1159'], '1162': ['1162'], '1033': ['1033'], '1101': ['1101'], '1109': ['1109'], '1153': ['1153'], '1102': ['1102'], '1103': ['1103'], '1105': ['1105'], '1106': ['1106'], '1113': ['1113'], '1154': ['1154'], '1155': ['1155'], '1108': ['1108'], '1110': ['1110'], '1104': ['1104'], '1107': ['1107'], '1114': ['1114'], '1156': ['1156'], '1038': ['1038'], '1048': ['1048'], '1049': ['1049'], '1050': ['1050'], '1054': ['1054'], '1068': ['1068'], '1039': ['1039'], '1097': ['1097'], '1098': ['1098'], '1099': ['1099'], '1112': ['1112'], '1100': ['1100'], '1034': ['1034'], '1067': ['1067'], '1035': ['1035'], '1111': ['1111'], '1030': ['1030'], '1046': ['1046'], '1069': ['1069'], '1064': ['1064'], '1065': ['1065'], '1047': ['1047'], '1070': ['1070'], '1031': ['1031'], '1042': ['1042'], '1083': ['1083'], '1085': ['1085'], '1086': ['1086'], '1089': ['1089'], '1043': ['1043'], '1121': ['1121'], '1122': ['1122'], '1123': ['1123'], '1124': ['1124'], '1036': ['1036'], '1092': ['1092'], '1150': ['1150'], '1093': ['1093', '1094', '1144', '1149', '1037'], '1151': ['1151'], '1044': ['1044'], '1087': ['1087'], '1088': ['1088'], '1090': ['1090'], '1142': ['1142'], '1141': ['1141'], '1091': ['1091'], '1143': ['1143'], '1045': ['1045'], '1115': ['1115'], '1062': ['1062'], '1077': ['1077'], '1117': ['1117'], '1152': ['1152'], '1075': ['1075'], '1076': ['1076'], '1118': ['1118'], '1073': ['1073'], '1078': ['1078'], '1074': ['1074'], '1116': ['1116'], '1135': ['1135'], '1137': ['1137'], '1140': ['1140'], '1139': ['1139'], '1119': ['1119'], '1120': ['1120'], '1132': ['1132'], '1130': ['1130'], '1134': ['1134'], '1133': ['1133']})"
121,"defaultdict(<class 'list'>, {'1040': ['1040'], '1080': ['1080'], '1079': ['1079'], '1081': ['1081'], '1095': ['1095'], '1082': ['1082'], '1084': ['1084', '1042', '1085', '1086', '1087'], '1096': ['1096'], '1136': ['1136'], '1138': ['1138'], '1041': ['1041'], '1126': ['1126'], '1125': ['1125'], '1127': ['1127'], '1128': ['1128'], '1129': ['1129'], '1131': ['1131'], '1032': ['1032'], '1052': ['1052'], '1063': ['1063'], '1160': ['1160'], '1051': ['1051'], '1055': ['1055'], '1057': ['1057'], '1060': ['1060'], '1071': ['1071'], '1147': ['1147'], '1148': ['1148'], '1158': ['1158'], '1161': ['1161'], '1053': ['1053'], '1066': ['1066'], '1056': ['1056'], '1061': ['1061'], '1072': ['1072'], '1157': ['1157'], '1159': ['1159'], '1162': ['1162'], '1033': ['1033'], '1101': ['1101', '1102', '1098', '1099', '1100'], '1109': ['1109'], '1153': ['1153'], '1103': ['1103'], '1105': ['1105'], '1106': ['1106'], '1113': ['1113'], '1154': ['1154'], '1155': ['1155'], '1108': ['1108'], '1110': ['1110'], '1104': ['1104'], '1107': ['1107'], '1114': ['1114'], '1156': ['1156'], '1038': ['1038'], '1048': ['1048'], '1049': ['1049'], '1050': ['1050'], '1054': ['1054'], '1068': ['1068'], '1039': ['1039'], '1097': ['1097'], '1112': ['1112'], '1034': ['1034'], '1067': ['1067'], '1035': ['1035'], '1111': ['1111'], '1030': ['1030'], '1046': ['1046'], '1069': ['1069'], '1058': ['1058'], '1059': ['1059'], '1064': ['1064'], '1065': ['1065'], '1047': ['1047'], '1070': ['1070'], '1031': ['1031'], '1083': ['1083'], '1089': ['1089'], '1043': ['1043'], '1121': ['1121'], '1122': ['1122'], '1123': ['1123'], '1124': ['1124'], '1036': ['1036'], '1092': ['1092'], '1150': ['1150'], '1093': ['1093'], '1094': ['1094'], '1145': ['1145'], '1151': ['1151'], '1144': ['1144'], '1149': ['1149'], '1037': ['1037'], '1044': ['1044'], '1088': ['1088'], '1090': ['1090'], '1142': ['1142'], '1141': ['1141'], '1091': ['1091'], '1143': ['1143'], '1045': ['1045'], '1115': ['1115'], '1062': ['1062'], '1077': ['1077'], '1117': ['1117', '1118', '1116', '1119', '1120'], '1146': ['1146'], '1152': ['1152'], '1075': ['1075'], '1076': ['1076'], '1073': ['1073'], '1078': ['1078'], '1074': ['1074'], '1135': ['1135'], '1137': ['1137'], '1140': ['1140'], '1139': ['1139'], '1132': ['1132'], '1130': ['1130'], '1134': ['1134'], '1133': ['1133']})"
121,"defaultdict(<class 'list'>, {'1040': ['1040'], '1080': ['1080'], '1079': ['1079'], '1081': ['1081'], '1095': ['1095'], '1082': ['1082'], '1084': ['1084'], '1096': ['1096'], '1136': ['1136'], '1138': ['1138'], '1041': ['1041'], '1126': ['1126'], '1125': ['1125'], '1127': ['1127'], '1128': ['1128'], '1129': ['1129'], '1131': ['1131'], '1032': ['1032'], '1052': ['1052'], '1063': ['1063'], '1160': ['1160'], '1051': ['1051'], '1055': ['1055'], '1057': ['1057'], '1060': ['1060'], '1071': ['1071'], '1147': ['1147'], '1148': ['1148'], '1158': ['1158'], '1161': ['1161'], '1053': ['1053'], '1066': ['1066'], '1056': ['1056'], '1061': ['1061'], '1072': ['1072'], '1157': ['1157'], '1159': ['1159'], '1162': ['1162'], '1033': ['1033'], '1101': ['1101'], '1109': ['1109'], '1153': ['1153'], '1102': ['1102'], '1103': ['1103'], '1105': ['1105'], '1106': ['1106'], '1113': ['1113'], '1154': ['1154'], '1155': ['1155'], '1108': ['1108'], '1110': ['1110'], '1104': ['1104'], '1107': ['1107'], '1114': ['1114'], '1156': ['1156'], '1038': ['1038'], '1048': ['1048'], '1049': ['1049'], '1050': ['1050'], '1054': ['1054'], '1068': ['1068'], '1039': ['1039'], '1097': ['1097'], '1098': ['1098'], '1099': ['1099'], '1112': ['1112'], '1100': ['1100'], '1034': ['1034'], '1067': ['1067'], '1035': ['1035'], '1111': ['1111'], '1030': ['1030', '1046', '1069', '1047', '1070'], '1058': ['1058'], '1059': ['1059'], '1064': ['1064'], '1065': ['1065'], '1031': ['1031'], '1042': ['1042'], '1083': ['1083'], '1085': ['1085'], '1086': ['1086', '1089', '1087', '1090', '1091'], '1043': ['1043'], '1121': ['1121'], '1122': ['1122'], '1123': ['1123'], '1124': ['1124'], '1036': ['1036'], '1092': ['1092'], '1150': ['1150'], '1093': ['1093', '1094', '1151', '1149', '1037'], '1145': ['1145'], '1144': ['1144'], '1044': ['1044'], '1088': ['1088'], '1142': ['1142'], '1141': ['1141'], '1143': ['1143'], '1045': ['1045'], '1115': ['1115'], '1062': ['1062'], '1077': ['1077'], '1117': ['1117'], '1146': ['1146'], '1152': ['1152'], '1075': ['1075'], '1076': ['1076'], '1118': ['1118'], '1073': ['1073'], '1078': ['1078'], '1074': ['1074'], '1116': ['1116'], '1135': ['1135'], '1137': ['1137'], '1140': ['1140'], '1139': ['1139'], '1119': ['1119'], '1120': ['1120'], '1132': ['1132'], '1130': ['1130'], '1134': ['1134'], '1133': ['1133']})"
121,"defaultdict(<class 'list'>, {'1040': ['1040'], '1080': ['1080'], '1079': ['1079'], '1081': ['1081'], '1095': ['1095'], '1082': ['1082'], '1084': ['1084'], '1096': ['1096'], '1136': ['1136'], '1138': ['1138'], '1041': ['1041'], '1126': ['1126'], '1125': ['1125'], '1127': ['1127'], '1128': ['1128', '1131', '1132', '1130', '1133'], '1129': ['1129'], '1032': ['1032'], '1052': ['1052'], '1063': ['1063'], '1160': ['1160'], '1051': ['1051'], '1055': ['1055'], '1057': ['1057'], '1060': ['1060'], '1071': ['1071'], '1147': ['1147'], '1148': ['1148', '1158', '1157', '1159', '1156'], '1161': ['1161'], '1053': ['1053'], '1066': ['1066'], '1056': ['1056'], '1061': ['1061'], '1072': ['1072'], '1162': ['1162'], '1033': ['1033'], '1101': ['1101'], '1109': ['1109'], '1153': ['1153'], '1102': ['1102'], '1103': ['1103'], '1105': ['1105', '1106', '1107', '1058', '1059'], '1113': ['1113'], '1154': ['1154'], '1155': ['1155'], '1108': ['1108'], '1110': ['1110'], '1104': ['1104'], '1114': ['1114'], '1038': ['1038'], '1048': ['1048'], '1049': ['1049'], '1050': ['1050'], '1054': ['1054'], '1068': ['1068'], '1039': ['1039'], '1097': ['1097'], '1098': ['1098'], '1099': ['1099'], '1112': ['1112'], '1100': ['1100'], '1034': ['1034'], '1067': ['1067'], '1035': ['1035'], '1111': ['1111'], '1030': ['1030'], '1046': ['1046'], '1069': ['1069'], '1064': ['1064'], '1065': ['1065'], '1047': ['1047'], '1070': ['1070'], '1031': ['1031'], '1042': ['1042'], '1083': ['1083'], '1085': ['1085'], '1086': ['1086'], '1089': ['1089'], '1043': ['1043'], '1121': ['1121'], '1122': ['1122'], '1123': ['1123'], '1124': ['1124'], '1036': ['1036'], '1092': ['1092'], '1150': ['1150'], '1093': ['1093'], '1094': ['1094'], '1145': ['1145'], '1151': ['1151'], '1144': ['1144'], '1149': ['1149'], '1037': ['1037'], '1044': ['1044'], '1087': ['1087'], '1088': ['1088'], '1090': ['1090'], '1142': ['1142'], '1141': ['1141'], '1091': ['1091'], '1143': ['1143'], '1045': ['1045'], '1115': ['1115'], '1062': ['1062'], '1077': ['1077'], '1117': ['1117'], '1146': ['1146'], '1152': ['1152'], '1075': ['1075'], '1076': ['1076'], '1118': ['1118'], '1073': ['1073'], '1078': ['1078'], '1074': ['1074'], '1116': ['1116'], '1135': ['1135'], '1137': ['1137'], '1140': ['1140'], '1139': ['1139'], '1119': ['1119'], '1120': ['1120'], '1134': ['1134']})"
123,"defaultdict(<class 'list'>, {'1040': ['1040'], '1080': ['1080'], '1079': ['1079'], '1081': ['1081'], '1095': ['1095'], '1082': ['1082'], '1084': ['1084'], '1096': ['1096'], '1136': ['1136'], '1138': ['1138'], '1041': ['1041'], '1126': ['1126'], '1125': ['1125'], '1127': ['1127'], '1128': ['1128'], '1129': ['1129'], '1131': ['1131'], '1032': ['1032'], '1052': ['1052'], '1063': ['1063'], '1160': ['1160'], '1051': ['1051'], '1055': ['1055'], '1057': ['1057'], '1060': ['1060'], '1071': ['1071'], '1147': ['1147'], '1148': ['1148'], '1158': ['1158'], '1161': ['1161'], '1053': ['1053'], '1066': ['1066'], '1056': ['1056'], '1061': ['1061'], '1072': ['1072'], '1157': ['1157'], '1159': ['1159'], '1162': ['1162'], '1033': ['1033', '1101', '1109', '1153', '1100'], '1102': ['1102'], '1103': ['1103'], '1105': ['1105'], '1106': ['1106'], '1113': ['1113'], '1154': ['1154', '1151', '1152'], '1155': ['1155'], '1108': ['1108'], '1110': ['1110'], '1104': ['1104'], '1107': ['1107'], '1114': ['1114'], '1156': ['1156'], '1038': ['1038'], '1048': ['1048'], '1049': ['1049'], '1050': ['1050'], '1054': ['1054'], '1068': ['1068'], '1039': ['1039'], '1097': ['1097'], '1098': ['1098'], '1099': ['1099'], '1112': ['1112'], '1034': ['1034'], '1067': ['1067'], '1035': ['1035'], '1111': ['1111'], '1030': ['1030'], '1046': ['1046'], '1069': ['1069'], '1058': ['1058'], '1059': ['1059'], '1064': ['1064'], '1065': ['1065'], '1047': ['1047'], '1070': ['1070'], '1031': ['1031'], '1042': ['1042'], '1083': ['1083'], '1085': ['1085'], '1086': ['1086', '1089', '1044', '1087', '1090'], '1043': ['1043'], '1121': ['1121'], '1122': ['1122'], '1123': ['1123'], '1124': ['1124'], '1036': ['1036'], '1092': ['1092'], '1150': ['1150'], '1093': ['1093'], '1094': ['1094'], '1145': ['1145'], '1144': ['1144'], '1149': ['1149'], '1037': ['1037'], '1088': ['1088'], '1142': ['1142'], '1141': ['1141'], '1091': ['1091'], '1143': ['1143'], '1045': ['1045'], '1115': ['1115'], '1062': ['1062'], '1077': ['1077'], '1117': ['1117'], '1146': ['1146'], '1075': ['1075'], '1076': ['1076'], '1118': ['1118'], '1073': ['1073'], '1078': ['1078'], '1074': ['1074'], '1116': ['1116'], '1135': ['1135'], '1137': ['1137'], '1140': ['1140'], '1139': ['1139'], '1119': ['1119'], '1120': ['1120'], '1132': ['1132'], '1130': ['1130'], '1134': ['1134'], '1133': ['1133']})"
125,"defaultdict(<class 'list'>, {'1040': ['1040'], '1080': ['1080', '1079', '1077', '1076', '1078'], '1081': ['1081'], '1095': ['1095'], '1082': ['1082'], '1084': ['1084'], '1096': ['1096'], '1136': ['1136'], '1138': ['1138'], '1041': ['1041'], '1126': ['1126'], '1125': ['1125'], '1127': ['1127'], '1128': ['1128'], '1129': ['1129'], '1131': ['1131'], '1032': ['1032'], '1052': ['1052'], '1063': ['1063'], '1160': ['1160'], '1051': ['1051'], '1055': ['1055'], '1057': ['1057'], '1060': ['1060'], '1071': ['1071'], '1147': ['1147'], '1148': ['1148'], '1158': ['1158'], '1161': ['1161'], '1053': ['1053'], '1066': ['1066'], '1056': ['1056'], '1061': ['1061'], '1072': ['1072'], '1157': ['1157'], '1159': ['1159'], '1162': ['1162'], '1033': ['1033'], '1101': ['1101'], '1109': ['1109'], '1153': ['1153'], '1102': ['1102'], '1103': ['1103'], '1105': ['1105'], '1106': ['1106'], '1113': ['1113'], '1154': ['1154'], '1155': ['1155'], '1108': ['1108'], '1110': ['1110'], '1104': ['1104'], '1107': ['1107'], '1114': ['1114'], '1156': ['1156'], '1038': ['1038'], '1048': ['1048'], '1049': ['1049'], '1050': ['1050'], '1054': ['1054'], '1068': ['1068'], '1039': ['1039'], '1097': ['1097'], '1098': ['1098'], '1099': ['1099'], '1112': ['1112'], '1100': ['1100'], '1034': ['1034'], '1067': ['1067'], '1035': ['1035'], '1111': ['1111'], '1030': ['1030'], '1046': ['1046'], '1069': ['1069'], '1058': ['1058'], '1059': ['1059'], '1064': ['1064'], '1065': ['1065'], '1047': ['1047'], '1070': ['1070'], '1031': ['1031'], '1042': ['1042'], '1083': ['1083'], '1085': ['1085'], '1086': ['1086'], '1089': ['1089'], '1043': ['1043'], '1121': ['1121'], '1122': ['1122'], '1123': ['1123'], '1124': ['1124'], '1036': ['1036'], '1092': ['1092'], '1150': ['1150'], '1093': ['1093'], '1094': ['1094'], '1145': ['1145'], '1151': ['1151'], '1144': ['1144'], '1149': ['1149'], '1037': ['1037'], '1044': ['1044'], '1087': ['1087'], '1088': ['1088', '1142', '1141', '1143', '1140'], '1090': ['1090'], '1091': ['1091'], '1045': ['1045'], '1115': ['1115'], '1062': ['1062'], '1117': ['1117'], '1146': ['1146'], '1152': ['1152'], '1075': ['1075'], '1118': ['1118'], '1073': ['1073'], '1074': ['1074'], '1116': ['1116'], '1135': ['1135'], '1137': ['1137'], '1139': ['1139'], '1119': ['1119'], '1120': ['1120'], '1132': ['1132'], '1130': ['1130'], '1134': ['1134'], '1133': ['1133']})"
125,"defaultdict(<class 'list'>, {'1040': ['1040'], '1080': ['1080'], '1079': ['1079'], '1081': ['1081'], '1095': ['1095'], '1082': ['1082'], '1084': ['1084', '1042', '1085', '1086', '1087'], '1096': ['1096'], '1136': ['1136'], '1138': ['1138'], '1041': ['1041'], '1126': ['1126'], '1125': ['1125'], '1127': ['1127'], '1128': ['1128'], '1129': ['1129'], '1131': ['1131'], '1032': ['1032'], '1052': ['1052'], '1063': ['1063'], '1160': ['1160'], '1051': ['1051'], '1055': ['1055'], '1057': ['1057'], '1060': ['1060'], '1071': ['1071'], '1147': ['1147'], '1148': ['1148'], '1158': ['1158'], '1161': ['1161'], '1053': ['1053'], '1066': ['1066'], '1056': ['1056'], '1061': ['1061'], '1072': ['1072'], '1157': ['1157'], '1159': ['1159'], '1162': ['1162'], '1033': ['1033'], '1101': ['1101'], '1109': ['1109'], '1153': ['1153'], '1102': ['1102'], '1103': ['1103'], '1105': ['1105'], '1106': ['1106'], '1113': ['1113'], '1154': ['1154'], '1155': ['1155'], '1108': ['1108'], '1110': ['1110'], '1104': ['1104'], '1107': ['1107'], '1114': ['1114'], '1156': ['1156'], '1038': ['1038'], '1048': ['1048'], '1049': ['1049'], '1050': ['1050'], '1054': ['1054'], '1068': ['1068'], '1039': ['1039'], '1097': ['1097'], '1098': ['1098'], '1099': ['1099'], '1112': ['1112'], '1100': ['1100'], '1034': ['1034'], '1067': ['1067'], '1035': ['1035'], '1111': ['1111'], '1030': ['1030'], '1046': ['1046'], '1069': ['1069', '1064', '1065', '1070', '1031'], '1058': ['1058'], '1059': ['1059'], '1047': ['1047'], '1083': ['1083'], '1089': ['1089'], '1043': ['1043'], '1121': ['1121'], '1122': ['1122'], '1123': ['1123'], '1124': ['1124'], '1036': ['1036'], '1092': ['1092'], '1150': ['1150'], '1093': ['1093'], '1094': ['1094'], '1145': ['1145'], '1151': ['1151'], '1144': ['1144'], '1149': ['1149'], '1037': ['1037'], '1044': ['1044'], '1088': ['1088'], '1090': ['1090'], '1142': ['1142'], '1141': ['1141'], '1091': ['1091'], '1143': ['1143'], '1045': ['1045'], '1115': ['1115'], '1062': ['1062'], '1077': ['1077'], '1117': ['1117'], '1146': ['1146'], '1152': ['1152'], '1075': ['1075'], '1076': ['1076'], '1118': ['1118'], '1073': ['1073'], '1078': ['1078'], '1074': ['1074'], '1116': ['1116'], '1135': ['1135'], '1137': ['1137'], '1140': ['1140'], '1139': ['1139'], '1119': ['1119'], '1120': ['1120'], '1132': ['1132'], '1130': ['1130'], '1134': ['1134'], '1133': ['1133']})"
125,"defaultdict(<class 'list'>, {'1040': ['1040'], '1080': ['1080'], '1079': ['1079'], '1081': ['1081'], '1095': ['1095'], '1082': ['1082'], '1084': ['1084'], '1096': ['1096'], '1136': ['1136'], '1138': ['1138'], '1041': ['1041'], '1126': ['1126'], '1125': ['1125'], '1127': ['1127'], '1128': ['1128'], '1129': ['1129'], '1131': ['1131'], '1032': ['1032'], '1052': ['1052'], '1063': ['1063'], '1160': ['1160'], '1051': ['1051'], '1055': ['1055'], '1057': ['1057'], '1060': ['1060'], '1071': ['1071'], '1147': ['1147'], '1148': ['1148'], '1158': ['1158'], '1161': ['1161'], '1053': ['1053'], '1066': ['1066'], '1056': ['1056'], '1061': ['1061'], '1072': ['1072'], '1157': ['1157'], '1159': ['1159'], '1162': ['1162'], '1033': ['1033'], '1101': ['1101'], '1109': ['1109'], '1153': ['1153'], '1102': ['1102'], '1103': ['1103'], '1105': ['1105'], '1106': ['1106'], '1113': ['1113'], '1154': ['1154'], '1155': ['1155'], '1108': ['1108'], '1110': ['1110'], '1104': ['1104'], '1107': ['1107'], '1114': ['1114'], '1156': ['1156'], '1038': ['1038'], '1048': ['1048'], '1049': ['1049'], '1050': ['1050'], '1054': ['1054'], '1068': ['1068'], '1039': ['1039', '1097', '1112', '1035', '1111'], '1098': ['1098'], '1099': ['1099'], '1100': ['1100'], '1034': ['1034'], '1067': ['1067'], '1030': ['1030'], '1046': ['1046'], '1069': ['1069'], '1058': ['1058'], '1059': ['1059'], '1064': ['1064'], '1065': ['1065'], '1047': ['1047'], '1070': ['1070'], '1031': ['1031'], '1042': ['1042'], '1083': ['1083'], '1085': ['1085'], '1086': ['1086'], '1089': ['1089'], '1043': ['1043'], '1121': ['1121'], '1122': ['1122'], '1123': ['1123'], '1124': ['1124'], '1036': ['1036'], '1092': ['1092'], '1150': ['1150'], '1093': ['1093', '1094', '1151', '1149', '1037'], '1145': ['1145'], '1144': ['1144'], '1044': ['1044'], '1087': ['1087'], '1088': ['1088'], '1090': ['1090'], '1142': ['1142'], '1141': ['1141'], '1091': ['1091'], '1143': ['1143'], '1045': ['1045'], '1115': ['1115'], '1062': ['1062'], '1077': ['1077'], '1117': ['1117'], '1146': ['1146'], '1152': ['1152'], '1075': ['1075'], '1076': ['1076'], '1118': ['1118'], '1073': ['1073'], '1078': ['1078'], '1074': ['1074'], '1116': ['1116'], '1135': ['1135'], '1137': ['1137'], '1140': ['1140'], '1139': ['1139'], '1119': ['1119'], '1120': ['1120'], '1132': ['1132'], '1130': ['1130'], '1134': ['1134'], '1133': ['1133']})"
125,"defaultdict(<class 'list'>, {'1040': ['1040'], '1080': ['1080'], '1079': ['1079'], '1081': ['1081'], '1095': ['1095'], '1082': ['1082', '1084', '1042', '1083', '1085'], '1096': ['1096', '1138', '1135', '1137', '1139'], '1136': ['1136'], '1041': ['1041'], '1126': ['1126'], '1125': ['1125'], '1127': ['1127'], '1128': ['1128'], '1129': ['1129'], '1131': ['1131'], '1032': ['1032'], '1052': ['1052'], '1063': ['1063'], '1160': ['1160'], '1051': ['1051'], '1055': ['1055'], '1057': ['1057'], '1060': ['1060'], '1071': ['1071'], '1147': ['1147'], '1148': ['1148'], '1158': ['1158'], '1161': ['1161'], '1053': ['1053'], '1066': ['1066'], '1056': ['1056'], '1061': ['1061'], '1072': ['1072'], '1157': ['1157'], '1159': ['1159'], '1162': ['1162'], '1033': ['1033'], '1101': ['1101'], '1109': ['1109'], '1153': ['1153'], '1102': ['1102'], '1103': ['1103'], '1105': ['1105'], '1106': ['1106'], '1113': ['1113'], '1154': ['1154'], '1155': ['1155'], '1108': ['1108'], '1110': ['1110'], '1104': ['1104'], '1107': ['1107'], '1114': ['1114'], '1156': ['1156'], '1038': ['1038'], '1048': ['1048'], '1049': ['1049'], '1050': ['1050'], '1054': ['1054'], '1068': ['1068'], '1039': ['1039'], '1097': ['1097'], '1098': ['1098'], '1099': ['1099'], '1112': ['1112'], '1100': ['1100'], '1034': ['1034'], '1067': ['1067'], '1035': ['1035'], '1111': ['1111'], '1030': ['1030'], '1046': ['1046'], '1069': ['1069'], '1058': ['1058'], '1059': ['1059'], '1064': ['1064'], '1065': ['1065'], '1047': ['1047'], '1070': ['1070'], '1031': ['1031'], '1086': ['1086'], '1089': ['1089'], '1043': ['1043'], '1121': ['1121'], '1122': ['1122'], '1123': ['1123'], '1124': ['1124'], '1036': ['1036'], '1092': ['1092'], '1150': ['1150'], '1093': ['1093'], '1094': ['1094'], '1145': ['1145'], '1151': ['1151'], '1144': ['1144'], '1149': ['1149'], '1037': ['1037'], '1044': ['1044'], '1087': ['1087'], '1088': ['1088'], '1090': ['1090'], '1142': ['1142'], '1141': ['1141'], '1091': ['1091'], '1143': ['1143'], '1045': ['1045'], '1115': ['1115'], '1062': ['1062'], '1077': ['1077'], '1117': ['1117'], '1146': ['1146'], '1152': ['1152'], '1075': ['1075'], '1076': ['1076'], '1118': ['1118'], '1073': ['1073'], '1078': ['1078'], '1074': ['1074'], '1116': ['1116'], '1140': ['1140'], '1119': ['1119'], '1120': ['1120'], '1132': ['1132'], '1130': ['1130'], '1134': ['1134'], '1133': ['1133']})"
125,"defaultdict(<class 'list'>, {'1040': ['1040'], '1080': ['1080'], '1079': ['1079'], '1081': ['1081'], '1095': ['1095'], '1082': ['1082'], '1084': ['1084'], '1096': ['1096'], '1136': ['1136'], '1138': ['1138'], '1041': ['1041'], '1126': ['1126'], '1125': ['1125'], '1127': ['1127'], '1128': ['1128'], '1129': ['1129'], '1131': ['1131'], '1032': ['1032'], '1052': ['1052'], '1063': ['1063'], '1160': ['1160'], '1051': ['1051'], '1055': ['1055'], '1057': ['1057'], '1060': ['1060'], '1071': ['1071'], '1147': ['1147'], '1148': ['1148'], '1158': ['1158'], '1161': ['1161'], '1053': ['1053'], '1066': ['1066'], '1056': ['1056'], '1061': ['1061', '1062', '1075', '1073', '1074'], '1072': ['1072'], '1157': ['1157'], '1159': ['1159'], '1162': ['1162'], '1033': ['1033'], '1101': ['1101'], '1109': ['1109'], '1153': ['1153'], '1102': ['1102'], '1103': ['1103'], '1105': ['1105'], '1106': ['1106'], '1113': ['1113'], '1154': ['1154'], '1155': ['1155'], '1108': ['1108'], '1110': ['1110'], '1104': ['1104'], '1107': ['1107'], '1114': ['1114'], '1156': ['1156'], '1038': ['1038'], '1048': ['1048'], '1049': ['1049'], '1050': ['1050'], '1054': ['1054'], '1068': ['1068'], '1039': ['1039'], '1097': ['1097'], '1098': ['1098'], '1099': ['1099'], '1112': ['1112'], '1100': ['1100'], '1034': ['1034'], '1067': ['1067'], '1035': ['1035'], '1111': ['1111'], '1030': ['1030'], '1046': ['1046'], '1069': ['1069'], '1058': ['1058'], '1059': ['1059'], '1064': ['1064'], '1065': ['1065'], '1047': ['1047'], '1070': ['1070'], '1031': ['1031'], '1042': ['1042'], '1083': ['1083'], '1085': ['1085'], '1086': ['1086', '1089', '1044', '1087', '1090'], '1043': ['1043'], '1121': ['1121'], '1122': ['1122'], '1123': ['1123'], '1124': ['1124'], '1036': ['1036'], '1092': ['1092'], '1150': ['1150'], '1093': ['1093'], '1094': ['1094'], '1145': ['1145'], '1151': ['1151'], '1144': ['1144'], '1149': ['1149'], '1037': ['1037'], '1088': ['1088'], '1142': ['1142'], '1141': ['1141'], '1091': ['1091'], '1143': ['1143'], '1045': ['1045'], '1115': ['1115'], '1077': ['1077'], '1117': ['1117'], '1146': ['1146'], '1152': ['1152'], '1076': ['1076'], '1118': ['1118'], '1078': ['1078'], '1116': ['1116'], '1135': ['1135'], '1137': ['1137'], '1140': ['1140'], '1139': ['1139'], '1119': ['1119'], '1120': ['1120'], '1132': ['1132'], '1130': ['1130'], '1134': ['1134'], '1133': ['1133']})"
125,"defaultdict(<class 'list'>, {'1040': ['1040'], '1080': ['1080'], '1079': ['1079'], '1081': ['1081'], '1095': ['1095'], '1082': ['1082'], '1084': ['1084'], '1096': ['1096'], '1136': ['1136'], '1138': ['1138'], '1041': ['1041'], '1126': ['1126'], '1125': ['1125'], '1127': ['1127'], '1128': ['1128'], '1129': ['1129'], '1131': ['1131'], '1032': ['1032'], '1052': ['1052'], '1063': ['1063'], '1160': ['1160'], '1051': ['1051'], '1055': ['1055'], '1057': ['1057'], '1060': ['1060'], '1071': ['1071'], '1147': ['1147'], '1148': ['1148'], '1158': ['1158'], '1161': ['1161'], '1053': ['1053'], '1066': ['1066'], '1056': ['1056'], '1061': ['1061'], '1072': ['1072'], '1157': ['1157'], '1159': ['1159'], '1162': ['1162'], '1033': ['1033'], '1101': ['1101'], '1109': ['1109'], '1153': ['1153'], '1102': ['1102'], '1103': ['1103'], '1105': ['1105'], '1106': ['1106'], '1113': ['1113'], '1154': ['1154'], '1155': ['1155'], '1108': ['1108'], '1110': ['1110'], '1104': ['1104'], '1107': ['1107'], '1114': ['1114'], '1156': ['1156'], '1038': ['1038'], '1048': ['1048'], '1049': ['1049'], '1050': ['1050'], '1054': ['1054'], '1068': ['1068'], '1039': ['1039'], '1097': ['1097'], '1098': ['1098'], '1099': ['1099'], '1112': ['1112'], '1100': ['1100'], '1034': ['1034'], '1067': ['1067'], '1035': ['1035'], '1111': ['1111'], '1030': ['1030', '1046', '1069', '1047', '1070'], '1058': ['1058'], '1059': ['1059'], '1064': ['1064'], '1065': ['1065'], '1031': ['1031'], '1042': ['1042'], '1083': ['1083'], '1085': ['1085'], '1086': ['1086', '1089', '1087', '1090', '1091'], '1043': ['1043'], '1121': ['1121'], '1122': ['1122'], '1123': ['1123'], '1124': ['1124'], '1036': ['1036'], '1092': ['1092'], '1150': ['1150'], '1093': ['1093'], '1094': ['1094'], '1145': ['1145'], '1151': ['1151'], '1144': ['1144'], '1149': ['1149'], '1037': ['1037'], '1044': ['1044'], '1088': ['1088'], '1142': ['1142'], '1141': ['1141'], '1143': ['1143'], '1045': ['1045'], '1115': ['1115'], '1062': ['1062'], '1077': ['1077'], '1117': ['1117'], '1146': ['1146'], '1152': ['1152'], '1075': ['1075'], '1076': ['1076'], '1118': ['1118'], '1073': ['1073'], '1078': ['1078'], '1074': ['1074'], '1116': ['1116'], '1135': ['1135'], '1137': ['1137'], '1140': ['1140'], '1139': ['1139'], '1119': ['1119'], '1120': ['1120'], '1132': ['1132'], '1130': ['1130'], '1134': ['1134'], '1133': ['1133']})"
125,"defaultdict(<class 'list'>, {'1040': ['1040'], '1080': ['1080'], '1079': ['1079'], '1081': ['1081'], '1095': ['1095'], '1082': ['1082'], '1084': ['1084'], '1096': ['1096'], '1136': ['1136'], '1138': ['1138'], '1041': ['1041'], '1126': ['1126'], '1125': ['1125'], '1127': ['1127'], '1128': ['1128'], '1129': ['1129'], '1131': ['1131'], '1032': ['1032', '1160', '1161', '1162', '1146'], '1052': ['1052'], '1063': ['1063'], '1051': ['1051'], '1055': ['1055'], '1057': ['1057'], '1060': ['1060'], '1071': ['1071'], '1147': ['1147'], '1148': ['1148', '1158', '1157', '1159', '1156'], '1053': ['1053'], '1066': ['1066'], '1056': ['1056'], '1061': ['1061'], '1072': ['1072'], '1033': ['1033'], '1101': ['1101'], '1109': ['1109'], '1153': ['1153'], '1102': ['1102'], '1103': ['1103'], '1105': ['1105'], '1106': ['1106'], '1113': ['1113'], '1154': ['1154'], '1155': ['1155'], '1108': ['1108'], '1110': ['1110'], '1104': ['1104'], '1107': ['1107'], '1114': ['1114'], '1038': ['1038'], '1048': ['1048'], '1049': ['1049'], '1050': ['1050'], '1054': ['1054'], '1068': ['1068'], '1039': ['1039'], '1097': ['1097'], '1098': ['1098'], '1099': ['1099'], '1112': ['1112'], '1100': ['1100'], '1034': ['1034'], '1067': ['1067'], '1035': ['1035'], '1111': ['1111'], '1030': ['1030'], '1046': ['1046'], '1069': ['1069'], '1058': ['1058'], '1059': ['1059'], '1064': ['1064'], '1065': ['1065'], '1047': ['1047'], '1070': ['1070'], '1031': ['1031'], '1042': ['1042'], '1083': ['1083'], '1085': ['1085'], '1086': ['1086'], '1089': ['1089'], '1043': ['1043'], '1121': ['1121'], '1122': ['1122'], '1123': ['1123'], '1124': ['1124'], '1036': ['1036'], '1092': ['1092'], '1150': ['1150'], '1093': ['1093'], '1094': ['1094'], '1145': ['1145'], '1151': ['1151'], '1144': ['1144'], '1149': ['1149'], '1037': ['1037'], '1044': ['1044'], '1087': ['1087'], '1088': ['1088'], '1090': ['1090'], '1142': ['1142'], '1141': ['1141'], '1091': ['1091'], '1143': ['1143'], '1045': ['1045'], '1115': ['1115'], '1062': ['1062'], '1077': ['1077'], '1117': ['1117'], '1152': ['1152'], '1075': ['1075'], '1076': ['1076'], '1118': ['1118'], '1073': ['1073'], '1078': ['1078'], '1074': ['1074'], '1116': ['1116'], '1135': ['1135'], '1137': ['1137'], '1140': ['1140'], '1139': ['1139'], '1119': ['1119'], '1120': ['1120'], '1132': ['1132'], '1130': ['1130'], '1134': ['1134'], '1133': ['1133']})"
125,"defaultdict(<class 'list'>, {'1040': ['1040'], '1080': ['1080'], '1079': ['1079'], '1081': ['1081'], '1095': ['1095'], '1082': ['1082'], '1084': ['1084'], '1096': ['1096'], '1136': ['1136'], '1138': ['1138'], '1041': ['1041'], '1126': ['1126'], '1125': ['1125'], '1127': ['1127'], '1128': ['1128'], '1129': ['1129'], '1131': ['1131'], '1032': ['1032', '1160', '1161', '1162', '1146'], '1052': ['1052'], '1063': ['1063'], '1051': ['1051'], '1055': ['1055'], '1057': ['1057'], '1060': ['1060'], '1071': ['1071'], '1147': ['1147'], '1148': ['1148'], '1158': ['1158'], '1053': ['1053'], '1066': ['1066'], '1056': ['1056'], '1061': ['1061'], '1072': ['1072'], '1157': ['1157'], '1159': ['1159'], '1033': ['1033'], '1101': ['1101'], '1109': ['1109'], '1153': ['1153'], '1102': ['1102'], '1103': ['1103'], '1105': ['1105'], '1106': ['1106'], '1113': ['1113'], '1154': ['1154'], '1155': ['1155'], '1108': ['1108'], '1110': ['1110'], '1104': ['1104'], '1107': ['1107'], '1114': ['1114'], '1156': ['1156'], '1038': ['1038'], '1048': ['1048'], '1049': ['1049'], '1050': ['1050'], '1054': ['1054'], '1068': ['1068'], '1039': ['1039'], '1097': ['1097'], '1098': ['1098'], '1099': ['1099'], '1112': ['1112'], '1100': ['1100'], '1034': ['1034'], '1067': ['1067'], '1035': ['1035'], '1111': ['1111'], '1030': ['1030'], '1046': ['1046'], '1069': ['1069'], '1058': ['1058'], '1059': ['1059'], '1064': ['1064'], '1065': ['1065'], '1047': ['1047'], '1070': ['1070'], '1031': ['1031'], '1042': ['1042'], '1083': ['1083'], '1085': ['1085'], '1086': ['1086'], '1089': ['1089'], '1043': ['1043'], '1121': ['1121'], '1122': ['1122'], '1123': ['1123'], '1124': ['1124'], '1036': ['1036'], '1092': ['1092'], '1150': ['1150'], '1093': ['1093'], '1094': ['1094'], '1145': ['1145'], '1151': ['1151'], '1144': ['1144'], '1149': ['1149'], '1037': ['1037'], '1044': ['1044'], '1087': ['1087'], '1088': ['1088', '1142', '1141', '1143', '1139'], '1090': ['1090'], '1091': ['1091'], '1045': ['1045'], '1115': ['1115'], '1062': ['1062'], '1077': ['1077'], '1117': ['1117'], '1152': ['1152'], '1075': ['1075'], '1076': ['1076'], '1118': ['1118'], '1073': ['1073'], '1078': ['1078'], '1074': ['1074'], '1116': ['1116'], '1135': ['1135'], '1137': ['1137'], '1140': ['1140'], '1119': ['1119'], '1120': ['1120'], '1132': ['1132'], '1130': ['1130'], '1134': ['1134'], '1133': ['1133']})"
125,"defaultdict(<class 'list'>, {'1040': ['1040'], '1080': ['1080'], '1079': ['1079'], '1081': ['1081'], '1095': ['1095'], '1082': ['1082'], '1084': ['1084'], '1096': ['1096'], '1136': ['1136'], '1138': ['1138'], '1041': ['1041'], '1126': ['1126'], '1125': ['1125'], '1127': ['1127'], '1128': ['1128'], '1129': ['1129'], '1131': ['1131'], '1032': ['1032'], '1052': ['1052'], '1063': ['1063'], '1160': ['1160'], '1051': ['1051'], '1055': ['1055'], '1057': ['1057'], '1060': ['1060'], '1071': ['1071'], '1147': ['1147'], '1148': ['1148'], '1158': ['1158'], '1161': ['1161'], '1053': ['1053'], '1066': ['1066'], '1056': ['1056'], '1061': ['1061'], '1072': ['1072'], '1157': ['1157'], '1159': ['1159'], '1162': ['1162'], '1033': ['1033'], '1101': ['1101'], '1109': ['1109'], '1153': ['1153'], '1102': ['1102'], '1103': ['1103'], '1105': ['1105'], '1106': ['1106'], '1113': ['1113'], '1154': ['1154'], '1155': ['1155'], '1108': ['1108'], '1110': ['1110'], '1104': ['1104'], '1107': ['1107'], '1114': ['1114'], '1156': ['1156'], '1038': ['1038'], '1048': ['1048'], '1049': ['1049'], '1050': ['1050'], '1054': ['1054'], '1068': ['1068'], '1039': ['1039', '1097', '1098', '1099', '1035'], '1112': ['1112'], '1100': ['1100'], '1034': ['1034'], '1067': ['1067'], '1111': ['1111'], '1030': ['1030'], '1046': ['1046'], '1069': ['1069'], '1058': ['1058'], '1059': ['1059'], '1064': ['1064'], '1065': ['1065'], '1047': ['1047'], '1070': ['1070'], '1031': ['1031'], '1042': ['1042'], '1083': ['1083'], '1085': ['1085'], '1086': ['1086'], '1089': ['1089'], '1043': ['1043'], '1121': ['1121'], '1122': ['1122'], '1123': ['1123'], '1124': ['1124'], '1036': ['1036'], '1092': ['1092'], '1150': ['1150'], '1093': ['1093', '1094', '1151', '1149', '1037'], '1145': ['1145'], '1144': ['1144'], '1044': ['1044'], '1087': ['1087'], '1088': ['1088'], '1090': ['1090'], '1142': ['1142'], '1141': ['1141'], '1091': ['1091'], '1143': ['1143'], '1045': ['1045'], '1115': ['1115'], '1062': ['1062'], '1077': ['1077'], '1117': ['1117'], '1146': ['1146'], '1152': ['1152'], '1075': ['1075'], '1076': ['1076'], '1118': ['1118'], '1073': ['1073'], '1078': ['1078'], '1074': ['1074'], '1116': ['1116'], '1135': ['1135'], '1137': ['1137'], '1140': ['1140'], '1139': ['1139'], '1119': ['1119'], '1120': ['1120'], '1132': ['1132'], '1130': ['1130'], '1134': ['1134'], '1133': ['1133']})"
125,"defaultdict(<class 'list'>, {'1040': ['1040'], '1080': ['1080'], '1079': ['1079'], '1081': ['1081'], '1095': ['1095'], '1082': ['1082'], '1084': ['1084'], '1096': ['1096'], '1136': ['1136'], '1138': ['1138'], '1041': ['1041'], '1126': ['1126'], '1125': ['1125'], '1127': ['1127'], '1128': ['1128'], '1129': ['1129'], '1131': ['1131'], '1032': ['1032'], '1052': ['1052'], '1063': ['1063'], '1160': ['1160'], '1051': ['1051'], '1055': ['1055'], '1057': ['1057', '1060', '1061', '1058', '1059'], '1071': ['1071'], '1147': ['1147'], '1148': ['1148'], '1158': ['1158'], '1161': ['1161'], '1053': ['1053'], '1066': ['1066'], '1056': ['1056'], '1072': ['1072'], '1157': ['1157'], '1159': ['1159'], '1162': ['1162'], '1033': ['1033'], '1101': ['1101'], '1109': ['1109'], '1153': ['1153'], '1102': ['1102'], '1103': ['1103'], '1105': ['1105'], '1106': ['1106'], '1113': ['1113'], '1154': ['1154'], '1155': ['1155'], '1108': ['1108'], '1110': ['1110'], '1104': ['1104'], '1107': ['1107'], '1114': ['1114'], '1156': ['1156'], '1038': ['1038'], '1048': ['1048'], '1049': ['1049'], '1050': ['1050'], '1054': ['1054'], '1068': ['1068'], '1039': ['1039'], '1097': ['1097'], '1098': ['1098'], '1099': ['1099'], '1112': ['1112'], '1100': ['1100'], '1034': ['1034'], '1067': ['1067'], '1035': ['1035'], '1111': ['1111'], '1030': ['1030'], '1046': ['1046'], '1069': ['1069'], '1064': ['1064'], '1065': ['1065'], '1047': ['1047'], '1070': ['1070'], '1031': ['1031'], '1042': ['1042'], '1083': ['1083'], '1085': ['1085'], '1086': ['1086', '1089', '1044', '1087', '1090'], '1043': ['1043'], '1121': ['1121'], '1122': ['1122'], '1123': ['1123'], '1124': ['1124'], '1036': ['1036'], '1092': ['1092'], '1150': ['1150'], '1093': ['1093'], '1094': ['1094'], '1145': ['1145'], '1151': ['1151'], '1144': ['1144'], '1149': ['1149'], '1037': ['1037'], '1088': ['1088'], '1142': ['1142'], '1141': ['1141'], '1091': ['1091'], '1143': ['1143'], '1045': ['1045'], '1115': ['1115'], '1062': ['1062'], '1077': ['1077'], '1117': ['1117'], '1146': ['1146'], '1152': ['1152'], '1075': ['1075'], '1076': ['1076'], '1118': ['1118'], '1073': ['1073'], '1078': ['1078'], '1074': ['1074'], '1116': ['1116'], '1135': ['1135'], '1137': ['1137'], '1140': ['1140'], '1139': ['1139'], '1119': ['1119'], '1120': ['1120'], '1132': ['1132'], '1130': ['1130'], '1134': ['1134'], '1133': ['1133']})"
125,"defaultdict(<class 'list'>, {'1040': ['1040'], '1080': ['1080'], '1079': ['1079'], '1081': ['1081'], '1095': ['1095'], '1082': ['1082'], '1084': ['1084'], '1096': ['1096'], '1136': ['1136'], '1138': ['1138'], '1041': ['1041'], '1126': ['1126'], '1125': ['1125'], '1127': ['1127'], '1128': ['1128'], '1129': ['1129'], '1131': ['1131'], '1032': ['1032'], '1052': ['1052'], '1063': ['1063'], '1160': ['1160'], '1051': ['1051'], '1055': ['1055'], '1057': ['1057', '1060', '1061', '1058', '1059'], '1071': ['1071'], '1147': ['1147'], '1148': ['1148'], '1158': ['1158'], '1161': ['1161'], '1053': ['1053'], '1066': ['1066'], '1056': ['1056'], '1072': ['1072'], '1157': ['1157'], '1159': ['1159'], '1162': ['1162'], '1033': ['1033'], '1101': ['1101'], '1109': ['1109'], '1153': ['1153'], '1102': ['1102'], '1103': ['1103'], '1105': ['1105'], '1106': ['1106'], '1113': ['1113'], '1154': ['1154'], '1155': ['1155'], '1108': ['1108'], '1110': ['1110'], '1104': ['1104'], '1107': ['1107'], '1114': ['1114'], '1156': ['1156'], '1038': ['1038'], '1048': ['1048'], '1049': ['1049'], '1050': ['1050'], '1054': ['1054'], '1068': ['1068'], '1039': ['1039'], '1097': ['1097'], '1098': ['1098'], '1099': ['1099'], '1112': ['1112'], '1100': ['1100'], '1034': ['1034'], '1067': ['1067'], '1035': ['1035'], '1111': ['1111'], '1030': ['1030'], '1046': ['1046'], '1069': ['1069'], '1064': ['1064'], '1065': ['1065'], '1047': ['1047'], '1070': ['1070'], '1031': ['1031'], '1042': ['1042'], '1083': ['1083'], '1085': ['1085'], '1086': ['1086'], '1089': ['1089'], '1043': ['1043'], '1121': ['1121'], '1122': ['1122'], '1123': ['1123'], '1124': ['1124'], '1036': ['1036'], '1092': ['1092'], '1150': ['1150'], '1093': ['1093'], '1094': ['1094'], '1145': ['1145'], '1151': ['1151'], '1144': ['1144'], '1149': ['1149'], '1037': ['1037'], '1044': ['1044'], '1087': ['1087'], '1088': ['1088'], '1090': ['1090'], '1142': ['1142'], '1141': ['1141'], '1091': ['1091'], '1143': ['1143'], '1045': ['1045'], '1115': ['1115', '1118', '1116', '1119', '1120'], '1062': ['1062'], '1077': ['1077'], '1117': ['1117'], '1146': ['1146'], '1152': ['1152'], '1075': ['1075'], '1076': ['1076'], '1073': ['1073'], '1078': ['1078'], '1074': ['1074'], '1135': ['1135'], '1137': ['1137'], '1140': ['1140'], '1139': ['1139'], '1132': ['1132'], '1130': ['1130'], '1134': ['1134'], '1133': ['1133']})"
125,"defaultdict(<class 'list'>, {'1040': ['1040'], '1080': ['1080'], '1079': ['1079'], '1081': ['1081'], '1095': ['1095'], '1082': ['1082'], '1084': ['1084'], '1096': ['1096'], '1136': ['1136'], '1138': ['1138'], '1041': ['1041'], '1126': ['1126'], '1125': ['1125'], '1127': ['1127'], '1128': ['1128'], '1129': ['1129'], '1131': ['1131'], '1032': ['1032'], '1052': ['1052'], '1063': ['1063'], '1160': ['1160'], '1051': ['1051'], '1055': ['1055'], '1057': ['1057'], '1060': ['1060'], '1071': ['1071'], '1147': ['1147'], '1148': ['1148'], '1158': ['1158'], '1161': ['1161'], '1053': ['1053'], '1066': ['1066'], '1056': ['1056'], '1061': ['1061'], '1072': ['1072'], '1157': ['1157'], '1159': ['1159'], '1162': ['1162'], '1033': ['1033'], '1101': ['1101'], '1109': ['1109'], '1153': ['1153'], '1102': ['1102'], '1103': ['1103'], '1105': ['1105'], '1106': ['1106'], '1113': ['1113'], '1154': ['1154', '1036', '1150', '1151', '1152'], '1155': ['1155'], '1108': ['1108', '1107', '1115', '1116', '1119'], '1110': ['1110'], '1104': ['1104'], '1114': ['1114'], '1156': ['1156'], '1038': ['1038'], '1048': ['1048'], '1049': ['1049'], '1050': ['1050'], '1054': ['1054'], '1068': ['1068'], '1039': ['1039'], '1097': ['1097'], '1098': ['1098'], '1099': ['1099'], '1112': ['1112'], '1100': ['1100'], '1034': ['1034'], '1067': ['1067'], '1035': ['1035'], '1111': ['1111'], '1030': ['1030'], '1046': ['1046'], '1069': ['1069'], '1058': ['1058'], '1059': ['1059'], '1064': ['1064'], '1065': ['1065'], '1047': ['1047'], '1070': ['1070'], '1031': ['1031'], '1042': ['1042'], '1083': ['1083'], '1085': ['1085'], '1086': ['1086'], '1089': ['1089'], '1043': ['1043'], '1121': ['1121'], '1122': ['1122'], '1123': ['1123'], '1124': ['1124'], '1092': ['1092'], '1093': ['1093'], '1094': ['1094'], '1145': ['1145'], '1144': ['1144'], '1149': ['1149'], '1037': ['1037'], '1044': ['1044'], '1087': ['1087'], '1088': ['1088'], '1090': ['1090'], '1142': ['1142'], '1141': ['1141'], '1091': ['1091'], '1143': ['1143'], '1045': ['1045'], '1062': ['1062'], '1077': ['1077'], '1117': ['1117'], '1146': ['1146'], '1075': ['1075'], '1076': ['1076'], '1118': ['1118'], '1073': ['1073'], '1078': ['1078'], '1074': ['1074'], '1135': ['1135'], '1137': ['1137'], '1140': ['1140'], '1139': ['1139'], '1120': ['1120'], '1132': ['1132'], '1130': ['1130'], '1134': ['1134'], '1133': ['1133']})"
125,"defaultdict(<class 'list'>, {'1040': ['1040'], '1080': ['1080'], '1079': ['1079'], '1081': ['1081'], '1095': ['1095'], '1082': ['1082', '1084', '1042', '1083', '1085'], '1096': ['1096'], '1136': ['1136'], '1138': ['1138'], '1041': ['1041'], '1126': ['1126'], '1125': ['1125'], '1127': ['1127'], '1128': ['1128'], '1129': ['1129'], '1131': ['1131'], '1032': ['1032'], '1052': ['1052'], '1063': ['1063'], '1160': ['1160'], '1051': ['1051'], '1055': ['1055'], '1057': ['1057'], '1060': ['1060'], '1071': ['1071'], '1147': ['1147'], '1148': ['1148', '1158', '1157', '1159', '1156'], '1161': ['1161'], '1053': ['1053'], '1066': ['1066'], '1056': ['1056'], '1061': ['1061'], '1072': ['1072'], '1162': ['1162'], '1033': ['1033'], '1101': ['1101'], '1109': ['1109'], '1153': ['1153'], '1102': ['1102'], '1103': ['1103'], '1105': ['1105'], '1106': ['1106'], '1113': ['1113'], '1154': ['1154'], '1155': ['1155'], '1108': ['1108'], '1110': ['1110'], '1104': ['1104'], '1107': ['1107'], '1114': ['1114'], '1038': ['1038'], '1048': ['1048'], '1049': ['1049'], '1050': ['1050'], '1054': ['1054'], '1068': ['1068'], '1039': ['1039'], '1097': ['1097'], '1098': ['1098'], '1099': ['1099'], '1112': ['1112'], '1100': ['1100'], '1034': ['1034'], '1067': ['1067'], '1035': ['1035'], '1111': ['1111'], '1030': ['1030'], '1046': ['1046'], '1069': ['1069'], '1058': ['1058'], '1059': ['1059'], '1064': ['1064'], '1065': ['1065'], '1047': ['1047'], '1070': ['1070'], '1031': ['1031'], '1086': ['1086'], '1089': ['1089'], '1043': ['1043'], '1121': ['1121'], '1122': ['1122'], '1123': ['1123'], '1124': ['1124'], '1036': ['1036'], '1092': ['1092'], '1150': ['1150'], '1093': ['1093'], '1094': ['1094'], '1145': ['1145'], '1151': ['1151'], '1144': ['1144'], '1149': ['1149'], '1037': ['1037'], '1044': ['1044'], '1087': ['1087'], '1088': ['1088'], '1090': ['1090'], '1142': ['1142'], '1141': ['1141'], '1091': ['1091'], '1143': ['1143'], '1045': ['1045'], '1115': ['1115'], '1062': ['1062'], '1077': ['1077'], '1117': ['1117'], '1146': ['1146'], '1152': ['1152'], '1075': ['1075'], '1076': ['1076'], '1118': ['1118'], '1073': ['1073'], '1078': ['1078'], '1074': ['1074'], '1116': ['1116'], '1135': ['1135'], '1137': ['1137'], '1140': ['1140'], '1139': ['1139'], '1119': ['1119'], '1120': ['1120'], '1132': ['1132'], '1130': ['1130'], '1134': ['1134'], '1133': ['1133']})"
125,"defaultdict(<class 'list'>, {'1040': ['1040'], '1080': ['1080'], '1079': ['1079'], '1081': ['1081'], '1095': ['1095'], '1082': ['1082'], '1084': ['1084'], '1096': ['1096'], '1136': ['1136'], '1138': ['1138'], '1041': ['1041'], '1126': ['1126'], '1125': ['1125'], '1127': ['1127'], '1128': ['1128'], '1129': ['1129'], '1131': ['1131'], '1032': ['1032'], '1052': ['1052'], '1063': ['1063'], '1160': ['1160'], '1051': ['1051'], '1055': ['1055'], '1057': ['1057'], '1060': ['1060'], '1071': ['1071'], '1147': ['1147'], '1148': ['1148'], '1158': ['1158'], '1161': ['1161'], '1053': ['1053'], '1066': ['1066'], '1056': ['1056'], '1061': ['1061'], '1072': ['1072'], '1157': ['1157'], '1159': ['1159'], '1162': ['1162'], '1033': ['1033', '1153', '1154', '1155', '1152'], '1101': ['1101'], '1109': ['1109'], '1102': ['1102'], '1103': ['1103'], '1105': ['1105'], '1106': ['1106'], '1113': ['1113'], '1108': ['1108'], '1110': ['1110'], '1104': ['1104'], '1107': ['1107'], '1114': ['1114'], '1156': ['1156'], '1038': ['1038'], '1048': ['1048'], '1049': ['1049'], '1050': ['1050'], '1054': ['1054'], '1068': ['1068'], '1039': ['1039'], '1097': ['1097'], '1098': ['1098'], '1099': ['1099'], '1112': ['1112'], '1100': ['1100'], '1034': ['1034'], '1067': ['1067'], '1035': ['1035'], '1111': ['1111'], '1030': ['1030'], '1046': ['1046'], '1069': ['1069'], '1058': ['1058'], '1059': ['1059'], '1064': ['1064'], '1065': ['1065'], '1047': ['1047'], '1070': ['1070'], '1031': ['1031'], '1042': ['1042'], '1083': ['1083'], '1085': ['1085'], '1086': ['1086'], '1089': ['1089'], '1043': ['1043'], '1121': ['1121'], '1122': ['1122'], '1123': ['1123'], '1124': ['1124'], '1036': ['1036'], '1092': ['1092'], '1150': ['1150'], '1093': ['1093', '1094', '1151', '1149', '1037'], '1145': ['1145'], '1144': ['1144'], '1044': ['1044'], '1087': ['1087'], '1088': ['1088'], '1090': ['1090'], '1142': ['1142'], '1141': ['1141'], '1091': ['1091'], '1143': ['1143'], '1045': ['1045'], '1115': ['1115'], '1062': ['1062'], '1077': ['1077'], '1117': ['1117'], '1146': ['1146'], '1075': ['1075'], '1076': ['1076'], '1118': ['1118'], '1073': ['1073'], '1078': ['1078'], '1074': ['1074'], '1116': ['1116'], '1135': ['1135'], '1137': ['1137'], '1140': ['1140'], '1139': ['1139'], '1119': ['1119'], '1120': ['1120'], '1132': ['1132'], '1130': ['1130'], '1134': ['1134'], '1133': ['1133']})"
125,"defaultdict(<class 'list'>, {'1040': ['1040'], '1080': ['1080'], '1079': ['1079'], '1081': ['1081'], '1095': ['1095'], '1082': ['1082'], '1084': ['1084'], '1096': ['1096'], '1136': ['1136'], '1138': ['1138'], '1041': ['1041'], '1126': ['1126'], '1125': ['1125'], '1127': ['1127'], '1128': ['1128'], '1129': ['1129'], '1131': ['1131'], '1032': ['1032', '1160', '1161', '1162', '1146'], '1052': ['1052'], '1063': ['1063'], '1051': ['1051'], '1055': ['1055'], '1057': ['1057'], '1060': ['1060'], '1071': ['1071'], '1147': ['1147'], '1148': ['1148'], '1158': ['1158'], '1053': ['1053'], '1066': ['1066'], '1056': ['1056'], '1061': ['1061'], '1072': ['1072'], '1157': ['1157'], '1159': ['1159'], '1033': ['1033'], '1101': ['1101'], '1109': ['1109'], '1153': ['1153'], '1102': ['1102'], '1103': ['1103'], '1105': ['1105'], '1106': ['1106'], '1113': ['1113'], '1154': ['1154'], '1155': ['1155'], '1108': ['1108'], '1110': ['1110'], '1104': ['1104'], '1107': ['1107'], '1114': ['1114'], '1156': ['1156'], '1038': ['1038'], '1048': ['1048'], '1049': ['1049'], '1050': ['1050'], '1054': ['1054'], '1068': ['1068'], '1039': ['1039'], '1097': ['1097'], '1098': ['1098'], '1099': ['1099'], '1112': ['1112'], '1100': ['1100'], '1034': ['1034'], '1067': ['1067'], '1035': ['1035'], '1111': ['1111'], '1030': ['1030'], '1046': ['1046'], '1069': ['1069'], '1058': ['1058'], '1059': ['1059'], '1064': ['1064'], '1065': ['1065'], '1047': ['1047'], '1070': ['1070'], '1031': ['1031'], '1042': ['1042'], '1083': ['1083'], '1085': ['1085'], '1086': ['1086'], '1089': ['1089'], '1043': ['1043'], '1121': ['1121'], '1122': ['1122'], '1123': ['1123'], '1124': ['1124'], '1036': ['1036'], '1092': ['1092'], '1150': ['1150'], '1093': ['1093', '1094', '1151', '1149', '1037'], '1145': ['1145'], '1144': ['1144'], '1044': ['1044'], '1087': ['1087'], '1088': ['1088'], '1090': ['1090'], '1142': ['1142'], '1141': ['1141'], '1091': ['1091'], '1143': ['1143'], '1045': ['1045'], '1115': ['1115'], '1062': ['1062'], '1077': ['1077'], '1117': ['1117'], '1152': ['1152'], '1075': ['1075'], '1076': ['1076'], '1118': ['1118'], '1073': ['1073'], '1078': ['1078'], '1074': ['1074'], '1116': ['1116'], '1135': ['1135'], '1137': ['1137'], '1140': ['1140'], '1139': ['1139'], '1119': ['1119'], '1120': ['1120'], '1132': ['1132'], '1130': ['1130'], '1134': ['1134'], '1133': ['1133']})"
125,"defaultdict(<class 'list'>, {'1040': ['1040'], '1080': ['1080'], '1079': ['1079'], '1081': ['1081'], '1095': ['1095'], '1082': ['1082'], '1084': ['1084'], '1096': ['1096', '1138', '1135', '1137', '1139'], '1136': ['1136'], '1041': ['1041'], '1126': ['1126'], '1125': ['1125'], '1127': ['1127'], '1128': ['1128', '1131', '1132', '1130', '1133'], '1129': ['1129'], '1032': ['1032'], '1052': ['1052'], '1063': ['1063'], '1160': ['1160'], '1051': ['1051'], '1055': ['1055'], '1057': ['1057'], '1060': ['1060'], '1071': ['1071'], '1147': ['1147'], '1148': ['1148'], '1158': ['1158'], '1161': ['1161'], '1053': ['1053'], '1066': ['1066'], '1056': ['1056'], '1061': ['1061'], '1072': ['1072'], '1157': ['1157'], '1159': ['1159'], '1162': ['1162'], '1033': ['1033'], '1101': ['1101'], '1109': ['1109'], '1153': ['1153'], '1102': ['1102'], '1103': ['1103'], '1105': ['1105'], '1106': ['1106'], '1113': ['1113'], '1154': ['1154'], '1155': ['1155'], '1108': ['1108'], '1110': ['1110'], '1104': ['1104'], '1107': ['1107'], '1114': ['1114'], '1156': ['1156'], '1038': ['1038'], '1048': ['1048'], '1049': ['1049'], '1050': ['1050'], '1054': ['1054'], '1068': ['1068'], '1039': ['1039'], '1097': ['1097'], '1098': ['1098'], '1099': ['1099'], '1112': ['1112'], '1100': ['1100'], '1034': ['1034'], '1067': ['1067'], '1035': ['1035'], '1111': ['1111'], '1030': ['1030'], '1046': ['1046'], '1069': ['1069'], '1058': ['1058'], '1059': ['1059'], '1064': ['1064'], '1065': ['1065'], '1047': ['1047'], '1070': ['1070'], '1031': ['1031'], '1042': ['1042'], '1083': ['1083'], '1085': ['1085'], '1086': ['1086'], '1089': ['1089'], '1043': ['1043'], '1121': ['1121'], '1122': ['1122'], '1123': ['1123'], '1124': ['1124'], '1036': ['1036'], '1092': ['1092'], '1150': ['1150'], '1093': ['1093'], '1094': ['1094'], '1145': ['1145'], '1151': ['1151'], '1144': ['1144'], '1149': ['1149'], '1037': ['1037'], '1044': ['1044'], '1087': ['1087'], '1088': ['1088'], '1090': ['1090'], '1142': ['1142'], '1141': ['1141'], '1091': ['1091'], '1143': ['1143'], '1045': ['1045'], '1115': ['1115'], '1062': ['1062'], '1077': ['1077'], '1117': ['1117'], '1146': ['1146'], '1152': ['1152'], '1075': ['1075'], '1076': ['1076'], '1118': ['1118'], '1073': ['1073'], '1078': ['1078'], '1074': ['1074'], '1116': ['1116'], '1140': ['1140'], '1119': ['1119'], '1120': ['1120'], '1134': ['1134']})"
125,"defaultdict(<class 'list'>, {'1040': ['1040'], '1080': ['1080'], '1079': ['1079'], '1081': ['1081'], '1095': ['1095'], '1082': ['1082'], '1084': ['1084'], '1096': ['1096'], '1136': ['1136'], '1138': ['1138'], '1041': ['1041'], '1126': ['1126'], '1125': ['1125'], '1127': ['1127'], '1128': ['1128'], '1129': ['1129'], '1131': ['1131'], '1032': ['1032'], '1052': ['1052', '1051', '1053', '1049', '1050'], '1063': ['1063'], '1160': ['1160'], '1055': ['1055'], '1057': ['1057'], '1060': ['1060'], '1071': ['1071'], '1147': ['1147'], '1148': ['1148'], '1158': ['1158'], '1161': ['1161'], '1066': ['1066'], '1056': ['1056'], '1061': ['1061'], '1072': ['1072'], '1157': ['1157'], '1159': ['1159'], '1162': ['1162'], '1033': ['1033'], '1101': ['1101'], '1109': ['1109'], '1153': ['1153'], '1102': ['1102'], '1103': ['1103'], '1105': ['1105'], '1106': ['1106'], '1113': ['1113'], '1154': ['1154'], '1155': ['1155'], '1108': ['1108'], '1110': ['1110'], '1104': ['1104'], '1107': ['1107'], '1114': ['1114'], '1156': ['1156'], '1038': ['1038', '1048', '1068', '1034', '1067'], '1054': ['1054'], '1039': ['1039'], '1097': ['1097'], '1098': ['1098'], '1099': ['1099'], '1112': ['1112'], '1100': ['1100'], '1035': ['1035'], '1111': ['1111'], '1030': ['1030'], '1046': ['1046'], '1069': ['1069'], '1058': ['1058'], '1059': ['1059'], '1064': ['1064'], '1065': ['1065'], '1047': ['1047'], '1070': ['1070'], '1031': ['1031'], '1042': ['1042'], '1083': ['1083'], '1085': ['1085'], '1086': ['1086'], '1089': ['1089'], '1043': ['1043'], '1121': ['1121'], '1122': ['1122'], '1123': ['1123'], '1124': ['1124'], '1036': ['1036'], '1092': ['1092'], '1150': ['1150'], '1093': ['1093'], '1094': ['1094'], '1145': ['1145'], '1151': ['1151'], '1144': ['1144'], '1149': ['1149'], '1037': ['1037'], '1044': ['1044'], '1087': ['1087'], '1088': ['1088'], '1090': ['1090'], '1142': ['1142'], '1141': ['1141'], '1091': ['1091'], '1143': ['1143'], '1045': ['1045'], '1115': ['1115'], '1062': ['1062'], '1077': ['1077'], '1117': ['1117'], '1146': ['1146'], '1152': ['1152'], '1075': ['1075'], '1076': ['1076'], '1118': ['1118'], '1073': ['1073'], '1078': ['1078'], '1074': ['1074'], '1116': ['1116'], '1135': ['1135'], '1137': ['1137'], '1140': ['1140'], '1139': ['1139'], '1119': ['1119'], '1120': ['1120'], '1132': ['1132'], '1130': ['1130'], '1134': ['1134'], '1133': ['1133']})"
125,"defaultdict(<class 'list'>, {'1040': ['1040'], '1080': ['1080'], '1079': ['1079'], '1081': ['1081'], '1095': ['1095'], '1082': ['1082'], '1084': ['1084'], '1096': ['1096'], '1136': ['1136'], '1138': ['1138'], '1041': ['1041'], '1126': ['1126'], '1125': ['1125'], '1127': ['1127'], '1128': ['1128'], '1129': ['1129'], '1131': ['1131'], '1032': ['1032', '1052', '1063', '1053', '1049'], '1160': ['1160'], '1051': ['1051'], '1055': ['1055'], '1057': ['1057'], '1060': ['1060'], '1071': ['1071'], '1147': ['1147'], '1148': ['1148', '1158', '1157', '1159', '1156'], '1161': ['1161'], '1066': ['1066'], '1056': ['1056'], '1061': ['1061'], '1072': ['1072'], '1162': ['1162'], '1033': ['1033'], '1101': ['1101'], '1109': ['1109'], '1153': ['1153'], '1102': ['1102'], '1103': ['1103'], '1105': ['1105'], '1106': ['1106'], '1113': ['1113'], '1154': ['1154'], '1155': ['1155'], '1108': ['1108'], '1110': ['1110'], '1104': ['1104'], '1107': ['1107'], '1114': ['1114'], '1038': ['1038'], '1048': ['1048'], '1050': ['1050'], '1054': ['1054'], '1068': ['1068'], '1039': ['1039'], '1097': ['1097'], '1098': ['1098'], '1099': ['1099'], '1112': ['1112'], '1100': ['1100'], '1034': ['1034'], '1067': ['1067'], '1035': ['1035'], '1111': ['1111'], '1030': ['1030'], '1046': ['1046'], '1069': ['1069'], '1058': ['1058'], '1059': ['1059'], '1064': ['1064'], '1065': ['1065'], '1047': ['1047'], '1070': ['1070'], '1031': ['1031'], '1042': ['1042'], '1083': ['1083'], '1085': ['1085'], '1086': ['1086'], '1089': ['1089'], '1043': ['1043'], '1121': ['1121'], '1122': ['1122'], '1123': ['1123'], '1124': ['1124'], '1036': ['1036'], '1092': ['1092'], '1150': ['1150'], '1093': ['1093'], '1094': ['1094'], '1145': ['1145'], '1151': ['1151'], '1144': ['1144'], '1149': ['1149'], '1037': ['1037'], '1044': ['1044'], '1087': ['1087'], '1088': ['1088'], '1090': ['1090'], '1142': ['1142'], '1141': ['1141'], '1091': ['1091'], '1143': ['1143'], '1045': ['1045'], '1115': ['1115'], '1062': ['1062'], '1077': ['1077'], '1117': ['1117'], '1146': ['1146'], '1152': ['1152'], '1075': ['1075'], '1076': ['1076'], '1118': ['1118'], '1073': ['1073'], '1078': ['1078'], '1074': ['1074'], '1116': ['1116'], '1135': ['1135'], '1137': ['1137'], '1140': ['1140'], '1139': ['1139'], '1119': ['1119'], '1120': ['1120'], '1132': ['1132'], '1130': ['1130'], '1134': ['1134'], '1133': ['1133']})"
125,"defaultdict(<class 'list'>, {'1040': ['1040'], '1080': ['1080'], '1079': ['1079'], '1081': ['1081'], '1095': ['1095'], '1082': ['1082'], '1084': ['1084'], '1096': ['1096'], '1136': ['1136'], '1138': ['1138'], '1041': ['1041'], '1126': ['1126'], '1125': ['1125'], '1127': ['1127'], '1128': ['1128'], '1129': ['1129'], '1131': ['1131'], '1032': ['1032', '1160', '1161', '1162', '1146'], '1052': ['1052'], '1063': ['1063'], '1051': ['1051'], '1055': ['1055'], '1057': ['1057'], '1060': ['1060'], '1071': ['1071'], '1147': ['1147'], '1148': ['1148'], '1158': ['1158'], '1053': ['1053'], '1066': ['1066'], '1056': ['1056'], '1061': ['1061'], '1072': ['1072'], '1157': ['1157'], '1159': ['1159'], '1033': ['1033'], '1101': ['1101'], '1109': ['1109'], '1153': ['1153'], '1102': ['1102'], '1103': ['1103'], '1105': ['1105', '1106', '1107', '1058', '1059'], '1113': ['1113'], '1154': ['1154'], '1155': ['1155'], '1108': ['1108'], '1110': ['1110'], '1104': ['1104'], '1114': ['1114'], '1156': ['1156'], '1038': ['1038'], '1048': ['1048'], '1049': ['1049'], '1050': ['1050'], '1054': ['1054'], '1068': ['1068'], '1039': ['1039'], '1097': ['1097'], '1098': ['1098'], '1099': ['1099'], '1112': ['1112'], '1100': ['1100'], '1034': ['1034'], '1067': ['1067'], '1035': ['1035'], '1111': ['1111'], '1030': ['1030'], '1046': ['1046'], '1069': ['1069'], '1064': ['1064'], '1065': ['1065'], '1047': ['1047'], '1070': ['1070'], '1031': ['1031'], '1042': ['1042'], '1083': ['1083'], '1085': ['1085'], '1086': ['1086'], '1089': ['1089'], '1043': ['1043'], '1121': ['1121'], '1122': ['1122'], '1123': ['1123'], '1124': ['1124'], '1036': ['1036'], '1092': ['1092'], '1150': ['1150'], '1093': ['1093'], '1094': ['1094'], '1145': ['1145'], '1151': ['1151'], '1144': ['1144'], '1149': ['1149'], '1037': ['1037'], '1044': ['1044'], '1087': ['1087'], '1088': ['1088'], '1090': ['1090'], '1142': ['1142'], '1141': ['1141'], '1091': ['1091'], '1143': ['1143'], '1045': ['1045'], '1115': ['1115'], '1062': ['1062'], '1077': ['1077'], '1117': ['1117'], '1152': ['1152'], '1075': ['1075'], '1076': ['1076'], '1118': ['1118'], '1073': ['1073'], '1078': ['1078'], '1074': ['1074'], '1116': ['1116'], '1135': ['1135'], '1137': ['1137'], '1140': ['1140'], '1139': ['1139'], '1119': ['1119'], '1120': ['1120'], '1132': ['1132'], '1130': ['1130'], '1134': ['1134'], '1133': ['1133']})"
125,"defaultdict(<class 'list'>, {'1040': ['1040'], '1080': ['1080'], '1079': ['1079'], '1081': ['1081'], '1095': ['1095'], '1082': ['1082'], '1084': ['1084'], '1096': ['1096'], '1136': ['1136'], '1138': ['1138'], '1041': ['1041'], '1126': ['1126'], '1125': ['1125'], '1127': ['1127'], '1128': ['1128'], '1129': ['1129'], '1131': ['1131'], '1032': ['1032'], '1052': ['1052'], '1063': ['1063'], '1160': ['1160'], '1051': ['1051'], '1055': ['1055'], '1057': ['1057'], '1060': ['1060'], '1071': ['1071'], '1147': ['1147'], '1148': ['1148'], '1158': ['1158'], '1161': ['1161'], '1053': ['1053'], '1066': ['1066'], '1056': ['1056'], '1061': ['1061'], '1072': ['1072'], '1157': ['1157'], '1159': ['1159'], '1162': ['1162'], '1033': ['1033'], '1101': ['1101'], '1109': ['1109'], '1153': ['1153'], '1102': ['1102'], '1103': ['1103'], '1105': ['1105', '1106', '1107', '1058', '1059'], '1113': ['1113'], '1154': ['1154'], '1155': ['1155'], '1108': ['1108'], '1110': ['1110'], '1104': ['1104'], '1114': ['1114'], '1156': ['1156'], '1038': ['1038', '1048', '1068', '1034', '1067'], '1049': ['1049'], '1050': ['1050'], '1054': ['1054'], '1039': ['1039'], '1097': ['1097'], '1098': ['1098'], '1099': ['1099'], '1112': ['1112'], '1100': ['1100'], '1035': ['1035'], '1111': ['1111'], '1030': ['1030'], '1046': ['1046'], '1069': ['1069'], '1064': ['1064'], '1065': ['1065'], '1047': ['1047'], '1070': ['1070'], '1031': ['1031'], '1042': ['1042'], '1083': ['1083'], '1085': ['1085'], '1086': ['1086'], '1089': ['1089'], '1043': ['1043'], '1121': ['1121'], '1122': ['1122'], '1123': ['1123'], '1124': ['1124'], '1036': ['1036'], '1092': ['1092'], '1150': ['1150'], '1093': ['1093'], '1094': ['1094'], '1145': ['1145'], '1151': ['1151'], '1144': ['1144'], '1149': ['1149'], '1037': ['1037'], '1044': ['1044'], '1087': ['1087'], '1088': ['1088'], '1090': ['1090'], '1142': ['1142'], '1141': ['1141'], '1091': ['1091'], '1143': ['1143'], '1045': ['1045'], '1115': ['1115'], '1062': ['1062'], '1077': ['1077'], '1117': ['1117'], '1146': ['1146'], '1152': ['1152'], '1075': ['1075'], '1076': ['1076'], '1118': ['1118'], '1073': ['1073'], '1078': ['1078'], '1074': ['1074'], '1116': ['1116'], '1135': ['1135'], '1137': ['1137'], '1140': ['1140'], '1139': ['1139'], '1119': ['1119'], '1120': ['1120'], '1132': ['1132'], '1130': ['1130'], '1134': ['1134'], '1133': ['1133']})"
125,"defaultdict(<class 'list'>, {'1040': ['1040'], '1080': ['1080'], '1079': ['1079'], '1081': ['1081'], '1095': ['1095'], '1082': ['1082'], '1084': ['1084'], '1096': ['1096'], '1136': ['1136'], '1138': ['1138'], '1041': ['1041'], '1126': ['1126', '1125', '1127', '1128', '1124'], '1129': ['1129'], '1131': ['1131'], '1032': ['1032', '1160', '1161', '1162', '1146'], '1052': ['1052'], '1063': ['1063'], '1051': ['1051'], '1055': ['1055'], '1057': ['1057'], '1060': ['1060'], '1071': ['1071'], '1147': ['1147'], '1148': ['1148'], '1158': ['1158'], '1053': ['1053'], '1066': ['1066'], '1056': ['1056'], '1061': ['1061'], '1072': ['1072'], '1157': ['1157'], '1159': ['1159'], '1033': ['1033'], '1101': ['1101'], '1109': ['1109'], '1153': ['1153'], '1102': ['1102'], '1103': ['1103'], '1105': ['1105'], '1106': ['1106'], '1113': ['1113'], '1154': ['1154'], '1155': ['1155'], '1108': ['1108'], '1110': ['1110'], '1104': ['1104'], '1107': ['1107'], '1114': ['1114'], '1156': ['1156'], '1038': ['1038'], '1048': ['1048'], '1049': ['1049'], '1050': ['1050'], '1054': ['1054'], '1068': ['1068'], '1039': ['1039'], '1097': ['1097'], '1098': ['1098'], '1099': ['1099'], '1112': ['1112'], '1100': ['1100'], '1034': ['1034'], '1067': ['1067'], '1035': ['1035'], '1111': ['1111'], '1030': ['1030'], '1046': ['1046'], '1069': ['1069'], '1058': ['1058'], '1059': ['1059'], '1064': ['1064'], '1065': ['1065'], '1047': ['1047'], '1070': ['1070'], '1031': ['1031'], '1042': ['1042'], '1083': ['1083'], '1085': ['1085'], '1086': ['1086'], '1089': ['1089'], '1043': ['1043'], '1121': ['1121'], '1122': ['1122'], '1123': ['1123'], '1036': ['1036'], '1092': ['1092'], '1150': ['1150'], '1093': ['1093'], '1094': ['1094'], '1145': ['1145'], '1151': ['1151'], '1144': ['1144'], '1149': ['1149'], '1037': ['1037'], '1044': ['1044'], '1087': ['1087'], '1088': ['1088'], '1090': ['1090'], '1142': ['1142'], '1141': ['1141'], '1091': ['1091'], '1143': ['1143'], '1045': ['1045'], '1115': ['1115'], '1062': ['1062'], '1077': ['1077'], '1117': ['1117'], '1152': ['1152'], '1075': ['1075'], '1076': ['1076'], '1118': ['1118'], '1073': ['1073'], '1078': ['1078'], '1074': ['1074'], '1116': ['1116'], '1135': ['1135'], '1137': ['1137'], '1140': ['1140'], '1139': ['1139'], '1119': ['1119'], '1120': ['1120'], '1132': ['1132'], '1130': ['1130'], '1134': ['1134'], '1133': ['1133']})"
125,"defaultdict(<class 'list'>, {'1040': ['1040'], '1080': ['1080'], '1079': ['1079'], '1081': ['1081'], '1095': ['1095'], '1082': ['1082'], '1084': ['1084'], '1096': ['1096'], '1136': ['1136'], '1138': ['1138'], '1041': ['1041'], '1126': ['1126'], '1125': ['1125'], '1127': ['1127'], '1128': ['1128'], '1129': ['1129'], '1131': ['1131'], '1032': ['1032'], '1052': ['1052'], '1063': ['1063'], '1160': ['1160'], '1051': ['1051'], '1055': ['1055'], '1057': ['1057'], '1060': ['1060'], '1071': ['1071'], '1147': ['1147'], '1148': ['1148', '1158', '1157', '1159', '1156'], '1161': ['1161'], '1053': ['1053'], '1066': ['1066'], '1056': ['1056'], '1061': ['1061'], '1072': ['1072'], '1162': ['1162'], '1033': ['1033'], '1101': ['1101'], '1109': ['1109'], '1153': ['1153'], '1102': ['1102', '1103', '1104', '1117', '1118'], '1105': ['1105'], '1106': ['1106'], '1113': ['1113'], '1154': ['1154'], '1155': ['1155'], '1108': ['1108'], '1110': ['1110'], '1107': ['1107'], '1114': ['1114'], '1038': ['1038'], '1048': ['1048'], '1049': ['1049'], '1050': ['1050'], '1054': ['1054'], '1068': ['1068'], '1039': ['1039'], '1097': ['1097'], '1098': ['1098'], '1099': ['1099'], '1112': ['1112'], '1100': ['1100'], '1034': ['1034'], '1067': ['1067'], '1035': ['1035'], '1111': ['1111'], '1030': ['1030'], '1046': ['1046'], '1069': ['1069'], '1058': ['1058'], '1059': ['1059'], '1064': ['1064'], '1065': ['1065'], '1047': ['1047'], '1070': ['1070'], '1031': ['1031'], '1042': ['1042'], '1083': ['1083'], '1085': ['1085'], '1086': ['1086'], '1089': ['1089'], '1043': ['1043'], '1121': ['1121'], '1122': ['1122'], '1123': ['1123'], '1124': ['1124'], '1036': ['1036'], '1092': ['1092'], '1150': ['1150'], '1093': ['1093'], '1094': ['1094'], '1145': ['1145'], '1151': ['1151'], '1144': ['1144'], '1149': ['1149'], '1037': ['1037'], '1044': ['1044'], '1087': ['1087'], '1088': ['1088'], '1090': ['1090'], '1142': ['1142'], '1141': ['1141'], '1091': ['1091'], '1143': ['1143'], '1045': ['1045'], '1115': ['1115'], '1062': ['1062'], '1077': ['1077'], '1146': ['1146'], '1152': ['1152'], '1075': ['1075'], '1076': ['1076'], '1073': ['1073'], '1078': ['1078'], '1074': ['1074'], '1116': ['1116'], '1135': ['1135'], '1137': ['1137'], '1140': ['1140'], '1139': ['1139'], '1119': ['1119'], '1120': ['1120'], '1132': ['1132'], '1130': ['1130'], '1134': ['1134'], '1133': ['1133']})"
125,"defaultdict(<class 'list'>, {'1040': ['1040'], '1080': ['1080'], '1079': ['1079'], '1081': ['1081'], '1095': ['1095'], '1082': ['1082'], '1084': ['1084'], '1096': ['1096'], '1136': ['1136'], '1138': ['1138'], '1041': ['1041'], '1126': ['1126'], '1125': ['1125'], '1127': ['1127'], '1128': ['1128'], '1129': ['1129'], '1131': ['1131'], '1032': ['1032'], '1052': ['1052'], '1063': ['1063'], '1160': ['1160'], '1051': ['1051'], '1055': ['1055'], '1057': ['1057'], '1060': ['1060'], '1071': ['1071'], '1147': ['1147'], '1148': ['1148'], '1158': ['1158'], '1161': ['1161'], '1053': ['1053'], '1066': ['1066'], '1056': ['1056'], '1061': ['1061'], '1072': ['1072'], '1157': ['1157'], '1159': ['1159'], '1162': ['1162'], '1033': ['1033', '1101', '1109', '1153', '1100'], '1102': ['1102'], '1103': ['1103'], '1105': ['1105', '1106', '1107', '1058', '1059'], '1113': ['1113'], '1154': ['1154'], '1155': ['1155'], '1108': ['1108'], '1110': ['1110'], '1104': ['1104'], '1114': ['1114'], '1156': ['1156'], '1038': ['1038'], '1048': ['1048'], '1049': ['1049'], '1050': ['1050'], '1054': ['1054'], '1068': ['1068'], '1039': ['1039'], '1097': ['1097'], '1098': ['1098'], '1099': ['1099'], '1112': ['1112'], '1034': ['1034'], '1067': ['1067'], '1035': ['1035'], '1111': ['1111'], '1030': ['1030'], '1046': ['1046'], '1069': ['1069'], '1064': ['1064'], '1065': ['1065'], '1047': ['1047'], '1070': ['1070'], '1031': ['1031'], '1042': ['1042'], '1083': ['1083'], '1085': ['1085'], '1086': ['1086'], '1089': ['1089'], '1043': ['1043'], '1121': ['1121'], '1122': ['1122'], '1123': ['1123'], '1124': ['1124'], '1036': ['1036'], '1092': ['1092'], '1150': ['1150'], '1093': ['1093'], '1094': ['1094'], '1145': ['1145'], '1151': ['1151'], '1144': ['1144'], '1149': ['1149'], '1037': ['1037'], '1044': ['1044'], '1087': ['1087'], '1088': ['1088'], '1090': ['1090'], '1142': ['1142'], '1141': ['1141'], '1091': ['1091'], '1143': ['1143'], '1045': ['1045'], '1115': ['1115'], '1062': ['1062'], '1077': ['1077'], '1117': ['1117'], '1146': ['1146'], '1152': ['1152'], '1075': ['1075'], '1076': ['1076'], '1118': ['1118'], '1073': ['1073'], '1078': ['1078'], '1074': ['1074'], '1116': ['1116'], '1135': ['1135'], '1137': ['1137'], '1140': ['1140'], '1139': ['1139'], '1119': ['1119'], '1120': ['1120'], '1132': ['1132'], '1130': ['1130'], '1134': ['1134'], '1133': ['1133']})"
125,"defaultdict(<class 'list'>, {'1040': ['1040', '1080', '1081', '1082', '1078'], '1079': ['1079'], '1095': ['1095'], '1084': ['1084'], '1096': ['1096'], '1136': ['1136'], '1138': ['1138'], '1041': ['1041'], '1126': ['1126'], '1125': ['1125'], '1127': ['1127'], '1128': ['1128'], '1129': ['1129'], '1131': ['1131'], '1032': ['1032'], '1052': ['1052', '1051', '1053', '1049', '1050'], '1063': ['1063'], '1160': ['1160'], '1055': ['1055'], '1057': ['1057'], '1060': ['1060'], '1071': ['1071'], '1147': ['1147'], '1148': ['1148'], '1158': ['1158'], '1161': ['1161'], '1066': ['1066'], '1056': ['1056'], '1061': ['1061'], '1072': ['1072'], '1157': ['1157'], '1159': ['1159'], '1162': ['1162'], '1033': ['1033'], '1101': ['1101'], '1109': ['1109'], '1153': ['1153'], '1102': ['1102'], '1103': ['1103'], '1105': ['1105'], '1106': ['1106'], '1113': ['1113'], '1154': ['1154'], '1155': ['1155'], '1108': ['1108'], '1110': ['1110'], '1104': ['1104'], '1107': ['1107'], '1114': ['1114'], '1156': ['1156'], '1038': ['1038'], '1048': ['1048'], '1054': ['1054'], '1068': ['1068'], '1039': ['1039'], '1097': ['1097'], '1098': ['1098'], '1099': ['1099'], '1112': ['1112'], '1100': ['1100'], '1034': ['1034'], '1067': ['1067'], '1035': ['1035'], '1111': ['1111'], '1030': ['1030'], '1046': ['1046'], '1069': ['1069'], '1058': ['1058'], '1059': ['1059'], '1064': ['1064'], '1065': ['1065'], '1047': ['1047'], '1070': ['1070'], '1031': ['1031'], '1042': ['1042'], '1083': ['1083'], '1085': ['1085'], '1086': ['1086'], '1089': ['1089'], '1043': ['1043'], '1121': ['1121'], '1122': ['1122'], '1123': ['1123'], '1124': ['1124'], '1036': ['1036'], '1092': ['1092'], '1150': ['1150'], '1093': ['1093'], '1094': ['1094'], '1145': ['1145'], '1151': ['1151'], '1144': ['1144'], '1149': ['1149'], '1037': ['1037'], '1044': ['1044'], '1087': ['1087'], '1088': ['1088'], '1090': ['1090'], '1142': ['1142'], '1141': ['1141'], '1091': ['1091'], '1143': ['1143'], '1045': ['1045'], '1115': ['1115'], '1062': ['1062'], '1077': ['1077'], '1117': ['1117'], '1146': ['1146'], '1152': ['1152'], '1075': ['1075'], '1076': ['1076'], '1118': ['1118'], '1073': ['1073'], '1074': ['1074'], '1116': ['1116'], '1135': ['1135'], '1137': ['1137'], '1140': ['1140'], '1139': ['1139'], '1119': ['1119'], '1120': ['1120'], '1132': ['1132'], '1130': ['1130'], '1134': ['1134'], '1133': ['1133']})"
125,"defaultdict(<class 'list'>, {'1040': ['1040'], '1080': ['1080'], '1079': ['1079'], '1081': ['1081'], '1095': ['1095'], '1082': ['1082'], '1084': ['1084'], '1096': ['1096', '1138', '1135', '1137', '1139'], '1136': ['1136'], '1041': ['1041'], '1126': ['1126'], '1125': ['1125'], '1127': ['1127'], '1128': ['1128'], '1129': ['1129'], '1131': ['1131'], '1032': ['1032', '1052', '1063', '1053', '1049'], '1160': ['1160'], '1051': ['1051'], '1055': ['1055'], '1057': ['1057'], '1060': ['1060'], '1071': ['1071'], '1147': ['1147'], '1148': ['1148'], '1158': ['1158'], '1161': ['1161'], '1066': ['1066'], '1056': ['1056'], '1061': ['1061'], '1072': ['1072'], '1157': ['1157'], '1159': ['1159'], '1162': ['1162'], '1033': ['1033'], '1101': ['1101'], '1109': ['1109'], '1153': ['1153'], '1102': ['1102'], '1103': ['1103'], '1105': ['1105'], '1106': ['1106'], '1113': ['1113'], '1154': ['1154'], '1155': ['1155'], '1108': ['1108'], '1110': ['1110'], '1104': ['1104'], '1107': ['1107'], '1114': ['1114'], '1156': ['1156'], '1038': ['1038'], '1048': ['1048'], '1050': ['1050'], '1054': ['1054'], '1068': ['1068'], '1039': ['1039'], '1097': ['1097'], '1098': ['1098'], '1099': ['1099'], '1112': ['1112'], '1100': ['1100'], '1034': ['1034'], '1067': ['1067'], '1035': ['1035'], '1111': ['1111'], '1030': ['1030'], '1046': ['1046'], '1069': ['1069'], '1058': ['1058'], '1059': ['1059'], '1064': ['1064'], '1065': ['1065'], '1047': ['1047'], '1070': ['1070'], '1031': ['1031'], '1042': ['1042'], '1083': ['1083'], '1085': ['1085'], '1086': ['1086'], '1089': ['1089'], '1043': ['1043'], '1121': ['1121'], '1122': ['1122'], '1123': ['1123'], '1124': ['1124'], '1036': ['1036'], '1092': ['1092'], '1150': ['1150'], '1093': ['1093'], '1094': ['1094'], '1145': ['1145'], '1151': ['1151'], '1144': ['1144'], '1149': ['1149'], '1037': ['1037'], '1044': ['1044'], '1087': ['1087'], '1088': ['1088'], '1090': ['1090'], '1142': ['1142'], '1141': ['1141'], '1091': ['1091'], '1143': ['1143'], '1045': ['1045'], '1115': ['1115'], '1062': ['1062'], '1077': ['1077'], '1117': ['1117'], '1146': ['1146'], '1152': ['1152'], '1075': ['1075'], '1076': ['1076'], '1118': ['1118'], '1073': ['1073'], '1078': ['1078'], '1074': ['1074'], '1116': ['1116'], '1140': ['1140'], '1119': ['1119'], '1120': ['1120'], '1132': ['1132'], '1130': ['1130'], '1134': ['1134'], '1133': ['1133']})"
125,"defaultdict(<class 'list'>, {'1040': ['1040', '1080', '1079', '1081', '1078'], '1095': ['1095'], '1082': ['1082'], '1084': ['1084'], '1096': ['1096'], '1136': ['1136'], '1138': ['1138'], '1041': ['1041'], '1126': ['1126'], '1125': ['1125'], '1127': ['1127'], '1128': ['1128'], '1129': ['1129'], '1131': ['1131'], '1032': ['1032'], '1052': ['1052'], '1063': ['1063'], '1160': ['1160'], '1051': ['1051'], '1055': ['1055'], '1057': ['1057'], '1060': ['1060'], '1071': ['1071'], '1147': ['1147'], '1148': ['1148'], '1158': ['1158'], '1161': ['1161'], '1053': ['1053'], '1066': ['1066'], '1056': ['1056'], '1061': ['1061'], '1072': ['1072'], '1157': ['1157'], '1159': ['1159'], '1162': ['1162'], '1033': ['1033'], '1101': ['1101'], '1109': ['1109'], '1153': ['1153'], '1102': ['1102'], '1103': ['1103'], '1105': ['1105'], '1106': ['1106'], '1113': ['1113'], '1154': ['1154'], '1155': ['1155'], '1108': ['1108'], '1110': ['1110'], '1104': ['1104'], '1107': ['1107'], '1114': ['1114'], '1156': ['1156'], '1038': ['1038'], '1048': ['1048'], '1049': ['1049'], '1050': ['1050'], '1054': ['1054'], '1068': ['1068', '1077', '1075', '1076', '1074'], '1039': ['1039'], '1097': ['1097'], '1098': ['1098'], '1099': ['1099'], '1112': ['1112'], '1100': ['1100'], '1034': ['1034'], '1067': ['1067'], '1035': ['1035'], '1111': ['1111'], '1030': ['1030'], '1046': ['1046'], '1069': ['1069'], '1058': ['1058'], '1059': ['1059'], '1064': ['1064'], '1065': ['1065'], '1047': ['1047'], '1070': ['1070'], '1031': ['1031'], '1042': ['1042'], '1083': ['1083'], '1085': ['1085'], '1086': ['1086'], '1089': ['1089'], '1043': ['1043'], '1121': ['1121'], '1122': ['1122'], '1123': ['1123'], '1124': ['1124'], '1036': ['1036'], '1092': ['1092'], '1150': ['1150'], '1093': ['1093'], '1094': ['1094'], '1145': ['1145'], '1151': ['1151'], '1144': ['1144'], '1149': ['1149'], '1037': ['1037'], '1044': ['1044'], '1087': ['1087'], '1088': ['1088'], '1090': ['1090'], '1142': ['1142'], '1141': ['1141'], '1091': ['1091'], '1143': ['1143'], '1045': ['1045'], '1115': ['1115'], '1062': ['1062'], '1117': ['1117'], '1146': ['1146'], '1152': ['1152'], '1118': ['1118'], '1073': ['1073'], '1116': ['1116'], '1135': ['1135'], '1137': ['1137'], '1140': ['1140'], '1139': ['1139'], '1119': ['1119'], '1120': ['1120'], '1132': ['1132'], '1130': ['1130'], '1134': ['1134'], '1133': ['1133']})"
125,"defaultdict(<class 'list'>, {'1040': ['1040'], '1080': ['1080'], '1079': ['1079'], '1081': ['1081'], '1095': ['1095'], '1082': ['1082'], '1084': ['1084'], '1096': ['1096'], '1136': ['1136'], '1138': ['1138'], '1041': ['1041'], '1126': ['1126'], '1125': ['1125'], '1127': ['1127'], '1128': ['1128'], '1129': ['1129'], '1131': ['1131'], '1032': ['1032'], '1052': ['1052'], '1063': ['1063'], '1160': ['1160'], '1051': ['1051'], '1055': ['1055'], '1057': ['1057'], '1060': ['1060'], '1071': ['1071'], '1147': ['1147'], '1148': ['1148'], '1158': ['1158'], '1161': ['1161'], '1053': ['1053'], '1066': ['1066'], '1056': ['1056', '1077', '1075', '1076', '1074'], '1061': ['1061'], '1072': ['1072'], '1157': ['1157'], '1159': ['1159'], '1162': ['1162'], '1033': ['1033'], '1101': ['1101'], '1109': ['1109'], '1153': ['1153'], '1102': ['1102', '1103', '1104', '1117', '1118'], '1105': ['1105'], '1106': ['1106'], '1113': ['1113'], '1154': ['1154'], '1155': ['1155'], '1108': ['1108'], '1110': ['1110'], '1107': ['1107'], '1114': ['1114'], '1156': ['1156'], '1038': ['1038'], '1048': ['1048'], '1049': ['1049'], '1050': ['1050'], '1054': ['1054'], '1068': ['1068'], '1039': ['1039'], '1097': ['1097'], '1098': ['1098'], '1099': ['1099'], '1112': ['1112'], '1100': ['1100'], '1034': ['1034'], '1067': ['1067'], '1035': ['1035'], '1111': ['1111'], '1030': ['1030'], '1046': ['1046'], '1069': ['1069'], '1058': ['1058'], '1059': ['1059'], '1064': ['1064'], '1065': ['1065'], '1047': ['1047'], '1070': ['1070'], '1031': ['1031'], '1042': ['1042'], '1083': ['1083'], '1085': ['1085'], '1086': ['1086'], '1089': ['1089'], '1043': ['1043'], '1121': ['1121'], '1122': ['1122'], '1123': ['1123'], '1124': ['1124'], '1036': ['1036'], '1092': ['1092'], '1150': ['1150'], '1093': ['1093'], '1094': ['1094'], '1145': ['1145'], '1151': ['1151'], '1144': ['1144'], '1149': ['1149'], '1037': ['1037'], '1044': ['1044'], '1087': ['1087'], '1088': ['1088'], '1090': ['1090'], '1142': ['1142'], '1141': ['1141'], '1091': ['1091'], '1143': ['1143'], '1045': ['1045'], '1115': ['1115'], '1062': ['1062'], '1146': ['1146'], '1152': ['1152'], '1073': ['1073'], '1078': ['1078'], '1116': ['1116'], '1135': ['1135'], '1137': ['1137'], '1140': ['1140'], '1139': ['1139'], '1119': ['1119'], '1120': ['1120'], '1132': ['1132'], '1130': ['1130'], '1134': ['1134'], '1133': ['1133']})"
125,"defaultdict(<class 'list'>, {'1040': ['1040'], '1080': ['1080'], '1079': ['1079'], '1081': ['1081'], '1095': ['1095'], '1082': ['1082'], '1084': ['1084'], '1096': ['1096'], '1136': ['1136'], '1138': ['1138'], '1041': ['1041'], '1126': ['1126'], '1125': ['1125'], '1127': ['1127'], '1128': ['1128'], '1129': ['1129'], '1131': ['1131'], '1032': ['1032'], '1052': ['1052'], '1063': ['1063'], '1160': ['1160', '1147', '1161', '1145', '1146'], '1051': ['1051'], '1055': ['1055'], '1057': ['1057', '1060', '1061', '1058', '1059'], '1071': ['1071'], '1148': ['1148'], '1158': ['1158'], '1053': ['1053'], '1066': ['1066'], '1056': ['1056'], '1072': ['1072'], '1157': ['1157'], '1159': ['1159'], '1162': ['1162'], '1033': ['1033'], '1101': ['1101'], '1109': ['1109'], '1153': ['1153'], '1102': ['1102'], '1103': ['1103'], '1105': ['1105'], '1106': ['1106'], '1113': ['1113'], '1154': ['1154'], '1155': ['1155'], '1108': ['1108'], '1110': ['1110'], '1104': ['1104'], '1107': ['1107'], '1114': ['1114'], '1156': ['1156'], '1038': ['1038'], '1048': ['1048'], '1049': ['1049'], '1050': ['1050'], '1054': ['1054'], '1068': ['1068'], '1039': ['1039'], '1097': ['1097'], '1098': ['1098'], '1099': ['1099'], '1112': ['1112'], '1100': ['1100'], '1034': ['1034'], '1067': ['1067'], '1035': ['1035'], '1111': ['1111'], '1030': ['1030'], '1046': ['1046'], '1069': ['1069'], '1064': ['1064'], '1065': ['1065'], '1047': ['1047'], '1070': ['1070'], '1031': ['1031'], '1042': ['1042'], '1083': ['1083'], '1085': ['1085'], '1086': ['1086'], '1089': ['1089'], '1043': ['1043'], '1121': ['1121'], '1122': ['1122'], '1123': ['1123'], '1124': ['1124'], '1036': ['1036'], '1092': ['1092'], '1150': ['1150'], '1093': ['1093'], '1094': ['1094'], '1151': ['1151'], '1144': ['1144'], '1149': ['1149'], '1037': ['1037'], '1044': ['1044'], '1087': ['1087'], '1088': ['1088'], '1090': ['1090'], '1142': ['1142'], '1141': ['1141'], '1091': ['1091'], '1143': ['1143'], '1045': ['1045'], '1115': ['1115'], '1062': ['1062'], '1077': ['1077'], '1117': ['1117'], '1152': ['1152'], '1075': ['1075'], '1076': ['1076'], '1118': ['1118'], '1073': ['1073'], '1078': ['1078'], '1074': ['1074'], '1116': ['1116'], '1135': ['1135'], '1137': ['1137'], '1140': ['1140'], '1139': ['1139'], '1119': ['1119'], '1120': ['1120'], '1132': ['1132'], '1130': ['1130'], '1134': ['1134'], '1133': ['1133']})"
125,"defaultdict(<class 'list'>, {'1040': ['1040'], '1080': ['1080'], '1079': ['1079'], '1081': ['1081'], '1095': ['1095'], '1082': ['1082'], '1084': ['1084'], '1096': ['1096', '1138', '1135', '1137', '1139'], '1136': ['1136'], '1041': ['1041'], '1126': ['1126'], '1125': ['1125'], '1127': ['1127'], '1128': ['1128'], '1129': ['1129'], '1131': ['1131'], '1032': ['1032'], '1052': ['1052'], '1063': ['1063'], '1160': ['1160'], '1051': ['1051'], '1055': ['1055'], '1057': ['1057'], '1060': ['1060'], '1071': ['1071'], '1147': ['1147'], '1148': ['1148'], '1158': ['1158'], '1161': ['1161'], '1053': ['1053'], '1066': ['1066'], '1056': ['1056'], '1061': ['1061'], '1072': ['1072'], '1157': ['1157'], '1159': ['1159'], '1162': ['1162'], '1033': ['1033'], '1101': ['1101'], '1109': ['1109'], '1153': ['1153'], '1102': ['1102'], '1103': ['1103'], '1105': ['1105'], '1106': ['1106'], '1113': ['1113'], '1154': ['1154'], '1155': ['1155'], '1108': ['1108'], '1110': ['1110'], '1104': ['1104'], '1107': ['1107'], '1114': ['1114'], '1156': ['1156'], '1038': ['1038'], '1048': ['1048'], '1049': ['1049'], '1050': ['1050'], '1054': ['1054'], '1068': ['1068'], '1039': ['1039'], '1097': ['1097'], '1098': ['1098'], '1099': ['1099'], '1112': ['1112'], '1100': ['1100'], '1034': ['1034'], '1067': ['1067'], '1035': ['1035'], '1111': ['1111'], '1030': ['1030'], '1046': ['1046'], '1069': ['1069'], '1058': ['1058'], '1059': ['1059'], '1064': ['1064'], '1065': ['1065'], '1047': ['1047'], '1070': ['1070'], '1031': ['1031'], '1042': ['1042'], '1083': ['1083'], '1085': ['1085'], '1086': ['1086', '1089', '1044', '1087', '1090'], '1043': ['1043'], '1121': ['1121'], '1122': ['1122'], '1123': ['1123'], '1124': ['1124'], '1036': ['1036'], '1092': ['1092'], '1150': ['1150'], '1093': ['1093'], '1094': ['1094'], '1145': ['1145'], '1151': ['1151'], '1144': ['1144'], '1149': ['1149'], '1037': ['1037'], '1088': ['1088'], '1142': ['1142'], '1141': ['1141'], '1091': ['1091'], '1143': ['1143'], '1045': ['1045'], '1115': ['1115'], '1062': ['1062'], '1077': ['1077'], '1117': ['1117'], '1146': ['1146'], '1152': ['1152'], '1075': ['1075'], '1076': ['1076'], '1118': ['1118'], '1073': ['1073'], '1078': ['1078'], '1074': ['1074'], '1116': ['1116'], '1140': ['1140'], '1119': ['1119'], '1120': ['1120'], '1132': ['1132'], '1130': ['1130'], '1134': ['1134'], '1133': ['1133']})"
125,"defaultdict(<class 'list'>, {'1040': ['1040'], '1080': ['1080'], '1079': ['1079'], '1081': ['1081'], '1095': ['1095'], '1082': ['1082'], '1084': ['1084'], '1096': ['1096'], '1136': ['1136'], '1138': ['1138'], '1041': ['1041'], '1126': ['1126'], '1125': ['1125'], '1127': ['1127'], '1128': ['1128', '1131', '1132', '1130', '1133'], '1129': ['1129'], '1032': ['1032'], '1052': ['1052'], '1063': ['1063'], '1160': ['1160'], '1051': ['1051'], '1055': ['1055'], '1057': ['1057'], '1060': ['1060'], '1071': ['1071'], '1147': ['1147'], '1148': ['1148'], '1158': ['1158'], '1161': ['1161'], '1053': ['1053'], '1066': ['1066'], '1056': ['1056'], '1061': ['1061'], '1072': ['1072'], '1157': ['1157'], '1159': ['1159'], '1162': ['1162'], '1033': ['1033'], '1101': ['1101'], '1109': ['1109'], '1153': ['1153'], '1102': ['1102'], '1103': ['1103'], '1105': ['1105'], '1106': ['1106'], '1113': ['1113'], '1154': ['1154'], '1155': ['1155'], '1108': ['1108'], '1110': ['1110'], '1104': ['1104'], '1107': ['1107'], '1114': ['1114'], '1156': ['1156'], '1038': ['1038'], '1048': ['1048'], '1049': ['1049'], '1050': ['1050'], '1054': ['1054'], '1068': ['1068'], '1039': ['1039', '1097', '1098', '1099', '1035'], '1112': ['1112'], '1100': ['1100'], '1034': ['1034'], '1067': ['1067'], '1111': ['1111'], '1030': ['1030'], '1046': ['1046'], '1069': ['1069'], '1058': ['1058'], '1059': ['1059'], '1064': ['1064'], '1065': ['1065'], '1047': ['1047'], '1070': ['1070'], '1031': ['1031'], '1042': ['1042'], '1083': ['1083'], '1085': ['1085'], '1086': ['1086'], '1089': ['1089'], '1043': ['1043'], '1121': ['1121'], '1122': ['1122'], '1123': ['1123'], '1124': ['1124'], '1036': ['1036'], '1092': ['1092'], '1150': ['1150'], '1093': ['1093'], '1094': ['1094'], '1145': ['1145'], '1151': ['1151'], '1144': ['1144'], '1149': ['1149'], '1037': ['1037'], '1044': ['1044'], '1087': ['1087'], '1088': ['1088'], '1090': ['1090'], '1142': ['1142'], '1141': ['1141'], '1091': ['1091'], '1143': ['1143'], '1045': ['1045'], '1115': ['1115'], '1062': ['1062'], '1077': ['1077'], '1117': ['1117'], '1146': ['1146'], '1152': ['1152'], '1075': ['1075'], '1076': ['1076'], '1118': ['1118'], '1073': ['1073'], '1078': ['1078'], '1074': ['1074'], '1116': ['1116'], '1135': ['1135'], '1137': ['1137'], '1140': ['1140'], '1139': ['1139'], '1119': ['1119'], '1120': ['1120'], '1134': ['1134']})"
125,"defaultdict(<class 'list'>, {'1040': ['1040'], '1080': ['1080'], '1079': ['1079'], '1081': ['1081'], '1095': ['1095'], '1082': ['1082', '1084', '1042', '1083', '1085'], '1096': ['1096'], '1136': ['1136'], '1138': ['1138'], '1041': ['1041'], '1126': ['1126'], '1125': ['1125'], '1127': ['1127'], '1128': ['1128'], '1129': ['1129'], '1131': ['1131'], '1032': ['1032'], '1052': ['1052'], '1063': ['1063'], '1160': ['1160'], '1051': ['1051'], '1055': ['1055'], '1057': ['1057'], '1060': ['1060'], '1071': ['1071'], '1147': ['1147'], '1148': ['1148'], '1158': ['1158'], '1161': ['1161'], '1053': ['1053'], '1066': ['1066'], '1056': ['1056'], '1061': ['1061'], '1072': ['1072'], '1157': ['1157'], '1159': ['1159'], '1162': ['1162'], '1033': ['1033'], '1101': ['1101'], '1109': ['1109'], '1153': ['1153'], '1102': ['1102'], '1103': ['1103'], '1105': ['1105'], '1106': ['1106'], '1113': ['1113'], '1154': ['1154'], '1155': ['1155'], '1108': ['1108'], '1110': ['1110'], '1104': ['1104'], '1107': ['1107'], '1114': ['1114'], '1156': ['1156'], '1038': ['1038'], '1048': ['1048'], '1049': ['1049'], '1050': ['1050'], '1054': ['1054'], '1068': ['1068'], '1039': ['1039', '1097', '1098', '1099', '1035'], '1112': ['1112'], '1100': ['1100'], '1034': ['1034'], '1067': ['1067'], '1111': ['1111'], '1030': ['1030'], '1046': ['1046'], '1069': ['1069'], '1058': ['1058'], '1059': ['1059'], '1064': ['1064'], '1065': ['1065'], '1047': ['1047'], '1070': ['1070'], '1031': ['1031'], '1086': ['1086'], '1089': ['1089'], '1043': ['1043'], '1121': ['1121'], '1122': ['1122'], '1123': ['1123'], '1124': ['1124'], '1036': ['1036'], '1092': ['1092'], '1150': ['1150'], '1093': ['1093'], '1094': ['1094'], '1145': ['1145'], '1151': ['1151'], '1144': ['1144'], '1149': ['1149'], '1037': ['1037'], '1044': ['1044'], '1087': ['1087'], '1088': ['1088'], '1090': ['1090'], '1142': ['1142'], '1141': ['1141'], '1091': ['1091'], '1143': ['1143'], '1045': ['1045'], '1115': ['1115'], '1062': ['1062'], '1077': ['1077'], '1117': ['1117'], '1146': ['1146'], '1152': ['1152'], '1075': ['1075'], '1076': ['1076'], '1118': ['1118'], '1073': ['1073'], '1078': ['1078'], '1074': ['1074'], '1116': ['1116'], '1135': ['1135'], '1137': ['1137'], '1140': ['1140'], '1139': ['1139'], '1119': ['1119'], '1120': ['1120'], '1132': ['1132'], '1130': ['1130'], '1134': ['1134'], '1133': ['1133']})"
125,"defaultdict(<class 'list'>, {'1040': ['1040'], '1080': ['1080'], '1079': ['1079'], '1081': ['1081'], '1095': ['1095'], '1082': ['1082'], '1084': ['1084'], '1096': ['1096'], '1136': ['1136'], '1138': ['1138'], '1041': ['1041'], '1126': ['1126'], '1125': ['1125'], '1127': ['1127'], '1128': ['1128'], '1129': ['1129'], '1131': ['1131'], '1032': ['1032'], '1052': ['1052'], '1063': ['1063'], '1160': ['1160'], '1051': ['1051'], '1055': ['1055'], '1057': ['1057'], '1060': ['1060'], '1071': ['1071'], '1147': ['1147'], '1148': ['1148', '1158', '1157', '1159', '1156'], '1161': ['1161'], '1053': ['1053'], '1066': ['1066'], '1056': ['1056'], '1061': ['1061'], '1072': ['1072'], '1162': ['1162'], '1033': ['1033'], '1101': ['1101'], '1109': ['1109'], '1153': ['1153'], '1102': ['1102'], '1103': ['1103'], '1105': ['1105', '1106', '1107', '1058', '1059'], '1113': ['1113'], '1154': ['1154'], '1155': ['1155'], '1108': ['1108'], '1110': ['1110'], '1104': ['1104'], '1114': ['1114'], '1038': ['1038'], '1048': ['1048'], '1049': ['1049'], '1050': ['1050'], '1054': ['1054'], '1068': ['1068'], '1039': ['1039'], '1097': ['1097'], '1098': ['1098'], '1099': ['1099'], '1112': ['1112'], '1100': ['1100'], '1034': ['1034'], '1067': ['1067'], '1035': ['1035'], '1111': ['1111'], '1030': ['1030'], '1046': ['1046'], '1069': ['1069'], '1064': ['1064'], '1065': ['1065'], '1047': ['1047'], '1070': ['1070'], '1031': ['1031'], '1042': ['1042'], '1083': ['1083'], '1085': ['1085'], '1086': ['1086'], '1089': ['1089'], '1043': ['1043'], '1121': ['1121'], '1122': ['1122'], '1123': ['1123'], '1124': ['1124'], '1036': ['1036'], '1092': ['1092'], '1150': ['1150'], '1093': ['1093'], '1094': ['1094'], '1145': ['1145'], '1151': ['1151'], '1144': ['1144'], '1149': ['1149'], '1037': ['1037'], '1044': ['1044'], '1087': ['1087'], '1088': ['1088'], '1090': ['1090'], '1142': ['1142'], '1141': ['1141'], '1091': ['1091'], '1143': ['1143'], '1045': ['1045'], '1115': ['1115'], '1062': ['1062'], '1077': ['1077'], '1117': ['1117'], '1146': ['1146'], '1152': ['1152'], '1075': ['1075'], '1076': ['1076'], '1118': ['1118'], '1073': ['1073'], '1078': ['1078'], '1074': ['1074'], '1116': ['1116'], '1135': ['1135'], '1137': ['1137'], '1140': ['1140'], '1139': ['1139'], '1119': ['1119'], '1120': ['1120'], '1132': ['1132'], '1130': ['1130'], '1134': ['1134'], '1133': ['1133']})"
125,"defaultdict(<class 'list'>, {'1040': ['1040'], '1080': ['1080'], '1079': ['1079', '1077', '1075', '1076', '1074'], '1081': ['1081'], '1095': ['1095'], '1082': ['1082'], '1084': ['1084'], '1096': ['1096'], '1136': ['1136'], '1138': ['1138'], '1041': ['1041'], '1126': ['1126'], '1125': ['1125'], '1127': ['1127'], '1128': ['1128'], '1129': ['1129'], '1131': ['1131'], '1032': ['1032'], '1052': ['1052'], '1063': ['1063'], '1160': ['1160'], '1051': ['1051'], '1055': ['1055'], '1057': ['1057'], '1060': ['1060'], '1071': ['1071'], '1147': ['1147'], '1148': ['1148', '1158', '1157', '1159', '1156'], '1161': ['1161'], '1053': ['1053'], '1066': ['1066'], '1056': ['1056'], '1061': ['1061'], '1072': ['1072'], '1162': ['1162'], '1033': ['1033'], '1101': ['1101'], '1109': ['1109'], '1153': ['1153'], '1102': ['1102'], '1103': ['1103'], '1105': ['1105'], '1106': ['1106'], '1113': ['1113'], '1154': ['1154'], '1155': ['1155'], '1108': ['1108'], '1110': ['1110'], '1104': ['1104'], '1107': ['1107'], '1114': ['1114'], '1038': ['1038'], '1048': ['1048'], '1049': ['1049'], '1050': ['1050'], '1054': ['1054'], '1068': ['1068'], '1039': ['1039'], '1097': ['1097'], '1098': ['1098'], '1099': ['1099'], '1112': ['1112'], '1100': ['1100'], '1034': ['1034'], '1067': ['1067'], '1035': ['1035'], '1111': ['1111'], '1030': ['1030'], '1046': ['1046'], '1069': ['1069'], '1058': ['1058'], '1059': ['1059'], '1064': ['1064'], '1065': ['1065'], '1047': ['1047'], '1070': ['1070'], '1031': ['1031'], '1042': ['1042'], '1083': ['1083'], '1085': ['1085'], '1086': ['1086'], '1089': ['1089'], '1043': ['1043'], '1121': ['1121'], '1122': ['1122'], '1123': ['1123'], '1124': ['1124'], '1036': ['1036'], '1092': ['1092'], '1150': ['1150'], '1093': ['1093'], '1094': ['1094'], '1145': ['1145'], '1151': ['1151'], '1144': ['1144'], '1149': ['1149'], '1037': ['1037'], '1044': ['1044'], '1087': ['1087'], '1088': ['1088'], '1090': ['1090'], '1142': ['1142'], '1141': ['1141'], '1091': ['1091'], '1143': ['1143'], '1045': ['1045'], '1115': ['1115'], '1062': ['1062'], '1117': ['1117'], '1146': ['1146'], '1152': ['1152'], '1118': ['1118'], '1073': ['1073'], '1078': ['1078'], '1116': ['1116'], '1135': ['1135'], '1137': ['1137'], '1140': ['1140'], '1139': ['1139'], '1119': ['1119'], '1120': ['1120'], '1132': ['1132'], '1130': ['1130'], '1134': ['1134'], '1133': ['1133']})"
125,"defaultdict(<class 'list'>, {'1040': ['1040'], '1080': ['1080'], '1079': ['1079'], '1081': ['1081'], '1095': ['1095'], '1082': ['1082'], '1084': ['1084'], '1096': ['1096'], '1136': ['1136'], '1138': ['1138'], '1041': ['1041'], '1126': ['1126'], '1125': ['1125'], '1127': ['1127'], '1128': ['1128'], '1129': ['1129'], '1131': ['1131'], '1032': ['1032'], '1052': ['1052'], '1063': ['1063'], '1160': ['1160'], '1051': ['1051'], '1055': ['1055'], '1057': ['1057'], '1060': ['1060'], '1071': ['1071'], '1147': ['1147'], '1148': ['1148'], '1158': ['1158'], '1161': ['1161'], '1053': ['1053'], '1066': ['1066'], '1056': ['1056'], '1061': ['1061'], '1072': ['1072'], '1157': ['1157'], '1159': ['1159'], '1162': ['1162'], '1033': ['1033', '1153', '1154', '1155', '1152'], '1101': ['1101'], '1109': ['1109'], '1102': ['1102'], '1103': ['1103'], '1105': ['1105'], '1106': ['1106'], '1113': ['1113'], '1108': ['1108'], '1110': ['1110'], '1104': ['1104'], '1107': ['1107'], '1114': ['1114'], '1156': ['1156'], '1038': ['1038'], '1048': ['1048'], '1049': ['1049'], '1050': ['1050'], '1054': ['1054'], '1068': ['1068'], '1039': ['1039'], '1097': ['1097'], '1098': ['1098'], '1099': ['1099'], '1112': ['1112'], '1100': ['1100'], '1034': ['1034'], '1067': ['1067'], '1035': ['1035'], '1111': ['1111'], '1030': ['1030'], '1046': ['1046'], '1069': ['1069'], '1058': ['1058'], '1059': ['1059'], '1064': ['1064'], '1065': ['1065'], '1047': ['1047'], '1070': ['1070'], '1031': ['1031'], '1042': ['1042'], '1083': ['1083'], '1085': ['1085'], '1086': ['1086'], '1089': ['1089'], '1043': ['1043', '1121', '1122', '1123', '1045'], '1124': ['1124'], '1036': ['1036'], '1092': ['1092'], '1150': ['1150'], '1093': ['1093'], '1094': ['1094'], '1145': ['1145'], '1151': ['1151'], '1144': ['1144'], '1149': ['1149'], '1037': ['1037'], '1044': ['1044'], '1087': ['1087'], '1088': ['1088'], '1090': ['1090'], '1142': ['1142'], '1141': ['1141'], '1091': ['1091'], '1143': ['1143'], '1115': ['1115'], '1062': ['1062'], '1077': ['1077'], '1117': ['1117'], '1146': ['1146'], '1075': ['1075'], '1076': ['1076'], '1118': ['1118'], '1073': ['1073'], '1078': ['1078'], '1074': ['1074'], '1116': ['1116'], '1135': ['1135'], '1137': ['1137'], '1140': ['1140'], '1139': ['1139'], '1119': ['1119'], '1120': ['1120'], '1132': ['1132'], '1130': ['1130'], '1134': ['1134'], '1133': ['1133']})"
125,"defaultdict(<class 'list'>, {'1040': ['1040'], '1080': ['1080'], '1079': ['1079'], '1081': ['1081'], '1095': ['1095'], '1082': ['1082'], '1084': ['1084'], '1096': ['1096'], '1136': ['1136'], '1138': ['1138'], '1041': ['1041'], '1126': ['1126'], '1125': ['1125'], '1127': ['1127'], '1128': ['1128'], '1129': ['1129'], '1131': ['1131'], '1032': ['1032'], '1052': ['1052'], '1063': ['1063'], '1160': ['1160'], '1051': ['1051'], '1055': ['1055'], '1057': ['1057'], '1060': ['1060'], '1071': ['1071'], '1147': ['1147'], '1148': ['1148'], '1158': ['1158'], '1161': ['1161'], '1053': ['1053'], '1066': ['1066'], '1056': ['1056'], '1061': ['1061'], '1072': ['1072'], '1157': ['1157'], '1159': ['1159'], '1162': ['1162'], '1033': ['1033'], '1101': ['1101'], '1109': ['1109'], '1153': ['1153'], '1102': ['1102'], '1103': ['1103'], '1105': ['1105', '1106', '1107', '1058', '1059'], '1113': ['1113'], '1154': ['1154'], '1155': ['1155'], '1108': ['1108'], '1110': ['1110'], '1104': ['1104'], '1114': ['1114'], '1156': ['1156'], '1038': ['1038'], '1048': ['1048'], '1049': ['1049'], '1050': ['1050'], '1054': ['1054'], '1068': ['1068'], '1039': ['1039', '1097', '1098', '1099', '1035'], '1112': ['1112'], '1100': ['1100'], '1034': ['1034'], '1067': ['1067'], '1111': ['1111'], '1030': ['1030'], '1046': ['1046'], '1069': ['1069'], '1064': ['1064'], '1065': ['1065'], '1047': ['1047'], '1070': ['1070'], '1031': ['1031'], '1042': ['1042'], '1083': ['1083'], '1085': ['1085'], '1086': ['1086'], '1089': ['1089'], '1043': ['1043'], '1121': ['1121'], '1122': ['1122'], '1123': ['1123'], '1124': ['1124'], '1036': ['1036'], '1092': ['1092'], '1150': ['1150'], '1093': ['1093'], '1094': ['1094'], '1145': ['1145'], '1151': ['1151'], '1144': ['1144'], '1149': ['1149'], '1037': ['1037'], '1044': ['1044'], '1087': ['1087'], '1088': ['1088'], '1090': ['1090'], '1142': ['1142'], '1141': ['1141'], '1091': ['1091'], '1143': ['1143'], '1045': ['1045'], '1115': ['1115'], '1062': ['1062'], '1077': ['1077'], '1117': ['1117'], '1146': ['1146'], '1152': ['1152'], '1075': ['1075'], '1076': ['1076'], '1118': ['1118'], '1073': ['1073'], '1078': ['1078'], '1074': ['1074'], '1116': ['1116'], '1135': ['1135'], '1137': ['1137'], '1140': ['1140'], '1139': ['1139'], '1119': ['1119'], '1120': ['1120'], '1132': ['1132'], '1130': ['1130'], '1134': ['1134'], '1133': ['1133']})"
125,"defaultdict(<class 'list'>, {'1040': ['1040'], '1080': ['1080'], '1079': ['1079'], '1081': ['1081'], '1095': ['1095'], '1082': ['1082'], '1084': ['1084'], '1096': ['1096'], '1136': ['1136'], '1138': ['1138'], '1041': ['1041'], '1126': ['1126'], '1125': ['1125'], '1127': ['1127'], '1128': ['1128'], '1129': ['1129'], '1131': ['1131'], '1032': ['1032'], '1052': ['1052'], '1063': ['1063'], '1160': ['1160'], '1051': ['1051'], '1055': ['1055'], '1057': ['1057'], '1060': ['1060'], '1071': ['1071'], '1147': ['1147'], '1148': ['1148'], '1158': ['1158'], '1161': ['1161'], '1053': ['1053'], '1066': ['1066'], '1056': ['1056'], '1061': ['1061'], '1072': ['1072'], '1157': ['1157'], '1159': ['1159'], '1162': ['1162'], '1033': ['1033'], '1101': ['1101'], '1109': ['1109'], '1153': ['1153', '1154', '1155', '1156', '1152'], '1102': ['1102'], '1103': ['1103'], '1105': ['1105'], '1106': ['1106'], '1113': ['1113'], '1108': ['1108'], '1110': ['1110'], '1104': ['1104'], '1107': ['1107'], '1114': ['1114'], '1038': ['1038'], '1048': ['1048'], '1049': ['1049'], '1050': ['1050'], '1054': ['1054'], '1068': ['1068'], '1039': ['1039'], '1097': ['1097'], '1098': ['1098'], '1099': ['1099'], '1112': ['1112'], '1100': ['1100'], '1034': ['1034'], '1067': ['1067'], '1035': ['1035'], '1111': ['1111'], '1030': ['1030'], '1046': ['1046'], '1069': ['1069'], '1058': ['1058'], '1059': ['1059'], '1064': ['1064'], '1065': ['1065'], '1047': ['1047'], '1070': ['1070'], '1031': ['1031'], '1042': ['1042'], '1083': ['1083'], '1085': ['1085'], '1086': ['1086', '1089', '1044', '1087', '1090'], '1043': ['1043'], '1121': ['1121'], '1122': ['1122'], '1123': ['1123'], '1124': ['1124'], '1036': ['1036'], '1092': ['1092'], '1150': ['1150'], '1093': ['1093'], '1094': ['1094'], '1145': ['1145'], '1151': ['1151'], '1144': ['1144'], '1149': ['1149'], '1037': ['1037'], '1088': ['1088'], '1142': ['1142'], '1141': ['1141'], '1091': ['1091'], '1143': ['1143'], '1045': ['1045'], '1115': ['1115'], '1062': ['1062'], '1077': ['1077'], '1117': ['1117'], '1146': ['1146'], '1075': ['1075'], '1076': ['1076'], '1118': ['1118'], '1073': ['1073'], '1078': ['1078'], '1074': ['1074'], '1116': ['1116'], '1135': ['1135'], '1137': ['1137'], '1140': ['1140'], '1139': ['1139'], '1119': ['1119'], '1120': ['1120'], '1132': ['1132'], '1130': ['1130'], '1134': ['1134'], '1133': ['1133']})"
125,"defaultdict(<class 'list'>, {'1040': ['1040'], '1080': ['1080'], '1079': ['1079'], '1081': ['1081'], '1095': ['1095'], '1082': ['1082'], '1084': ['1084'], '1096': ['1096'], '1136': ['1136'], '1138': ['1138'], '1041': ['1041'], '1126': ['1126'], '1125': ['1125'], '1127': ['1127'], '1128': ['1128'], '1129': ['1129'], '1131': ['1131'], '1032': ['1032'], '1052': ['1052'], '1063': ['1063'], '1160': ['1160'], '1051': ['1051'], '1055': ['1055'], '1057': ['1057'], '1060': ['1060'], '1071': ['1071'], '1147': ['1147', '1148', '1158', '1157', '1159'], '1161': ['1161'], '1053': ['1053'], '1066': ['1066'], '1056': ['1056'], '1061': ['1061'], '1072': ['1072'], '1162': ['1162'], '1033': ['1033'], '1101': ['1101'], '1109': ['1109'], '1153': ['1153'], '1102': ['1102'], '1103': ['1103'], '1105': ['1105'], '1106': ['1106'], '1113': ['1113'], '1154': ['1154'], '1155': ['1155'], '1108': ['1108'], '1110': ['1110'], '1104': ['1104'], '1107': ['1107'], '1114': ['1114'], '1156': ['1156'], '1038': ['1038', '1048', '1068', '1034', '1067'], '1049': ['1049'], '1050': ['1050'], '1054': ['1054'], '1039': ['1039'], '1097': ['1097'], '1098': ['1098'], '1099': ['1099'], '1112': ['1112'], '1100': ['1100'], '1035': ['1035'], '1111': ['1111'], '1030': ['1030'], '1046': ['1046'], '1069': ['1069'], '1058': ['1058'], '1059': ['1059'], '1064': ['1064'], '1065': ['1065'], '1047': ['1047'], '1070': ['1070'], '1031': ['1031'], '1042': ['1042'], '1083': ['1083'], '1085': ['1085'], '1086': ['1086'], '1089': ['1089'], '1043': ['1043'], '1121': ['1121'], '1122': ['1122'], '1123': ['1123'], '1124': ['1124'], '1036': ['1036'], '1092': ['1092'], '1150': ['1150'], '1093': ['1093'], '1094': ['1094'], '1145': ['1145'], '1151': ['1151'], '1144': ['1144'], '1149': ['1149'], '1037': ['1037'], '1044': ['1044'], '1087': ['1087'], '1088': ['1088'], '1090': ['1090'], '1142': ['1142'], '1141': ['1141'], '1091': ['1091'], '1143': ['1143'], '1045': ['1045'], '1115': ['1115'], '1062': ['1062'], '1077': ['1077'], '1117': ['1117'], '1146': ['1146'], '1152': ['1152'], '1075': ['1075'], '1076': ['1076'], '1118': ['1118'], '1073': ['1073'], '1078': ['1078'], '1074': ['1074'], '1116': ['1116'], '1135': ['1135'], '1137': ['1137'], '1140': ['1140'], '1139': ['1139'], '1119': ['1119'], '1120': ['1120'], '1132': ['1132'], '1130': ['1130'], '1134': ['1134'], '1133': ['1133']})"
125,"defaultdict(<class 'list'>, {'1040': ['1040', '1080', '1079', '1081', '1078'], '1095': ['1095'], '1082': ['1082'], '1084': ['1084'], '1096': ['1096'], '1136': ['1136'], '1138': ['1138'], '1041': ['1041'], '1126': ['1126'], '1125': ['1125'], '1127': ['1127'], '1128': ['1128'], '1129': ['1129'], '1131': ['1131'], '1032': ['1032'], '1052': ['1052'], '1063': ['1063'], '1160': ['1160'], '1051': ['1051'], '1055': ['1055'], '1057': ['1057'], '1060': ['1060'], '1071': ['1071'], '1147': ['1147'], '1148': ['1148'], '1158': ['1158'], '1161': ['1161'], '1053': ['1053'], '1066': ['1066'], '1056': ['1056'], '1061': ['1061'], '1072': ['1072'], '1157': ['1157'], '1159': ['1159'], '1162': ['1162'], '1033': ['1033'], '1101': ['1101'], '1109': ['1109'], '1153': ['1153'], '1102': ['1102'], '1103': ['1103'], '1105': ['1105'], '1106': ['1106'], '1113': ['1113'], '1154': ['1154'], '1155': ['1155'], '1108': ['1108'], '1110': ['1110'], '1104': ['1104'], '1107': ['1107'], '1114': ['1114'], '1156': ['1156'], '1038': ['1038'], '1048': ['1048'], '1049': ['1049'], '1050': ['1050'], '1054': ['1054'], '1068': ['1068'], '1039': ['1039'], '1097': ['1097'], '1098': ['1098'], '1099': ['1099'], '1112': ['1112'], '1100': ['1100'], '1034': ['1034'], '1067': ['1067'], '1035': ['1035'], '1111': ['1111'], '1030': ['1030'], '1046': ['1046'], '1069': ['1069'], '1058': ['1058'], '1059': ['1059'], '1064': ['1064'], '1065': ['1065'], '1047': ['1047'], '1070': ['1070'], '1031': ['1031'], '1042': ['1042'], '1083': ['1083'], '1085': ['1085'], '1086': ['1086'], '1089': ['1089'], '1043': ['1043'], '1121': ['1121'], '1122': ['1122'], '1123': ['1123'], '1124': ['1124'], '1036': ['1036'], '1092': ['1092'], '1150': ['1150'], '1093': ['1093', '1094', '1151', '1149', '1037'], '1145': ['1145'], '1144': ['1144'], '1044': ['1044'], '1087': ['1087'], '1088': ['1088'], '1090': ['1090'], '1142': ['1142'], '1141': ['1141'], '1091': ['1091'], '1143': ['1143'], '1045': ['1045'], '1115': ['1115'], '1062': ['1062'], '1077': ['1077'], '1117': ['1117'], '1146': ['1146'], '1152': ['1152'], '1075': ['1075'], '1076': ['1076'], '1118': ['1118'], '1073': ['1073'], '1074': ['1074'], '1116': ['1116'], '1135': ['1135'], '1137': ['1137'], '1140': ['1140'], '1139': ['1139'], '1119': ['1119'], '1120': ['1120'], '1132': ['1132'], '1130': ['1130'], '1134': ['1134'], '1133': ['1133']})"
125,"defaultdict(<class 'list'>, {'1040': ['1040'], '1080': ['1080'], '1079': ['1079'], '1081': ['1081'], '1095': ['1095'], '1082': ['1082'], '1084': ['1084'], '1096': ['1096'], '1136': ['1136'], '1138': ['1138'], '1041': ['1041'], '1126': ['1126'], '1125': ['1125'], '1127': ['1127'], '1128': ['1128'], '1129': ['1129'], '1131': ['1131'], '1032': ['1032'], '1052': ['1052'], '1063': ['1063'], '1160': ['1160'], '1051': ['1051'], '1055': ['1055'], '1057': ['1057'], '1060': ['1060'], '1071': ['1071'], '1147': ['1147'], '1148': ['1148'], '1158': ['1158'], '1161': ['1161'], '1053': ['1053'], '1066': ['1066'], '1056': ['1056'], '1061': ['1061'], '1072': ['1072'], '1157': ['1157'], '1159': ['1159'], '1162': ['1162'], '1033': ['1033', '1153', '1154', '1155', '1152'], '1101': ['1101'], '1109': ['1109'], '1102': ['1102'], '1103': ['1103'], '1105': ['1105'], '1106': ['1106'], '1113': ['1113'], '1108': ['1108'], '1110': ['1110'], '1104': ['1104'], '1107': ['1107'], '1114': ['1114'], '1156': ['1156'], '1038': ['1038'], '1048': ['1048'], '1049': ['1049'], '1050': ['1050'], '1054': ['1054'], '1068': ['1068'], '1039': ['1039'], '1097': ['1097'], '1098': ['1098'], '1099': ['1099'], '1112': ['1112'], '1100': ['1100'], '1034': ['1034'], '1067': ['1067'], '1035': ['1035'], '1111': ['1111'], '1030': ['1030'], '1046': ['1046'], '1069': ['1069'], '1058': ['1058'], '1059': ['1059'], '1064': ['1064'], '1065': ['1065'], '1047': ['1047'], '1070': ['1070'], '1031': ['1031'], '1042': ['1042'], '1083': ['1083'], '1085': ['1085'], '1086': ['1086'], '1089': ['1089'], '1043': ['1043'], '1121': ['1121'], '1122': ['1122'], '1123': ['1123'], '1124': ['1124'], '1036': ['1036'], '1092': ['1092'], '1150': ['1150'], '1093': ['1093'], '1094': ['1094'], '1145': ['1145'], '1151': ['1151'], '1144': ['1144'], '1149': ['1149'], '1037': ['1037'], '1044': ['1044'], '1087': ['1087'], '1088': ['1088'], '1090': ['1090'], '1142': ['1142'], '1141': ['1141'], '1091': ['1091'], '1143': ['1143'], '1045': ['1045'], '1115': ['1115'], '1062': ['1062'], '1077': ['1077'], '1117': ['1117', '1118', '1116', '1119', '1120'], '1146': ['1146'], '1075': ['1075'], '1076': ['1076'], '1073': ['1073'], '1078': ['1078'], '1074': ['1074'], '1135': ['1135'], '1137': ['1137'], '1140': ['1140'], '1139': ['1139'], '1132': ['1132'], '1130': ['1130'], '1134': ['1134'], '1133': ['1133']})"
125,"defaultdict(<class 'list'>, {'1040': ['1040'], '1080': ['1080', '1079', '1077', '1076', '1078'], '1081': ['1081'], '1095': ['1095'], '1082': ['1082'], '1084': ['1084'], '1096': ['1096'], '1136': ['1136'], '1138': ['1138'], '1041': ['1041', '1126', '1125', '1127', '1124'], '1128': ['1128'], '1129': ['1129'], '1131': ['1131'], '1032': ['1032'], '1052': ['1052'], '1063': ['1063'], '1160': ['1160'], '1051': ['1051'], '1055': ['1055'], '1057': ['1057'], '1060': ['1060'], '1071': ['1071'], '1147': ['1147'], '1148': ['1148'], '1158': ['1158'], '1161': ['1161'], '1053': ['1053'], '1066': ['1066'], '1056': ['1056'], '1061': ['1061'], '1072': ['1072'], '1157': ['1157'], '1159': ['1159'], '1162': ['1162'], '1033': ['1033'], '1101': ['1101'], '1109': ['1109'], '1153': ['1153'], '1102': ['1102'], '1103': ['1103'], '1105': ['1105'], '1106': ['1106'], '1113': ['1113'], '1154': ['1154'], '1155': ['1155'], '1108': ['1108'], '1110': ['1110'], '1104': ['1104'], '1107': ['1107'], '1114': ['1114'], '1156': ['1156'], '1038': ['1038'], '1048': ['1048'], '1049': ['1049'], '1050': ['1050'], '1054': ['1054'], '1068': ['1068'], '1039': ['1039'], '1097': ['1097'], '1098': ['1098'], '1099': ['1099'], '1112': ['1112'], '1100': ['1100'], '1034': ['1034'], '1067': ['1067'], '1035': ['1035'], '1111': ['1111'], '1030': ['1030'], '1046': ['1046'], '1069': ['1069'], '1058': ['1058'], '1059': ['1059'], '1064': ['1064'], '1065': ['1065'], '1047': ['1047'], '1070': ['1070'], '1031': ['1031'], '1042': ['1042'], '1083': ['1083'], '1085': ['1085'], '1086': ['1086'], '1089': ['1089'], '1043': ['1043'], '1121': ['1121'], '1122': ['1122'], '1123': ['1123'], '1036': ['1036'], '1092': ['1092'], '1150': ['1150'], '1093': ['1093'], '1094': ['1094'], '1145': ['1145'], '1151': ['1151'], '1144': ['1144'], '1149': ['1149'], '1037': ['1037'], '1044': ['1044'], '1087': ['1087'], '1088': ['1088'], '1090': ['1090'], '1142': ['1142'], '1141': ['1141'], '1091': ['1091'], '1143': ['1143'], '1045': ['1045'], '1115': ['1115'], '1062': ['1062'], '1117': ['1117'], '1146': ['1146'], '1152': ['1152'], '1075': ['1075'], '1118': ['1118'], '1073': ['1073'], '1074': ['1074'], '1116': ['1116'], '1135': ['1135'], '1137': ['1137'], '1140': ['1140'], '1139': ['1139'], '1119': ['1119'], '1120': ['1120'], '1132': ['1132'], '1130': ['1130'], '1134': ['1134'], '1133': ['1133']})"
125,"defaultdict(<class 'list'>, {'1040': ['1040'], '1080': ['1080'], '1079': ['1079'], '1081': ['1081'], '1095': ['1095'], '1082': ['1082'], '1084': ['1084'], '1096': ['1096'], '1136': ['1136'], '1138': ['1138'], '1041': ['1041'], '1126': ['1126'], '1125': ['1125'], '1127': ['1127'], '1128': ['1128'], '1129': ['1129'], '1131': ['1131'], '1032': ['1032'], '1052': ['1052'], '1063': ['1063'], '1160': ['1160'], '1051': ['1051'], '1055': ['1055'], '1057': ['1057'], '1060': ['1060'], '1071': ['1071'], '1147': ['1147'], '1148': ['1148'], '1158': ['1158'], '1161': ['1161'], '1053': ['1053'], '1066': ['1066'], '1056': ['1056'], '1061': ['1061'], '1072': ['1072'], '1157': ['1157'], '1159': ['1159'], '1162': ['1162'], '1033': ['1033'], '1101': ['1101'], '1109': ['1109'], '1153': ['1153'], '1102': ['1102'], '1103': ['1103'], '1105': ['1105'], '1106': ['1106'], '1113': ['1113'], '1154': ['1154'], '1155': ['1155'], '1108': ['1108'], '1110': ['1110'], '1104': ['1104'], '1107': ['1107'], '1114': ['1114'], '1156': ['1156'], '1038': ['1038'], '1048': ['1048'], '1049': ['1049'], '1050': ['1050'], '1054': ['1054'], '1068': ['1068'], '1039': ['1039'], '1097': ['1097'], '1098': ['1098'], '1099': ['1099'], '1112': ['1112'], '1100': ['1100'], '1034': ['1034'], '1067': ['1067'], '1035': ['1035'], '1111': ['1111'], '1030': ['1030'], '1046': ['1046'], '1069': ['1069'], '1058': ['1058'], '1059': ['1059'], '1064': ['1064'], '1065': ['1065'], '1047': ['1047'], '1070': ['1070'], '1031': ['1031'], '1042': ['1042'], '1083': ['1083'], '1085': ['1085'], '1086': ['1086'], '1089': ['1089'], '1043': ['1043'], '1121': ['1121'], '1122': ['1122'], '1123': ['1123'], '1124': ['1124'], '1036': ['1036'], '1092': ['1092'], '1150': ['1150'], '1093': ['1093'], '1094': ['1094'], '1145': ['1145'], '1151': ['1151'], '1144': ['1144'], '1149': ['1149'], '1037': ['1037'], '1044': ['1044'], '1087': ['1087'], '1088': ['1088', '1142', '1141', '1143', '1140'], '1090': ['1090'], '1091': ['1091'], '1045': ['1045'], '1115': ['1115'], '1062': ['1062'], '1077': ['1077'], '1117': ['1117', '1118', '1116', '1119', '1120'], '1146': ['1146'], '1152': ['1152'], '1075': ['1075'], '1076': ['1076'], '1073': ['1073'], '1078': ['1078'], '1074': ['1074'], '1135': ['1135'], '1137': ['1137'], '1139': ['1139'], '1132': ['1132'], '1130': ['1130'], '1134': ['1134'], '1133': ['1133']})"
125,"defaultdict(<class 'list'>, {'1040': ['1040'], '1080': ['1080'], '1079': ['1079'], '1081': ['1081'], '1095': ['1095'], '1082': ['1082'], '1084': ['1084', '1042', '1085', '1086', '1087'], '1096': ['1096'], '1136': ['1136'], '1138': ['1138'], '1041': ['1041'], '1126': ['1126'], '1125': ['1125'], '1127': ['1127'], '1128': ['1128'], '1129': ['1129'], '1131': ['1131'], '1032': ['1032'], '1052': ['1052'], '1063': ['1063'], '1160': ['1160'], '1051': ['1051'], '1055': ['1055'], '1057': ['1057'], '1060': ['1060'], '1071': ['1071'], '1147': ['1147'], '1148': ['1148'], '1158': ['1158'], '1161': ['1161'], '1053': ['1053'], '1066': ['1066'], '1056': ['1056'], '1061': ['1061'], '1072': ['1072'], '1157': ['1157'], '1159': ['1159'], '1162': ['1162'], '1033': ['1033'], '1101': ['1101'], '1109': ['1109'], '1153': ['1153'], '1102': ['1102'], '1103': ['1103'], '1105': ['1105'], '1106': ['1106'], '1113': ['1113'], '1154': ['1154'], '1155': ['1155'], '1108': ['1108'], '1110': ['1110'], '1104': ['1104'], '1107': ['1107'], '1114': ['1114'], '1156': ['1156'], '1038': ['1038'], '1048': ['1048'], '1049': ['1049'], '1050': ['1050'], '1054': ['1054'], '1068': ['1068'], '1039': ['1039'], '1097': ['1097'], '1098': ['1098'], '1099': ['1099'], '1112': ['1112'], '1100': ['1100'], '1034': ['1034'], '1067': ['1067'], '1035': ['1035'], '1111': ['1111'], '1030': ['1030'], '1046': ['1046'], '1069': ['1069'], '1058': ['1058'], '1059': ['1059'], '1064': ['1064'], '1065': ['1065'], '1047': ['1047'], '1070': ['1070'], '1031': ['1031'], '1083': ['1083'], '1089': ['1089'], '1043': ['1043'], '1121': ['1121'], '1122': ['1122'], '1123': ['1123'], '1124': ['1124'], '1036': ['1036'], '1092': ['1092'], '1150': ['1150'], '1093': ['1093'], '1094': ['1094'], '1145': ['1145'], '1151': ['1151'], '1144': ['1144'], '1149': ['1149'], '1037': ['1037'], '1044': ['1044'], '1088': ['1088'], '1090': ['1090'], '1142': ['1142'], '1141': ['1141'], '1091': ['1091'], '1143': ['1143'], '1045': ['1045'], '1115': ['1115'], '1062': ['1062'], '1077': ['1077'], '1117': ['1117', '1118', '1116', '1119', '1120'], '1146': ['1146'], '1152': ['1152'], '1075': ['1075'], '1076': ['1076'], '1073': ['1073'], '1078': ['1078'], '1074': ['1074'], '1135': ['1135'], '1137': ['1137'], '1140': ['1140'], '1139': ['1139'], '1132': ['1132'], '1130': ['1130'], '1134': ['1134'], '1133': ['1133']})"
125,"defaultdict(<class 'list'>, {'1040': ['1040'], '1080': ['1080'], '1079': ['1079'], '1081': ['1081'], '1095': ['1095'], '1082': ['1082'], '1084': ['1084'], '1096': ['1096'], '1136': ['1136'], '1138': ['1138'], '1041': ['1041'], '1126': ['1126'], '1125': ['1125'], '1127': ['1127'], '1128': ['1128'], '1129': ['1129'], '1131': ['1131'], '1032': ['1032'], '1052': ['1052'], '1063': ['1063'], '1160': ['1160'], '1051': ['1051'], '1055': ['1055'], '1057': ['1057'], '1060': ['1060'], '1071': ['1071'], '1147': ['1147'], '1148': ['1148'], '1158': ['1158'], '1161': ['1161'], '1053': ['1053'], '1066': ['1066'], '1056': ['1056'], '1061': ['1061'], '1072': ['1072'], '1157': ['1157'], '1159': ['1159'], '1162': ['1162'], '1033': ['1033'], '1101': ['1101', '1102', '1098', '1099', '1100'], '1109': ['1109'], '1153': ['1153'], '1103': ['1103'], '1105': ['1105'], '1106': ['1106'], '1113': ['1113'], '1154': ['1154'], '1155': ['1155'], '1108': ['1108'], '1110': ['1110'], '1104': ['1104'], '1107': ['1107'], '1114': ['1114'], '1156': ['1156'], '1038': ['1038', '1048', '1068', '1034', '1067'], '1049': ['1049'], '1050': ['1050'], '1054': ['1054'], '1039': ['1039'], '1097': ['1097'], '1112': ['1112'], '1035': ['1035'], '1111': ['1111'], '1030': ['1030'], '1046': ['1046'], '1069': ['1069'], '1058': ['1058'], '1059': ['1059'], '1064': ['1064'], '1065': ['1065'], '1047': ['1047'], '1070': ['1070'], '1031': ['1031'], '1042': ['1042'], '1083': ['1083'], '1085': ['1085'], '1086': ['1086'], '1089': ['1089'], '1043': ['1043'], '1121': ['1121'], '1122': ['1122'], '1123': ['1123'], '1124': ['1124'], '1036': ['1036'], '1092': ['1092'], '1150': ['1150'], '1093': ['1093'], '1094': ['1094'], '1145': ['1145'], '1151': ['1151'], '1144': ['1144'], '1149': ['1149'], '1037': ['1037'], '1044': ['1044'], '1087': ['1087'], '1088': ['1088'], '1090': ['1090'], '1142': ['1142'], '1141': ['1141'], '1091': ['1091'], '1143': ['1143'], '1045': ['1045'], '1115': ['1115'], '1062': ['1062'], '1077': ['1077'], '1117': ['1117'], '1146': ['1146'], '1152': ['1152'], '1075': ['1075'], '1076': ['1076'], '1118': ['1118'], '1073': ['1073'], '1078': ['1078'], '1074': ['1074'], '1116': ['1116'], '1135': ['1135'], '1137': ['1137'], '1140': ['1140'], '1139': ['1139'], '1119': ['1119'], '1120': ['1120'], '1132': ['1132'], '1130': ['1130'], '1134': ['1134'], '1133': ['1133']})"
125,"defaultdict(<class 'list'>, {'1040': ['1040'], '1080': ['1080'], '1079': ['1079'], '1081': ['1081'], '1095': ['1095'], '1082': ['1082'], '1084': ['1084'], '1096': ['1096'], '1136': ['1136'], '1138': ['1138'], '1041': ['1041', '1126', '1125', '1127', '1124'], '1128': ['1128'], '1129': ['1129'], '1131': ['1131'], '1032': ['1032'], '1052': ['1052'], '1063': ['1063'], '1160': ['1160'], '1051': ['1051'], '1055': ['1055'], '1057': ['1057'], '1060': ['1060'], '1071': ['1071'], '1147': ['1147'], '1148': ['1148'], '1158': ['1158'], '1161': ['1161'], '1053': ['1053'], '1066': ['1066'], '1056': ['1056'], '1061': ['1061'], '1072': ['1072'], '1157': ['1157'], '1159': ['1159'], '1162': ['1162'], '1033': ['1033'], '1101': ['1101'], '1109': ['1109'], '1153': ['1153'], '1102': ['1102'], '1103': ['1103'], '1105': ['1105'], '1106': ['1106'], '1113': ['1113'], '1154': ['1154'], '1155': ['1155'], '1108': ['1108'], '1110': ['1110'], '1104': ['1104'], '1107': ['1107'], '1114': ['1114'], '1156': ['1156'], '1038': ['1038'], '1048': ['1048'], '1049': ['1049'], '1050': ['1050'], '1054': ['1054'], '1068': ['1068'], '1039': ['1039'], '1097': ['1097'], '1098': ['1098'], '1099': ['1099'], '1112': ['1112'], '1100': ['1100'], '1034': ['1034'], '1067': ['1067'], '1035': ['1035'], '1111': ['1111'], '1030': ['1030'], '1046': ['1046'], '1069': ['1069'], '1058': ['1058'], '1059': ['1059'], '1064': ['1064'], '1065': ['1065'], '1047': ['1047'], '1070': ['1070'], '1031': ['1031'], '1042': ['1042'], '1083': ['1083'], '1085': ['1085'], '1086': ['1086'], '1089': ['1089'], '1043': ['1043'], '1121': ['1121'], '1122': ['1122'], '1123': ['1123'], '1036': ['1036'], '1092': ['1092'], '1150': ['1150'], '1093': ['1093'], '1094': ['1094'], '1145': ['1145'], '1151': ['1151'], '1144': ['1144'], '1149': ['1149'], '1037': ['1037'], '1044': ['1044'], '1087': ['1087'], '1088': ['1088'], '1090': ['1090'], '1142': ['1142'], '1141': ['1141'], '1091': ['1091'], '1143': ['1143'], '1045': ['1045'], '1115': ['1115'], '1062': ['1062'], '1077': ['1077'], '1117': ['1117', '1118', '1116', '1119', '1120'], '1146': ['1146'], '1152': ['1152'], '1075': ['1075'], '1076': ['1076'], '1073': ['1073'], '1078': ['1078'], '1074': ['1074'], '1135': ['1135'], '1137': ['1137'], '1140': ['1140'], '1139': ['1139'], '1132': ['1132'], '1130': ['1130'], '1134': ['1134'], '1133': ['1133']})"
125,"defaultdict(<class 'list'>, {'1040': ['1040'], '1080': ['1080'], '1079': ['1079'], '1081': ['1081'], '1095': ['1095'], '1082': ['1082'], '1084': ['1084'], '1096': ['1096'], '1136': ['1136'], '1138': ['1138'], '1041': ['1041'], '1126': ['1126'], '1125': ['1125'], '1127': ['1127'], '1128': ['1128'], '1129': ['1129'], '1131': ['1131'], '1032': ['1032'], '1052': ['1052'], '1063': ['1063'], '1160': ['1160'], '1051': ['1051'], '1055': ['1055'], '1057': ['1057'], '1060': ['1060'], '1071': ['1071'], '1147': ['1147'], '1148': ['1148'], '1158': ['1158'], '1161': ['1161'], '1053': ['1053'], '1066': ['1066'], '1056': ['1056'], '1061': ['1061'], '1072': ['1072'], '1157': ['1157'], '1159': ['1159'], '1162': ['1162'], '1033': ['1033'], '1101': ['1101'], '1109': ['1109'], '1153': ['1153'], '1102': ['1102'], '1103': ['1103'], '1105': ['1105'], '1106': ['1106'], '1113': ['1113'], '1154': ['1154'], '1155': ['1155'], '1108': ['1108'], '1110': ['1110'], '1104': ['1104'], '1107': ['1107'], '1114': ['1114'], '1156': ['1156'], '1038': ['1038', '1048', '1068', '1034', '1067'], '1049': ['1049'], '1050': ['1050'], '1054': ['1054'], '1039': ['1039'], '1097': ['1097'], '1098': ['1098'], '1099': ['1099'], '1112': ['1112'], '1100': ['1100'], '1035': ['1035'], '1111': ['1111'], '1030': ['1030', '1046', '1069', '1047', '1070'], '1058': ['1058'], '1059': ['1059'], '1064': ['1064'], '1065': ['1065'], '1031': ['1031'], '1042': ['1042'], '1083': ['1083'], '1085': ['1085'], '1086': ['1086'], '1089': ['1089'], '1043': ['1043'], '1121': ['1121'], '1122': ['1122'], '1123': ['1123'], '1124': ['1124'], '1036': ['1036'], '1092': ['1092'], '1150': ['1150'], '1093': ['1093'], '1094': ['1094'], '1145': ['1145'], '1151': ['1151'], '1144': ['1144'], '1149': ['1149'], '1037': ['1037'], '1044': ['1044'], '1087': ['1087'], '1088': ['1088'], '1090': ['1090'], '1142': ['1142'], '1141': ['1141'], '1091': ['1091'], '1143': ['1143'], '1045': ['1045'], '1115': ['1115'], '1062': ['1062'], '1077': ['1077'], '1117': ['1117'], '1146': ['1146'], '1152': ['1152'], '1075': ['1075'], '1076': ['1076'], '1118': ['1118'], '1073': ['1073'], '1078': ['1078'], '1074': ['1074'], '1116': ['1116'], '1135': ['1135'], '1137': ['1137'], '1140': ['1140'], '1139': ['1139'], '1119': ['1119'], '1120': ['1120'], '1132': ['1132'], '1130': ['1130'], '1134': ['1134'], '1133': ['1133']})"
125,"defaultdict(<class 'list'>, {'1040': ['1040', '1080', '1079', '1081', '1078'], '1095': ['1095'], '1082': ['1082'], '1084': ['1084'], '1096': ['1096'], '1136': ['1136'], '1138': ['1138'], '1041': ['1041'], '1126': ['1126'], '1125': ['1125'], '1127': ['1127'], '1128': ['1128'], '1129': ['1129'], '1131': ['1131'], '1032': ['1032'], '1052': ['1052'], '1063': ['1063'], '1160': ['1160', '1147', '1161', '1145', '1146'], '1051': ['1051'], '1055': ['1055'], '1057': ['1057'], '1060': ['1060'], '1071': ['1071'], '1148': ['1148'], '1158': ['1158'], '1053': ['1053'], '1066': ['1066'], '1056': ['1056'], '1061': ['1061'], '1072': ['1072'], '1157': ['1157'], '1159': ['1159'], '1162': ['1162'], '1033': ['1033'], '1101': ['1101'], '1109': ['1109'], '1153': ['1153'], '1102': ['1102'], '1103': ['1103'], '1105': ['1105'], '1106': ['1106'], '1113': ['1113'], '1154': ['1154'], '1155': ['1155'], '1108': ['1108'], '1110': ['1110'], '1104': ['1104'], '1107': ['1107'], '1114': ['1114'], '1156': ['1156'], '1038': ['1038'], '1048': ['1048'], '1049': ['1049'], '1050': ['1050'], '1054': ['1054'], '1068': ['1068'], '1039': ['1039'], '1097': ['1097'], '1098': ['1098'], '1099': ['1099'], '1112': ['1112'], '1100': ['1100'], '1034': ['1034'], '1067': ['1067'], '1035': ['1035'], '1111': ['1111'], '1030': ['1030'], '1046': ['1046'], '1069': ['1069'], '1058': ['1058'], '1059': ['1059'], '1064': ['1064'], '1065': ['1065'], '1047': ['1047'], '1070': ['1070'], '1031': ['1031'], '1042': ['1042'], '1083': ['1083'], '1085': ['1085'], '1086': ['1086'], '1089': ['1089'], '1043': ['1043'], '1121': ['1121'], '1122': ['1122'], '1123': ['1123'], '1124': ['1124'], '1036': ['1036'], '1092': ['1092'], '1150': ['1150'], '1093': ['1093'], '1094': ['1094'], '1151': ['1151'], '1144': ['1144'], '1149': ['1149'], '1037': ['1037'], '1044': ['1044'], '1087': ['1087'], '1088': ['1088'], '1090': ['1090'], '1142': ['1142'], '1141': ['1141'], '1091': ['1091'], '1143': ['1143'], '1045': ['1045'], '1115': ['1115'], '1062': ['1062'], '1077': ['1077'], '1117': ['1117'], '1152': ['1152'], '1075': ['1075'], '1076': ['1076'], '1118': ['1118'], '1073': ['1073'], '1074': ['1074'], '1116': ['1116'], '1135': ['1135'], '1137': ['1137'], '1140': ['1140'], '1139': ['1139'], '1119': ['1119'], '1120': ['1120'], '1132': ['1132'], '1130': ['1130'], '1134': ['1134'], '1133': ['1133']})"
125,"defaultdict(<class 'list'>, {'1040': ['1040'], '1080': ['1080'], '1079': ['1079'], '1081': ['1081'], '1095': ['1095'], '1082': ['1082'], '1084': ['1084'], '1096': ['1096'], '1136': ['1136'], '1138': ['1138'], '1041': ['1041'], '1126': ['1126'], '1125': ['1125'], '1127': ['1127'], '1128': ['1128', '1129', '1132', '1130', '1134'], '1131': ['1131'], '1032': ['1032'], '1052': ['1052'], '1063': ['1063'], '1160': ['1160'], '1051': ['1051'], '1055': ['1055'], '1057': ['1057'], '1060': ['1060'], '1071': ['1071'], '1147': ['1147'], '1148': ['1148'], '1158': ['1158'], '1161': ['1161'], '1053': ['1053'], '1066': ['1066'], '1056': ['1056'], '1061': ['1061'], '1072': ['1072'], '1157': ['1157'], '1159': ['1159'], '1162': ['1162'], '1033': ['1033'], '1101': ['1101'], '1109': ['1109'], '1153': ['1153'], '1102': ['1102'], '1103': ['1103'], '1105': ['1105'], '1106': ['1106'], '1113': ['1113'], '1154': ['1154'], '1155': ['1155'], '1108': ['1108'], '1110': ['1110'], '1104': ['1104'], '1107': ['1107'], '1114': ['1114'], '1156': ['1156'], '1038': ['1038'], '1048': ['1048'], '1049': ['1049'], '1050': ['1050'], '1054': ['1054'], '1068': ['1068'], '1039': ['1039'], '1097': ['1097'], '1098': ['1098'], '1099': ['1099'], '1112': ['1112'], '1100': ['1100'], '1034': ['1034'], '1067': ['1067'], '1035': ['1035'], '1111': ['1111'], '1030': ['1030'], '1046': ['1046'], '1069': ['1069'], '1058': ['1058'], '1059': ['1059'], '1064': ['1064'], '1065': ['1065'], '1047': ['1047'], '1070': ['1070'], '1031': ['1031'], '1042': ['1042'], '1083': ['1083'], '1085': ['1085'], '1086': ['1086'], '1089': ['1089'], '1043': ['1043'], '1121': ['1121'], '1122': ['1122'], '1123': ['1123'], '1124': ['1124'], '1036': ['1036'], '1092': ['1092'], '1150': ['1150'], '1093': ['1093'], '1094': ['1094'], '1145': ['1145'], '1151': ['1151'], '1144': ['1144'], '1149': ['1149'], '1037': ['1037'], '1044': ['1044'], '1087': ['1087'], '1088': ['1088', '1142', '1141', '1143', '1140'], '1090': ['1090'], '1091': ['1091'], '1045': ['1045'], '1115': ['1115'], '1062': ['1062'], '1077': ['1077'], '1117': ['1117'], '1146': ['1146'], '1152': ['1152'], '1075': ['1075'], '1076': ['1076'], '1118': ['1118'], '1073': ['1073'], '1078': ['1078'], '1074': ['1074'], '1116': ['1116'], '1135': ['1135'], '1137': ['1137'], '1139': ['1139'], '1119': ['1119'], '1120': ['1120'], '1133': ['1133']})"
127,"defaultdict(<class 'list'>, {'1040': ['1040'], '1080': ['1080'], '1079': ['1079'], '1081': ['1081'], '1095': ['1095'], '1082': ['1082'], '1084': ['1084'], '1096': ['1096'], '1136': ['1136'], '1138': ['1138'], '1041': ['1041'], '1126': ['1126'], '1125': ['1125'], '1127': ['1127'], '1128': ['1128'], '1129': ['1129'], '1131': ['1131'], '1032': ['1032'], '1052': ['1052'], '1063': ['1063'], '1160': ['1160'], '1051': ['1051'], '1055': ['1055'], '1057': ['1057'], '1060': ['1060'], '1071': ['1071'], '1147': ['1147'], '1148': ['1148'], '1158': ['1158'], '1161': ['1161'], '1053': ['1053'], '1066': ['1066'], '1056': ['1056'], '1061': ['1061'], '1072': ['1072'], '1157': ['1157'], '1159': ['1159'], '1162': ['1162'], '1033': ['1033', '1101', '1109', '1153', '1100'], '1102': ['1102'], '1103': ['1103'], '1105': ['1105'], '1106': ['1106'], '1113': ['1113'], '1154': ['1154', '1151', '1152'], '1155': ['1155'], '1108': ['1108'], '1110': ['1110'], '1104': ['1104'], '1107': ['1107'], '1114': ['1114'], '1156': ['1156'], '1038': ['1038'], '1048': ['1048'], '1049': ['1049'], '1050': ['1050'], '1054': ['1054'], '1068': ['1068'], '1039': ['1039'], '1097': ['1097'], '1098': ['1098'], '1099': ['1099'], '1112': ['1112'], '1034': ['1034'], '1067': ['1067'], '1035': ['1035'], '1111': ['1111'], '1030': ['1030'], '1046': ['1046'], '1069': ['1069'], '1058': ['1058'], '1059': ['1059'], '1064': ['1064'], '1065': ['1065'], '1047': ['1047'], '1070': ['1070'], '1031': ['1031'], '1042': ['1042'], '1083': ['1083'], '1085': ['1085'], '1086': ['1086'], '1089': ['1089'], '1043': ['1043'], '1121': ['1121'], '1122': ['1122'], '1123': ['1123'], '1124': ['1124'], '1036': ['1036'], '1092': ['1092'], '1150': ['1150'], '1093': ['1093'], '1094': ['1094'], '1145': ['1145'], '1144': ['1144'], '1149': ['1149'], '1037': ['1037'], '1044': ['1044'], '1087': ['1087'], '1088': ['1088'], '1090': ['1090'], '1142': ['1142'], '1141': ['1141'], '1091': ['1091'], '1143': ['1143'], '1045': ['1045'], '1115': ['1115'], '1062': ['1062'], '1077': ['1077'], '1117': ['1117'], '1146': ['1146'], '1075': ['1075'], '1076': ['1076'], '1118': ['1118'], '1073': ['1073'], '1078': ['1078'], '1074': ['1074'], '1116': ['1116'], '1135': ['1135'], '1137': ['1137'], '1140': ['1140'], '1139': ['1139'], '1119': ['1119'], '1120': ['1120'], '1132': ['1132'], '1130': ['1130'], '1134': ['1134'], '1133': ['1133']})"
129,"defaultdict(<class 'list'>, {'1040': ['1040'], '1080': ['1080'], '1079': ['1079'], '1081': ['1081'], '1095': ['1095'], '1082': ['1082'], '1084': ['1084'], '1096': ['1096'], '1136': ['1136'], '1138': ['1138'], '1041': ['1041'], '1126': ['1126'], '1125': ['1125'], '1127': ['1127'], '1128': ['1128'], '1129': ['1129'], '1131': ['1131'], '1032': ['1032'], '1052': ['1052'], '1063': ['1063'], '1160': ['1160', '1147', '1161', '1145', '1146'], '1051': ['1051'], '1055': ['1055'], '1057': ['1057'], '1060': ['1060'], '1071': ['1071'], '1148': ['1148'], '1158': ['1158'], '1053': ['1053'], '1066': ['1066'], '1056': ['1056'], '1061': ['1061'], '1072': ['1072'], '1157': ['1157'], '1159': ['1159'], '1162': ['1162'], '1033': ['1033'], '1101': ['1101'], '1109': ['1109'], '1153': ['1153'], '1102': ['1102'], '1103': ['1103'], '1105': ['1105'], '1106': ['1106'], '1113': ['1113'], '1154': ['1154'], '1155': ['1155'], '1108': ['1108'], '1110': ['1110'], '1104': ['1104'], '1107': ['1107'], '1114': ['1114'], '1156': ['1156'], '1038': ['1038'], '1048': ['1048'], '1049': ['1049'], '1050': ['1050'], '1054': ['1054'], '1068': ['1068'], '1039': ['1039'], '1097': ['1097'], '1098': ['1098'], '1099': ['1099'], '1112': ['1112'], '1100': ['1100'], '1034': ['1034'], '1067': ['1067'], '1035': ['1035'], '1111': ['1111'], '1030': ['1030'], '1046': ['1046'], '1069': ['1069'], '1058': ['1058'], '1059': ['1059'], '1064': ['1064'], '1065': ['1065'], '1047': ['1047'], '1070': ['1070'], '1031': ['1031'], '1042': ['1042'], '1083': ['1083'], '1085': ['1085'], '1086': ['1086'], '1089': ['1089'], '1043': ['1043'], '1121': ['1121'], '1122': ['1122'], '1123': ['1123'], '1124': ['1124'], '1036': ['1036'], '1092': ['1092'], '1150': ['1150'], '1093': ['1093'], '1094': ['1094'], '1151': ['1151'], '1144': ['1144'], '1149': ['1149'], '1037': ['1037'], '1044': ['1044'], '1087': ['1087'], '1088': ['1088'], '1090': ['1090'], '1142': ['1142'], '1141': ['1141'], '1091': ['1091'], '1143': ['1143'], '1045': ['1045'], '1115': ['1115'], '1062': ['1062'], '1077': ['1077'], '1117': ['1117'], '1152': ['1152'], '1075': ['1075'], '1076': ['1076'], '1118': ['1118'], '1073': ['1073'], '1078': ['1078'], '1074': ['1074'], '1116': ['1116'], '1135': ['1135'], '1137': ['1137'], '1140': ['1140'], '1139': ['1139'], '1119': ['1119'], '1120': ['1120'], '1132': ['1132'], '1130': ['1130'], '1134': ['1134'], '1133': ['1133']})"
129,"defaultdict(<class 'list'>, {'1040': ['1040'], '1080': ['1080'], '1079': ['1079'], '1081': ['1081'], '1095': ['1095'], '1082': ['1082'], '1084': ['1084'], '1096': ['1096'], '1136': ['1136'], '1138': ['1138'], '1041': ['1041'], '1126': ['1126'], '1125': ['1125'], '1127': ['1127'], '1128': ['1128'], '1129': ['1129'], '1131': ['1131'], '1032': ['1032'], '1052': ['1052'], '1063': ['1063'], '1160': ['1160'], '1051': ['1051'], '1055': ['1055'], '1057': ['1057'], '1060': ['1060'], '1071': ['1071'], '1147': ['1147'], '1148': ['1148'], '1158': ['1158'], '1161': ['1161'], '1053': ['1053'], '1066': ['1066'], '1056': ['1056'], '1061': ['1061'], '1072': ['1072'], '1157': ['1157'], '1159': ['1159'], '1162': ['1162'], '1033': ['1033'], '1101': ['1101'], '1109': ['1109'], '1153': ['1153'], '1102': ['1102'], '1103': ['1103'], '1105': ['1105'], '1106': ['1106'], '1113': ['1113'], '1154': ['1154'], '1155': ['1155'], '1108': ['1108'], '1110': ['1110'], '1104': ['1104'], '1107': ['1107'], '1114': ['1114'], '1156': ['1156'], '1038': ['1038'], '1048': ['1048'], '1049': ['1049'], '1050': ['1050'], '1054': ['1054'], '1068': ['1068'], '1039': ['1039'], '1097': ['1097'], '1098': ['1098'], '1099': ['1099'], '1112': ['1112'], '1100': ['1100'], '1034': ['1034'], '1067': ['1067'], '1035': ['1035'], '1111': ['1111'], '1030': ['1030'], '1046': ['1046'], '1069': ['1069'], '1058': ['1058'], '1059': ['1059'], '1064': ['1064'], '1065': ['1065'], '1047': ['1047'], '1070': ['1070'], '1031': ['1031'], '1042': ['1042'], '1083': ['1083'], '1085': ['1085'], '1086': ['1086'], '1089': ['1089'], '1043': ['1043'], '1121': ['1121'], '1122': ['1122'], '1123': ['1123'], '1124': ['1124'], '1036': ['1036'], '1092': ['1092'], '1150': ['1150'], '1093': ['1093'], '1094': ['1094'], '1145': ['1145'], '1151': ['1151'], '1144': ['1144'], '1149': ['1149'], '1037': ['1037'], '1044': ['1044'], '1087': ['1087'], '1088': ['1088'], '1090': ['1090'], '1142': ['1142'], '1141': ['1141'], '1091': ['1091'], '1143': ['1143'], '1045': ['1045'], '1115': ['1115', '1118', '1116', '1119', '1120'], '1062': ['1062'], '1077': ['1077'], '1117': ['1117'], '1146': ['1146'], '1152': ['1152'], '1075': ['1075'], '1076': ['1076'], '1073': ['1073'], '1078': ['1078'], '1074': ['1074'], '1135': ['1135'], '1137': ['1137'], '1140': ['1140'], '1139': ['1139'], '1132': ['1132'], '1130': ['1130'], '1134': ['1134'], '1133': ['1133']})"
129,"defaultdict(<class 'list'>, {'1040': ['1040'], '1080': ['1080'], '1079': ['1079'], '1081': ['1081'], '1095': ['1095'], '1082': ['1082'], '1084': ['1084'], '1096': ['1096'], '1136': ['1136'], '1138': ['1138'], '1041': ['1041'], '1126': ['1126'], '1125': ['1125'], '1127': ['1127'], '1128': ['1128'], '1129': ['1129'], '1131': ['1131'], '1032': ['1032'], '1052': ['1052'], '1063': ['1063'], '1160': ['1160'], '1051': ['1051'], '1055': ['1055'], '1057': ['1057'], '1060': ['1060'], '1071': ['1071'], '1147': ['1147'], '1148': ['1148'], '1158': ['1158'], '1161': ['1161'], '1053': ['1053'], '1066': ['1066'], '1056': ['1056'], '1061': ['1061'], '1072': ['1072'], '1157': ['1157'], '1159': ['1159'], '1162': ['1162'], '1033': ['1033'], '1101': ['1101'], '1109': ['1109'], '1153': ['1153'], '1102': ['1102'], '1103': ['1103'], '1105': ['1105'], '1106': ['1106'], '1113': ['1113'], '1154': ['1154'], '1155': ['1155'], '1108': ['1108'], '1110': ['1110'], '1104': ['1104'], '1107': ['1107'], '1114': ['1114'], '1156': ['1156'], '1038': ['1038'], '1048': ['1048'], '1049': ['1049'], '1050': ['1050'], '1054': ['1054'], '1068': ['1068'], '1039': ['1039'], '1097': ['1097'], '1098': ['1098'], '1099': ['1099'], '1112': ['1112'], '1100': ['1100'], '1034': ['1034'], '1067': ['1067'], '1035': ['1035'], '1111': ['1111'], '1030': ['1030'], '1046': ['1046'], '1069': ['1069'], '1058': ['1058'], '1059': ['1059'], '1064': ['1064'], '1065': ['1065'], '1047': ['1047'], '1070': ['1070'], '1031': ['1031'], '1042': ['1042'], '1083': ['1083'], '1085': ['1085'], '1086': ['1086'], '1089': ['1089'], '1043': ['1043'], '1121': ['1121'], '1122': ['1122'], '1123': ['1123'], '1124': ['1124'], '1036': ['1036'], '1092': ['1092'], '1150': ['1150'], '1093': ['1093', '1094', '1151', '1149', '1037'], '1145': ['1145'], '1144': ['1144'], '1044': ['1044'], '1087': ['1087'], '1088': ['1088'], '1090': ['1090'], '1142': ['1142'], '1141': ['1141'], '1091': ['1091'], '1143': ['1143'], '1045': ['1045'], '1115': ['1115'], '1062': ['1062'], '1077': ['1077'], '1117': ['1117'], '1146': ['1146'], '1152': ['1152'], '1075': ['1075'], '1076': ['1076'], '1118': ['1118'], '1073': ['1073'], '1078': ['1078'], '1074': ['1074'], '1116': ['1116'], '1135': ['1135'], '1137': ['1137'], '1140': ['1140'], '1139': ['1139'], '1119': ['1119'], '1120': ['1120'], '1132': ['1132'], '1130': ['1130'], '1134': ['1134'], '1133': ['1133']})"
129,"defaultdict(<class 'list'>, {'1040': ['1040'], '1080': ['1080'], '1079': ['1079'], '1081': ['1081'], '1095': ['1095'], '1082': ['1082', '1084', '1042', '1083', '1085'], '1096': ['1096'], '1136': ['1136'], '1138': ['1138'], '1041': ['1041'], '1126': ['1126'], '1125': ['1125'], '1127': ['1127'], '1128': ['1128'], '1129': ['1129'], '1131': ['1131'], '1032': ['1032'], '1052': ['1052'], '1063': ['1063'], '1160': ['1160'], '1051': ['1051'], '1055': ['1055'], '1057': ['1057'], '1060': ['1060'], '1071': ['1071'], '1147': ['1147'], '1148': ['1148'], '1158': ['1158'], '1161': ['1161'], '1053': ['1053'], '1066': ['1066'], '1056': ['1056'], '1061': ['1061'], '1072': ['1072'], '1157': ['1157'], '1159': ['1159'], '1162': ['1162'], '1033': ['1033'], '1101': ['1101'], '1109': ['1109'], '1153': ['1153'], '1102': ['1102'], '1103': ['1103'], '1105': ['1105'], '1106': ['1106'], '1113': ['1113'], '1154': ['1154'], '1155': ['1155'], '1108': ['1108'], '1110': ['1110'], '1104': ['1104'], '1107': ['1107'], '1114': ['1114'], '1156': ['1156'], '1038': ['1038'], '1048': ['1048'], '1049': ['1049'], '1050': ['1050'], '1054': ['1054'], '1068': ['1068'], '1039': ['1039'], '1097': ['1097'], '1098': ['1098'], '1099': ['1099'], '1112': ['1112'], '1100': ['1100'], '1034': ['1034'], '1067': ['1067'], '1035': ['1035'], '1111': ['1111'], '1030': ['1030'], '1046': ['1046'], '1069': ['1069'], '1058': ['1058'], '1059': ['1059'], '1064': ['1064'], '1065': ['1065'], '1047': ['1047'], '1070': ['1070'], '1031': ['1031'], '1086': ['1086'], '1089': ['1089'], '1043': ['1043'], '1121': ['1121'], '1122': ['1122'], '1123': ['1123'], '1124': ['1124'], '1036': ['1036'], '1092': ['1092'], '1150': ['1150'], '1093': ['1093'], '1094': ['1094'], '1145': ['1145'], '1151': ['1151'], '1144': ['1144'], '1149': ['1149'], '1037': ['1037'], '1044': ['1044'], '1087': ['1087'], '1088': ['1088'], '1090': ['1090'], '1142': ['1142'], '1141': ['1141'], '1091': ['1091'], '1143': ['1143'], '1045': ['1045'], '1115': ['1115'], '1062': ['1062'], '1077': ['1077'], '1117': ['1117'], '1146': ['1146'], '1152': ['1152'], '1075': ['1075'], '1076': ['1076'], '1118': ['1118'], '1073': ['1073'], '1078': ['1078'], '1074': ['1074'], '1116': ['1116'], '1135': ['1135'], '1137': ['1137'], '1140': ['1140'], '1139': ['1139'], '1119': ['1119'], '1120': ['1120'], '1132': ['1132'], '1130': ['1130'], '1134': ['1134'], '1133': ['1133']})"
129,"defaultdict(<class 'list'>, {'1040': ['1040'], '1080': ['1080'], '1079': ['1079'], '1081': ['1081'], '1095': ['1095'], '1082': ['1082'], '1084': ['1084'], '1096': ['1096'], '1136': ['1136'], '1138': ['1138'], '1041': ['1041'], '1126': ['1126'], '1125': ['1125'], '1127': ['1127'], '1128': ['1128'], '1129': ['1129'], '1131': ['1131'], '1032': ['1032'], '1052': ['1052'], '1063': ['1063'], '1160': ['1160'], '1051': ['1051'], '1055': ['1055'], '1057': ['1057'], '1060': ['1060'], '1071': ['1071'], '1147': ['1147'], '1148': ['1148'], '1158': ['1158'], '1161': ['1161'], '1053': ['1053'], '1066': ['1066'], '1056': ['1056'], '1061': ['1061'], '1072': ['1072'], '1157': ['1157'], '1159': ['1159'], '1162': ['1162'], '1033': ['1033', '1153', '1154', '1155', '1152'], '1101': ['1101'], '1109': ['1109'], '1102': ['1102'], '1103': ['1103'], '1105': ['1105'], '1106': ['1106'], '1113': ['1113'], '1108': ['1108'], '1110': ['1110'], '1104': ['1104'], '1107': ['1107'], '1114': ['1114'], '1156': ['1156'], '1038': ['1038'], '1048': ['1048'], '1049': ['1049'], '1050': ['1050'], '1054': ['1054'], '1068': ['1068'], '1039': ['1039'], '1097': ['1097'], '1098': ['1098'], '1099': ['1099'], '1112': ['1112'], '1100': ['1100'], '1034': ['1034'], '1067': ['1067'], '1035': ['1035'], '1111': ['1111'], '1030': ['1030'], '1046': ['1046'], '1069': ['1069'], '1058': ['1058'], '1059': ['1059'], '1064': ['1064'], '1065': ['1065'], '1047': ['1047'], '1070': ['1070'], '1031': ['1031'], '1042': ['1042'], '1083': ['1083'], '1085': ['1085'], '1086': ['1086'], '1089': ['1089'], '1043': ['1043'], '1121': ['1121'], '1122': ['1122'], '1123': ['1123'], '1124': ['1124'], '1036': ['1036'], '1092': ['1092'], '1150': ['1150'], '1093': ['1093'], '1094': ['1094'], '1145': ['1145'], '1151': ['1151'], '1144': ['1144'], '1149': ['1149'], '1037': ['1037'], '1044': ['1044'], '1087': ['1087'], '1088': ['1088'], '1090': ['1090'], '1142': ['1142'], '1141': ['1141'], '1091': ['1091'], '1143': ['1143'], '1045': ['1045'], '1115': ['1115'], '1062': ['1062'], '1077': ['1077'], '1117': ['1117'], '1146': ['1146'], '1075': ['1075'], '1076': ['1076'], '1118': ['1118'], '1073': ['1073'], '1078': ['1078'], '1074': ['1074'], '1116': ['1116'], '1135': ['1135'], '1137': ['1137'], '1140': ['1140'], '1139': ['1139'], '1119': ['1119'], '1120': ['1120'], '1132': ['1132'], '1130': ['1130'], '1134': ['1134'], '1133': ['1133']})"
129,"defaultdict(<class 'list'>, {'1040': ['1040'], '1080': ['1080'], '1079': ['1079'], '1081': ['1081'], '1095': ['1095'], '1082': ['1082'], '1084': ['1084'], '1096': ['1096'], '1136': ['1136'], '1138': ['1138'], '1041': ['1041'], '1126': ['1126'], '1125': ['1125'], '1127': ['1127'], '1128': ['1128'], '1129': ['1129'], '1131': ['1131'], '1032': ['1032'], '1052': ['1052'], '1063': ['1063'], '1160': ['1160'], '1051': ['1051'], '1055': ['1055'], '1057': ['1057'], '1060': ['1060'], '1071': ['1071'], '1147': ['1147'], '1148': ['1148'], '1158': ['1158'], '1161': ['1161'], '1053': ['1053'], '1066': ['1066'], '1056': ['1056'], '1061': ['1061'], '1072': ['1072'], '1157': ['1157'], '1159': ['1159'], '1162': ['1162'], '1033': ['1033'], '1101': ['1101'], '1109': ['1109'], '1153': ['1153', '1154', '1155', '1156', '1152'], '1102': ['1102'], '1103': ['1103'], '1105': ['1105'], '1106': ['1106'], '1113': ['1113'], '1108': ['1108'], '1110': ['1110'], '1104': ['1104'], '1107': ['1107'], '1114': ['1114'], '1038': ['1038'], '1048': ['1048'], '1049': ['1049'], '1050': ['1050'], '1054': ['1054'], '1068': ['1068'], '1039': ['1039'], '1097': ['1097'], '1098': ['1098'], '1099': ['1099'], '1112': ['1112'], '1100': ['1100'], '1034': ['1034'], '1067': ['1067'], '1035': ['1035'], '1111': ['1111'], '1030': ['1030'], '1046': ['1046'], '1069': ['1069'], '1058': ['1058'], '1059': ['1059'], '1064': ['1064'], '1065': ['1065'], '1047': ['1047'], '1070': ['1070'], '1031': ['1031'], '1042': ['1042'], '1083': ['1083'], '1085': ['1085'], '1086': ['1086'], '1089': ['1089'], '1043': ['1043'], '1121': ['1121'], '1122': ['1122'], '1123': ['1123'], '1124': ['1124'], '1036': ['1036'], '1092': ['1092'], '1150': ['1150'], '1093': ['1093'], '1094': ['1094'], '1145': ['1145'], '1151': ['1151'], '1144': ['1144'], '1149': ['1149'], '1037': ['1037'], '1044': ['1044'], '1087': ['1087'], '1088': ['1088'], '1090': ['1090'], '1142': ['1142'], '1141': ['1141'], '1091': ['1091'], '1143': ['1143'], '1045': ['1045'], '1115': ['1115'], '1062': ['1062'], '1077': ['1077'], '1117': ['1117'], '1146': ['1146'], '1075': ['1075'], '1076': ['1076'], '1118': ['1118'], '1073': ['1073'], '1078': ['1078'], '1074': ['1074'], '1116': ['1116'], '1135': ['1135'], '1137': ['1137'], '1140': ['1140'], '1139': ['1139'], '1119': ['1119'], '1120': ['1120'], '1132': ['1132'], '1130': ['1130'], '1134': ['1134'], '1133': ['1133']})"
129,"defaultdict(<class 'list'>, {'1040': ['1040'], '1080': ['1080'], '1079': ['1079'], '1081': ['1081'], '1095': ['1095'], '1082': ['1082'], '1084': ['1084'], '1096': ['1096'], '1136': ['1136'], '1138': ['1138'], '1041': ['1041'], '1126': ['1126'], '1125': ['1125'], '1127': ['1127'], '1128': ['1128'], '1129': ['1129'], '1131': ['1131'], '1032': ['1032'], '1052': ['1052'], '1063': ['1063'], '1160': ['1160'], '1051': ['1051'], '1055': ['1055'], '1057': ['1057'], '1060': ['1060'], '1071': ['1071'], '1147': ['1147'], '1148': ['1148'], '1158': ['1158'], '1161': ['1161'], '1053': ['1053'], '1066': ['1066'], '1056': ['1056'], '1061': ['1061'], '1072': ['1072'], '1157': ['1157'], '1159': ['1159'], '1162': ['1162'], '1033': ['1033', '1101', '1109', '1153', '1100'], '1102': ['1102'], '1103': ['1103'], '1105': ['1105'], '1106': ['1106'], '1113': ['1113'], '1154': ['1154'], '1155': ['1155'], '1108': ['1108'], '1110': ['1110'], '1104': ['1104'], '1107': ['1107'], '1114': ['1114'], '1156': ['1156'], '1038': ['1038'], '1048': ['1048'], '1049': ['1049'], '1050': ['1050'], '1054': ['1054'], '1068': ['1068'], '1039': ['1039'], '1097': ['1097'], '1098': ['1098'], '1099': ['1099'], '1112': ['1112'], '1034': ['1034'], '1067': ['1067'], '1035': ['1035'], '1111': ['1111'], '1030': ['1030'], '1046': ['1046'], '1069': ['1069'], '1058': ['1058'], '1059': ['1059'], '1064': ['1064'], '1065': ['1065'], '1047': ['1047'], '1070': ['1070'], '1031': ['1031'], '1042': ['1042'], '1083': ['1083'], '1085': ['1085'], '1086': ['1086'], '1089': ['1089'], '1043': ['1043'], '1121': ['1121'], '1122': ['1122'], '1123': ['1123'], '1124': ['1124'], '1036': ['1036'], '1092': ['1092'], '1150': ['1150'], '1093': ['1093'], '1094': ['1094'], '1145': ['1145'], '1151': ['1151'], '1144': ['1144'], '1149': ['1149'], '1037': ['1037'], '1044': ['1044'], '1087': ['1087'], '1088': ['1088'], '1090': ['1090'], '1142': ['1142'], '1141': ['1141'], '1091': ['1091'], '1143': ['1143'], '1045': ['1045'], '1115': ['1115'], '1062': ['1062'], '1077': ['1077'], '1117': ['1117'], '1146': ['1146'], '1152': ['1152'], '1075': ['1075'], '1076': ['1076'], '1118': ['1118'], '1073': ['1073'], '1078': ['1078'], '1074': ['1074'], '1116': ['1116'], '1135': ['1135'], '1137': ['1137'], '1140': ['1140'], '1139': ['1139'], '1119': ['1119'], '1120': ['1120'], '1132': ['1132'], '1130': ['1130'], '1134': ['1134'], '1133': ['1133']})"
129,"defaultdict(<class 'list'>, {'1040': ['1040'], '1080': ['1080'], '1079': ['1079'], '1081': ['1081'], '1095': ['1095'], '1082': ['1082'], '1084': ['1084'], '1096': ['1096'], '1136': ['1136'], '1138': ['1138'], '1041': ['1041'], '1126': ['1126'], '1125': ['1125'], '1127': ['1127'], '1128': ['1128'], '1129': ['1129'], '1131': ['1131'], '1032': ['1032'], '1052': ['1052'], '1063': ['1063'], '1160': ['1160'], '1051': ['1051'], '1055': ['1055'], '1057': ['1057'], '1060': ['1060'], '1071': ['1071'], '1147': ['1147'], '1148': ['1148'], '1158': ['1158'], '1161': ['1161'], '1053': ['1053'], '1066': ['1066'], '1056': ['1056'], '1061': ['1061'], '1072': ['1072'], '1157': ['1157'], '1159': ['1159'], '1162': ['1162'], '1033': ['1033'], '1101': ['1101'], '1109': ['1109'], '1153': ['1153'], '1102': ['1102'], '1103': ['1103'], '1105': ['1105'], '1106': ['1106'], '1113': ['1113'], '1154': ['1154'], '1155': ['1155'], '1108': ['1108'], '1110': ['1110'], '1104': ['1104'], '1107': ['1107'], '1114': ['1114'], '1156': ['1156'], '1038': ['1038'], '1048': ['1048'], '1049': ['1049'], '1050': ['1050'], '1054': ['1054'], '1068': ['1068'], '1039': ['1039', '1097', '1112', '1035', '1111'], '1098': ['1098'], '1099': ['1099'], '1100': ['1100'], '1034': ['1034'], '1067': ['1067'], '1030': ['1030'], '1046': ['1046'], '1069': ['1069'], '1058': ['1058'], '1059': ['1059'], '1064': ['1064'], '1065': ['1065'], '1047': ['1047'], '1070': ['1070'], '1031': ['1031'], '1042': ['1042'], '1083': ['1083'], '1085': ['1085'], '1086': ['1086'], '1089': ['1089'], '1043': ['1043'], '1121': ['1121'], '1122': ['1122'], '1123': ['1123'], '1124': ['1124'], '1036': ['1036'], '1092': ['1092'], '1150': ['1150'], '1093': ['1093'], '1094': ['1094'], '1145': ['1145'], '1151': ['1151'], '1144': ['1144'], '1149': ['1149'], '1037': ['1037'], '1044': ['1044'], '1087': ['1087'], '1088': ['1088'], '1090': ['1090'], '1142': ['1142'], '1141': ['1141'], '1091': ['1091'], '1143': ['1143'], '1045': ['1045'], '1115': ['1115'], '1062': ['1062'], '1077': ['1077'], '1117': ['1117'], '1146': ['1146'], '1152': ['1152'], '1075': ['1075'], '1076': ['1076'], '1118': ['1118'], '1073': ['1073'], '1078': ['1078'], '1074': ['1074'], '1116': ['1116'], '1135': ['1135'], '1137': ['1137'], '1140': ['1140'], '1139': ['1139'], '1119': ['1119'], '1120': ['1120'], '1132': ['1132'], '1130': ['1130'], '1134': ['1134'], '1133': ['1133']})"
129,"defaultdict(<class 'list'>, {'1040': ['1040'], '1080': ['1080'], '1079': ['1079'], '1081': ['1081'], '1095': ['1095'], '1082': ['1082'], '1084': ['1084'], '1096': ['1096'], '1136': ['1136'], '1138': ['1138'], '1041': ['1041'], '1126': ['1126'], '1125': ['1125'], '1127': ['1127'], '1128': ['1128'], '1129': ['1129'], '1131': ['1131'], '1032': ['1032'], '1052': ['1052'], '1063': ['1063'], '1160': ['1160'], '1051': ['1051'], '1055': ['1055'], '1057': ['1057'], '1060': ['1060'], '1071': ['1071'], '1147': ['1147'], '1148': ['1148'], '1158': ['1158'], '1161': ['1161'], '1053': ['1053'], '1066': ['1066'], '1056': ['1056'], '1061': ['1061'], '1072': ['1072'], '1157': ['1157'], '1159': ['1159'], '1162': ['1162'], '1033': ['1033'], '1101': ['1101'], '1109': ['1109'], '1153': ['1153'], '1102': ['1102'], '1103': ['1103'], '1105': ['1105'], '1106': ['1106'], '1113': ['1113'], '1154': ['1154'], '1155': ['1155'], '1108': ['1108'], '1110': ['1110'], '1104': ['1104'], '1107': ['1107'], '1114': ['1114'], '1156': ['1156'], '1038': ['1038'], '1048': ['1048'], '1049': ['1049'], '1050': ['1050'], '1054': ['1054'], '1068': ['1068'], '1039': ['1039'], '1097': ['1097'], '1098': ['1098'], '1099': ['1099'], '1112': ['1112'], '1100': ['1100'], '1034': ['1034'], '1067': ['1067'], '1035': ['1035'], '1111': ['1111'], '1030': ['1030'], '1046': ['1046'], '1069': ['1069', '1064', '1065', '1070', '1031'], '1058': ['1058'], '1059': ['1059'], '1047': ['1047'], '1042': ['1042'], '1083': ['1083'], '1085': ['1085'], '1086': ['1086'], '1089': ['1089'], '1043': ['1043'], '1121': ['1121'], '1122': ['1122'], '1123': ['1123'], '1124': ['1124'], '1036': ['1036'], '1092': ['1092'], '1150': ['1150'], '1093': ['1093'], '1094': ['1094'], '1145': ['1145'], '1151': ['1151'], '1144': ['1144'], '1149': ['1149'], '1037': ['1037'], '1044': ['1044'], '1087': ['1087'], '1088': ['1088'], '1090': ['1090'], '1142': ['1142'], '1141': ['1141'], '1091': ['1091'], '1143': ['1143'], '1045': ['1045'], '1115': ['1115'], '1062': ['1062'], '1077': ['1077'], '1117': ['1117'], '1146': ['1146'], '1152': ['1152'], '1075': ['1075'], '1076': ['1076'], '1118': ['1118'], '1073': ['1073'], '1078': ['1078'], '1074': ['1074'], '1116': ['1116'], '1135': ['1135'], '1137': ['1137'], '1140': ['1140'], '1139': ['1139'], '1119': ['1119'], '1120': ['1120'], '1132': ['1132'], '1130': ['1130'], '1134': ['1134'], '1133': ['1133']})"
129,"defaultdict(<class 'list'>, {'1040': ['1040', '1080', '1079', '1081', '1078'], '1095': ['1095'], '1082': ['1082'], '1084': ['1084'], '1096': ['1096'], '1136': ['1136'], '1138': ['1138'], '1041': ['1041'], '1126': ['1126'], '1125': ['1125'], '1127': ['1127'], '1128': ['1128'], '1129': ['1129'], '1131': ['1131'], '1032': ['1032'], '1052': ['1052'], '1063': ['1063'], '1160': ['1160'], '1051': ['1051'], '1055': ['1055'], '1057': ['1057'], '1060': ['1060'], '1071': ['1071'], '1147': ['1147'], '1148': ['1148'], '1158': ['1158'], '1161': ['1161'], '1053': ['1053'], '1066': ['1066'], '1056': ['1056'], '1061': ['1061'], '1072': ['1072'], '1157': ['1157'], '1159': ['1159'], '1162': ['1162'], '1033': ['1033'], '1101': ['1101'], '1109': ['1109'], '1153': ['1153'], '1102': ['1102'], '1103': ['1103'], '1105': ['1105'], '1106': ['1106'], '1113': ['1113'], '1154': ['1154'], '1155': ['1155'], '1108': ['1108'], '1110': ['1110'], '1104': ['1104'], '1107': ['1107'], '1114': ['1114'], '1156': ['1156'], '1038': ['1038'], '1048': ['1048'], '1049': ['1049'], '1050': ['1050'], '1054': ['1054'], '1068': ['1068'], '1039': ['1039'], '1097': ['1097'], '1098': ['1098'], '1099': ['1099'], '1112': ['1112'], '1100': ['1100'], '1034': ['1034'], '1067': ['1067'], '1035': ['1035'], '1111': ['1111'], '1030': ['1030'], '1046': ['1046'], '1069': ['1069'], '1058': ['1058'], '1059': ['1059'], '1064': ['1064'], '1065': ['1065'], '1047': ['1047'], '1070': ['1070'], '1031': ['1031'], '1042': ['1042'], '1083': ['1083'], '1085': ['1085'], '1086': ['1086'], '1089': ['1089'], '1043': ['1043'], '1121': ['1121'], '1122': ['1122'], '1123': ['1123'], '1124': ['1124'], '1036': ['1036'], '1092': ['1092'], '1150': ['1150'], '1093': ['1093'], '1094': ['1094'], '1145': ['1145'], '1151': ['1151'], '1144': ['1144'], '1149': ['1149'], '1037': ['1037'], '1044': ['1044'], '1087': ['1087'], '1088': ['1088'], '1090': ['1090'], '1142': ['1142'], '1141': ['1141'], '1091': ['1091'], '1143': ['1143'], '1045': ['1045'], '1115': ['1115'], '1062': ['1062'], '1077': ['1077'], '1117': ['1117'], '1146': ['1146'], '1152': ['1152'], '1075': ['1075'], '1076': ['1076'], '1118': ['1118'], '1073': ['1073'], '1074': ['1074'], '1116': ['1116'], '1135': ['1135'], '1137': ['1137'], '1140': ['1140'], '1139': ['1139'], '1119': ['1119'], '1120': ['1120'], '1132': ['1132'], '1130': ['1130'], '1134': ['1134'], '1133': ['1133']})"
129,"defaultdict(<class 'list'>, {'1040': ['1040'], '1080': ['1080'], '1079': ['1079'], '1081': ['1081'], '1095': ['1095'], '1082': ['1082'], '1084': ['1084'], '1096': ['1096'], '1136': ['1136'], '1138': ['1138'], '1041': ['1041'], '1126': ['1126'], '1125': ['1125'], '1127': ['1127'], '1128': ['1128'], '1129': ['1129'], '1131': ['1131'], '1032': ['1032', '1052', '1063', '1053', '1049'], '1160': ['1160'], '1051': ['1051'], '1055': ['1055'], '1057': ['1057'], '1060': ['1060'], '1071': ['1071'], '1147': ['1147'], '1148': ['1148'], '1158': ['1158'], '1161': ['1161'], '1066': ['1066'], '1056': ['1056'], '1061': ['1061'], '1072': ['1072'], '1157': ['1157'], '1159': ['1159'], '1162': ['1162'], '1033': ['1033'], '1101': ['1101'], '1109': ['1109'], '1153': ['1153'], '1102': ['1102'], '1103': ['1103'], '1105': ['1105'], '1106': ['1106'], '1113': ['1113'], '1154': ['1154'], '1155': ['1155'], '1108': ['1108'], '1110': ['1110'], '1104': ['1104'], '1107': ['1107'], '1114': ['1114'], '1156': ['1156'], '1038': ['1038'], '1048': ['1048'], '1050': ['1050'], '1054': ['1054'], '1068': ['1068'], '1039': ['1039'], '1097': ['1097'], '1098': ['1098'], '1099': ['1099'], '1112': ['1112'], '1100': ['1100'], '1034': ['1034'], '1067': ['1067'], '1035': ['1035'], '1111': ['1111'], '1030': ['1030'], '1046': ['1046'], '1069': ['1069'], '1058': ['1058'], '1059': ['1059'], '1064': ['1064'], '1065': ['1065'], '1047': ['1047'], '1070': ['1070'], '1031': ['1031'], '1042': ['1042'], '1083': ['1083'], '1085': ['1085'], '1086': ['1086'], '1089': ['1089'], '1043': ['1043'], '1121': ['1121'], '1122': ['1122'], '1123': ['1123'], '1124': ['1124'], '1036': ['1036'], '1092': ['1092'], '1150': ['1150'], '1093': ['1093'], '1094': ['1094'], '1145': ['1145'], '1151': ['1151'], '1144': ['1144'], '1149': ['1149'], '1037': ['1037'], '1044': ['1044'], '1087': ['1087'], '1088': ['1088'], '1090': ['1090'], '1142': ['1142'], '1141': ['1141'], '1091': ['1091'], '1143': ['1143'], '1045': ['1045'], '1115': ['1115'], '1062': ['1062'], '1077': ['1077'], '1117': ['1117'], '1146': ['1146'], '1152': ['1152'], '1075': ['1075'], '1076': ['1076'], '1118': ['1118'], '1073': ['1073'], '1078': ['1078'], '1074': ['1074'], '1116': ['1116'], '1135': ['1135'], '1137': ['1137'], '1140': ['1140'], '1139': ['1139'], '1119': ['1119'], '1120': ['1120'], '1132': ['1132'], '1130': ['1130'], '1134': ['1134'], '1133': ['1133']})"
129,"defaultdict(<class 'list'>, {'1040': ['1040'], '1080': ['1080'], '1079': ['1079'], '1081': ['1081'], '1095': ['1095'], '1082': ['1082'], '1084': ['1084'], '1096': ['1096'], '1136': ['1136'], '1138': ['1138'], '1041': ['1041'], '1126': ['1126'], '1125': ['1125'], '1127': ['1127'], '1128': ['1128'], '1129': ['1129'], '1131': ['1131'], '1032': ['1032'], '1052': ['1052'], '1063': ['1063'], '1160': ['1160'], '1051': ['1051'], '1055': ['1055'], '1057': ['1057'], '1060': ['1060'], '1071': ['1071'], '1147': ['1147'], '1148': ['1148'], '1158': ['1158'], '1161': ['1161'], '1053': ['1053'], '1066': ['1066'], '1056': ['1056'], '1061': ['1061'], '1072': ['1072'], '1157': ['1157'], '1159': ['1159'], '1162': ['1162'], '1033': ['1033'], '1101': ['1101'], '1109': ['1109'], '1153': ['1153'], '1102': ['1102'], '1103': ['1103'], '1105': ['1105'], '1106': ['1106'], '1113': ['1113'], '1154': ['1154'], '1155': ['1155'], '1108': ['1108'], '1110': ['1110'], '1104': ['1104'], '1107': ['1107'], '1114': ['1114'], '1156': ['1156'], '1038': ['1038'], '1048': ['1048'], '1049': ['1049'], '1050': ['1050'], '1054': ['1054'], '1068': ['1068'], '1039': ['1039'], '1097': ['1097'], '1098': ['1098'], '1099': ['1099'], '1112': ['1112'], '1100': ['1100'], '1034': ['1034'], '1067': ['1067'], '1035': ['1035'], '1111': ['1111'], '1030': ['1030'], '1046': ['1046'], '1069': ['1069'], '1058': ['1058'], '1059': ['1059'], '1064': ['1064'], '1065': ['1065'], '1047': ['1047'], '1070': ['1070'], '1031': ['1031'], '1042': ['1042'], '1083': ['1083'], '1085': ['1085'], '1086': ['1086', '1089', '1044', '1087', '1090'], '1043': ['1043'], '1121': ['1121'], '1122': ['1122'], '1123': ['1123'], '1124': ['1124'], '1036': ['1036'], '1092': ['1092'], '1150': ['1150'], '1093': ['1093'], '1094': ['1094'], '1145': ['1145'], '1151': ['1151'], '1144': ['1144'], '1149': ['1149'], '1037': ['1037'], '1088': ['1088'], '1142': ['1142'], '1141': ['1141'], '1091': ['1091'], '1143': ['1143'], '1045': ['1045'], '1115': ['1115'], '1062': ['1062'], '1077': ['1077'], '1117': ['1117'], '1146': ['1146'], '1152': ['1152'], '1075': ['1075'], '1076': ['1076'], '1118': ['1118'], '1073': ['1073'], '1078': ['1078'], '1074': ['1074'], '1116': ['1116'], '1135': ['1135'], '1137': ['1137'], '1140': ['1140'], '1139': ['1139'], '1119': ['1119'], '1120': ['1120'], '1132': ['1132'], '1130': ['1130'], '1134': ['1134'], '1133': ['1133']})"
129,"defaultdict(<class 'list'>, {'1040': ['1040'], '1080': ['1080'], '1079': ['1079'], '1081': ['1081'], '1095': ['1095'], '1082': ['1082'], '1084': ['1084'], '1096': ['1096'], '1136': ['1136'], '1138': ['1138'], '1041': ['1041'], '1126': ['1126'], '1125': ['1125'], '1127': ['1127'], '1128': ['1128'], '1129': ['1129'], '1131': ['1131'], '1032': ['1032'], '1052': ['1052'], '1063': ['1063'], '1160': ['1160'], '1051': ['1051'], '1055': ['1055'], '1057': ['1057'], '1060': ['1060'], '1071': ['1071'], '1147': ['1147'], '1148': ['1148'], '1158': ['1158'], '1161': ['1161'], '1053': ['1053'], '1066': ['1066'], '1056': ['1056'], '1061': ['1061'], '1072': ['1072'], '1157': ['1157'], '1159': ['1159'], '1162': ['1162'], '1033': ['1033'], '1101': ['1101'], '1109': ['1109'], '1153': ['1153'], '1102': ['1102'], '1103': ['1103'], '1105': ['1105'], '1106': ['1106'], '1113': ['1113'], '1154': ['1154'], '1155': ['1155'], '1108': ['1108'], '1110': ['1110'], '1104': ['1104'], '1107': ['1107'], '1114': ['1114'], '1156': ['1156'], '1038': ['1038'], '1048': ['1048'], '1049': ['1049'], '1050': ['1050'], '1054': ['1054'], '1068': ['1068'], '1039': ['1039'], '1097': ['1097'], '1098': ['1098'], '1099': ['1099'], '1112': ['1112'], '1100': ['1100'], '1034': ['1034'], '1067': ['1067'], '1035': ['1035'], '1111': ['1111'], '1030': ['1030'], '1046': ['1046'], '1069': ['1069'], '1058': ['1058'], '1059': ['1059'], '1064': ['1064'], '1065': ['1065'], '1047': ['1047'], '1070': ['1070'], '1031': ['1031'], '1042': ['1042'], '1083': ['1083'], '1085': ['1085'], '1086': ['1086'], '1089': ['1089'], '1043': ['1043'], '1121': ['1121'], '1122': ['1122'], '1123': ['1123'], '1124': ['1124'], '1036': ['1036'], '1092': ['1092'], '1150': ['1150'], '1093': ['1093'], '1094': ['1094'], '1145': ['1145'], '1151': ['1151'], '1144': ['1144'], '1149': ['1149'], '1037': ['1037'], '1044': ['1044'], '1087': ['1087'], '1088': ['1088', '1142', '1141', '1143', '1139'], '1090': ['1090'], '1091': ['1091'], '1045': ['1045'], '1115': ['1115'], '1062': ['1062'], '1077': ['1077'], '1117': ['1117'], '1146': ['1146'], '1152': ['1152'], '1075': ['1075'], '1076': ['1076'], '1118': ['1118'], '1073': ['1073'], '1078': ['1078'], '1074': ['1074'], '1116': ['1116'], '1135': ['1135'], '1137': ['1137'], '1140': ['1140'], '1119': ['1119'], '1120': ['1120'], '1132': ['1132'], '1130': ['1130'], '1134': ['1134'], '1133': ['1133']})"
129,"defaultdict(<class 'list'>, {'1040': ['1040'], '1080': ['1080'], '1079': ['1079'], '1081': ['1081'], '1095': ['1095'], '1082': ['1082'], '1084': ['1084'], '1096': ['1096'], '1136': ['1136'], '1138': ['1138'], '1041': ['1041'], '1126': ['1126'], '1125': ['1125'], '1127': ['1127'], '1128': ['1128'], '1129': ['1129'], '1131': ['1131'], '1032': ['1032'], '1052': ['1052'], '1063': ['1063'], '1160': ['1160'], '1051': ['1051'], '1055': ['1055'], '1057': ['1057'], '1060': ['1060'], '1071': ['1071'], '1147': ['1147'], '1148': ['1148'], '1158': ['1158'], '1161': ['1161'], '1053': ['1053'], '1066': ['1066'], '1056': ['1056'], '1061': ['1061'], '1072': ['1072'], '1157': ['1157'], '1159': ['1159'], '1162': ['1162'], '1033': ['1033'], '1101': ['1101'], '1109': ['1109'], '1153': ['1153'], '1102': ['1102'], '1103': ['1103'], '1105': ['1105'], '1106': ['1106'], '1113': ['1113'], '1154': ['1154'], '1155': ['1155'], '1108': ['1108'], '1110': ['1110'], '1104': ['1104'], '1107': ['1107'], '1114': ['1114'], '1156': ['1156'], '1038': ['1038'], '1048': ['1048'], '1049': ['1049'], '1050': ['1050'], '1054': ['1054'], '1068': ['1068'], '1039': ['1039'], '1097': ['1097'], '1098': ['1098'], '1099': ['1099'], '1112': ['1112'], '1100': ['1100'], '1034': ['1034'], '1067': ['1067'], '1035': ['1035'], '1111': ['1111'], '1030': ['1030'], '1046': ['1046'], '1069': ['1069'], '1058': ['1058'], '1059': ['1059'], '1064': ['1064'], '1065': ['1065'], '1047': ['1047'], '1070': ['1070'], '1031': ['1031'], '1042': ['1042'], '1083': ['1083'], '1085': ['1085'], '1086': ['1086', '1089', '1087', '1090', '1091'], '1043': ['1043'], '1121': ['1121'], '1122': ['1122'], '1123': ['1123'], '1124': ['1124'], '1036': ['1036'], '1092': ['1092'], '1150': ['1150'], '1093': ['1093'], '1094': ['1094'], '1145': ['1145'], '1151': ['1151'], '1144': ['1144'], '1149': ['1149'], '1037': ['1037'], '1044': ['1044'], '1088': ['1088'], '1142': ['1142'], '1141': ['1141'], '1143': ['1143'], '1045': ['1045'], '1115': ['1115'], '1062': ['1062'], '1077': ['1077'], '1117': ['1117'], '1146': ['1146'], '1152': ['1152'], '1075': ['1075'], '1076': ['1076'], '1118': ['1118'], '1073': ['1073'], '1078': ['1078'], '1074': ['1074'], '1116': ['1116'], '1135': ['1135'], '1137': ['1137'], '1140': ['1140'], '1139': ['1139'], '1119': ['1119'], '1120': ['1120'], '1132': ['1132'], '1130': ['1130'], '1134': ['1134'], '1133': ['1133']})"
129,"defaultdict(<class 'list'>, {'1040': ['1040'], '1080': ['1080'], '1079': ['1079'], '1081': ['1081'], '1095': ['1095'], '1082': ['1082'], '1084': ['1084'], '1096': ['1096'], '1136': ['1136'], '1138': ['1138'], '1041': ['1041'], '1126': ['1126'], '1125': ['1125'], '1127': ['1127'], '1128': ['1128'], '1129': ['1129'], '1131': ['1131'], '1032': ['1032'], '1052': ['1052'], '1063': ['1063'], '1160': ['1160'], '1051': ['1051'], '1055': ['1055'], '1057': ['1057'], '1060': ['1060'], '1071': ['1071'], '1147': ['1147'], '1148': ['1148'], '1158': ['1158'], '1161': ['1161'], '1053': ['1053'], '1066': ['1066'], '1056': ['1056'], '1061': ['1061'], '1072': ['1072'], '1157': ['1157'], '1159': ['1159'], '1162': ['1162'], '1033': ['1033'], '1101': ['1101'], '1109': ['1109'], '1153': ['1153'], '1102': ['1102'], '1103': ['1103'], '1105': ['1105'], '1106': ['1106'], '1113': ['1113'], '1154': ['1154'], '1155': ['1155'], '1108': ['1108'], '1110': ['1110'], '1104': ['1104'], '1107': ['1107'], '1114': ['1114'], '1156': ['1156'], '1038': ['1038', '1048', '1068', '1034', '1067'], '1049': ['1049'], '1050': ['1050'], '1054': ['1054'], '1039': ['1039'], '1097': ['1097'], '1098': ['1098'], '1099': ['1099'], '1112': ['1112'], '1100': ['1100'], '1035': ['1035'], '1111': ['1111'], '1030': ['1030'], '1046': ['1046'], '1069': ['1069'], '1058': ['1058'], '1059': ['1059'], '1064': ['1064'], '1065': ['1065'], '1047': ['1047'], '1070': ['1070'], '1031': ['1031'], '1042': ['1042'], '1083': ['1083'], '1085': ['1085'], '1086': ['1086'], '1089': ['1089'], '1043': ['1043'], '1121': ['1121'], '1122': ['1122'], '1123': ['1123'], '1124': ['1124'], '1036': ['1036'], '1092': ['1092'], '1150': ['1150'], '1093': ['1093'], '1094': ['1094'], '1145': ['1145'], '1151': ['1151'], '1144': ['1144'], '1149': ['1149'], '1037': ['1037'], '1044': ['1044'], '1087': ['1087'], '1088': ['1088'], '1090': ['1090'], '1142': ['1142'], '1141': ['1141'], '1091': ['1091'], '1143': ['1143'], '1045': ['1045'], '1115': ['1115'], '1062': ['1062'], '1077': ['1077'], '1117': ['1117'], '1146': ['1146'], '1152': ['1152'], '1075': ['1075'], '1076': ['1076'], '1118': ['1118'], '1073': ['1073'], '1078': ['1078'], '1074': ['1074'], '1116': ['1116'], '1135': ['1135'], '1137': ['1137'], '1140': ['1140'], '1139': ['1139'], '1119': ['1119'], '1120': ['1120'], '1132': ['1132'], '1130': ['1130'], '1134': ['1134'], '1133': ['1133']})"
129,"defaultdict(<class 'list'>, {'1040': ['1040'], '1080': ['1080'], '1079': ['1079'], '1081': ['1081'], '1095': ['1095'], '1082': ['1082'], '1084': ['1084'], '1096': ['1096'], '1136': ['1136'], '1138': ['1138'], '1041': ['1041'], '1126': ['1126'], '1125': ['1125'], '1127': ['1127'], '1128': ['1128'], '1129': ['1129'], '1131': ['1131'], '1032': ['1032'], '1052': ['1052'], '1063': ['1063'], '1160': ['1160'], '1051': ['1051'], '1055': ['1055'], '1057': ['1057'], '1060': ['1060'], '1071': ['1071'], '1147': ['1147'], '1148': ['1148'], '1158': ['1158'], '1161': ['1161'], '1053': ['1053'], '1066': ['1066'], '1056': ['1056'], '1061': ['1061'], '1072': ['1072'], '1157': ['1157'], '1159': ['1159'], '1162': ['1162'], '1033': ['1033'], '1101': ['1101'], '1109': ['1109'], '1153': ['1153'], '1102': ['1102'], '1103': ['1103'], '1105': ['1105'], '1106': ['1106'], '1113': ['1113'], '1154': ['1154'], '1155': ['1155'], '1108': ['1108'], '1110': ['1110'], '1104': ['1104'], '1107': ['1107'], '1114': ['1114'], '1156': ['1156'], '1038': ['1038'], '1048': ['1048'], '1049': ['1049'], '1050': ['1050'], '1054': ['1054'], '1068': ['1068'], '1039': ['1039'], '1097': ['1097'], '1098': ['1098'], '1099': ['1099'], '1112': ['1112'], '1100': ['1100'], '1034': ['1034'], '1067': ['1067'], '1035': ['1035'], '1111': ['1111'], '1030': ['1030'], '1046': ['1046'], '1069': ['1069'], '1058': ['1058'], '1059': ['1059'], '1064': ['1064'], '1065': ['1065'], '1047': ['1047'], '1070': ['1070'], '1031': ['1031'], '1042': ['1042'], '1083': ['1083'], '1085': ['1085'], '1086': ['1086'], '1089': ['1089'], '1043': ['1043'], '1121': ['1121'], '1122': ['1122'], '1123': ['1123'], '1124': ['1124'], '1036': ['1036'], '1092': ['1092'], '1150': ['1150'], '1093': ['1093'], '1094': ['1094'], '1145': ['1145'], '1151': ['1151'], '1144': ['1144'], '1149': ['1149'], '1037': ['1037'], '1044': ['1044'], '1087': ['1087'], '1088': ['1088', '1142', '1141', '1143', '1140'], '1090': ['1090'], '1091': ['1091'], '1045': ['1045'], '1115': ['1115'], '1062': ['1062'], '1077': ['1077'], '1117': ['1117'], '1146': ['1146'], '1152': ['1152'], '1075': ['1075'], '1076': ['1076'], '1118': ['1118'], '1073': ['1073'], '1078': ['1078'], '1074': ['1074'], '1116': ['1116'], '1135': ['1135'], '1137': ['1137'], '1139': ['1139'], '1119': ['1119'], '1120': ['1120'], '1132': ['1132'], '1130': ['1130'], '1134': ['1134'], '1133': ['1133']})"
129,"defaultdict(<class 'list'>, {'1040': ['1040'], '1080': ['1080'], '1079': ['1079'], '1081': ['1081'], '1095': ['1095'], '1082': ['1082'], '1084': ['1084'], '1096': ['1096'], '1136': ['1136'], '1138': ['1138'], '1041': ['1041'], '1126': ['1126'], '1125': ['1125'], '1127': ['1127'], '1128': ['1128'], '1129': ['1129'], '1131': ['1131'], '1032': ['1032'], '1052': ['1052'], '1063': ['1063'], '1160': ['1160'], '1051': ['1051'], '1055': ['1055'], '1057': ['1057', '1060', '1061', '1058', '1059'], '1071': ['1071'], '1147': ['1147'], '1148': ['1148'], '1158': ['1158'], '1161': ['1161'], '1053': ['1053'], '1066': ['1066'], '1056': ['1056'], '1072': ['1072'], '1157': ['1157'], '1159': ['1159'], '1162': ['1162'], '1033': ['1033'], '1101': ['1101'], '1109': ['1109'], '1153': ['1153'], '1102': ['1102'], '1103': ['1103'], '1105': ['1105'], '1106': ['1106'], '1113': ['1113'], '1154': ['1154'], '1155': ['1155'], '1108': ['1108'], '1110': ['1110'], '1104': ['1104'], '1107': ['1107'], '1114': ['1114'], '1156': ['1156'], '1038': ['1038'], '1048': ['1048'], '1049': ['1049'], '1050': ['1050'], '1054': ['1054'], '1068': ['1068'], '1039': ['1039'], '1097': ['1097'], '1098': ['1098'], '1099': ['1099'], '1112': ['1112'], '1100': ['1100'], '1034': ['1034'], '1067': ['1067'], '1035': ['1035'], '1111': ['1111'], '1030': ['1030'], '1046': ['1046'], '1069': ['1069'], '1064': ['1064'], '1065': ['1065'], '1047': ['1047'], '1070': ['1070'], '1031': ['1031'], '1042': ['1042'], '1083': ['1083'], '1085': ['1085'], '1086': ['1086'], '1089': ['1089'], '1043': ['1043'], '1121': ['1121'], '1122': ['1122'], '1123': ['1123'], '1124': ['1124'], '1036': ['1036'], '1092': ['1092'], '1150': ['1150'], '1093': ['1093'], '1094': ['1094'], '1145': ['1145'], '1151': ['1151'], '1144': ['1144'], '1149': ['1149'], '1037': ['1037'], '1044': ['1044'], '1087': ['1087'], '1088': ['1088'], '1090': ['1090'], '1142': ['1142'], '1141': ['1141'], '1091': ['1091'], '1143': ['1143'], '1045': ['1045'], '1115': ['1115'], '1062': ['1062'], '1077': ['1077'], '1117': ['1117'], '1146': ['1146'], '1152': ['1152'], '1075': ['1075'], '1076': ['1076'], '1118': ['1118'], '1073': ['1073'], '1078': ['1078'], '1074': ['1074'], '1116': ['1116'], '1135': ['1135'], '1137': ['1137'], '1140': ['1140'], '1139': ['1139'], '1119': ['1119'], '1120': ['1120'], '1132': ['1132'], '1130': ['1130'], '1134': ['1134'], '1133': ['1133']})"
129,"defaultdict(<class 'list'>, {'1040': ['1040'], '1080': ['1080'], '1079': ['1079'], '1081': ['1081'], '1095': ['1095'], '1082': ['1082'], '1084': ['1084'], '1096': ['1096'], '1136': ['1136'], '1138': ['1138'], '1041': ['1041'], '1126': ['1126'], '1125': ['1125'], '1127': ['1127'], '1128': ['1128'], '1129': ['1129'], '1131': ['1131'], '1032': ['1032', '1160', '1161', '1162', '1146'], '1052': ['1052'], '1063': ['1063'], '1051': ['1051'], '1055': ['1055'], '1057': ['1057'], '1060': ['1060'], '1071': ['1071'], '1147': ['1147'], '1148': ['1148'], '1158': ['1158'], '1053': ['1053'], '1066': ['1066'], '1056': ['1056'], '1061': ['1061'], '1072': ['1072'], '1157': ['1157'], '1159': ['1159'], '1033': ['1033'], '1101': ['1101'], '1109': ['1109'], '1153': ['1153'], '1102': ['1102'], '1103': ['1103'], '1105': ['1105'], '1106': ['1106'], '1113': ['1113'], '1154': ['1154'], '1155': ['1155'], '1108': ['1108'], '1110': ['1110'], '1104': ['1104'], '1107': ['1107'], '1114': ['1114'], '1156': ['1156'], '1038': ['1038'], '1048': ['1048'], '1049': ['1049'], '1050': ['1050'], '1054': ['1054'], '1068': ['1068'], '1039': ['1039'], '1097': ['1097'], '1098': ['1098'], '1099': ['1099'], '1112': ['1112'], '1100': ['1100'], '1034': ['1034'], '1067': ['1067'], '1035': ['1035'], '1111': ['1111'], '1030': ['1030'], '1046': ['1046'], '1069': ['1069'], '1058': ['1058'], '1059': ['1059'], '1064': ['1064'], '1065': ['1065'], '1047': ['1047'], '1070': ['1070'], '1031': ['1031'], '1042': ['1042'], '1083': ['1083'], '1085': ['1085'], '1086': ['1086'], '1089': ['1089'], '1043': ['1043'], '1121': ['1121'], '1122': ['1122'], '1123': ['1123'], '1124': ['1124'], '1036': ['1036'], '1092': ['1092'], '1150': ['1150'], '1093': ['1093'], '1094': ['1094'], '1145': ['1145'], '1151': ['1151'], '1144': ['1144'], '1149': ['1149'], '1037': ['1037'], '1044': ['1044'], '1087': ['1087'], '1088': ['1088'], '1090': ['1090'], '1142': ['1142'], '1141': ['1141'], '1091': ['1091'], '1143': ['1143'], '1045': ['1045'], '1115': ['1115'], '1062': ['1062'], '1077': ['1077'], '1117': ['1117'], '1152': ['1152'], '1075': ['1075'], '1076': ['1076'], '1118': ['1118'], '1073': ['1073'], '1078': ['1078'], '1074': ['1074'], '1116': ['1116'], '1135': ['1135'], '1137': ['1137'], '1140': ['1140'], '1139': ['1139'], '1119': ['1119'], '1120': ['1120'], '1132': ['1132'], '1130': ['1130'], '1134': ['1134'], '1133': ['1133']})"
129,"defaultdict(<class 'list'>, {'1040': ['1040'], '1080': ['1080', '1079', '1077', '1076', '1078'], '1081': ['1081'], '1095': ['1095'], '1082': ['1082'], '1084': ['1084'], '1096': ['1096'], '1136': ['1136'], '1138': ['1138'], '1041': ['1041'], '1126': ['1126'], '1125': ['1125'], '1127': ['1127'], '1128': ['1128'], '1129': ['1129'], '1131': ['1131'], '1032': ['1032'], '1052': ['1052'], '1063': ['1063'], '1160': ['1160'], '1051': ['1051'], '1055': ['1055'], '1057': ['1057'], '1060': ['1060'], '1071': ['1071'], '1147': ['1147'], '1148': ['1148'], '1158': ['1158'], '1161': ['1161'], '1053': ['1053'], '1066': ['1066'], '1056': ['1056'], '1061': ['1061'], '1072': ['1072'], '1157': ['1157'], '1159': ['1159'], '1162': ['1162'], '1033': ['1033'], '1101': ['1101'], '1109': ['1109'], '1153': ['1153'], '1102': ['1102'], '1103': ['1103'], '1105': ['1105'], '1106': ['1106'], '1113': ['1113'], '1154': ['1154'], '1155': ['1155'], '1108': ['1108'], '1110': ['1110'], '1104': ['1104'], '1107': ['1107'], '1114': ['1114'], '1156': ['1156'], '1038': ['1038'], '1048': ['1048'], '1049': ['1049'], '1050': ['1050'], '1054': ['1054'], '1068': ['1068'], '1039': ['1039'], '1097': ['1097'], '1098': ['1098'], '1099': ['1099'], '1112': ['1112'], '1100': ['1100'], '1034': ['1034'], '1067': ['1067'], '1035': ['1035'], '1111': ['1111'], '1030': ['1030'], '1046': ['1046'], '1069': ['1069'], '1058': ['1058'], '1059': ['1059'], '1064': ['1064'], '1065': ['1065'], '1047': ['1047'], '1070': ['1070'], '1031': ['1031'], '1042': ['1042'], '1083': ['1083'], '1085': ['1085'], '1086': ['1086'], '1089': ['1089'], '1043': ['1043'], '1121': ['1121'], '1122': ['1122'], '1123': ['1123'], '1124': ['1124'], '1036': ['1036'], '1092': ['1092'], '1150': ['1150'], '1093': ['1093'], '1094': ['1094'], '1145': ['1145'], '1151': ['1151'], '1144': ['1144'], '1149': ['1149'], '1037': ['1037'], '1044': ['1044'], '1087': ['1087'], '1088': ['1088'], '1090': ['1090'], '1142': ['1142'], '1141': ['1141'], '1091': ['1091'], '1143': ['1143'], '1045': ['1045'], '1115': ['1115'], '1062': ['1062'], '1117': ['1117'], '1146': ['1146'], '1152': ['1152'], '1075': ['1075'], '1118': ['1118'], '1073': ['1073'], '1074': ['1074'], '1116': ['1116'], '1135': ['1135'], '1137': ['1137'], '1140': ['1140'], '1139': ['1139'], '1119': ['1119'], '1120': ['1120'], '1132': ['1132'], '1130': ['1130'], '1134': ['1134'], '1133': ['1133']})"
129,"defaultdict(<class 'list'>, {'1040': ['1040'], '1080': ['1080'], '1079': ['1079'], '1081': ['1081'], '1095': ['1095'], '1082': ['1082'], '1084': ['1084'], '1096': ['1096'], '1136': ['1136'], '1138': ['1138'], '1041': ['1041'], '1126': ['1126'], '1125': ['1125'], '1127': ['1127'], '1128': ['1128'], '1129': ['1129'], '1131': ['1131'], '1032': ['1032'], '1052': ['1052'], '1063': ['1063'], '1160': ['1160'], '1051': ['1051'], '1055': ['1055'], '1057': ['1057'], '1060': ['1060'], '1071': ['1071'], '1147': ['1147'], '1148': ['1148'], '1158': ['1158'], '1161': ['1161'], '1053': ['1053'], '1066': ['1066'], '1056': ['1056'], '1061': ['1061'], '1072': ['1072'], '1157': ['1157'], '1159': ['1159'], '1162': ['1162'], '1033': ['1033'], '1101': ['1101'], '1109': ['1109'], '1153': ['1153'], '1102': ['1102'], '1103': ['1103'], '1105': ['1105'], '1106': ['1106'], '1113': ['1113'], '1154': ['1154'], '1155': ['1155'], '1108': ['1108', '1107', '1115', '1116', '1119'], '1110': ['1110'], '1104': ['1104'], '1114': ['1114'], '1156': ['1156'], '1038': ['1038'], '1048': ['1048'], '1049': ['1049'], '1050': ['1050'], '1054': ['1054'], '1068': ['1068'], '1039': ['1039'], '1097': ['1097'], '1098': ['1098'], '1099': ['1099'], '1112': ['1112'], '1100': ['1100'], '1034': ['1034'], '1067': ['1067'], '1035': ['1035'], '1111': ['1111'], '1030': ['1030'], '1046': ['1046'], '1069': ['1069'], '1058': ['1058'], '1059': ['1059'], '1064': ['1064'], '1065': ['1065'], '1047': ['1047'], '1070': ['1070'], '1031': ['1031'], '1042': ['1042'], '1083': ['1083'], '1085': ['1085'], '1086': ['1086'], '1089': ['1089'], '1043': ['1043'], '1121': ['1121'], '1122': ['1122'], '1123': ['1123'], '1124': ['1124'], '1036': ['1036'], '1092': ['1092'], '1150': ['1150'], '1093': ['1093'], '1094': ['1094'], '1145': ['1145'], '1151': ['1151'], '1144': ['1144'], '1149': ['1149'], '1037': ['1037'], '1044': ['1044'], '1087': ['1087'], '1088': ['1088'], '1090': ['1090'], '1142': ['1142'], '1141': ['1141'], '1091': ['1091'], '1143': ['1143'], '1045': ['1045'], '1062': ['1062'], '1077': ['1077'], '1117': ['1117'], '1146': ['1146'], '1152': ['1152'], '1075': ['1075'], '1076': ['1076'], '1118': ['1118'], '1073': ['1073'], '1078': ['1078'], '1074': ['1074'], '1135': ['1135'], '1137': ['1137'], '1140': ['1140'], '1139': ['1139'], '1120': ['1120'], '1132': ['1132'], '1130': ['1130'], '1134': ['1134'], '1133': ['1133']})"
129,"defaultdict(<class 'list'>, {'1040': ['1040'], '1080': ['1080'], '1079': ['1079'], '1081': ['1081'], '1095': ['1095'], '1082': ['1082'], '1084': ['1084'], '1096': ['1096'], '1136': ['1136'], '1138': ['1138'], '1041': ['1041'], '1126': ['1126'], '1125': ['1125'], '1127': ['1127'], '1128': ['1128'], '1129': ['1129'], '1131': ['1131'], '1032': ['1032'], '1052': ['1052', '1051', '1053', '1049', '1050'], '1063': ['1063'], '1160': ['1160'], '1055': ['1055'], '1057': ['1057'], '1060': ['1060'], '1071': ['1071'], '1147': ['1147'], '1148': ['1148'], '1158': ['1158'], '1161': ['1161'], '1066': ['1066'], '1056': ['1056'], '1061': ['1061'], '1072': ['1072'], '1157': ['1157'], '1159': ['1159'], '1162': ['1162'], '1033': ['1033'], '1101': ['1101'], '1109': ['1109'], '1153': ['1153'], '1102': ['1102'], '1103': ['1103'], '1105': ['1105'], '1106': ['1106'], '1113': ['1113'], '1154': ['1154'], '1155': ['1155'], '1108': ['1108'], '1110': ['1110'], '1104': ['1104'], '1107': ['1107'], '1114': ['1114'], '1156': ['1156'], '1038': ['1038'], '1048': ['1048'], '1054': ['1054'], '1068': ['1068'], '1039': ['1039'], '1097': ['1097'], '1098': ['1098'], '1099': ['1099'], '1112': ['1112'], '1100': ['1100'], '1034': ['1034'], '1067': ['1067'], '1035': ['1035'], '1111': ['1111'], '1030': ['1030'], '1046': ['1046'], '1069': ['1069'], '1058': ['1058'], '1059': ['1059'], '1064': ['1064'], '1065': ['1065'], '1047': ['1047'], '1070': ['1070'], '1031': ['1031'], '1042': ['1042'], '1083': ['1083'], '1085': ['1085'], '1086': ['1086'], '1089': ['1089'], '1043': ['1043'], '1121': ['1121'], '1122': ['1122'], '1123': ['1123'], '1124': ['1124'], '1036': ['1036'], '1092': ['1092'], '1150': ['1150'], '1093': ['1093'], '1094': ['1094'], '1145': ['1145'], '1151': ['1151'], '1144': ['1144'], '1149': ['1149'], '1037': ['1037'], '1044': ['1044'], '1087': ['1087'], '1088': ['1088'], '1090': ['1090'], '1142': ['1142'], '1141': ['1141'], '1091': ['1091'], '1143': ['1143'], '1045': ['1045'], '1115': ['1115'], '1062': ['1062'], '1077': ['1077'], '1117': ['1117'], '1146': ['1146'], '1152': ['1152'], '1075': ['1075'], '1076': ['1076'], '1118': ['1118'], '1073': ['1073'], '1078': ['1078'], '1074': ['1074'], '1116': ['1116'], '1135': ['1135'], '1137': ['1137'], '1140': ['1140'], '1139': ['1139'], '1119': ['1119'], '1120': ['1120'], '1132': ['1132'], '1130': ['1130'], '1134': ['1134'], '1133': ['1133']})"
129,"defaultdict(<class 'list'>, {'1040': ['1040'], '1080': ['1080'], '1079': ['1079'], '1081': ['1081'], '1095': ['1095'], '1082': ['1082'], '1084': ['1084'], '1096': ['1096'], '1136': ['1136'], '1138': ['1138'], '1041': ['1041'], '1126': ['1126'], '1125': ['1125'], '1127': ['1127'], '1128': ['1128', '1131', '1132', '1130', '1133'], '1129': ['1129'], '1032': ['1032'], '1052': ['1052'], '1063': ['1063'], '1160': ['1160'], '1051': ['1051'], '1055': ['1055'], '1057': ['1057'], '1060': ['1060'], '1071': ['1071'], '1147': ['1147'], '1148': ['1148'], '1158': ['1158'], '1161': ['1161'], '1053': ['1053'], '1066': ['1066'], '1056': ['1056'], '1061': ['1061'], '1072': ['1072'], '1157': ['1157'], '1159': ['1159'], '1162': ['1162'], '1033': ['1033'], '1101': ['1101'], '1109': ['1109'], '1153': ['1153'], '1102': ['1102'], '1103': ['1103'], '1105': ['1105'], '1106': ['1106'], '1113': ['1113'], '1154': ['1154'], '1155': ['1155'], '1108': ['1108'], '1110': ['1110'], '1104': ['1104'], '1107': ['1107'], '1114': ['1114'], '1156': ['1156'], '1038': ['1038'], '1048': ['1048'], '1049': ['1049'], '1050': ['1050'], '1054': ['1054'], '1068': ['1068'], '1039': ['1039'], '1097': ['1097'], '1098': ['1098'], '1099': ['1099'], '1112': ['1112'], '1100': ['1100'], '1034': ['1034'], '1067': ['1067'], '1035': ['1035'], '1111': ['1111'], '1030': ['1030'], '1046': ['1046'], '1069': ['1069'], '1058': ['1058'], '1059': ['1059'], '1064': ['1064'], '1065': ['1065'], '1047': ['1047'], '1070': ['1070'], '1031': ['1031'], '1042': ['1042'], '1083': ['1083'], '1085': ['1085'], '1086': ['1086'], '1089': ['1089'], '1043': ['1043'], '1121': ['1121'], '1122': ['1122'], '1123': ['1123'], '1124': ['1124'], '1036': ['1036'], '1092': ['1092'], '1150': ['1150'], '1093': ['1093'], '1094': ['1094'], '1145': ['1145'], '1151': ['1151'], '1144': ['1144'], '1149': ['1149'], '1037': ['1037'], '1044': ['1044'], '1087': ['1087'], '1088': ['1088'], '1090': ['1090'], '1142': ['1142'], '1141': ['1141'], '1091': ['1091'], '1143': ['1143'], '1045': ['1045'], '1115': ['1115'], '1062': ['1062'], '1077': ['1077'], '1117': ['1117'], '1146': ['1146'], '1152': ['1152'], '1075': ['1075'], '1076': ['1076'], '1118': ['1118'], '1073': ['1073'], '1078': ['1078'], '1074': ['1074'], '1116': ['1116'], '1135': ['1135'], '1137': ['1137'], '1140': ['1140'], '1139': ['1139'], '1119': ['1119'], '1120': ['1120'], '1134': ['1134']})"
129,"defaultdict(<class 'list'>, {'1040': ['1040'], '1080': ['1080'], '1079': ['1079'], '1081': ['1081'], '1095': ['1095'], '1082': ['1082'], '1084': ['1084'], '1096': ['1096'], '1136': ['1136'], '1138': ['1138'], '1041': ['1041'], '1126': ['1126'], '1125': ['1125'], '1127': ['1127'], '1128': ['1128'], '1129': ['1129'], '1131': ['1131'], '1032': ['1032'], '1052': ['1052'], '1063': ['1063'], '1160': ['1160'], '1051': ['1051'], '1055': ['1055'], '1057': ['1057'], '1060': ['1060'], '1071': ['1071'], '1147': ['1147'], '1148': ['1148'], '1158': ['1158'], '1161': ['1161'], '1053': ['1053'], '1066': ['1066'], '1056': ['1056'], '1061': ['1061'], '1072': ['1072'], '1157': ['1157'], '1159': ['1159'], '1162': ['1162'], '1033': ['1033'], '1101': ['1101'], '1109': ['1109'], '1153': ['1153'], '1102': ['1102', '1103', '1104', '1117', '1118'], '1105': ['1105'], '1106': ['1106'], '1113': ['1113'], '1154': ['1154'], '1155': ['1155'], '1108': ['1108'], '1110': ['1110'], '1107': ['1107'], '1114': ['1114'], '1156': ['1156'], '1038': ['1038'], '1048': ['1048'], '1049': ['1049'], '1050': ['1050'], '1054': ['1054'], '1068': ['1068'], '1039': ['1039'], '1097': ['1097'], '1098': ['1098'], '1099': ['1099'], '1112': ['1112'], '1100': ['1100'], '1034': ['1034'], '1067': ['1067'], '1035': ['1035'], '1111': ['1111'], '1030': ['1030'], '1046': ['1046'], '1069': ['1069'], '1058': ['1058'], '1059': ['1059'], '1064': ['1064'], '1065': ['1065'], '1047': ['1047'], '1070': ['1070'], '1031': ['1031'], '1042': ['1042'], '1083': ['1083'], '1085': ['1085'], '1086': ['1086'], '1089': ['1089'], '1043': ['1043'], '1121': ['1121'], '1122': ['1122'], '1123': ['1123'], '1124': ['1124'], '1036': ['1036'], '1092': ['1092'], '1150': ['1150'], '1093': ['1093'], '1094': ['1094'], '1145': ['1145'], '1151': ['1151'], '1144': ['1144'], '1149': ['1149'], '1037': ['1037'], '1044': ['1044'], '1087': ['1087'], '1088': ['1088'], '1090': ['1090'], '1142': ['1142'], '1141': ['1141'], '1091': ['1091'], '1143': ['1143'], '1045': ['1045'], '1115': ['1115'], '1062': ['1062'], '1077': ['1077'], '1146': ['1146'], '1152': ['1152'], '1075': ['1075'], '1076': ['1076'], '1073': ['1073'], '1078': ['1078'], '1074': ['1074'], '1116': ['1116'], '1135': ['1135'], '1137': ['1137'], '1140': ['1140'], '1139': ['1139'], '1119': ['1119'], '1120': ['1120'], '1132': ['1132'], '1130': ['1130'], '1134': ['1134'], '1133': ['1133']})"
129,"defaultdict(<class 'list'>, {'1040': ['1040'], '1080': ['1080'], '1079': ['1079'], '1081': ['1081'], '1095': ['1095'], '1082': ['1082'], '1084': ['1084'], '1096': ['1096'], '1136': ['1136'], '1138': ['1138'], '1041': ['1041'], '1126': ['1126'], '1125': ['1125'], '1127': ['1127'], '1128': ['1128'], '1129': ['1129'], '1131': ['1131'], '1032': ['1032'], '1052': ['1052'], '1063': ['1063'], '1160': ['1160'], '1051': ['1051'], '1055': ['1055'], '1057': ['1057'], '1060': ['1060'], '1071': ['1071'], '1147': ['1147'], '1148': ['1148'], '1158': ['1158'], '1161': ['1161'], '1053': ['1053'], '1066': ['1066'], '1056': ['1056'], '1061': ['1061'], '1072': ['1072'], '1157': ['1157'], '1159': ['1159'], '1162': ['1162'], '1033': ['1033'], '1101': ['1101'], '1109': ['1109'], '1153': ['1153'], '1102': ['1102'], '1103': ['1103'], '1105': ['1105'], '1106': ['1106'], '1113': ['1113'], '1154': ['1154'], '1155': ['1155'], '1108': ['1108'], '1110': ['1110'], '1104': ['1104'], '1107': ['1107'], '1114': ['1114'], '1156': ['1156'], '1038': ['1038'], '1048': ['1048'], '1049': ['1049'], '1050': ['1050'], '1054': ['1054'], '1068': ['1068'], '1039': ['1039'], '1097': ['1097'], '1098': ['1098'], '1099': ['1099'], '1112': ['1112'], '1100': ['1100'], '1034': ['1034'], '1067': ['1067'], '1035': ['1035'], '1111': ['1111'], '1030': ['1030'], '1046': ['1046'], '1069': ['1069'], '1058': ['1058'], '1059': ['1059'], '1064': ['1064'], '1065': ['1065'], '1047': ['1047'], '1070': ['1070'], '1031': ['1031'], '1042': ['1042'], '1083': ['1083'], '1085': ['1085'], '1086': ['1086'], '1089': ['1089'], '1043': ['1043'], '1121': ['1121'], '1122': ['1122'], '1123': ['1123'], '1124': ['1124'], '1036': ['1036'], '1092': ['1092'], '1150': ['1150'], '1093': ['1093'], '1094': ['1094'], '1145': ['1145'], '1151': ['1151'], '1144': ['1144'], '1149': ['1149'], '1037': ['1037'], '1044': ['1044'], '1087': ['1087'], '1088': ['1088'], '1090': ['1090'], '1142': ['1142'], '1141': ['1141'], '1091': ['1091'], '1143': ['1143'], '1045': ['1045'], '1115': ['1115'], '1062': ['1062'], '1077': ['1077'], '1117': ['1117', '1118', '1116', '1119', '1120'], '1146': ['1146'], '1152': ['1152'], '1075': ['1075'], '1076': ['1076'], '1073': ['1073'], '1078': ['1078'], '1074': ['1074'], '1135': ['1135'], '1137': ['1137'], '1140': ['1140'], '1139': ['1139'], '1132': ['1132'], '1130': ['1130'], '1134': ['1134'], '1133': ['1133']})"
129,"defaultdict(<class 'list'>, {'1040': ['1040'], '1080': ['1080'], '1079': ['1079'], '1081': ['1081'], '1095': ['1095'], '1082': ['1082'], '1084': ['1084'], '1096': ['1096'], '1136': ['1136'], '1138': ['1138'], '1041': ['1041'], '1126': ['1126'], '1125': ['1125'], '1127': ['1127'], '1128': ['1128'], '1129': ['1129'], '1131': ['1131'], '1032': ['1032'], '1052': ['1052'], '1063': ['1063'], '1160': ['1160'], '1051': ['1051'], '1055': ['1055'], '1057': ['1057'], '1060': ['1060'], '1071': ['1071'], '1147': ['1147'], '1148': ['1148', '1158', '1157', '1159', '1156'], '1161': ['1161'], '1053': ['1053'], '1066': ['1066'], '1056': ['1056'], '1061': ['1061'], '1072': ['1072'], '1162': ['1162'], '1033': ['1033'], '1101': ['1101'], '1109': ['1109'], '1153': ['1153'], '1102': ['1102'], '1103': ['1103'], '1105': ['1105'], '1106': ['1106'], '1113': ['1113'], '1154': ['1154'], '1155': ['1155'], '1108': ['1108'], '1110': ['1110'], '1104': ['1104'], '1107': ['1107'], '1114': ['1114'], '1038': ['1038'], '1048': ['1048'], '1049': ['1049'], '1050': ['1050'], '1054': ['1054'], '1068': ['1068'], '1039': ['1039'], '1097': ['1097'], '1098': ['1098'], '1099': ['1099'], '1112': ['1112'], '1100': ['1100'], '1034': ['1034'], '1067': ['1067'], '1035': ['1035'], '1111': ['1111'], '1030': ['1030'], '1046': ['1046'], '1069': ['1069'], '1058': ['1058'], '1059': ['1059'], '1064': ['1064'], '1065': ['1065'], '1047': ['1047'], '1070': ['1070'], '1031': ['1031'], '1042': ['1042'], '1083': ['1083'], '1085': ['1085'], '1086': ['1086'], '1089': ['1089'], '1043': ['1043'], '1121': ['1121'], '1122': ['1122'], '1123': ['1123'], '1124': ['1124'], '1036': ['1036'], '1092': ['1092'], '1150': ['1150'], '1093': ['1093'], '1094': ['1094'], '1145': ['1145'], '1151': ['1151'], '1144': ['1144'], '1149': ['1149'], '1037': ['1037'], '1044': ['1044'], '1087': ['1087'], '1088': ['1088'], '1090': ['1090'], '1142': ['1142'], '1141': ['1141'], '1091': ['1091'], '1143': ['1143'], '1045': ['1045'], '1115': ['1115'], '1062': ['1062'], '1077': ['1077'], '1117': ['1117'], '1146': ['1146'], '1152': ['1152'], '1075': ['1075'], '1076': ['1076'], '1118': ['1118'], '1073': ['1073'], '1078': ['1078'], '1074': ['1074'], '1116': ['1116'], '1135': ['1135'], '1137': ['1137'], '1140': ['1140'], '1139': ['1139'], '1119': ['1119'], '1120': ['1120'], '1132': ['1132'], '1130': ['1130'], '1134': ['1134'], '1133': ['1133']})"
129,"defaultdict(<class 'list'>, {'1040': ['1040'], '1080': ['1080'], '1079': ['1079'], '1081': ['1081'], '1095': ['1095'], '1082': ['1082'], '1084': ['1084'], '1096': ['1096'], '1136': ['1136'], '1138': ['1138'], '1041': ['1041'], '1126': ['1126'], '1125': ['1125'], '1127': ['1127'], '1128': ['1128'], '1129': ['1129'], '1131': ['1131'], '1032': ['1032'], '1052': ['1052'], '1063': ['1063'], '1160': ['1160'], '1051': ['1051'], '1055': ['1055'], '1057': ['1057'], '1060': ['1060'], '1071': ['1071'], '1147': ['1147'], '1148': ['1148'], '1158': ['1158'], '1161': ['1161'], '1053': ['1053'], '1066': ['1066'], '1056': ['1056'], '1061': ['1061'], '1072': ['1072'], '1157': ['1157'], '1159': ['1159'], '1162': ['1162'], '1033': ['1033'], '1101': ['1101'], '1109': ['1109'], '1153': ['1153'], '1102': ['1102'], '1103': ['1103'], '1105': ['1105'], '1106': ['1106'], '1113': ['1113'], '1154': ['1154'], '1155': ['1155'], '1108': ['1108'], '1110': ['1110'], '1104': ['1104'], '1107': ['1107'], '1114': ['1114'], '1156': ['1156'], '1038': ['1038'], '1048': ['1048'], '1049': ['1049'], '1050': ['1050'], '1054': ['1054'], '1068': ['1068'], '1039': ['1039', '1097', '1098', '1099', '1035'], '1112': ['1112'], '1100': ['1100'], '1034': ['1034'], '1067': ['1067'], '1111': ['1111'], '1030': ['1030'], '1046': ['1046'], '1069': ['1069'], '1058': ['1058'], '1059': ['1059'], '1064': ['1064'], '1065': ['1065'], '1047': ['1047'], '1070': ['1070'], '1031': ['1031'], '1042': ['1042'], '1083': ['1083'], '1085': ['1085'], '1086': ['1086'], '1089': ['1089'], '1043': ['1043'], '1121': ['1121'], '1122': ['1122'], '1123': ['1123'], '1124': ['1124'], '1036': ['1036'], '1092': ['1092'], '1150': ['1150'], '1093': ['1093'], '1094': ['1094'], '1145': ['1145'], '1151': ['1151'], '1144': ['1144'], '1149': ['1149'], '1037': ['1037'], '1044': ['1044'], '1087': ['1087'], '1088': ['1088'], '1090': ['1090'], '1142': ['1142'], '1141': ['1141'], '1091': ['1091'], '1143': ['1143'], '1045': ['1045'], '1115': ['1115'], '1062': ['1062'], '1077': ['1077'], '1117': ['1117'], '1146': ['1146'], '1152': ['1152'], '1075': ['1075'], '1076': ['1076'], '1118': ['1118'], '1073': ['1073'], '1078': ['1078'], '1074': ['1074'], '1116': ['1116'], '1135': ['1135'], '1137': ['1137'], '1140': ['1140'], '1139': ['1139'], '1119': ['1119'], '1120': ['1120'], '1132': ['1132'], '1130': ['1130'], '1134': ['1134'], '1133': ['1133']})"
129,"defaultdict(<class 'list'>, {'1040': ['1040'], '1080': ['1080'], '1079': ['1079'], '1081': ['1081'], '1095': ['1095'], '1082': ['1082'], '1084': ['1084'], '1096': ['1096'], '1136': ['1136'], '1138': ['1138'], '1041': ['1041'], '1126': ['1126'], '1125': ['1125'], '1127': ['1127'], '1128': ['1128'], '1129': ['1129'], '1131': ['1131'], '1032': ['1032'], '1052': ['1052'], '1063': ['1063'], '1160': ['1160'], '1051': ['1051'], '1055': ['1055'], '1057': ['1057'], '1060': ['1060'], '1071': ['1071'], '1147': ['1147'], '1148': ['1148'], '1158': ['1158'], '1161': ['1161'], '1053': ['1053'], '1066': ['1066'], '1056': ['1056'], '1061': ['1061'], '1072': ['1072'], '1157': ['1157'], '1159': ['1159'], '1162': ['1162'], '1033': ['1033'], '1101': ['1101'], '1109': ['1109'], '1153': ['1153'], '1102': ['1102'], '1103': ['1103'], '1105': ['1105'], '1106': ['1106'], '1113': ['1113'], '1154': ['1154'], '1155': ['1155'], '1108': ['1108'], '1110': ['1110'], '1104': ['1104'], '1107': ['1107'], '1114': ['1114'], '1156': ['1156'], '1038': ['1038'], '1048': ['1048'], '1049': ['1049'], '1050': ['1050'], '1054': ['1054'], '1068': ['1068'], '1039': ['1039'], '1097': ['1097'], '1098': ['1098'], '1099': ['1099'], '1112': ['1112'], '1100': ['1100'], '1034': ['1034'], '1067': ['1067'], '1035': ['1035'], '1111': ['1111'], '1030': ['1030', '1046', '1069', '1047', '1070'], '1058': ['1058'], '1059': ['1059'], '1064': ['1064'], '1065': ['1065'], '1031': ['1031'], '1042': ['1042'], '1083': ['1083'], '1085': ['1085'], '1086': ['1086'], '1089': ['1089'], '1043': ['1043'], '1121': ['1121'], '1122': ['1122'], '1123': ['1123'], '1124': ['1124'], '1036': ['1036'], '1092': ['1092'], '1150': ['1150'], '1093': ['1093'], '1094': ['1094'], '1145': ['1145'], '1151': ['1151'], '1144': ['1144'], '1149': ['1149'], '1037': ['1037'], '1044': ['1044'], '1087': ['1087'], '1088': ['1088'], '1090': ['1090'], '1142': ['1142'], '1141': ['1141'], '1091': ['1091'], '1143': ['1143'], '1045': ['1045'], '1115': ['1115'], '1062': ['1062'], '1077': ['1077'], '1117': ['1117'], '1146': ['1146'], '1152': ['1152'], '1075': ['1075'], '1076': ['1076'], '1118': ['1118'], '1073': ['1073'], '1078': ['1078'], '1074': ['1074'], '1116': ['1116'], '1135': ['1135'], '1137': ['1137'], '1140': ['1140'], '1139': ['1139'], '1119': ['1119'], '1120': ['1120'], '1132': ['1132'], '1130': ['1130'], '1134': ['1134'], '1133': ['1133']})"
133,"defaultdict(<class 'list'>, {'1040': ['1040'], '1080': ['1080'], '1079': ['1079'], '1081': ['1081'], '1095': ['1095'], '1082': ['1082'], '1084': ['1084'], '1096': ['1096'], '1136': ['1136'], '1138': ['1138'], '1041': ['1041'], '1126': ['1126'], '1125': ['1125'], '1127': ['1127'], '1128': ['1128'], '1129': ['1129'], '1131': ['1131'], '1032': ['1032'], '1052': ['1052'], '1063': ['1063'], '1160': ['1160'], '1051': ['1051'], '1055': ['1055'], '1057': ['1057'], '1060': ['1060'], '1071': ['1071'], '1147': ['1147'], '1148': ['1148'], '1158': ['1158'], '1161': ['1161'], '1053': ['1053'], '1066': ['1066'], '1056': ['1056'], '1061': ['1061'], '1072': ['1072'], '1157': ['1157'], '1159': ['1159'], '1162': ['1162'], '1033': ['1033'], '1101': ['1101'], '1109': ['1109'], '1153': ['1153'], '1102': ['1102'], '1103': ['1103'], '1105': ['1105'], '1106': ['1106'], '1113': ['1113'], '1154': ['1154'], '1155': ['1155'], '1108': ['1108'], '1110': ['1110'], '1104': ['1104'], '1107': ['1107'], '1114': ['1114'], '1156': ['1156'], '1038': ['1038'], '1048': ['1048'], '1049': ['1049'], '1050': ['1050'], '1054': ['1054'], '1068': ['1068'], '1039': ['1039'], '1097': ['1097'], '1098': ['1098'], '1099': ['1099'], '1112': ['1112'], '1100': ['1100'], '1034': ['1034'], '1067': ['1067'], '1035': ['1035'], '1111': ['1111'], '1030': ['1030'], '1046': ['1046'], '1069': ['1069'], '1058': ['1058'], '1059': ['1059'], '1064': ['1064'], '1065': ['1065'], '1047': ['1047'], '1070': ['1070'], '1031': ['1031'], '1042': ['1042'], '1083': ['1083'], '1085': ['1085'], '1086': ['1086'], '1089': ['1089'], '1043': ['1043'], '1121': ['1121'], '1122': ['1122'], '1123': ['1123'], '1124': ['1124'], '1036': ['1036'], '1092': ['1092'], '1150': ['1150'], '1093': ['1093'], '1094': ['1094'], '1145': ['1145'], '1151': ['1151'], '1144': ['1144'], '1149': ['1149'], '1037': ['1037'], '1044': ['1044'], '1087': ['1087'], '1088': ['1088'], '1090': ['1090'], '1142': ['1142'], '1141': ['1141'], '1091': ['1091'], '1143': ['1143'], '1045': ['1045'], '1115': ['1115'], '1062': ['1062'], '1077': ['1077'], '1117': ['1117'], '1146': ['1146'], '1152': ['1152'], '1075': ['1075'], '1076': ['1076'], '1118': ['1118'], '1073': ['1073'], '1078': ['1078'], '1074': ['1074'], '1116': ['1116'], '1135': ['1135'], '1137': ['1137'], '1140': ['1140'], '1139': ['1139'], '1119': ['1119'], '1120': ['1120'], '1132': ['1132'], '1130': ['1130'], '1134': ['1134'], '1133': ['1133']})"
